#Cell    Group    L_mom 
# Element_0
# Element_1
    0  0  0
2.237135180529693e+00
2.236958220434801e+00

    1  0  0
2.236956770810348e+00
2.236425794034248e+00

    2  0  0
2.236422892311022e+00
2.235537609199510e+00

    3  0  0
2.235533250423960e+00
2.234293177619914e+00

    4  0  0
2.234287354349419e+00
2.232691813891364e+00

    5  0  0
2.232684516179465e+00
2.230732634237060e+00

    6  0  0
2.230723849613704e+00
2.228414554857649e+00

    7  0  0
2.228404268304426e+00
2.225736289907539e+00

    8  0  0
2.225724483827852e+00
2.222696349093385e+00

    9  0  0
2.222683003277504e+00
2.219293034889992e+00

   10  0  0
2.219278126474907e+00
2.215524439368112e+00

   11  0  0
2.215507942792127e+00
2.211388440627879e+00

   12  0  0
2.211370327579848e+00
2.206882698830800e+00

   13  0  0
2.206862938193904e+00
2.202004651822445e+00

   14  0  0
2.201983209612399e+00
2.196751510337152e+00

   15  0  0
2.196728349634731e+00
2.191120252775249e+00

   16  0  0
2.191095333652980e+00
2.185107619542434e+00

   17  0  0
2.185080898985319e+00
2.178710106940097e+00

   18  0  0
2.178681538760208e+00
2.171923960594488e+00

   19  0  0
2.171893495339257e+00
2.164745168411705e+00

   20  0  0
2.164712753265739e+00
2.157169453044565e+00

   21  0  0
2.157135031724776e+00
2.149192263856422e+00

   22  0  0
2.149155776500286e+00
2.140808768366038e+00

   23  0  0
2.140770151412735e+00
2.132013843156519e+00

   24  0  0
2.131973029220755e+00
2.122802064230350e+00

   25  0  0
2.122758981968580e+00
2.113167696791387e+00

   26  0  0
2.113122270760186e+00
2.103104684433555e+00

   27  0  0
2.103056834939862e+00
2.092606637714842e+00

   28  0  0
2.092556280657774e+00
2.081666822093939e+00

   29  0  0
2.081613868797854e+00
2.070278145205609e+00

   30  0  0
2.070222502244105e+00
2.058433143449589e+00

   31  0  0
2.058374712460068e+00
2.046123967866424e+00

   32  0  0
2.046062645354874e+00
2.033342369272272e+00

   33  0  0
2.033278046407863e+00
2.020079682623191e+00

   34  0  0
2.020012245022291e+00
2.006326810577952e+00

   35  0  0
2.006256138077123e+00
1.992074206226779e+00

   36  0  0
1.992000172644313e+00
1.977311854951791e+00

   37  0  0
1.977234327837319e+00
1.962029255383217e+00

   38  0  0
1.961948095754868e+00
1.946215399413594e+00

   39  0  0
1.946130461482212e+00
1.929858751230379e+00

   40  0  0
1.929769882110242e+00
1.912947225325379e+00

   41  0  0
1.912854264730841e+00
1.895468163437436e+00

   42  0  0
1.895370943364891e+00
1.877408310382640e+00

   43  0  0
1.877306654777189e+00
1.858753788724167e+00

   44  0  0
1.858647513130309e+00
1.839490072231523e+00

   45  0  0
1.839378983427196e+00
1.819601958076586e+00

   46  0  0
1.819485853689814e+00
1.799073537711312e+00

   47  0  0
1.798952205818716e+00
1.777888166369380e+00

   48  0  0
1.777761385075741e+00
1.756028431131297e+00

   49  0  0
1.755895968129351e+00
1.733476117489654e+00

   50  0  0
1.733232516996798e+00
1.730945021458290e+00

   51  0  0
1.730943577272194e+00
1.728661309188676e+00

   52  0  0
1.728659870974927e+00
1.726382810988280e+00

   53  0  0
1.726381378720356e+00
1.724109507556107e+00

   54  0  0
1.724108081207603e+00
1.721841379674556e+00

   55  0  0
1.721839959219185e+00
1.719578408209050e+00

   56  0  0
1.719576993620641e+00
1.717320574107667e+00

   57  0  0
1.717319165360167e+00
1.715067858400779e+00

   58  0  0
1.715066455468250e+00
1.712820242200679e+00

   59  0  0
1.712818845057297e+00
1.710577706701224e+00

   60  0  0
1.710576315321282e+00
1.708340233177470e+00

   61  0  0
1.708338847535373e+00
1.706107802985312e+00

   62  0  0
1.706106423055583e+00
1.703880397561130e+00

   63  0  0
1.703879023318402e+00
1.701657998421428e+00

   64  0  0
1.701656629840447e+00
1.699440587162478e+00

   65  0  0
1.699439224218104e+00
1.697228145459971e+00

   66  0  0
1.697226788127175e+00
1.695020655068660e+00

   67  0  0
1.695019303322522e+00
1.692818097822011e+00

   68  0  0
1.692816751637727e+00
1.690620455631858e+00

   69  0  0
1.690619114984730e+00
1.688427710488049e+00

   70  0  0
1.688426375353492e+00
1.686239844458106e+00

   71  0  0
1.686238514811641e+00
1.684056839686875e+00

   72  0  0
1.684055515504135e+00
1.681878678396191e+00

   73  0  0
1.681877359652916e+00
1.679705342884527e+00

   74  0  0
1.679704029556565e+00
1.677536815526663e+00

   75  0  0
1.677535507589969e+00
1.675373078773343e+00

   76  0  0
1.675371776203981e+00
1.673214115150940e+00

   77  0  0
1.673212817925078e+00
1.671059907261119e+00

   78  0  0
1.671058615355031e+00
1.668910437780505e+00

   79  0  0
1.668909151170574e+00
1.666765689460351e+00

   80  0  0
1.666764408123062e+00
1.664625645126205e+00

   81  0  0
1.664624369038149e+00
1.662490287677584e+00

   82  0  0
1.662489016815455e+00
1.660359600087643e+00

   83  0  0
1.660358334428239e+00
1.658233565402850e+00

   84  0  0
1.658232304923072e+00
1.656112166742660e+00

   85  0  0
1.656110911419514e+00
1.653995387299194e+00

   86  0  0
1.653994137109787e+00
1.651883210336916e+00

   87  0  0
1.651881965258456e+00
1.649775619192310e+00

   88  0  0
1.649774379202107e+00
1.647672597273563e+00

   89  0  0
1.647671362349028e+00
1.645574128060248e+00

   90  0  0
1.645572898178892e+00
1.643480195103004e+00

   91  0  0
1.643478970242439e+00
1.641390782023225e+00

   92  0  0
1.641389562161163e+00
1.639305872512746e+00

   93  0  0
1.639304657626997e+00
1.637225450333528e+00

   94  0  0
1.637224240402001e+00
1.635149499317349e+00

   95  0  0
1.635148294318051e+00
1.633078003365494e+00

   96  0  0
1.633076803276531e+00
1.631010946448450e+00

   97  0  0
1.631009751248025e+00
1.628948312605594e+00

   98  0  0
1.628947122272008e+00
1.626890085944892e+00

   99  0  0
1.626888900456540e+00
1.624836250642594e+00

  100  0  0
1.624835069977969e+00
1.622786790942928e+00

  101  0  0
1.622785615080619e+00
1.620741691157808e+00

  102  0  0
1.620740520076497e+00
1.618700935666519e+00

  103  0  0
1.618699769344988e+00
1.616664508915436e+00

  104  0  0
1.616663347332555e+00
1.614632395417712e+00

  105  0  0
1.614631238552448e+00
1.612604579752990e+00

  106  0  0
1.612603427584405e+00
1.610581046567108e+00

  107  0  0
1.610579899074355e+00
1.608561780571801e+00

  108  0  0
1.608560637734127e+00
1.606546766544416e+00

  109  0  0
1.606545628341160e+00
1.604535989327613e+00

  110  0  0
1.604534855738206e+00
1.602529433829084e+00

  111  0  0
1.602528304833048e+00
1.600527085021258e+00

  112  0  0
1.600525960598208e+00
1.598528927941019e+00

  113  0  0
1.598527808070659e+00
1.596534947689418e+00

  114  0  0
1.596533832351543e+00
1.594545129431389e+00

  115  0  0
1.594544018605883e+00
1.592559458395467e+00

  116  0  0
1.592558352062303e+00
1.590577919873502e+00

  117  0  0
1.590576818012746e+00
1.588600499220386e+00

  118  0  0
1.588599401812189e+00
1.586627181853768e+00

  119  0  0
1.586626088878371e+00
1.584657953253777e+00

  120  0  0
1.584656864691508e+00
1.582692798962748e+00

  121  0  0
1.582691714794023e+00
1.580731704584939e+00

  122  0  0
1.580730624790262e+00
1.578774655786267e+00

  123  0  0
1.578773580346228e+00
1.576821638294028e+00

  124  0  0
1.576820567189303e+00
1.574872637896626e+00

  125  0  0
1.574871571107978e+00
1.572927640443303e+00

  126  0  0
1.572926577951580e+00
1.570986631843870e+00

  127  0  0
1.570985573630006e+00
1.569049598068440e+00

  128  0  0
1.569048544113452e+00
1.567116525147154e+00

  129  0  0
1.567115475432146e+00
1.565187399169926e+00

  130  0  0
1.565186353676085e+00
1.563262206286169e+00

  131  0  0
1.563261164994765e+00
1.561340932704535e+00

  132  0  0
1.561339895596922e+00
1.559423564692654e+00

  133  0  0
1.559422531750270e+00
1.557510088576869e+00

  134  0  0
1.557509059781234e+00
1.555600490741980e+00

  135  0  0
1.555599466074696e+00
1.553694757630984e+00

  136  0  0
1.553693759354283e+00
1.551807369958950e+00

  137  0  0
1.551806066751173e+00
1.549735509232697e+00

  138  0  0
1.549733939952606e+00
1.547461715071380e+00

  139  0  0
1.547459826302584e+00
1.544966870678568e+00

  140  0  0
1.544964598575030e+00
1.542230165067396e+00

  141  0  0
1.542227433412174e+00
1.539228966558113e+00

  142  0  0
1.539225684491543e+00
1.535938691764396e+00

  143  0  0
1.535934751135486e+00
1.532332671054870e+00

  144  0  0
1.532327943346586e+00
1.528382011794582e+00

  145  0  0
1.528376344571762e+00
1.524055461043772e+00

  146  0  0
1.524048673872204e+00
1.519319269821693e+00

  147  0  0
1.519311149609246e+00
1.514137061533761e+00

  148  0  0
1.514127357250440e+00
1.508469707710788e+00

  149  0  0
1.508458124455540e+00
1.502275214816090e+00

  150  0  0
1.502261407215545e+00
1.495508626531930e+00

  151  0  0
1.495492191482067e+00
1.488121946626963e+00

  152  0  0
1.488102415424813e+00
1.480064088209688e+00

  153  0  0
1.480040918170946e+00
1.471280855858410e+00

  154  0  0
1.471253421580262e+00
1.461714967743740e+00

  155  0  0
1.461682552252073e+00
1.451306125371322e+00

  156  0  0
1.451267911488680e+00
1.439991138902840e+00

  157  0  0
1.439946201287320e+00
1.427704116083439e+00

  158  0  0
1.427651414516058e+00
1.414376722525159e+00

  159  0  0
1.414315097157173e+00
1.399938520377799e+00

  160  0  0
1.399866689777984e+00
1.384317391177291e+00

  161  0  0
1.384233954123209e+00
1.367440046838216e+00

  162  0  0
1.367343488847367e+00
1.349232630340496e+00

  163  0  0
1.349121335899225e+00
1.329621404718988e+00

  164  0  0
1.329493675990875e+00
1.308533525686927e+00

  165  0  0
1.308387608109922e+00
1.285897889961414e+00

  166  0  0
1.285732004510576e+00
1.261646048677173e+00

  167  0  0
1.261458429626187e+00
1.235713173986038e+00

  168  0  0
1.235502109691178e+00
1.208039068080828e+00

  169  0  0
1.207802940605295e+00
1.178569208832496e+00

  170  0  0
1.178306526411257e+00
1.147255836309681e+00

  171  0  0
1.146965250206348e+00
1.114059100722166e+00

  172  0  0
1.113739396981662e+00
1.078948316922821e+00

  173  0  0
1.078598370320384e+00
1.041903398394412e+00

  174  0  0
1.041522079035861e+00
1.002916590769702e+00

  175  0  0
1.002502625046694e+00
9.619946282992433e-01

  176  0  0
9.615463373507921e-01
9.191615043898644e-01

  177  0  0
9.186765856056861e-01
8.744622235212755e-01

  178  0  0
8.739376184586440e-01
8.279672174245832e-01

  179  0  0
8.273984638445788e-01
7.797775712885807e-01

  180  0  0
7.791583027345330e-01
7.300324008937786e-01

  181  0  0
7.293547388971717e-01
6.789172549294775e-01

  182  0  0
6.781720676490532e-01
6.266715383623430e-01

  183  0  0
6.258482776739662e-01
5.735954087274030e-01

  184  0  0
5.726823390967173e-01
5.200563039162992e-01

  185  0  0
5.190413878855152e-01
4.664932862861968e-01

  186  0  0
4.653652421316455e-01
4.134170782243850e-01

  187  0  0
4.121667136792817e-01
3.614048561104140e-01

  188  0  0
3.600272100282023e-01
3.110876360671622e-01

  189  0  0
3.095829911894679e-01
2.631281644220551e-01

  190  0  0
2.615028152197882e-01
2.181922024873907e-01

  191  0  0
2.164618958542024e-01
1.769125816106661e-01

  192  0  0
1.751058610020048e-01
1.398428239757556e-01

  193  0  0
1.380012508791076e-01
1.074056739763387e-01

  194  0  0
1.055814752060013e-01
7.984636824947122e-02

  195  0  0
7.809829991806762e-02
5.719822013002781e-02

  196  0  0
5.558537679454292e-02
3.926514788643468e-02

  197  0  0
3.783769939052149e-02
2.562200888906397e-02

  198  0  0
2.440875029478294e-02
1.561524517917097e-02

  199  0  0
1.459678012584718e-02
8.213078166825365e-03

