#Cell 
# Element_0
# Element_1
0
7.219395430087184e-01
7.219198824273360e-01

1
7.219172628958832e-01
7.218581793266278e-01

2
7.218531669669391e-01
7.217544366342278e-01

3
7.217474516209611e-01
7.216089279551893e-01

4
7.216005152640652e-01
7.214223304729165e-01

5
7.214130596771843e-01
7.211957035471935e-01

6
7.211860561038180e-01
7.209302653341352e-01

7
7.209205432801411e-01
7.206270356296126e-01

8
7.206173267298943e-01
7.202865033847845e-01

9
7.202767179897316e-01
7.199084803112930e-01

10
7.198984420597269e-01
7.194922066861814e-01

11
7.194817527022206e-01
7.190366375281785e-01

12
7.190256825330896e-01
7.185407457907074e-01

13
7.185292903338717e-01
7.180036922601732e-01

14
7.179917896806141e-01
7.174248122010218e-01

15
7.174125274605652e-01
7.168034792966365e-01

16
7.167908650213716e-01
7.161389549565523e-01

17
7.161260472917738e-01
7.154303016970949e-01

18
7.154171222096491e-01
7.146763770753922e-01

19
7.146629283752133e-01
7.138758822756235e-01

20
7.138621377695508e-01
7.130274339998844e-01

21
7.130133314911021e-01
7.121296408984815e-01

22
7.121150878393903e-01
7.111811730571813e-01

23
7.111660623586696e-01
7.101808104521967e-01

24
7.101650384804697e-01
7.091274522584256e-01

25
7.091109284849589e-01
7.080200652485722e-01

26
7.080027018983988e-01
7.068575310989982e-01

27
7.068391939304183e-01
7.056382933507963e-01

28
7.056186780319283e-01
7.043595890985168e-01

29
7.043379712337530e-01
7.030159157900403e-01

30
7.029907419952509e-01
7.015963915190786e-01

31
7.015647952509041e-01
7.000811287195308e-01

32
7.000386980776973e-01
6.984378972402017e-01

33
6.983792566753214e-01
6.966217785729378e-01

34
6.965423861799576e-01
6.945806221104381e-01

35
6.944792758883672e-01
6.922660576768225e-01

36
6.921463541763639e-01
6.896443270467927e-01

37
6.895132007363165e-01
6.866984422070537e-01

38
6.865620743790213e-01
6.834185975969383e-01

39
6.832788759893299e-01
6.797883835752454e-01

40
6.796430509159301e-01
6.757782811736274e-01

41
6.756240901213241e-01
6.713491313325889e-01

42
6.711843054820872e-01
6.664576436931853e-01

43
6.662816815706770e-01
6.610568971892782e-01

44
6.608692714600999e-01
6.550930449917662e-01

45
6.548926892939877e-01
6.485022187837569e-01

46
6.482877161301190e-01
6.412081662669482e-01

47
6.409778574071117e-01
6.331190896734359e-01

48
6.328709724837456e-01
6.241228695334823e-01

49
6.238544543364603e-01
6.140802097004937e-01

50
6.137705687323596e-01
6.127088496530840e-01

51
6.127058281891246e-01
6.116452651936243e-01

52
6.116422382834450e-01
6.105828413517784e-01

53
6.105798090115324e-01
6.095215878542272e-01

54
6.095185500346085e-01
6.084615146522014e-01

55
6.084584713620212e-01
6.074026318893203e-01

56
6.073995831368147e-01
6.063449498105755e-01

57
6.063418956017715e-01
6.052884787713740e-01

58
6.052854191135911e-01
6.042332292395424e-01

59
6.042301641376293e-01
6.031792117939977e-01

60
6.031761412485610e-01
6.021264371314389e-01

61
6.021233611411277e-01
6.010749160751009e-01

62
6.010718346384276e-01
6.000246595789739e-01

63
6.000215726949326e-01
5.989756787283260e-01

64
5.989725863965166e-01
5.979279847393307e-01

65
5.979248869598660e-01
5.968815889587797e-01

66
5.968784857324947e-01
5.958365028647347e-01

67
5.958333941924475e-01
5.947927380674844e-01

68
5.947896239500192e-01
5.937503063097950e-01

69
5.937471867484724e-01
5.927092194681238e-01

70
5.927060944647711e-01
5.916694895539260e-01

71
5.916663591106546e-01
5.906311287147386e-01

72
5.906279928338848e-01
5.895941492351939e-01

73
5.895910079193813e-01
5.885585635380634e-01

74
5.885554167902853e-01
5.875243841853565e-01

75
5.875212320090185e-01
5.864916238794574e-01

76
5.864884662783688e-01
5.854602954642634e-01

77
5.854571324426115e-01
5.844304119262926e-01

78
5.844272434886314e-01
5.834019863957851e-01

79
5.833988125470492e-01
5.823750321477991e-01

80
5.823718528933238e-01
5.813495626033074e-01

81
5.813463779488468e-01
5.803255913302952e-01

82
5.803224012820382e-01
5.793031320448587e-01

83
5.792999366094377e-01
5.782821986123010e-01

84
5.782789977967925e-01
5.772628050482155e-01

85
5.772595988601450e-01
5.762449655195659e-01

86
5.762417539669136e-01
5.752286943457552e-01

87
5.752254774369643e-01
5.742140059996839e-01

88
5.742107837436723e-01
5.732009151088064e-01

89
5.731976875149772e-01
5.721894364561765e-01

90
5.721862035344246e-01
5.711795849814774e-01

91
5.711763467422062e-01
5.701713757820501e-01

92
5.701681322361779e-01
5.691648241139114e-01

93
5.691615752728775e-01
5.681599453927484e-01

94
5.681566912685241e-01
5.671567551949133e-01

95
5.671534958000093e-01
5.661552692583972e-01

96
5.661520046058730e-01
5.651555034837936e-01

97
5.651522335872641e-01
5.641574739352410e-01

98
5.641541988088906e-01
5.631611968413582e-01

99
5.631579164999464e-01
5.621666885961561e-01

100
5.621634030550319e-01
5.611739657599388e-01

101
5.611706750350446e-01
5.601830450601749e-01

102
5.601797491680623e-01
5.591939433923695e-01

103
5.591906423502050e-01
5.582066778208922e-01

104
5.582033716464692e-01
5.572212655798054e-01

105
5.572179542915563e-01
5.562377240736618e-01

106
5.562344076906620e-01
5.552560708782740e-01

107
5.552527494202566e-01
5.542763237414736e-01

108
5.542729972288378e-01
5.532985005838343e-01

109
5.532951690376544e-01
5.523226194993733e-01

110
5.523192829414121e-01
5.513486987562290e-01

111
5.513453572089453e-01
5.503767567973056e-01

112
5.503734102838651e-01
5.494068122408954e-01

113
5.494034607851830e-01
5.484388838812660e-01

114
5.484355275078938e-01
5.474729906892168e-01

115
5.474696294235369e-01
5.465091518126102e-01

116
5.465057856807229e-01
5.455473865768575e-01

117
5.455440156056260e-01
5.445877144853878e-01

118
5.445843387024440e-01
5.436301552200605e-01

119
5.436267746538195e-01
5.426747286415616e-01

120
5.426713433212297e-01
5.417214547897449e-01

121
5.417180647453340e-01
5.407703538839450e-01

122
5.407669591462813e-01
5.398214463232491e-01

123
5.398180469239821e-01
5.388747526867188e-01

124
5.388713486583360e-01
5.379302937335773e-01

125
5.379268851094137e-01
5.369880904033503e-01

126
5.369846772175979e-01
5.360481638159579e-01

127
5.360447461036779e-01
5.351105352717601e-01

128
5.351071130688968e-01
5.341752262515600e-01

129
5.341717995949465e-01
5.332422584165497e-01

130
5.332388273439219e-01
5.323116536082036e-01

131
5.323082181582111e-01
5.313834338481273e-01

132
5.313799940603441e-01
5.304576213378430e-01

133
5.304541772527803e-01
5.295342384585262e-01

134
5.295307901176417e-01
5.286133077706808e-01

135
5.286098552163884e-01
5.276948520137557e-01

136
5.276914489626199e-01
5.267858700135289e-01

137
5.267817305432529e-01
5.257888409307117e-01

138
5.257838282199804e-01
5.246956147266568e-01

139
5.246895442156572e-01
5.234973553182801e-01

140
5.234900033633552e-01
5.221845238653513e-01

141
5.221756194558635e-01
5.207468521359071e-01

142
5.207360668634342e-01
5.191733243682850e-01

143
5.191602602873431e-01
5.174521715362091e-01

144
5.174363464867846e-01
5.155708832134333e-01

145
5.155517130972403e-01
5.135162439351852e-01

146
5.134930213508946e-01
5.112744031974122e-01

147
5.112462717485611e-01
5.088309911959159e-01

148
5.087969146961167e-01
5.061712963137434e-01

149
5.061300220384951e-01
5.032805255103256e-01

150
5.032305406502965e-01
5.001441755128831e-01

151
5.000836555086580e-01
4.967485515502869e-01

152
4.966753047407483e-01
4.930814835348037e-01

153
4.929928620551317e-01
4.891332653676222e-01

154
4.890260514679777e-01
4.848982113907698e-01

155
4.847695597382644e-01
4.803760302605712e-01

156
4.802202417230063e-01
4.755699150863489e-01

157
4.753719820297658e-01
4.705037013061376e-01

158
4.702668457845633e-01
4.652507391730738e-01

159
4.650223819972294e-01
4.598670208762239e-01

160
4.596888226156926e-01
4.542799519798590e-01

161
4.541427238737975e-01
4.483169118080982e-01

162
4.481864968701855e-01
4.418146638133805e-01

163
4.416651676982614e-01
4.346594454378183e-01

164
4.344764111391874e-01
4.267648297499056e-01

165
4.265373383295528e-01
4.180477800617263e-01

166
4.177634871170793e-01
4.084188517664292e-01

167
4.080618239119025e-01
3.977797026769554e-01

168
3.973287086589718e-01
3.860230315816346e-01

169
3.854492296446648e-01
3.730352641271535e-01

170
3.723021371328469e-01
3.587016433930938e-01

171
3.577502419890909e-01
3.429028193046398e-01

172
3.416086306216771e-01
3.256022981888973e-01

173
3.238792074541025e-01
3.071155689225185e-01

174
3.051335532119697e-01
2.880018501686808e-01

175
2.860220161181234e-01
2.682990994901662e-01

176
2.662539026655477e-01
2.471458143091126e-01

177
2.445243328183172e-01
2.233787277684743e-01

178
2.195684219111544e-01
1.965625065447346e-01

179
1.913454822662777e-01
1.673768226867900e-01

180
1.608660864190753e-01
1.369406764220768e-01

181
1.292724998682243e-01
1.064702334848215e-01

182
9.803307956072999e-02
7.770558871902772e-02

183
6.934908074912283e-02
5.274167237148783e-02

184
4.543377313140617e-02
3.311912422428420e-02

185
2.747715308771434e-02
1.919909759892924e-02

186
1.532331358928882e-02
1.025924612422610e-02

187
7.859931146253578e-03
4.993443671289488e-03

188
3.587050243520118e-03
1.840585755969117e-03

189
7.391335870990974e-04
9.665509850823517e-05

190
2.133840009119608e-05
2.306017146209158e-06

191
4.394049795599146e-07
4.095840365608079e-08

192
6.751663685715327e-09
5.443325147809497e-10

193
7.779149922581137e-11
5.438129645423800e-12

194
6.751641805055556e-13
4.101862562064983e-14

195
4.432769922941070e-15
2.345333637446148e-16

196
2.210160869059716e-17
1.020323438868537e-18

197
8.398906232050549e-20
3.389069528856627e-21

198
2.440749422819993e-22
8.622321427031498e-24

199
5.440911757470051e-25
1.685242766412654e-26

