#Cell    Group    L_mom 
# Element_0
# Element_1
    0  0  0
2.172450784914468e+00
2.172279399644180e+00

    1  0  0
2.172278785157449e+00
2.171764605440399e+00

    2  0  0
2.171763376269891e+00
2.170906330378973e+00

    3  0  0
2.170904486130513e+00
2.169704454492030e+00

    4  0  0
2.169701994574147e+00
2.168158809725012e+00

    5  0  0
2.168155733348692e+00
2.166269179876500e+00

    6  0  0
2.166265486054848e+00
2.164035300520769e+00

    7  0  0
2.164030988068599e+00
2.161456858913080e+00

    8  0  0
2.161451926446412e+00
2.158533493877647e+00

    9  0  0
2.158527939813124e+00
2.155264795678241e+00

   10  0  0
2.155258618232463e+00
2.151650305871382e+00

   11  0  0
2.151643503060152e+00
2.147689517142051e+00

   12  0  0
2.147682086779540e+00
2.143381873121869e+00

   13  0  0
2.143373812819698e+00
2.138726768189667e+00

   14  0  0
2.138718075355897e+00
2.133723547254351e+00

   15  0  0
2.133714219092392e+00
2.128371505519997e+00

   16  0  0
2.128361539027433e+00
2.122669888233071e+00

   17  0  0
2.122659280200395e+00
2.116617890411675e+00

   18  0  0
2.116606637420939e+00
2.110214656556708e+00

   19  0  0
2.110202754980081e+00
2.103459280344824e+00

   20  0  0
2.103446726343074e+00
2.096350804303082e+00

   21  0  0
2.096337593823953e+00
2.088888219465121e+00

   22  0  0
2.088874348241640e+00
2.081070465008772e+00

   23  0  0
2.081055928557447e+00
2.072896427874915e+00

   24  0  0
2.072881221493856e+00
2.064364942367452e+00

   25  0  0
2.064349061134396e+00
2.055474789734239e+00

   26  0  0
2.055458228504485e+00
2.046224697728800e+00

   27  0  0
2.046207451133053e+00
2.036613340152644e+00

   28  0  0
2.036595402594756e+00
2.026639336378016e+00

   29  0  0
2.026620702032647e+00
2.016301250850874e+00

   30  0  0
2.016281913661049e+00
2.005597592573914e+00

   31  0  0
2.005577546248487e+00
1.994526814569415e+00

   32  0  0
1.994506052580431e+00
1.983087313321699e+00

   33  0  0
1.983065828901671e+00
1.971277428198989e+00

   34  0  0
1.971255214338063e+00
1.959095440854423e+00

   35  0  0
1.959072490297443e+00
1.946539574605984e+00

   36  0  0
1.946515879849467e+00
1.933607993795114e+00

   37  0  0
1.933583547084119e+00
1.920298803123739e+00

   38  0  0
1.920273596448622e+00
1.906610046969445e+00

   39  0  0
1.906584072062526e+00
1.892539708678537e+00

   40  0  0
1.892512957010646e+00
1.878085709836687e+00

   41  0  0
1.878058172613617e+00
1.863245909516899e+00

   42  0  0
1.863217577675738e+00
1.848018103504463e+00

   43  0  0
1.847988967709826e+00
1.832400023498622e+00

   44  0  0
1.832370074138764e+00
1.816389336290599e+00

   45  0  0
1.816358563473424e+00
1.799983642917691e+00

   46  0  0
1.799952036466638e+00
1.783180477793057e+00

   47  0  0
1.783148027242878e+00
1.765977307810885e+00

   48  0  0
1.765944002403301e+00
1.748371531426561e+00

   49  0  0
1.748337360105803e+00
1.730360477711473e+00

   50  0  0
1.730241856960324e+00
1.728421613672728e+00

   51  0  0
1.728421255245813e+00
1.726603039134859e+00

   52  0  0
1.726602681271110e+00
1.724786489567826e+00

   53  0  0
1.724786132266049e+00
1.722971962206397e+00

   54  0  0
1.722971605465399e+00
1.721159454290275e+00

   55  0  0
1.721159098108869e+00
1.719348963064082e+00

   56  0  0
1.719348607441080e+00
1.717540485777354e+00

   57  0  0
1.717540130711572e+00
1.715734019684523e+00

   58  0  0
1.715733665174781e+00
1.713929562044918e+00

   59  0  0
1.713929208090035e+00
1.712127110122745e+00

   60  0  0
1.712126756721545e+00
1.710326661187082e+00

   61  0  0
1.710326308338391e+00
1.708528212511870e+00

   62  0  0
1.708527860214516e+00
1.706731761375900e+00

   63  0  0
1.706731409628715e+00
1.704937305062805e+00

   64  0  0
1.704936953864622e+00
1.703144840861050e+00

   65  0  0
1.703144490210705e+00
1.701354366063921e+00

   66  0  0
1.701354015960252e+00
1.699565877969516e+00

   67  0  0
1.699565528411363e+00
1.697779373880736e+00

   68  0  0
1.697779024866943e+00
1.695994851105275e+00

   69  0  0
1.695994502634687e+00
1.694212306955608e+00

   70  0  0
1.694211959027075e+00
1.692431738748985e+00

   71  0  0
1.692431391361356e+00
1.690653143807417e+00

   72  0  0
1.690652796959547e+00
1.688876519457673e+00

   73  0  0
1.688876173148414e+00
1.687101863031259e+00

   74  0  0
1.687101517259473e+00
1.685329171864421e+00

   75  0  0
1.685328826628966e+00
1.683558443298128e+00

   76  0  0
1.683558098597867e+00
1.681789674678064e+00

   77  0  0
1.681789330511861e+00
1.680022863354616e+00

   78  0  0
1.680022519721340e+00
1.678258006682872e+00

   79  0  0
1.678257663581393e+00
1.676495102022602e+00

   80  0  0
1.676494759451791e+00
1.674734146738253e+00

   81  0  0
1.674733804696987e+00
1.672975138198941e+00

   82  0  0
1.672974796686096e+00
1.671218073778439e+00

   83  0  0
1.671217732792895e+00
1.669462950855169e+00

   84  0  0
1.669462610395808e+00
1.667709766812191e+00

   85  0  0
1.667709426877897e+00
1.665958519037193e+00

   86  0  0
1.665958179626853e+00
1.664209204922487e+00

   87  0  0
1.664208866034989e+00
1.662461821864989e+00

   88  0  0
1.662461483499226e+00
1.660716367266223e+00

   89  0  0
1.660716029421088e+00
1.658972838532301e+00

   90  0  0
1.658972501206690e+00
1.657231233073918e+00

   91  0  0
1.657230896266730e+00
1.655491548306342e+00

   92  0  0
1.655491212016477e+00
1.653753781649405e+00

   93  0  0
1.653753445875767e+00
1.652017930527495e+00

   94  0  0
1.652017595268989e+00
1.650283992369543e+00

   95  0  0
1.650283657625078e+00
1.648551964609017e+00

   96  0  0
1.648551630377503e+00
1.646821844683911e+00

   97  0  0
1.646821510964259e+00
1.645093630036737e+00

   98  0  0
1.645093296827863e+00
1.643367318114516e+00

   99  0  0
1.643366985415337e+00
1.641642906368767e+00

  100  0  0
1.641642574178203e+00
1.639920392255502e+00

  101  0  0
1.639920060572474e+00
1.638199773235208e+00

  102  0  0
1.638199442058641e+00
1.636481046772850e+00

  103  0  0
1.636480716101669e+00
1.634764210337852e+00

  104  0  0
1.634763880170987e+00
1.633049261404092e+00

  105  0  0
1.633048931740473e+00
1.631336197449894e+00

  106  0  0
1.631335868288454e+00
1.629625015958016e+00

  107  0  0
1.629624687297691e+00
1.627915714415642e+00

  108  0  0
1.627915386255371e+00
1.626208290314376e+00

  109  0  0
1.626207962653097e+00
1.624502741150228e+00

  110  0  0
1.624502413986884e+00
1.622799064423606e+00

  111  0  0
1.622798737757144e+00
1.621097257639315e+00

  112  0  0
1.621096931468678e+00
1.619397318306534e+00

  113  0  0
1.619396992630673e+00
1.617699243938820e+00

  114  0  0
1.617698918756687e+00
1.616003032054091e+00

  115  0  0
1.616002707364638e+00
1.614308680174619e+00

  116  0  0
1.614308355976804e+00
1.612616185827025e+00

  117  0  0
1.612615862119805e+00
1.610925546542266e+00

  118  0  0
1.610925223324601e+00
1.609236759855627e+00

  119  0  0
1.609236437126479e+00
1.607549823306712e+00

  120  0  0
1.607549501065046e+00
1.605864734439437e+00

  121  0  0
1.605864412684220e+00
1.604181490802018e+00

  122  0  0
1.604181169532220e+00
1.602500089946966e+00

  123  0  0
1.602499769161559e+00
1.600820529431078e+00

  124  0  0
1.600820209129033e+00
1.599142806815422e+00

  125  0  0
1.599142486995717e+00
1.597466919665337e+00

  126  0  0
1.597466600326948e+00
1.595792865550419e+00

  127  0  0
1.595792546692328e+00
1.594120642044514e+00

  128  0  0
1.594120323665703e+00
1.592450246725707e+00

  129  0  0
1.592449928825161e+00
1.590781677176321e+00

  130  0  0
1.590781359753025e+00
1.589114930982895e+00

  131  0  0
1.589114614035840e+00
1.587450005736190e+00

  132  0  0
1.587449689264365e+00
1.585786899031170e+00

  133  0  0
1.585786583033570e+00
1.584125608466998e+00

  134  0  0
1.584125292942617e+00
1.582466131647027e+00

  135  0  0
1.582465816594863e+00
1.580808466178790e+00

  136  0  0
1.580808160837297e+00
1.579165233318622e+00

  137  0  0
1.579164798380100e+00
1.577359666537377e+00

  138  0  0
1.577359141239586e+00
1.575376019495455e+00

  139  0  0
1.575375385183147e+00
1.573196999502647e+00

  140  0  0
1.573196233707365e+00
1.570803691274253e+00

  141  0  0
1.570802766947384e+00
1.568175416567823e+00

  142  0  0
1.568174301163450e+00
1.565289584217335e+00

  143  0  0
1.565288238596798e+00
1.562121530482544e+00

  144  0  0
1.562119907607781e+00
1.558644349790371e+00

  145  0  0
1.558642393167591e+00
1.554828716150139e+00

  146  0  0
1.554826357979125e+00
1.550642695784180e+00

  147  0  0
1.550639854761483e+00
1.546051551840662e+00

  148  0  0
1.546048130557109e+00
1.541017542458281e+00

  149  0  0
1.541013424322627e+00
1.535499713946390e+00

  150  0  0
1.535494759557654e+00
1.529453691444600e+00

  151  0  0
1.529447734325765e+00
1.522831470149224e+00

  152  0  0
1.522824311744796e+00
1.515581211058500e+00

  153  0  0
1.515572614888288e+00
1.507647046213168e+00

  154  0  0
1.507636731064986e+00
1.498968899612904e+00

  155  0  0
1.498956531648475e+00
1.489482331391598e+00

  156  0  0
1.489467515033608e+00
1.479118414452541e+00

  157  0  0
1.479100681917620e+00
1.467803654612266e+00

  158  0  0
1.467782453956141e+00
1.455459967387789e+00

  159  0  0
1.455434648936447e+00
1.442004726886428e+00

  160  0  0
1.441974527942668e+00
1.427350904808900e+00

  161  0  0
1.427314932548970e+00
1.411407320327497e+00

  162  0  0
1.411364532839203e+00
1.394079024503520e+00

  163  0  0
1.394028209966493e+00
1.375267845886499e+00

  164  0  0
1.375207599957371e+00
1.354873126884591e+00

  165  0  0
1.354801828423240e+00
1.332792683263168e+00

  166  0  0
1.332708468617072e+00
1.308924021524640e+00

  167  0  0
1.308824757669478e+00
1.283165850703467e+00

  168  0  0
1.283049107607862e+00
1.255419925976442e+00

  169  0  0
1.255282948600689e+00
1.225593261083636e+00

  170  0  0
1.225432941415383e+00
1.193600744462822e+00

  171  0  0
1.193413593913110e+00
1.159368189745177e+00

  172  0  0
1.159150312054683e+00
1.122835844302136e+00

  173  0  0
1.122582908830388e+00
1.083962369259841e+00

  174  0  0
1.083669584169721e+00
1.042729290088970e+00

  175  0  0
1.042391374570891e+00
9.991458976516030e-01

  176  0  0
9.987570521285739e-01
9.532545542857973e-01

  177  0  0
9.528084278225013e-01
9.051363265295698e-01

  178  0  0
9.046259819664785e-01
8.549168231403638e-01

  179  0  0
8.543347035881921e-01
8.027720608946817e-01

  180  0  0
8.021099672496779e-01
7.489341067971106e-01

  181  0  0
7.481832061969502e-01
6.936961481566328e-01

  182  0  0
6.928470490804988e-01
6.374165153915795e-01

  183  0  0
6.364594670563585e-01
5.805210218431520e-01

  184  0  0
5.794463225392229e-01
5.235027915287629e-01

  185  0  0
5.223015166591702e-01
4.669185347117902e-01

  186  0  0
4.655837150707781e-01
4.113800448979644e-01

  187  0  0
4.099083929215473e-01
3.575395784905250e-01

  188  0  0
3.559337431584540e-01
3.060680447256157e-01

  189  0  0
3.043395066435040e-01
2.576254343633657e-01

  190  0  0
2.557969829688597e-01
2.128233815654032e-01

  191  0  0
2.109298817217755e-01
1.721841038654199e-01

  192  0  0
1.702726713081292e-01
1.361012464605379e-01

  193  0  0
1.342274369364395e-01
1.048056422971189e-01

  194  0  0
1.030238700979611e-01
7.834640762414088e-02

  195  0  0
7.669981240436408e-02
5.659443501319415e-02

  196  0  0
5.510982439571013e-02
3.926168593398785e-02

  197  0  0
3.795349169931372e-02
2.591488847017384e-02

  198  0  0
2.478643647904972e-02
1.594337432610924e-02

  199  0  0
1.496479613218343e-02
8.398050865310987e-03

