#Cell 
# Element_0
# Element_1
0
2.615926600065760e-01
2.615926600065760e-01

1
2.615926600065760e-01
2.615926600065760e-01

2
2.615926600065760e-01
2.615926600065760e-01

3
2.615926600065760e-01
2.615926600065760e-01

4
2.615926600065760e-01
2.615926600065760e-01

5
2.615926600065760e-01
2.615926600065760e-01

6
2.615926600065760e-01
2.615926600065760e-01

7
2.615926600065760e-01
2.615926600065760e-01

8
2.615926600065760e-01
2.615926600065760e-01

9
2.615926600065760e-01
2.615926600065760e-01

10
2.615926600065760e-01
2.615926600065760e-01

11
2.615926600065760e-01
2.615926600065760e-01

12
2.615926600065760e-01
2.615926600065760e-01

13
2.615926600065760e-01
2.615926600065760e-01

14
2.615926600065760e-01
2.615926600065760e-01

15
2.615926600065760e-01
2.615926600065760e-01

16
2.615926600065760e-01
2.615926600065760e-01

17
2.615926600065760e-01
2.615926600065760e-01

18
2.615926600065760e-01
2.615926600065760e-01

19
2.615926600065760e-01
2.615926600065760e-01

20
2.615926600065760e-01
2.615926600065760e-01

21
2.615926600065760e-01
2.615926600065760e-01

22
2.615926600065760e-01
2.615926600065760e-01

23
2.615926600065760e-01
2.615926600065760e-01

24
2.615926600065760e-01
2.615926600065760e-01

25
2.615926600065760e-01
2.615926600065760e-01

26
2.615926600065760e-01
2.615926600065758e-01

27
2.615926600065756e-01
2.615926600065739e-01

28
2.615926600065708e-01
2.615926600065520e-01

29
2.615926600065190e-01
2.615926600063234e-01

30
2.615926600060012e-01
2.615926600041459e-01

31
2.615926600012805e-01
2.615926599852537e-01

32
2.615926599621363e-01
2.615926598365623e-01

33
2.615926596682236e-01
2.615926587798058e-01

34
2.615926576790162e-01
2.615926520297864e-01

35
2.615926455999004e-01
2.615926134642015e-01

36
2.615925800958823e-01
2.615924173092320e-01

37
2.615922642931808e-01
2.615915331916116e-01

38
2.615909165047438e-01
2.615880171529778e-01

39
2.615858445117690e-01
2.615757284541992e-01

40
2.615690728190876e-01
2.615381124333371e-01

41
2.615204719396644e-01
2.614374918058165e-01

42
2.613971481139011e-01
2.612020131369668e-01

43
2.611219706861291e-01
2.607153599781110e-01

44
2.605742495186773e-01
2.598064842708265e-01

45
2.595754030819897e-01
2.582219059343452e-01

46
2.578598163294583e-01
2.555890622622158e-01

47
2.550454491025216e-01
2.513360072894741e-01

48
2.504117543818589e-01
2.437314163908761e-01

49
2.413938043877485e-01
2.259835670175209e-01

50
2.199006498939136e-01
2.166627326366530e-01

51
2.165875056945920e-01
2.133522156562194e-01

52
2.132737999903199e-01
2.100455195511260e-01

53
2.099637288699147e-01
2.067475677703539e-01

54
2.066622053531861e-01
2.034641348003135e-01

55
2.033749809190770e-01
2.002019612051960e-01

56
2.001087479596700e-01
1.969689741519256e-01

57
1.968715474139407e-01
1.937745936112966e-01

58
1.936732264913567e-01
1.906294280107583e-01

59
1.905244199977449e-01
1.875440015640868e-01

60
1.874340734793501e-01
1.845289221561746e-01

61
1.844104311099542e-01
1.815997616364189e-01

62
1.814694837252067e-01
1.787837213681773e-01

63
1.786438696243261e-01
1.761184432273280e-01

64
1.759786617778959e-01
1.736380427157386e-01

65
1.735114806516318e-01
1.713548145288494e-01

66
1.712514281319162e-01
1.692508964406312e-01

67
1.691734170389190e-01
1.672854500693140e-01

68
1.672301359793367e-01
1.654103895591028e-01

69
1.653705256477206e-01
1.635839752335173e-01

70
1.635531070147530e-01
1.617768499059113e-01

71
1.617503262529560e-01
1.599715300179572e-01

72
1.599465950890998e-01
1.581589607078755e-01

73
1.581342078416444e-01
1.563349838226747e-01

74
1.563097699029011e-01
1.544978793724466e-01

75
1.544719248316519e-01
1.526470023714734e-01

76
1.526201761303150e-01
1.507821466524894e-01

77
1.507543686080436e-01
1.489032919728439e-01

78
1.488744963411883e-01
1.470105227594201e-01

79
1.469806499481372e-01
1.451040088412887e-01

80
1.450730059444477e-01
1.431839946008967e-01

81
1.431518075142619e-01
1.412507828707824e-01

82
1.412173322058173e-01
1.393047409075678e-01

83
1.392698975312707e-01
1.373463745341024e-01

84
1.373099717844571e-01
1.353764726303675e-01

85
1.353383786635056e-01
1.333962255369875e-01

86
1.333564416878960e-01
1.314071593515763e-01

87
1.313658511959571e-01
1.294108147175198e-01

88
1.293681899191599e-01
1.274083347028872e-01

89
1.273643813733286e-01
1.254003447036279e-01

90
1.253545758384830e-01
1.233874829551257e-01

91
1.233388878539507e-01
1.213715970527349e-01

92
1.213189151842800e-01
1.193571408542049e-01

93
1.192993897729972e-01
1.173520136090742e-01

94
1.172890402545079e-01
1.153672068446149e-01

95
1.152999964817962e-01
1.134151262940726e-01

96
1.133457140816716e-01
1.115070643005053e-01

97
1.114380806237706e-01
1.096506878316762e-01

98
1.095847254196886e-01
1.078483905660464e-01

99
1.077874342429818e-01
1.060969736200532e-01

100
1.060420729395003e-01
1.043885891381127e-01

101
1.043398291354670e-01
1.027124648685529e-01

102
1.026691704097487e-01
1.010567831790764e-01

103
1.010178280633376e-01
9.941021083343522e-02

104
9.937430626199803e-02
9.776284490361745e-02

105
9.772873389293815e-02
9.610660558797809e-02

106
9.607315657643162e-02
9.443526157174305e-02

107
9.440150306679411e-02
9.274428476270939e-02

108
9.270943308367505e-02
9.103063697507299e-02

109
9.099414085776092e-02
8.929247532637098e-02

110
8.925405536452355e-02
8.752871222265743e-02

111
8.748834195123377e-02
8.573842166276797e-02

112
8.569620538685238e-02
8.392021631567438e-02

113
8.387616759451617e-02
8.207184122191999e-02

114
8.202562934882904e-02
8.019024550673388e-02

115
8.014101691595164e-02
7.827226385822124e-02

116
7.821863407183753e-02
7.631581088720334e-02

117
7.625606243773446e-02
7.432127082668948e-02

118
7.425371335375086e-02
7.229265622601191e-02

119
7.221604498479015e-02
7.023815536135315e-02

120
7.015204816635973e-02
6.816985701726364e-02

121
6.807481726074817e-02
6.610265611006526e-02

122
6.600026168777572e-02
6.405252788076592e-02

123
6.394519757238001e-02
6.203446828319215e-02

124
6.192515033653900e-02
6.006043015116318e-02

125
5.995220821126383e-02
5.813756239700116e-02

126
5.803322993957508e-02
5.626701048960590e-02

127
5.616865994435363e-02
5.444347204351625e-02

128
5.435214664068158e-02
5.265561265695760e-02

129
5.257107374161168e-02
5.088732264393026e-02

130
5.080798063251703e-02
4.911964586509306e-02

131
4.904268010936651e-02
4.733307854177463e-02

132
4.725473340180664e-02
4.550986906199076e-02

133
4.542587495568943e-02
4.363597567181127e-02

134
4.354202037742810e-02
4.170244315777553e-02

135
4.159461725220562e-02
3.970609863916113e-02

136
3.958315561618723e-02
3.766546294324864e-02

137
3.749434981450916e-02
3.536248428440914e-02

138
3.512581920051356e-02
3.278021470787420e-02

139
3.245899253723879e-02
2.991767804230982e-02

140
2.949455574798376e-02
2.679808522296285e-02

141
2.626218849360905e-02
2.347570045174984e-02

142
2.282791105975976e-02
2.003838821433655e-02

143
1.929524756993303e-02
1.660303098272578e-02

144
1.579722539618522e-02
1.330261415039868e-02

145
1.247886938834880e-02
1.026648338407733e-02

146
9.473311656603915e-03
7.597698280885481e-03

147
6.876820571423369e-03
5.351312714710697e-03

148
4.726156804964717e-03
3.510741113104725e-03

149
2.969417862770913e-03
1.928101406739510e-03

150
1.376704876661465e-03
4.789365006525679e-04

151
2.312388839462481e-04
5.769261832665054e-05

152
2.500446371131442e-05
5.590335197723664e-06

153
2.191066846645374e-06
4.391932504971778e-07

154
1.553099205094461e-07
2.789524397937077e-08

155
8.883958602660784e-09
1.429205690316199e-09

156
4.093421914578205e-10
5.896836077580203e-11

157
1.517239257731679e-11
1.956891891430564e-12

158
4.519518009136665e-13
5.218674327688570e-14

159
1.081234686997821e-14
1.117763651221673e-15

160
2.076668925552460e-16
1.922167330656010e-17

161
3.201493275644568e-18
2.653522385453829e-19

162
3.961557592752655e-20
2.940701617804813e-21

163
3.935088757286538e-22
2.616591168276351e-23

164
3.138418269633335e-24
1.869735781731164e-25

165
2.010311181037108e-26
1.073298301631473e-27

166
1.034590463764682e-28
4.951298226957134e-30

167
4.279614622499933e-31
1.836364830280004e-32

168
1.423530287126339e-33
5.478203306978194e-35

169
3.809445691205813e-36
1.315121646703414e-37

170
8.205516385375754e-39
2.541906524737785e-40

171
1.423381024073482e-41
3.957688924982750e-43

172
1.989451503622185e-44
4.966355980869509e-46

173
2.241662080529871e-47
5.025452616246030e-49

174
2.037321446807388e-50
4.102802650590492e-52

175
1.494268803693404e-53
2.703833329951491e-55

176
8.849177995428429e-57
1.439118775392880e-58

177
4.233550710099300e-60
6.189441971926883e-62

178
1.637018371904153e-63
2.152096414396010e-65

179
5.118760739046002e-67
6.052581487805958e-69

180
1.294940982831817e-70
1.377518116670417e-72

181
2.651648323971538e-74
2.538261061576268e-76

182
4.397086001349285e-78
3.788413612498733e-80

183
5.907375327117125e-82
4.582005789102646e-84

184
6.432759785573255e-86
4.492841857632370e-88

185
5.680164643533758e-90
3.573049705004393e-92

186
4.068815902852259e-94
2.305630169923524e-96

187
2.365355667701789e-98
1.207669849665129e-100

188
1.116397970784052e-102
5.136712443547056e-105

189
4.279606504157473e-107
1.774869415419558e-109

190
1.332950852918278e-111
4.983708488946305e-114

191
3.374493090635856e-116
1.137627969431073e-118

192
6.946101003666996e-121
2.111840438366449e-123

193
1.162950836504177e-125
3.189205793186722e-128

194
1.584216501555951e-130
3.919292491805851e-133

195
1.756473431295827e-135
3.920806347270058e-138

196
1.585547806123337e-140
3.193894160535784e-143

197
1.165629733872088e-145
2.119209682472272e-148

198
6.980946918652496e-151
1.145678213903861e-153

199
3.406949079327759e-156
5.047891504144122e-159

