#Cell  Group   Direction 
# Element_0
# Element_1
    0  0  0
4.765865969612788e-02
4.765865969612788e-02

    0  0  1
4.765865969612787e-02
4.765865969612788e-02

    0  0  2
4.765865969612787e-02
4.765865969612788e-02

    0  0  3
4.765865969612789e-02
4.765865969612789e-02

    0  0  4
4.765865969612789e-02
4.765865969612788e-02

    0  0  5
4.765865969612787e-02
4.765865969612788e-02

    0  0  6
4.765865969612786e-02
4.765865969612788e-02

    0  0  7
4.765865969612788e-02
4.765865969612788e-02

    1  0  0
4.765865969612788e-02
4.765865969612788e-02

    1  0  1
4.765865969612787e-02
4.765865969612788e-02

    1  0  2
4.765865969612787e-02
4.765865969612788e-02

    1  0  3
4.765865969612789e-02
4.765865969612789e-02

    1  0  4
4.765865969612788e-02
4.765865969612788e-02

    1  0  5
4.765865969612787e-02
4.765865969612788e-02

    1  0  6
4.765865969612786e-02
4.765865969612788e-02

    1  0  7
4.765865969612788e-02
4.765865969612788e-02

    2  0  0
4.765865969612788e-02
4.765865969612788e-02

    2  0  1
4.765865969612787e-02
4.765865969612788e-02

    2  0  2
4.765865969612787e-02
4.765865969612788e-02

    2  0  3
4.765865969612789e-02
4.765865969612789e-02

    2  0  4
4.765865969612788e-02
4.765865969612788e-02

    2  0  5
4.765865969612787e-02
4.765865969612788e-02

    2  0  6
4.765865969612786e-02
4.765865969612788e-02

    2  0  7
4.765865969612786e-02
4.765865969612788e-02

    3  0  0
4.765865969612788e-02
4.765865969612788e-02

    3  0  1
4.765865969612787e-02
4.765865969612788e-02

    3  0  2
4.765865969612787e-02
4.765865969612788e-02

    3  0  3
4.765865969612789e-02
4.765865969612789e-02

    3  0  4
4.765865969612788e-02
4.765865969612788e-02

    3  0  5
4.765865969612787e-02
4.765865969612788e-02

    3  0  6
4.765865969612787e-02
4.765865969612788e-02

    3  0  7
4.765865969612787e-02
4.765865969612788e-02

    4  0  0
4.765865969612788e-02
4.765865969612788e-02

    4  0  1
4.765865969612787e-02
4.765865969612788e-02

    4  0  2
4.765865969612787e-02
4.765865969612788e-02

    4  0  3
4.765865969612789e-02
4.765865969612789e-02

    4  0  4
4.765865969612788e-02
4.765865969612788e-02

    4  0  5
4.765865969612787e-02
4.765865969612788e-02

    4  0  6
4.765865969612786e-02
4.765865969612788e-02

    4  0  7
4.765865969612788e-02
4.765865969612789e-02

    5  0  0
4.765865969612788e-02
4.765865969612788e-02

    5  0  1
4.765865969612787e-02
4.765865969612788e-02

    5  0  2
4.765865969612787e-02
4.765865969612788e-02

    5  0  3
4.765865969612789e-02
4.765865969612789e-02

    5  0  4
4.765865969612788e-02
4.765865969612788e-02

    5  0  5
4.765865969612788e-02
4.765865969612789e-02

    5  0  6
4.765865969612787e-02
4.765865969612788e-02

    5  0  7
4.765865969612789e-02
4.765865969612789e-02

    6  0  0
4.765865969612788e-02
4.765865969612788e-02

    6  0  1
4.765865969612787e-02
4.765865969612788e-02

    6  0  2
4.765865969612787e-02
4.765865969612788e-02

    6  0  3
4.765865969612789e-02
4.765865969612789e-02

    6  0  4
4.765865969612788e-02
4.765865969612788e-02

    6  0  5
4.765865969612788e-02
4.765865969612789e-02

    6  0  6
4.765865969612788e-02
4.765865969612788e-02

    6  0  7
4.765865969612789e-02
4.765865969612789e-02

    7  0  0
4.765865969612788e-02
4.765865969612788e-02

    7  0  1
4.765865969612787e-02
4.765865969612788e-02

    7  0  2
4.765865969612787e-02
4.765865969612788e-02

    7  0  3
4.765865969612789e-02
4.765865969612789e-02

    7  0  4
4.765865969612788e-02
4.765865969612788e-02

    7  0  5
4.765865969612788e-02
4.765865969612789e-02

    7  0  6
4.765865969612788e-02
4.765865969612788e-02

    7  0  7
4.765865969612789e-02
4.765865969612789e-02

    8  0  0
4.765865969612788e-02
4.765865969612788e-02

    8  0  1
4.765865969612787e-02
4.765865969612788e-02

    8  0  2
4.765865969612787e-02
4.765865969612788e-02

    8  0  3
4.765865969612789e-02
4.765865969612789e-02

    8  0  4
4.765865969612788e-02
4.765865969612788e-02

    8  0  5
4.765865969612788e-02
4.765865969612789e-02

    8  0  6
4.765865969612788e-02
4.765865969612788e-02

    8  0  7
4.765865969612789e-02
4.765865969612789e-02

    9  0  0
4.765865969612788e-02
4.765865969612788e-02

    9  0  1
4.765865969612787e-02
4.765865969612788e-02

    9  0  2
4.765865969612787e-02
4.765865969612788e-02

    9  0  3
4.765865969612789e-02
4.765865969612789e-02

    9  0  4
4.765865969612788e-02
4.765865969612788e-02

    9  0  5
4.765865969612788e-02
4.765865969612789e-02

    9  0  6
4.765865969612788e-02
4.765865969612788e-02

    9  0  7
4.765865969612789e-02
4.765865969612789e-02

   10  0  0
4.765865969612788e-02
4.765865969612788e-02

   10  0  1
4.765865969612787e-02
4.765865969612788e-02

   10  0  2
4.765865969612787e-02
4.765865969612788e-02

   10  0  3
4.765865969612789e-02
4.765865969612789e-02

   10  0  4
4.765865969612788e-02
4.765865969612788e-02

   10  0  5
4.765865969612788e-02
4.765865969612789e-02

   10  0  6
4.765865969612788e-02
4.765865969612788e-02

   10  0  7
4.765865969612789e-02
4.765865969612789e-02

   11  0  0
4.765865969612788e-02
4.765865969612788e-02

   11  0  1
4.765865969612787e-02
4.765865969612788e-02

   11  0  2
4.765865969612787e-02
4.765865969612788e-02

   11  0  3
4.765865969612789e-02
4.765865969612789e-02

   11  0  4
4.765865969612788e-02
4.765865969612788e-02

   11  0  5
4.765865969612788e-02
4.765865969612789e-02

   11  0  6
4.765865969612788e-02
4.765865969612788e-02

   11  0  7
4.765865969612789e-02
4.765865969612789e-02

   12  0  0
4.765865969612788e-02
4.765865969612788e-02

   12  0  1
4.765865969612787e-02
4.765865969612788e-02

   12  0  2
4.765865969612787e-02
4.765865969612788e-02

   12  0  3
4.765865969612789e-02
4.765865969612789e-02

   12  0  4
4.765865969612788e-02
4.765865969612788e-02

   12  0  5
4.765865969612788e-02
4.765865969612789e-02

   12  0  6
4.765865969612788e-02
4.765865969612788e-02

   12  0  7
4.765865969612789e-02
4.765865969612789e-02

   13  0  0
4.765865969612788e-02
4.765865969612788e-02

   13  0  1
4.765865969612787e-02
4.765865969612788e-02

   13  0  2
4.765865969612787e-02
4.765865969612788e-02

   13  0  3
4.765865969612789e-02
4.765865969612789e-02

   13  0  4
4.765865969612788e-02
4.765865969612788e-02

   13  0  5
4.765865969612788e-02
4.765865969612789e-02

   13  0  6
4.765865969612788e-02
4.765865969612788e-02

   13  0  7
4.765865969612789e-02
4.765865969612789e-02

   14  0  0
4.765865969612788e-02
4.765865969612788e-02

   14  0  1
4.765865969612787e-02
4.765865969612788e-02

   14  0  2
4.765865969612787e-02
4.765865969612788e-02

   14  0  3
4.765865969612789e-02
4.765865969612789e-02

   14  0  4
4.765865969612788e-02
4.765865969612788e-02

   14  0  5
4.765865969612788e-02
4.765865969612789e-02

   14  0  6
4.765865969612788e-02
4.765865969612788e-02

   14  0  7
4.765865969612789e-02
4.765865969612789e-02

   15  0  0
4.765865969612788e-02
4.765865969612788e-02

   15  0  1
4.765865969612787e-02
4.765865969612788e-02

   15  0  2
4.765865969612787e-02
4.765865969612788e-02

   15  0  3
4.765865969612789e-02
4.765865969612789e-02

   15  0  4
4.765865969612788e-02
4.765865969612788e-02

   15  0  5
4.765865969612788e-02
4.765865969612789e-02

   15  0  6
4.765865969612788e-02
4.765865969612788e-02

   15  0  7
4.765865969612789e-02
4.765865969612789e-02

   16  0  0
4.765865969612788e-02
4.765865969612788e-02

   16  0  1
4.765865969612787e-02
4.765865969612788e-02

   16  0  2
4.765865969612787e-02
4.765865969612788e-02

   16  0  3
4.765865969612789e-02
4.765865969612789e-02

   16  0  4
4.765865969612788e-02
4.765865969612788e-02

   16  0  5
4.765865969612788e-02
4.765865969612789e-02

   16  0  6
4.765865969612788e-02
4.765865969612788e-02

   16  0  7
4.765865969612789e-02
4.765865969612789e-02

   17  0  0
4.765865969612788e-02
4.765865969612788e-02

   17  0  1
4.765865969612787e-02
4.765865969612788e-02

   17  0  2
4.765865969612787e-02
4.765865969612788e-02

   17  0  3
4.765865969612789e-02
4.765865969612789e-02

   17  0  4
4.765865969612788e-02
4.765865969612788e-02

   17  0  5
4.765865969612788e-02
4.765865969612789e-02

   17  0  6
4.765865969612788e-02
4.765865969612788e-02

   17  0  7
4.765865969612789e-02
4.765865969612789e-02

   18  0  0
4.765865969612788e-02
4.765865969612788e-02

   18  0  1
4.765865969612787e-02
4.765865969612788e-02

   18  0  2
4.765865969612787e-02
4.765865969612788e-02

   18  0  3
4.765865969612789e-02
4.765865969612789e-02

   18  0  4
4.765865969612788e-02
4.765865969612788e-02

   18  0  5
4.765865969612788e-02
4.765865969612789e-02

   18  0  6
4.765865969612788e-02
4.765865969612788e-02

   18  0  7
4.765865969612789e-02
4.765865969612789e-02

   19  0  0
4.765865969612788e-02
4.765865969612788e-02

   19  0  1
4.765865969612787e-02
4.765865969612788e-02

   19  0  2
4.765865969612787e-02
4.765865969612788e-02

   19  0  3
4.765865969612789e-02
4.765865969612789e-02

   19  0  4
4.765865969612788e-02
4.765865969612788e-02

   19  0  5
4.765865969612788e-02
4.765865969612789e-02

   19  0  6
4.765865969612788e-02
4.765865969612788e-02

   19  0  7
4.765865969612789e-02
4.765865969612789e-02

   20  0  0
4.765865969612788e-02
4.765865969612788e-02

   20  0  1
4.765865969612787e-02
4.765865969612788e-02

   20  0  2
4.765865969612787e-02
4.765865969612788e-02

   20  0  3
4.765865969612789e-02
4.765865969612789e-02

   20  0  4
4.765865969612788e-02
4.765865969612788e-02

   20  0  5
4.765865969612788e-02
4.765865969612789e-02

   20  0  6
4.765865969612788e-02
4.765865969612788e-02

   20  0  7
4.765865969612789e-02
4.765865969612789e-02

   21  0  0
4.765865969612788e-02
4.765865969612788e-02

   21  0  1
4.765865969612787e-02
4.765865969612788e-02

   21  0  2
4.765865969612787e-02
4.765865969612788e-02

   21  0  3
4.765865969612789e-02
4.765865969612789e-02

   21  0  4
4.765865969612788e-02
4.765865969612788e-02

   21  0  5
4.765865969612788e-02
4.765865969612789e-02

   21  0  6
4.765865969612788e-02
4.765865969612788e-02

   21  0  7
4.765865969612789e-02
4.765865969612789e-02

   22  0  0
4.765865969612788e-02
4.765865969612788e-02

   22  0  1
4.765865969612787e-02
4.765865969612788e-02

   22  0  2
4.765865969612787e-02
4.765865969612788e-02

   22  0  3
4.765865969612789e-02
4.765865969612789e-02

   22  0  4
4.765865969612788e-02
4.765865969612788e-02

   22  0  5
4.765865969612788e-02
4.765865969612789e-02

   22  0  6
4.765865969612788e-02
4.765865969612788e-02

   22  0  7
4.765865969612789e-02
4.765865969612789e-02

   23  0  0
4.765865969612788e-02
4.765865969612786e-02

   23  0  1
4.765865969612787e-02
4.765865969612788e-02

   23  0  2
4.765865969612787e-02
4.765865969612788e-02

   23  0  3
4.765865969612789e-02
4.765865969612789e-02

   23  0  4
4.765865969612788e-02
4.765865969612788e-02

   23  0  5
4.765865969612788e-02
4.765865969612789e-02

   23  0  6
4.765865969612788e-02
4.765865969612788e-02

   23  0  7
4.765865969612789e-02
4.765865969612789e-02

   24  0  0
4.765865969612783e-02
4.765865969612760e-02

   24  0  1
4.765865969612787e-02
4.765865969612788e-02

   24  0  2
4.765865969612787e-02
4.765865969612788e-02

   24  0  3
4.765865969612789e-02
4.765865969612789e-02

   24  0  4
4.765865969612788e-02
4.765865969612788e-02

   24  0  5
4.765865969612788e-02
4.765865969612789e-02

   24  0  6
4.765865969612788e-02
4.765865969612788e-02

   24  0  7
4.765865969612789e-02
4.765865969612789e-02

   25  0  0
4.765865969612718e-02
4.765865969612430e-02

   25  0  1
4.765865969612787e-02
4.765865969612788e-02

   25  0  2
4.765865969612787e-02
4.765865969612788e-02

   25  0  3
4.765865969612789e-02
4.765865969612789e-02

   25  0  4
4.765865969612788e-02
4.765865969612788e-02

   25  0  5
4.765865969612788e-02
4.765865969612789e-02

   25  0  6
4.765865969612788e-02
4.765865969612788e-02

   25  0  7
4.765865969612789e-02
4.765865969612789e-02

   26  0  0
4.765865969611861e-02
4.765865969608254e-02

   26  0  1
4.765865969612787e-02
4.765865969612783e-02

   26  0  2
4.765865969612787e-02
4.765865969612788e-02

   26  0  3
4.765865969612789e-02
4.765865969612789e-02

   26  0  4
4.765865969612788e-02
4.765865969612788e-02

   26  0  5
4.765865969612788e-02
4.765865969612789e-02

   26  0  6
4.765865969612788e-02
4.765865969612788e-02

   26  0  7
4.765865969612789e-02
4.765865969612789e-02

   27  0  0
4.765865969601461e-02
4.765865969559616e-02

   27  0  1
4.765865969612773e-02
4.765865969612710e-02

   27  0  2
4.765865969612787e-02
4.765865969612788e-02

   27  0  3
4.765865969612789e-02
4.765865969612788e-02

   27  0  4
4.765865969612788e-02
4.765865969612788e-02

   27  0  5
4.765865969612788e-02
4.765865969612789e-02

   27  0  6
4.765865969612788e-02
4.765865969612788e-02

   27  0  7
4.765865969612789e-02
4.765865969612789e-02

   28  0  0
4.765865969485131e-02
4.765865969039475e-02

   28  0  1
4.765865969612564e-02
4.765865969611567e-02

   28  0  2
4.765865969612787e-02
4.765865969612788e-02

   28  0  3
4.765865969612788e-02
4.765865969612788e-02

   28  0  4
4.765865969612788e-02
4.765865969612788e-02

   28  0  5
4.765865969612788e-02
4.765865969612788e-02

   28  0  6
4.765865969612788e-02
4.765865969612788e-02

   28  0  7
4.765865969612789e-02
4.765865969612789e-02

   29  0  0
4.765865968292318e-02
4.765865963953145e-02

   29  0  1
4.765865969609417e-02
4.765865969595195e-02

   29  0  2
4.765865969612786e-02
4.765865969612783e-02

   29  0  3
4.765865969612787e-02
4.765865969612786e-02

   29  0  4
4.765865969612787e-02
4.765865969612786e-02

   29  0  5
4.765865969612788e-02
4.765865969612787e-02

   29  0  6
4.765865969612786e-02
4.765865969612786e-02

   29  0  7
4.765865969612788e-02
4.765865969612787e-02

   30  0  0
4.765865957130468e-02
4.765865918686114e-02

   30  0  1
4.765865969566287e-02
4.765865969381387e-02

   30  0  2
4.765865969612773e-02
4.765865969612725e-02

   30  0  3
4.765865969612780e-02
4.765865969612754e-02

   30  0  4
4.765865969612784e-02
4.765865969612761e-02

   30  0  5
4.765865969612786e-02
4.765865969612764e-02

   30  0  6
4.765865969612786e-02
4.765865969612765e-02

   30  0  7
4.765865969612788e-02
4.765865969612768e-02

   31  0  0
4.765865862273500e-02
4.765865553930855e-02

   31  0  1
4.765865969028573e-02
4.765865966849582e-02

   31  0  2
4.765865969612646e-02
4.765865969612198e-02

   31  0  3
4.765865969612711e-02
4.765865969612466e-02

   31  0  4
4.765865969612741e-02
4.765865969612541e-02

   31  0  5
4.765865969612761e-02
4.765865969612562e-02

   31  0  6
4.765865969612772e-02
4.765865969612579e-02

   31  0  7
4.765865969612778e-02
4.765865969612589e-02

   32  0  0
4.765865134087414e-02
4.765862908071564e-02

   32  0  1
4.765865962964477e-02
4.765865939815862e-02

   32  0  2
4.765865969611501e-02
4.765865969607561e-02

   32  0  3
4.765865969612094e-02
4.765865969610038e-02

   32  0  4
4.765865969612360e-02
4.765865969610675e-02

   32  0  5
4.765865969612545e-02
4.765865969610875e-02

   32  0  6
4.765865969612648e-02
4.765865969611024e-02

   32  0  7
4.765865969612697e-02
4.765865969611106e-02

   33  0  0
4.765860114428616e-02
4.765845741071777e-02

   33  0  1
4.765865901458455e-02
4.765865681129711e-02

   33  0  2
4.765865969601623e-02
4.765865969567873e-02

   33  0  3
4.765865969607130e-02
4.765865969591444e-02

   33  0  4
4.765865969609295e-02
4.765865969596434e-02

   33  0  5
4.765865969610785e-02
4.765865969598069e-02

   33  0  6
4.765865969611609e-02
4.765865969599265e-02

   33  0  7
4.765865969611991e-02
4.765865969599933e-02

   34  0  0
4.765829247792294e-02
4.765746825929620e-02

   34  0  1
4.765865343991096e-02
4.765863478012565e-02

   34  0  2
4.765865969516023e-02
4.765865969211516e-02

   34  0  3
4.765865969570812e-02
4.765865969462617e-02

   34  0  4
4.765865969586920e-02
4.765865969498148e-02

   34  0  5
4.765865969597832e-02
4.765865969510266e-02

   34  0  6
4.765865969603723e-02
4.765865969519064e-02

   34  0  7
4.765865969606430e-02
4.765865969523931e-02

   35  0  0
4.765661186351598e-02
4.765244775108853e-02

   35  0  1
4.765860861129516e-02
4.765846907756957e-02

   35  0  2
4.765865968703862e-02
4.765865965571758e-02

   35  0  3
4.765865969330968e-02
4.765865968658727e-02

   35  0  4
4.765865969439406e-02
4.765865968887613e-02

   35  0  5
4.765865969511511e-02
4.765865968968902e-02

   35  0  6
4.765865969549604e-02
4.765865969027305e-02

   35  0  7
4.765865969566870e-02
4.765865969059331e-02

   36  0  0
4.764857683889766e-02
4.763020724941085e-02

   36  0  1
4.765829134820410e-02
4.765737806906767e-02

   36  0  2
4.765865959843710e-02
4.765865923568186e-02

   36  0  3
4.765865967906117e-02
4.765865964157613e-02

   36  0  4
4.765865968564902e-02
4.765865965487366e-02

   36  0  5
4.765865968993582e-02
4.765865965979168e-02

   36  0  6
4.765865969214789e-02
4.765865966328154e-02

   36  0  7
4.765865969313637e-02
4.765865966517684e-02

   37  0  0
4.761516106109620e-02
4.754511776097617e-02

   37  0  1
4.765633321169648e-02
4.765115261904179e-02

   37  0  2
4.765865855067258e-02
4.765865426798942e-02

   37  0  3
4.765865960318783e-02
4.765865941622179e-02

   37  0  4
4.765865963919601e-02
4.765865948571719e-02

   37  0  5
4.765865966205055e-02
4.765865951246815e-02

   37  0  6
4.765865967354845e-02
4.765865953117800e-02

   37  0  7
4.765865967861221e-02
4.765865954122742e-02

   38  0  0
4.749556343506665e-02
4.726734590314304e-02

   38  0  1
4.764590274286880e-02
4.762072044618999e-02

   38  0  2
4.765864647485415e-02
4.765859959962842e-02

   38  0  3
4.765865924218535e-02
4.765865841046880e-02

   38  0  4
4.765865941881606e-02
4.765865873650242e-02

   38  0  5
4.765865952775609e-02
4.765865886696697e-02

   38  0  6
4.765865958109899e-02
4.765865895668089e-02

   38  0  7
4.765865960425508e-02
4.765865900426951e-02

   39  0  0
4.713159826541960e-02
4.650428185550901e-02

   39  0  1
4.759851962645236e-02
4.749497615743511e-02

   39  0  2
4.765852102255282e-02
4.765807179591409e-02

   39  0  3
4.765865771162887e-02
4.765865441965675e-02

   39  0  4
4.765865848764909e-02
4.765865579057850e-02

   39  0  5
4.765865895077465e-02
4.765865635976030e-02

   39  0  6
4.765865917119986e-02
4.765865674346897e-02

   39  0  7
4.765865926559969e-02
4.765865694416926e-02

   40  0  0
4.620236323236364e-02
4.476768186537226e-02

   40  0  1
4.741744574164792e-02
4.706261366028857e-02

   40  0  2
4.765739748265056e-02
4.765375209728395e-02

   40  0  3
4.765865194183803e-02
4.765864036862823e-02

   40  0  4
4.765865499124954e-02
4.765864553094982e-02

   40  0  5
4.765865674393264e-02
4.765864774825766e-02

   40  0  6
4.765865755436841e-02
4.765864920885078e-02

   40  0  7
4.765865789746451e-02
4.765864996097589e-02

   41  0  0
4.424042334703185e-02
4.154779097663371e-02

   41  0  1
4.684438785256419e-02
4.584775854643040e-02

   41  0  2
4.764896430623342e-02
4.762452633224878e-02

   41  0  3
4.765863262853506e-02
4.765859649811101e-02

   41  0  4
4.765864334180162e-02
4.765861392775237e-02

   41  0  5
4.765864924129020e-02
4.765862163202607e-02

   41  0  6
4.765865189378964e-02
4.765862657287385e-02

   41  0  7
4.765865300767159e-02
4.765862907392204e-02

   42  0  0
4.086080360833775e-02
3.675541184193687e-02

   42  0  1
4.536858784378056e-02
4.311521166275524e-02

   42  0  2
4.759713938989097e-02
4.746493890328527e-02

   42  0  3
4.765857513827632e-02
4.765847410139674e-02

   42  0  4
4.765860890998566e-02
4.765852776215804e-02

   42  0  5
4.765862658877917e-02
4.765855164672544e-02

   42  0  6
4.765863434005884e-02
4.765856650225480e-02

   42  0  7
4.765863758511738e-02
4.765857388534589e-02

   43  0  0
3.614673324842390e-02
3.104798799623650e-02

   43  0  1
4.233234132358712e-02
3.829920601222535e-02

   43  0  2
4.734256090445092e-02
4.678014847991289e-02

   43  0  3
4.765841913928303e-02
4.765814047517876e-02

   43  0  4
4.765851842144142e-02
4.765831865909392e-02

   43  0  5
4.765856581167318e-02
4.765838496526740e-02

   43  0  6
4.765858618026266e-02
4.765842481659965e-02

   43  0  7
4.765859473156920e-02
4.765844424983695e-02

   44  0  0
3.076108104979704e-02
2.542150269730538e-02

   44  0  1
3.741865008244182e-02
3.174805537106428e-02

   44  0  2
4.636964250333853e-02
4.454269356616330e-02

   44  0  3
4.765792963713836e-02
4.765656086590959e-02

   44  0  4
4.765830537110138e-02
4.765786066264719e-02

   44  0  5
4.765842027085906e-02
4.765802706337925e-02

   44  0  6
4.765846899977867e-02
4.765812341972293e-02

   44  0  7
4.765848961340612e-02
4.765816953089148e-02

   45  0  0
2.544082128860760e-02
2.030935518696894e-02

   45  0  1
3.116949310846927e-02
2.477168979522981e-02

   45  0  2
4.356523055166629e-02
3.917750974721843e-02

   45  0  3
4.765411241818907e-02
4.763691135036759e-02

   45  0  4
4.765784912786663e-02
4.765693555160825e-02

   45  0  5
4.765810546896042e-02
4.765731910789239e-02

   45  0  6
4.765821328632121e-02
4.765753263718557e-02

   45  0  7
4.765825930930080e-02
4.765763298808297e-02

   46  0  0
2.039495492275633e-02
1.540340756429050e-02

   46  0  1
2.466490518105314e-02
1.838400329766968e-02

   46  0  2
3.766322736748970e-02
3.008167124638577e-02

   46  0  3
4.760102472540601e-02
4.737910777569321e-02

   46  0  4
4.765694262654927e-02
4.765517996378560e-02

   46  0  5
4.765747788569180e-02
4.765600577856993e-02

   46  0  6
4.765770160851504e-02
4.765644680254787e-02

   46  0  7
4.765779784171430e-02
4.765665047164447e-02

   47  0  0
1.541026111663202e-02
1.037622019638624e-02

   47  0  1
1.847729203688950e-02
1.240081619057720e-02

   47  0  2
2.878433078239575e-02
1.929684994058135e-02

   47  0  3
4.701097447469021e-02
4.509112641906442e-02

   47  0  4
4.765524850843574e-02
4.765200446159231e-02

   47  0  5
4.765630777158213e-02
4.765369025629335e-02

   47  0  6
4.765674751102524e-02
4.765455112436237e-02

   47  0  7
4.765693764027709e-02
4.765494185142079e-02

   48  0  0
1.034220675365082e-02
5.232960190786540e-03

   48  0  1
1.241831164171486e-02
6.305779209588194e-03

   48  0  2
1.891384030311377e-02
9.365935300412832e-03

   48  0  3
4.290728395404318e-02
3.341431450483832e-02

   48  0  4
4.765225690774156e-02
4.764614041664596e-02

   48  0  5
4.765429988672702e-02
4.764957104734915e-02

   48  0  6
4.765512362766956e-02
4.765122921490732e-02

   48  0  7
4.765547804651893e-02
4.765196612268997e-02

   49  0  0
5.203157251462922e-03
3.830924509753609e-05

   49  0  1
6.263150883413719e-03
5.390191279622207e-05

   49  0  2
9.434311777679101e-03
6.739098430197526e-05

   49  0  3
2.746604808641449e-02
4.459717484938665e-03

   49  0  4
4.764706261099508e-02
4.763352344114467e-02

   49  0  5
4.765109447752029e-02
4.764138163810665e-02

   49  0  6
4.765256217737743e-02
4.764481816499681e-02

   49  0  7
4.765318307874359e-02
4.764628926700355e-02

   50  0  0
1.240324843444571e-05
1.157668239459359e-05

   50  0  1
1.389309292729428e-05
1.295336203885088e-05

   50  0  2
1.741423648727862e-05
1.619245742065372e-05

   50  0  3
2.629180238520770e-05
2.425621656834996e-05

   50  0  4
4.762620304907463e-02
4.491302437168279e-02

   50  0  5
4.764051767954854e-02
4.668960249906081e-02

   50  0  6
4.764445458141911e-02
4.701662295968613e-02

   50  0  7
4.764604443596374e-02
4.712502816204303e-02

   51  0  0
1.160297755896969e-05
1.083089843568952e-05

   51  0  1
1.298360858473432e-05
1.210671299122948e-05

   51  0  2
1.623283030159956e-05
1.509556821824562e-05

   51  0  3
2.432646563008729e-05
2.244417684098231e-05

   51  0  4
4.490573191163450e-02
4.220716579363785e-02

   51  0  5
4.668873648102734e-02
4.573955129128754e-02

   51  0  6
4.701625752141970e-02
4.638915493073260e-02

   51  0  7
4.712478171091745e-02
4.660425672667263e-02

   52  0  0
1.085589915389982e-05
1.013570922977604e-05

   52  0  1
1.213545558979467e-05
1.131837649841575e-05

   52  0  2
1.513388319071718e-05
1.407700471044301e-05

   52  0  3
2.251054888787960e-05
2.077374301306336e-05

   52  0  4
4.219989871480903e-02
3.951588824785338e-02

   52  0  5
4.573868323188283e-02
4.479123213335506e-02

   52  0  6
4.638878764941816e-02
4.576241778726626e-02

   52  0  7
4.660400866486928e-02
4.608397820086558e-02

   53  0  0
1.015942178699181e-05
9.488535884300779e-06

   53  0  1
1.134562246434944e-05
1.058535567561344e-05

   53  0  2
1.411327181662778e-05
1.313266359236900e-05

   53  0  3
2.083625698073589e-05
1.923715764934357e-05

   53  0  4
3.950862126908125e-02
3.683915238355736e-02

   53  0  5
4.479036205091628e-02
4.384464910741271e-02

   53  0  6
4.576204867469481e-02
4.513641521498743e-02

   53  0  7
4.608372853792136e-02
4.556419580564720e-02

   54  0  0
9.510966784081343e-06
8.886812743158882e-06

   54  0  1
1.061111258838491e-05
9.904669074774992e-06

   54  0  2
1.316689328227796e-05
1.225846288521233e-05

   54  0  3
1.929583371940500e-05
1.782670491461744e-05

   54  0  4
3.683193329293233e-02
3.417705219641088e-02

   54  0  5
4.384377702023030e-02
4.289980625898460e-02

   54  0  6
4.513604428290081e-02
4.451115087605625e-02

   54  0  7
4.556394455105272e-02
4.504491274300688e-02

   55  0  0
8.907968437116632e-06
8.327987290830028e-06

   55  0  1
9.928944450103021e-06
9.273350564675277e-06

   55  0  2
1.229066550644302e-05
1.145034173660003e-05

   55  0  3
1.788156284361781e-05
1.653470990060389e-05

   55  0  4
3.417033058818359e-02
3.152940718798283e-02

   55  0  5
4.289893218507967e-02
4.195670759643386e-02

   55  0  6
4.451077813604350e-02
4.388662840883217e-02

   55  0  7
4.504465990613194e-02
4.452613219570451e-02

   56  0  0
8.347874086406543e-06
7.809520519665355e-06

   56  0  1
9.296151733111497e-06
8.688449758235585e-06

   56  0  2
1.148052730413068e-05
1.070426100100263e-05

   56  0  3
1.658576763684666e-05
1.535353922682885e-05

   56  0  4
3.152316492031496e-02
2.889425191664268e-02

   56  0  5
4.195583155101564e-02
4.101535709214093e-02

   56  0  6
4.388625387091389e-02
4.326285142853197e-02

   56  0  7
4.452587778468171e-02
4.400785732778922e-02

   57  0  0
7.828143788791363e-06
7.328882373820240e-06

   57  0  1
8.709782937218032e-06
8.147026586161793e-06

   57  0  2
1.073243790842335e-05
1.001619527715973e-05

   57  0  3
1.540081133097919e-05
1.427558015692265e-05

   57  0  4
2.888510954738241e-02
2.627011651943883e-02

   57  0  5
4.101447908831801e-02
4.007575869299064e-02

   57  0  6
4.326247510155409e-02
4.263982353308004e-02

   57  0  7
4.400760134982465e-02
4.349009128921572e-02

   58  0  0
7.346247235884631e-06
6.883545202267395e-06

   58  0  1
8.166897803748391e-06
7.646143615706164e-06

   58  0  2
1.004237214508891e-05
9.382122149744061e-06

   58  0  3
1.431908985384464e-05
1.329322094265443e-05

   58  0  4
2.625382676946721e-02
2.366689240774258e-02

   58  0  5
4.007487875819931e-02
3.913791632582379e-02

   58  0  6
4.263944543387663e-02
4.201754830615486e-02

   58  0  7
4.348983375782191e-02
4.297283721824779e-02

   59  0  0
6.899662088697859e-06
6.470999701896621e-06

   59  0  1
7.664565348007198e-06
7.182885089230902e-06

   59  0  2
9.406317563314728e-06
8.798050348418066e-06

   59  0  3
1.333302100584769e-05
1.239892804356422e-05

   59  0  4
2.365196330568733e-02
2.110574105126171e-02

   59  0  5
3.913703451810967e-02
3.820183385033882e-02

   59  0  6
4.201716846862839e-02
4.139602929092348e-02

   59  0  7
4.297257816041176e-02
4.245609822072315e-02

   60  0  0
6.485887873256850e-06
6.088799435713944e-06

   60  0  1
7.199879976938079e-06
6.754409360092255e-06

   60  0  2
8.820296176124808e-06
8.260094152285173e-06

   60  0  3
1.243507588186205e-05
1.158540246808615e-05

   60  0  4
2.111795285191916e-02
1.858085584925937e-02

   60  0  5
3.820095021936057e-02
3.726751497291845e-02

   60  0  6
4.139564774428643e-02
4.077526994198179e-02

   60  0  7
4.245583765973096e-02
4.193987733211384e-02

   61  0  0
6.102471712258418e-06
5.734565690258591e-06

   61  0  1
6.769991507855466e-06
6.357953886951179e-06

   61  0  2
8.280405957709206e-06
7.764477318741265e-06

   61  0  3
1.161786574624960e-05
1.084554312556655e-05

   61  0  4
1.863416380439644e-02
1.601858527464584e-02

   61  0  5
3.726662946191001e-02
3.633496328051328e-02

   61  0  6
4.077488665605559e-02
4.015527364427871e-02

   61  0  7
4.193961524437058e-02
4.142417753246189e-02

   62  0  0
5.746998618002569e-06
5.405878023806375e-06

   62  0  1
6.372094066917900e-06
5.990705905438532e-06

   62  0  2
7.782806770258283e-06
7.307347743576234e-06

   62  0  3
1.087414316398110e-05
1.017202767353384e-05

   62  0  4
1.607784547686768e-02
1.331793822011594e-02

   62  0  5
3.633407568683333e-02
3.540418252443127e-02

   62  0  6
4.015488850747820e-02
3.953604387148717e-02

   62  0  7
4.142391383011242e-02
4.090900187139192e-02

   63  0  0
5.417007089034834e-06
5.100115312716958e-06

   63  0  1
6.003327825713399e-06
5.649616547892060e-06

   63  0  2
7.323585711226488e-06
6.884519293126554e-06

   63  0  3
1.019655479641825e-05
9.556828062900641e-06

   63  0  4
1.330864727715161e-02
1.047189132433044e-02

   63  0  5
3.540329263531301e-02
3.447517696892976e-02

   63  0  6
3.953565676661238e-02
3.891758438053516e-02

   63  0  7
4.090873646214901e-02
4.039435362166947e-02

   64  0  0
5.109884629379528e-06
4.814431929910045e-06

   64  0  1
5.660656949257499e-06
5.331374862175118e-06

   64  0  2
6.898587566000725e-06
6.491443609252102e-06

   64  0  3
9.577285665630013e-06
8.991246017696980e-06

   64  0  4
1.033887842001709e-02
7.645487039266954e-03

   64  0  5
3.447428481000901e-02
3.354795138381691e-02

   64  0  6
3.891719532349017e-02
3.829989920722902e-02

   64  0  7
4.039408651831621e-02
3.988023627574611e-02

   65  0  0
4.822869274580979e-06
4.545965746630978e-06

   65  0  1
5.340870960194678e-06
5.032652701108196e-06

   65  0  2
6.503414426212080e-06
6.123557244221033e-06

   65  0  3
9.008018058667379e-06
8.466649668296234e-06

   65  0  4
7.399324784724526e-03
5.113324624529606e-03

   65  0  5
3.354705737871135e-02
3.262251047312012e-02

   65  0  6
3.829950843529969e-02
3.768299234703784e-02

   65  0  7
3.987996766582162e-02
3.936665329377556e-02

   66  0  0
4.553220158804565e-06
4.292166662428637e-06

   66  0  1
5.040783523740930e-06
4.750488376766902e-06

   66  0  2
6.133699230497033e-06
5.776812663292104e-06

   66  0  3
8.480451067938031e-06
7.975478273371381e-06

   66  0  4
4.819855835097547e-03
3.108406463980918e-03

   66  0  5
3.262161538618897e-02
3.169885799653951e-02

   66  0  6
3.768260028530524e-02
3.706686726778507e-02

   66  0  7
3.936638351306274e-02
3.885360771893843e-02

   67  0  0
4.298478998198185e-06
4.051041966350005e-06

   67  0  1
4.757537721618247e-06
4.482571442369118e-06

   67  0  2
5.785528642042562e-06
5.448065433801318e-06

   67  0  3
7.987143312567507e-06
7.511919879351769e-06

   67  0  4
2.840930778501185e-03
1.712825662967289e-03

   67  0  5
3.169796270607807e-02
3.077699606985314e-02

   67  0  6
3.706647440744958e-02
3.645152652806099e-02

   67  0  7
3.885333715541505e-02
3.834110187622031e-02

   68  0  0
4.056675350470667e-06
3.821206810061297e-06

   68  0  1
4.488845910999657e-06
4.227299947841622e-06

   68  0  2
5.455776422541764e-06
5.135146879074202e-06

   68  0  3
7.522187000468579e-06
7.072001936501884e-06

   68  0  4
1.513896749472089e-03
8.568647164203247e-04

   68  0  5
3.077610131441060e-02
2.985692499405513e-02

   68  0  6
3.645113330407882e-02
3.583697166977280e-02

   68  0  7
3.834083087346715e-02
3.782913728758984e-02

   69  0  0
3.826384714149520e-06
3.601773489455309e-06

   69  0  1
4.233057740798121e-06
3.983650683475552e-06

   69  0  2
5.142198542911268e-06
4.836682760164850e-06

   69  0  3
7.081402770062591e-06
6.653237498198376e-06

   69  0  4
7.318503273296688e-04
3.917298823691414e-04

   69  0  5
2.985603127797810e-02
2.893864365440600e-02

   69  0  6
3.583657839713947e-02
3.522320336060439e-02

   69  0  7
3.782886609449398e-02
3.731771478445143e-02

   70  0  0
3.606652201542143e-06
3.392181659370449e-06

   70  0  1
3.989071085075242e-06
3.750981458635282e-06

   70  0  2
4.843309997258333e-06
4.551821760041949e-06

   70  0  3
6.662095042797286e-06
6.254123673110359e-06

   70  0  4
3.238495102762138e-04
1.662651210951925e-04

   70  0  5
2.893775149094812e-02
2.802215002540348e-02

   70  0  6
3.522281023247161e-02
3.461022165178418e-02

   70  0  7
3.731744355371993e-02
3.680683471112019e-02

   71  0  0
3.396854122463766e-06
3.192050792950471e-06

   71  0  1
3.756170405068706e-06
3.528859586905452e-06

   71  0  2
4.558160724340235e-06
4.280001018876061e-06

   71  0  3
6.262607486587465e-06
5.873711255941923e-06

   71  0  4
1.339110570273386e-04
6.802250833933866e-05

   71  0  5
2.802126020369221e-02
2.710744080150201e-02

   71  0  6
3.460982877067114e-02
3.399802622565778e-02

   71  0  7
3.680656352391760e-02
3.629649712024873e-02

   72  0  0
3.196565024366704e-06
3.001084523369206e-06

   72  0  1
3.533871485316210e-06
3.316950682670115e-06

   72  0  2
4.286120415492779e-06
4.020794030339327e-06

   72  0  3
5.881899592860016e-06
5.511321726529249e-06

   72  0  4
5.431964286405385e-05
2.915863947174627e-05

   72  0  5
2.710655344530794e-02
2.619451034717622e-02

   72  0  6
3.399763363940553e-02
3.338661657313529e-02

   72  0  7
3.629622601457875e-02
3.578670191289832e-02

   73  0  0
3.005462439933488e-06
2.819020548696397e-06

   73  0  1
3.321810229137646e-06
3.114960328720306e-06

   73  0  2
4.026724539617114e-06
3.773830438892984e-06

   73  0  3
5.519246837920641e-06
5.166393535584795e-06

   73  0  4
2.394845130526229e-05
1.495855505790639e-05

   73  0  5
2.619362257418483e-02
2.528335298900345e-02

   73  0  6
3.338622430160723e-02
3.277599209763379e-02

   73  0  7
3.578643090468076e-02
3.527744892058702e-02

   74  0  0
2.823271141973637e-06
2.645608686214814e-06

   74  0  1
3.119677602396707e-06
2.922608426799491e-06

   74  0  2
3.779584395421804e-06
3.538760391330626e-06

   74  0  3
5.174067532016312e-06
4.838410571346123e-06

   74  0  4
1.316157386556901e-05
9.969360592221185e-06

   74  0  5
2.528245995127988e-02
2.437397236737850e-02

   74  0  6
3.277560014824251e-02
3.216615216694102e-02

   74  0  7
3.527717801591438e-02
3.476873794622647e-02

   75  0  0
2.649735363940507e-06
2.480602695199938e-06

   75  0  1
2.927187229689938e-06
2.739619576056976e-06

   75  0  2
3.544342388741354e-06
3.315240915757662e-06

   75  0  3
4.845837765489681e-06
4.526873011965209e-06

   75  0  4
9.398526812381146e-06
8.106120766681294e-06

   75  0  5
2.437307818130142e-02
2.346638630031672e-02

   75  0  6
3.216576054220827e-02
3.155709613578530e-02

   75  0  7
3.476846714732733e-02
3.426056878193353e-02

   76  0  0
2.484606727853620e-06
2.323757677684333e-06

   76  0  1
2.744061320558819e-06
2.565719978996691e-06

   76  0  2
3.320652647148302e-06
3.102931407083725e-06

   76  0  3
4.534054999879972e-06
4.231286773341123e-06

   76  0  4
7.932948201508582e-06
7.223241717928516e-06

   76  0  5
2.346551610664706e-02
2.256059856285817e-02

   76  0  6
3.155670483652680e-02
3.094882335450721e-02

   76  0  7
3.426029808967310e-02
3.375294121588664e-02

   77  0  0
2.327639598899839e-06
2.174829376547647e-06

   77  0  1
2.570025257124850e-06
2.400636588262709e-06

   77  0  2
3.108173581191766e-06
2.901492317012224e-06

   77  0  3
4.238224282583108e-06
3.951160049378234e-06

   77  0  4
7.167573759132102e-06
6.636631824123540e-06

   77  0  5
2.255977951042728e-02
2.165653934966934e-02

   77  0  6
3.094843238096909e-02
3.034133317199523e-02

   77  0  7
3.375267063067065e-02
3.324585503470326e-02

   78  0  0
2.178589480448272e-06
2.033573989671617e-06

   78  0  1
2.404805725837502e-06
2.244096874395860e-06

   78  0  2
2.906565324877605e-06
2.710584774484876e-06

   78  0  3
3.957853578328338e-06
3.686002209847510e-06

   78  0  4
6.612993115453310e-06
6.147235392371251e-06

   78  0  5
2.165573523547721e-02
2.075406661799378e-02

   78  0  6
3.034094252408287e-02
2.973462493669082e-02

   78  0  7
3.324558455676161e-02
3.273931002425667e-02

   79  0  0
2.037212492956983e-06
1.899748077721896e-06

   79  0  1
2.248130112717811e-06
2.095828713867452e-06

   79  0  2
2.715488914059679e-06
2.529870414666485e-06

   79  0  3
3.692452283927272e-06
3.435323426136097e-06

   79  0  4
6.131900613588610e-06
5.701473134475582e-06

   79  0  5
2.075313517494510e-02
1.985314799725690e-02

   79  0  6
2.973423461401231e-02
2.912869799747189e-02

   79  0  7
3.273903965377362e-02
3.223330597002471e-02

   80  0  0
1.903265192108780e-06
1.773108532442439e-06

   80  0  1
2.099726293518759e-06
1.955560353143985e-06

   80  0  2
2.534606004081637e-06
2.359011335125360e-06

   80  0  3
3.441530677746403e-06
3.198634668843052e-06

   80  0  4
5.688410218838678e-06
5.285515787504143e-06

   80  0  5
1.985195065848512e-02
1.895413915411329e-02

   80  0  6
2.912830800015004e-02
2.852355170453374e-02

   80  0  7
3.223303570729725e-02
3.172784265716846e-02

   81  0  0
1.776504521962951e-06
1.653412705500940e-06

   81  0  1
1.959322578009879e-06
1.823020558802057e-06

   81  0  2
2.363578786382816e-06
2.197670305546260e-06

   81  0  3
3.204599701354657e-06
2.975448066397114e-06

   81  0  4
5.273311359764767e-06
4.895494616263947e-06

   81  0  5
1.895281223911745e-02
1.805774354509847e-02

   81  0  6
2.852316203486829e-02
2.791918540754221e-02

   81  0  7
3.172757250273125e-02
3.122291987020941e-02

   82  0  0
1.656687898802996e-06
1.540418694361295e-06

   82  0  1
1.826647801312710e-06
1.697938943330985e-06

   82  0  2
2.202070091319388e-06
2.045511190217964e-06

   82  0  3
2.981171132501642e-06
2.765277379445964e-06

   82  0  4
4.883841305898372e-06
4.529843938436990e-06

   82  0  5
1.805685693605407e-02
1.716427075573485e-02

   82  0  6
2.791879606876469e-02
2.731559844869176e-02

   82  0  7
3.122264982470098e-02
3.071853739240562e-02

   83  0  0
1.543573391798386e-06
1.433885506913669e-06

   83  0  1
1.701431526766801e-06
1.580046144564223e-06

   83  0  2
2.049743646333116e-06
1.902199144877798e-06

   83  0  3
2.770758168200541e-06
2.567637943793045e-06

   83  0  4
4.518679256571556e-06
4.187493295018522e-06

   83  0  5
1.716448717390977e-02
1.627255518592029e-02

   83  0  6
2.731520943573221e-02
2.671279016087098e-02

   83  0  7
3.071826745606569e-02
3.021469500551199e-02

   84  0  0
1.436919803355049e-06
1.333572689451890e-06

   84  0  1
1.583404141407024e-06
1.469073390062896e-06

   84  0  2
1.906264223329763e-06
1.767400000410318e-06

   84  0  3
2.572875902420727e-06
2.382045508279346e-06

   84  0  4
4.176806010217515e-06
3.867471872688574e-06

   84  0  5
1.627379085365548e-02
1.537981892479813e-02

   84  0  6
2.671240145286324e-02
2.611075989511057e-02

   84  0  7
3.021442517762988e-02
2.971139249082799e-02

   85  0  0
1.336486377675508e-06
1.239239346995510e-06

   85  0  1
1.472296536413103e-06
1.364751380273279e-06

   85  0  2
1.771297271325094e-06
1.640778809101122e-06

   85  0  3
2.387040808874335e-06
2.208014317633972e-06

   85  0  4
3.857261360303940e-06
3.568825722108411e-06

   85  0  5
1.538059717916473e-02
1.448361386536569e-02

   85  0  6
2.611037148254644e-02
2.550950706656216e-02

   85  0  7
2.971112276983571e-02
2.920862963157195e-02

   86  0  0
1.242032112337036e-06
1.150643226608082e-06

   86  0  1
1.367839336056110e-06
1.266809265053956e-06

   86  0  2
1.644507949598533e-06
1.521998601509903e-06

   86  0  3
2.212768903241131e-06
2.045056046087698e-06

   86  0  4
3.559092509666256e-06
3.290600200164855e-06

   86  0  5
1.448154948291518e-02
1.358518578776848e-02

   86  0  6
2.550911901739310e-02
2.490903111014274e-02

   86  0  7
2.920836001628153e-02
2.870640621493681e-02

   87  0  0
1.153315158963933e-06
1.067541010246199e-06

   87  0  1
1.269762214583181e-06
1.174975008699219e-06

   87  0  2
1.525560215241057e-06
1.410720990342656e-06

   87  0  3
2.049573725362395e-06
1.892681510057151e-06

   87  0  4
3.281342080985037e-06
3.031838810434955e-06

   87  0  5
1.357879390234526e-02
1.269144443767323e-02

   87  0  6
2.490864356067537e-02
2.430933124449491e-02

   87  0  7
2.870613670655966e-02
2.820472203107901e-02

   88  0  0
1.070093123792074e-06
9.896904595155219e-07

   88  0  1
1.177794215424013e-06
1.088977843901586e-06

   88  0  2
1.414117140210649e-06
1.306609406825232e-06

   88  0  3
1.896966400808942e-06
1.750405581116092e-06

   88  0  4
3.023049190756372e-06
2.791590078745582e-06

   88  0  5
1.268216478135548e-02
1.181254963735985e-02

   88  0  6
2.430894415339055e-02
2.371040629780236e-02

   88  0  7
2.820445263458970e-02
2.770357686724286e-02

   89  0  0
9.921247130831513e-07
9.168536094471847e-07

   89  0  1
1.091665586627319e-06
1.008551874912868e-06

   89  0  2
1.309843171527795e-06
1.209333651791396e-06

   89  0  3
1.754459310340538e-06
1.617752988195297e-06

   89  0  4
2.783259559827055e-06
2.568917829354056e-06

   89  0  5
1.180521694343838e-02
1.095496368425482e-02

   89  0  6
2.371001912687993e-02
2.311225527561419e-02

   89  0  7
2.770330759007112e-02
2.720297049871528e-02

   90  0  0
9.191721163824866e-07
8.487988343106911e-07

   90  0  1
1.011110464552203e-06
9.334383612217200e-07

   90  0  2
1.212407550704638e-06
1.118572597589324e-06

   90  0  3
1.621572189539307e-06
1.494260741498290e-06

   90  0  4
2.561039134698805e-06
2.362907385732026e-06

   90  0  5
1.095576473059923e-02
1.011385368940428e-02

   90  0  6
2.311186731907472e-02
2.251487877301835e-02

   90  0  7
2.720270134572311e-02
2.670290268332152e-02

   91  0  0
8.510024900121664e-07
7.852995516191331e-07

   91  0  1
9.358685670522033e-07
8.633841869595794e-07

   91  0  2
1.121486571543400e-06
1.034011985953318e-06

   91  0  3
1.497836641415574e-06
1.379473622059900e-06

   91  0  4
2.355481400228434e-06
2.172660297692681e-06

   91  0  5
1.012662454040108e-02
9.270539347690827e-03

   91  0  6
2.251449061947172e-02
2.191827928407181e-02

   91  0  7
2.670263365072347e-02
2.620337316863876e-02

   92  0  0
7.873868217721025e-07
7.261289761151901e-07

   92  0  1
8.656839498598285e-07
7.981359005060014e-07

   92  0  2
1.036762152924793e-06
9.553367215829140e-07

   92  0  3
1.382794568757129e-06
1.272932683492986e-06

   92  0  4
2.165699559374419e-06
1.997275626844973e-06

   92  0  5
9.293639396644130e-03
8.398316369641178e-03

   92  0  6
2.191789403324084e-02
2.132245739681478e-02

   92  0  7
2.620310424404283e-02
2.570438171331556e-02

   93  0  0
7.280956763077784e-07
6.710527729916197e-07

   93  0  1
8.003002429448427e-07
7.374314453863219e-07

   93  0  2
9.579159032117626e-07
8.822204687724875e-07

   93  0  3
1.275988911169885e-06
1.174161044466544e-06

   93  0  4
1.990802415535543e-06
1.835824035935869e-06

   93  0  5
8.424136337416588e-03
7.474832675411150e-03

   93  0  6
2.132207842552619e-02
2.072740504608457e-02

   93  0  7
2.570411288596690e-02
2.520592810448021e-02

   94  0  0
6.728932230262529e-07
6.198231195978943e-07

   94  0  1
7.394539301651035e-07
6.809935363211836e-07

   94  0  2
8.846206027326169e-07
8.143175329117005e-07

   94  0  3
1.176949766757778e-06
1.082653708603088e-06

   94  0  4
1.829862875328021e-06
1.687326833202224e-06

   94  0  5
7.492385150283457e-03
6.494898316122127e-03

   94  0  6
2.072702937730741e-02
2.013310549670555e-02

   94  0  7
2.520565937295809e-02
2.470801214563787e-02

   95  0  0
6.215323453688437e-07
5.721774896308659e-07

   95  0  1
6.828688220082243e-07
6.285283771750329e-07

   95  0  2
8.165331012028088e-07
7.512615575270560e-07

   95  0  3
1.085182485769551e-06
9.978771777428777e-07

   95  0  4
1.681894107716236e-06
1.550751884458972e-06

   95  0  5
6.494105771311273e-03
5.477112896475281e-03

   95  0  6
2.013271926178612e-02
1.953955105839801e-02

   95  0  7
2.470774349837613e-02
2.421063363037284e-02

   96  0  0
5.737536098856894e-07
5.278435510896849e-07

   96  0  1
6.302548608075183e-07
5.797312398065287e-07

   96  0  2
7.532926602727071e-07
6.926727872804895e-07

   96  0  3
1.000164373455190e-06
9.192807815828094e-07

   96  0  4
1.545846672429953e-06
1.425031937829741e-06

   96  0  5
5.452580605335221e-03
4.461093348464957e-03

   96  0  6
1.953913849074166e-02
1.894677119137927e-02

   96  0  7
2.421036500828933e-02
2.371379238296169e-02

   97  0  0
5.292894173011920e-07
4.865490488143632e-07

   97  0  1
5.813127621068268e-07
5.342976013378968e-07

   97  0  2
6.945267064392962e-07
6.381721545189972e-07

   97  0  3
9.213532150609749e-07
8.463170536277630e-07

   97  0  4
1.420631454305074e-06
1.309101975196724e-06

   97  0  5
4.413697705463392e-03
3.496922910273429e-03

   97  0  6
1.894633912743155e-02
1.835483480739674e-02

   97  0  7
2.371352370714181e-02
2.321748840420437e-02

   98  0  0
4.878725847049684e-07
4.480337295707821e-07

   98  0  1
5.357436569902062e-07
4.919365269728593e-07

   98  0  2
6.398629711002661e-07
5.873980182579329e-07

   98  0  3
8.482059609442523e-07
7.784653824301015e-07

   98  0  4
1.305162857724471e-06
1.201945271391467e-06

   98  0  5
3.432881022332394e-03
2.631775124218803e-03

   98  0  6
1.835443124937589e-02
1.776378935676384e-02

   98  0  7
2.321721974435648e-02
2.272172191949864e-02

   99  0  0
4.492469826337841e-07
4.120599753279803e-07

   99  0  1
4.932610619756479e-07
4.523825687490903e-07

   99  0  2
5.889446321406495e-07
5.400209387008420e-07

   99  0  3
7.802021389816155e-07
7.152526848279466e-07

   99  0  4
1.198409624583549e-06
1.102635753919579e-06

   99  0  5
2.560068667838708e-03
1.899021770860658e-03

   99  0  6
1.776348091262410e-02
1.717355737676170e-02

   99  0  7
2.272145366535463e-02
2.222649294612227e-02

  100  0  0
4.131773465117277e-07
3.784197201698600e-07

  100  0  1
4.536019291482628e-07
4.154034826441740e-07

  100  0  2
5.414443232416122e-07
4.957531912425246e-07

  100  0  3
7.168654458347851e-07
6.562666705409114e-07

  100  0  4
1.099439461995655e-06
1.010367013917087e-06

  100  0  5
1.828527830203808e-03
1.313028794758113e-03

  100  0  6
1.717335585596582e-02
1.658389721265642e-02

  100  0  7
2.222622558722080e-02
2.173180043157986e-02

  101  0  0
3.794560098054647e-07
3.469367694734752e-07

  101  0  1
4.165342342905133e-07
3.808027953855621e-07

  101  0  2
4.970737672548849e-07
4.543518716347745e-07

  101  0  3
6.577784666119361e-07
6.011601625734529e-07

  101  0  4
1.007447690712160e-06
9.244637781775834e-07

  101  0  5
1.250440729174727e-03
8.699365181724807e-04

  101  0  6
1.658368664190998e-02
1.599454879936928e-02

  101  0  7
2.173153376216707e-02
2.123764208134830e-02

  102  0  0
3.479055731735299e-07
3.174650716339767e-07

  102  0  1
3.818599885974781e-07
3.484178480790354e-07

  102  0  2
4.555876073798083e-07
4.156164024669002e-07

  102  0  3
6.025883886050340e-07
5.496475750233399e-07

  102  0  4
9.217665431426843e-07
8.443771139010283e-07

  102  0  5
8.189132624848421e-04
5.525542411064728e-04

  102  0  6
1.599410585563157e-02
1.540554924997563e-02

  102  0  7
2.123737456499430e-02
2.074401634324419e-02

  103  0  0
3.183778010506257e-07
2.898843387781638e-07

  103  0  1
3.494140000926672e-07
3.181148819400511e-07

  103  0  2
4.167818459044553e-07
3.793823885082082e-07

  103  0  3
5.510044516730827e-07
5.014961972592583e-07

  103  0  4
8.418575532424985e-07
7.696681977773200e-07

  103  0  5
5.139420326071741e-04
3.367479497385204e-04

  103  0  6
1.540470703818415e-02
1.481747912978281e-02

  103  0  7
2.074374611435719e-02
2.025092588503755e-02

  104  0  0
2.907498740650725e-07
2.640945708520301e-07

  104  0  1
3.190596554959709e-07
2.897829018316044e-07

  104  0  2
3.804885050179747e-07
3.455139622928900e-07

  104  0  3
5.027897109839378e-07
4.565152274753374e-07

  104  0  4
7.672928526453822e-07
6.999865515445812e-07

  104  0  5
3.094111113628702e-04
1.971548195486029e-04

  104  0  6
1.481635560704251e-02
1.423130003729703e-02

  104  0  7
2.025065378677274e-02
1.975837810050019e-02

  105  0  0
2.649193758999171e-07
2.400106881088597e-07

  105  0  1
2.906832765482563e-07
2.633276607537552e-07

  105  0  2
3.465684863545878e-07
3.138962719502892e-07

  105  0  3
4.577501822934972e-07
4.145448799959311e-07

  105  0  4
6.977317898482798e-07
6.350477330849062e-07

  105  0  5
1.789409558531419e-04
1.110754135755309e-04

  105  0  6
1.423039501591025e-02
1.364765715245943e-02

  105  0  7
1.975811003925976e-02
1.926637764226445e-02

  106  0  0
2.407991694090279e-07
2.175579252020721e-07

  106  0  1
2.641883534182118e-07
2.386664936815846e-07

  106  0  2
3.149042862484928e-07
2.844290114374140e-07

  106  0  3
4.157238824147791e-07
3.754469070931071e-07

  106  0  4
6.328978982958677e-07
5.746136025658485e-07

  106  0  5
9.960145637297459e-05
6.036741909036638e-05

  106  0  6
1.364764452322795e-02
1.306599039935009e-02

  106  0  7
1.926612147251184e-02
1.877491351255203e-02

  107  0  0
2.183128641816438e-07
1.966681653143178e-07

  107  0  1
2.394904476355321e-07
2.157242024088564e-07

  107  0  2
2.853935724354126e-07
2.570212547149987e-07

  107  0  3
3.765712375415015e-07
3.390970112410481e-07

  107  0  4
5.725590623022508e-07
5.184764475467684e-07

  107  0  5
5.350708668462408e-05
3.177065266425606e-05

  107  0  6
1.306723220076125e-02
1.248417669659095e-02

  107  0  7
1.877466912374528e-02
1.828395517308981e-02

  108  0  0
1.973911425253743e-07
1.772771485171491e-07

  108  0  1
2.165130651859094e-07
1.944299225365096e-07

  108  0  2
2.579439980764793e-07
2.315875270597032e-07

  108  0  3
3.401673647774601e-07
3.053791316701463e-07

  108  0  4
5.165118186772213e-07
4.664470474108874e-07

  108  0  5
2.786484006134746e-05
1.629605271915439e-05

  108  0  6
1.248624189951974e-02
1.189931482441805e-02

  108  0  7
1.828370540668322e-02
1.779347406839479e-02

  109  0  0
1.779689460291872e-07
1.593224682561639e-07

  109  0  1
1.951844998713005e-07
1.747148797042365e-07

  109  0  2
2.324692425612852e-07
2.080450097342967e-07

  109  0  3
3.063961704319236e-07
2.741814579553342e-07

  109  0  4
4.645696392937842e-07
4.183462863235924e-07

  109  0  5
1.417249451559488e-05
8.238680246126607e-06

  109  0  6
1.190089044769665e-02
1.130957786695493e-02

  109  0  7
1.779319028270935e-02
1.730348636091116e-02

  110  0  0
1.599834519702042e-07
1.427423464154174e-07

  110  0  1
1.754355632479459e-07
1.565110230001709e-07

  110  0  2
2.088861609941693e-07
1.863118564953241e-07

  110  0  3
2.751460838026405e-07
2.453940587618197e-07

  110  0  4
4.165547515554810e-07
3.739999053159247e-07

  110  0  5
7.133112710235894e-06
4.186052381927651e-06

  110  0  6
1.130898561732085e-02
1.071618515295910e-02

  110  0  7
1.730315490825389e-02
1.681407884270722e-02

  111  0  0
1.433728012073004e-07
1.274751984369018e-07

  111  0  1
1.571981541060042e-07
1.397505421062600e-07

  111  0  2
1.871129750419736e-07
1.663066069663296e-07

  111  0  3
2.463073487927190e-07
2.189079936246494e-07

  111  0  4
3.722931653916645e-07
3.332360156761439e-07

  111  0  5
3.633316471061360e-06
2.204504159058574e-06

  111  0  6
1.071233837274313e-02
1.012412484069448e-02

  111  0  7
1.681373286269582e-02
1.632536787842109e-02

  112  0  0
1.280755542008976e-07
1.134598883095608e-07

  112  0  1
1.404046397978832e-07
1.243661487549352e-07

  112  0  2
1.670684710131960e-07
1.479485232270447e-07

  112  0  3
2.197708481030576e-07
1.946155952873731e-07

  112  0  4
3.316126126512667e-07
2.958848192427335e-07

  112  0  5
1.938178922370706e-06
1.251868301912155e-06

  112  0  6
1.011742263483621e-02
9.540706720022380e-03

  112  0  7
1.632509007171120e-02
1.583738328523640e-02

  113  0  0
1.140307740913906e-07
1.006363736466346e-07

  113  0  1
1.249879380114765e-07
1.102917840248996e-07

  113  0  2
1.486720743014944e-07
1.311584195305876e-07

  113  0  3
1.954282717497328e-07
1.724113396847120e-07

  113  0  4
2.943428242599233e-07
2.617796210706805e-07

  113  0  5
1.127516703267179e-06
7.921112188527404e-07

  113  0  6
9.533306567763631e-03
8.972188209564800e-03

  113  0  7
1.583725427881182e-02
1.534995250037241e-02

  114  0  0
1.011784843692526e-07
8.894628468739175e-08

  114  0  1
1.108820203894800e-07
9.746324532510071e-08

  114  0  2
1.318444632813686e-07
1.158593712501552e-07

  114  0  3
1.731731122309724e-07
1.521925443196036e-07

  114  0  4
2.603170821880527e-07
2.307579287133379e-07

  114  0  5
7.352810339977615e-07
5.613510861820045e-07

  114  0  6
8.967387598120309e-03
8.419927293833368e-03

  114  0  7
1.534996256938731e-02
1.486271543395706e-02

  115  0  0
8.946011963581249e-08
7.833299329115678e-08

  115  0  1
9.802241511890245e-08
8.581824626813273e-08

  115  0  2
1.165082025470225e-07
1.019767309165063e-07

  115  0  3
1.529016872956977e-07
1.338592186878887e-07

  115  0  4
2.293736362179125e-07
2.026614906298336e-07

  115  0  5
5.354232090213270e-07
4.349112562753766e-07

  115  0  6
8.420855538777552e-03
7.878024928557385e-03

  115  0  7
1.486270681979521e-02
1.437534884128731e-02

  116  0  0
7.881858582541044e-08
6.874094220461500e-08

  116  0  1
8.634628124618437e-08
7.529566250842934e-08

  116  0  2
1.025878632025080e-07
8.943717654530664e-08

  116  0  3
1.345133826681286e-07
1.173127611986560e-07

  116  0  4
2.013556959055854e-07
1.773346354097661e-07

  116  0  5
4.226511918208032e-07
3.560830716322594e-07

  116  0  6
7.886221526221076e-03
7.333884768834469e-03

  116  0  7
1.437506388301183e-02
1.388791532559537e-02

  117  0  0
6.919771065227801e-08
6.011433760896179e-08

  117  0  1
7.579180832442057e-08
6.583408316055494e-08

  117  0  2
9.000931653465330e-08
7.816695367307118e-08

  117  0  3
1.179096496519336e-07
1.024537201918331e-07

  117  0  4
1.761093664860147e-07
1.546210732890116e-07

  117  0  5
3.497125221229103e-07
2.999233282614026e-07

  117  0  6
7.348410997321400e-03
6.771812774067554e-03

  117  0  7
1.388716528485268e-02
1.340108205442498e-02

  118  0  0
6.054114031484013e-08
5.239560745444954e-08

  118  0  1
6.629700018228271e-08
5.737011398496052e-08

  118  0  2
7.869826343876706e-08
6.808985155104927e-08

  118  0  3
1.029918616159864e-07
8.917928643588650e-08

  118  0  4
1.534798505930911e-07
1.343600753035303e-07

  118  0  5
2.960713087268449e-07
2.557284292353590e-07

  118  0  6
6.789287790696662e-03
6.178398216840682e-03

  118  0  7
1.339995082734980e-02
1.291593605962829e-02

  119  0  0
5.279100373354983e-08
4.552416060408142e-08

  119  0  1
5.779819693492234e-08
4.983702011351505e-08

  119  0  2
6.857842907829813e-08
5.912561018675769e-08

  119  0  3
8.965867340784050e-08
7.738136851130344e-08

  119  0  4
1.333070682395301e-07
1.163833286461167e-07

  119  0  5
2.529913801402918e-07
2.189246558298912e-07

  119  0  6
6.193927741222321e-03
5.547650418753534e-03

  119  0  7
1.291486611054348e-02
1.243333718019501e-02

  120  0  0
4.588680257463481e-08
3.943590039852787e-08

  120  0  1
5.022884293250121e-08
4.316420346641378e-08

  120  0  2
5.957004561474828e-08
5.118933656905973e-08

  120  0  3
7.780379824123388e-08
6.694595806297275e-08

  120  0  4
1.154221983063544e-07
1.005136355996154e-07

  120  0  5
2.167407897874482e-07
1.874729511495065e-07

  120  0  6
5.556249801876529e-03
4.884024567864691e-03

  120  0  7
1.243297936727994e-02
1.195310192026478e-02

  121  0  0
3.976494048064794e-08
3.406370477917301e-08

  121  0  1
4.351895993138699e-08
3.727774368971102e-08

  121  0  2
5.158918934377395e-08
4.419219021410002e-08

  121  0  3
6.731501741269415e-08
5.775410398360798e-08

  121  0  4
9.964639968881865e-08
8.656607075258450e-08

  121  0  5
1.856245958038174e-07
1.603413972255864e-07

  121  0  6
4.881989489550697e-03
4.202382005369910e-03

  121  0  7
1.195394822110006e-02
1.147356324992672e-02

  122  0  0
3.435911043283984e-08
2.933879767909423e-08

  122  0  1
3.759556958533813e-08
3.210191660330335e-08

  122  0  2
4.454827505290740e-08
3.804322732189151e-08

  122  0  3
5.807484472113941e-08
4.968435651881138e-08

  122  0  4
8.579228571324407e-08
7.435149364858398e-08

  122  0  5
1.587436918129576e-07
1.368857110261968e-07

  122  0  6
4.188157052196014e-03
3.525102987979992e-03

  122  0  7
1.147554319504917e-02
1.099197877878254e-02

  123  0  0
2.960150655705435e-08
2.519271389744880e-08

  123  0  1
3.238402902374302e-08
2.756136144335443e-08

  123  0  2
3.835766568145941e-08
3.265200896730959e-08

  123  0  3
4.996276950955527e-08
4.261618370341850e-08

  123  0  4
7.366791800180394e-08
6.368171013747882e-08

  123  0  5
1.355006247895781e-07
1.166128134353914e-07

  123  0  6
3.499451259722464e-03
2.877485603094338e-03

  123  0  7
1.099427497353459e-02
1.050583031727807e-02

  124  0  0
2.542461521840325e-08
2.155946157356966e-08

  124  0  1
2.781000833191281e-08
2.358346176514680e-08

  124  0  2
3.292806643277964e-08
2.793145511946331e-08

  124  0  3
4.285859652239164e-08
3.643369819772017e-08

  124  0  4
6.308246112942682e-08
5.437526220345238e-08

  124  0  5
1.154161066896085e-07
9.909917392789865e-08

  124  0  6
2.843034513908512e-03
2.282920339233648e-03

  124  0  7
1.050708892875742e-02
1.001448802919832e-02

  125  0  0
2.176323185066084e-08
1.837750916923941e-08

  125  0  1
2.380171826194815e-08
2.010053042121256e-08

  125  0  2
2.817322485417816e-08
2.380045712675266e-08

  125  0  3
3.664620293579853e-08
3.102906299180724e-08

  125  0  4
5.385236276143140e-08
4.626283024445707e-08

  125  0  5
9.806902816300560e-08
8.396799044602660e-08

  125  0  6
2.243340145441186e-03
1.759117511276931e-03

  125  0  7
1.001339620839090e-02
9.520349777665821e-03

  126  0  0
1.855635246364979e-08
1.559132242481520e-08

  126  0  1
2.029199932893133e-08
1.705149725163058e-08

  126  0  2
2.401246268227927e-08
2.018588936753482e-08

  126  0  3
3.121704990601546e-08
2.630510439362681e-08

  126  0  4
4.580698956175860e-08
3.919146433591339e-08

  126  0  5
8.308218592350160e-08
7.088611621378914e-08

  126  0  6
1.718236992742779e-03
1.316096742550660e-03

  126  0  7
9.516336583104272e-03
9.028669820797751e-03

  127  0  0
1.574866882076743e-08
1.315229815355090e-08

  127  0  1
1.721997249591742e-08
1.438293146148827e-08

  127  0  2
2.037267516245928e-08
1.702381935084725e-08

  127  0  3
2.647294678394210e-08
2.217686794815436e-08

  127  0  4
3.879293520683347e-08
3.302719022705311e-08

  127  0  5
7.012234640627608e-08
5.956540462772059e-08

  127  0  6
1.277196544754302e-03
9.560093327137527e-04

  127  0  7
9.022386900366719e-03
8.545857786564255e-03

  128  0  0
1.329150713683098e-08
1.101905042217666e-08

  128  0  1
1.453207483786443e-08
1.204935041465802e-08

  128  0  2
1.718958448612940e-08
1.425985937067180e-08

  128  0  3
2.232777859221352e-08
1.857204667527858e-08

  128  0  4
3.267657530368892e-08
2.765585436830661e-08

  128  0  5
5.890250962505577e-08
4.976292392911820e-08

  128  0  6
9.214142651384948e-04
6.743814779962671e-04

  128  0  7
8.539173103747112e-03
8.076783612214965e-03

  129  0  0
1.114315580687516e-08
9.157089007748868e-09

  129  0  1
1.218242075292828e-08
1.001285987394355e-08

  129  0  2
1.440817650192758e-08
1.184871599654677e-08

  129  0  3
1.870810416676706e-08
1.543036499888088e-08

  129  0  4
2.734476936844579e-08
2.298232659397957e-08

  129  0  5
4.918213464714978e-08
4.127850439086960e-08

  129  0  6
6.453560077868785e-04
4.621405438803608e-04

  129  0  7
8.072238056644752e-03
7.622175894610068e-03

  130  0  0
9.268612386391862e-09
7.537993642922479e-09

  130  0  1
1.013252290786685e-08
8.242241123699956e-09

  130  0  2
1.198236281719311e-08
9.753079333493145e-09

  130  0  3
1.555268682763508e-08
1.270211475861564e-08

  130  0  4
2.270386041446835e-08
1.892836093022751e-08

  130  0  5
4.076433307954683e-08
3.394972705592427e-08

  130  0  6
4.390132200513863e-04
3.078011238689716e-04

  130  0  7
7.622096639798167e-03
7.177263475442596e-03

  131  0  0
7.638843583047575e-09
6.138236022278046e-09

  131  0  1
8.350476979322480e-09
6.711653611237364e-09

  131  0  2
9.873994421356367e-09
7.942058217738195e-09

  131  0  3
1.281113386506066e-08
1.034611747664996e-08

  131  0  4
1.867730090646598e-08
1.542953472996675e-08

  131  0  5
3.349037809449859e-08
2.764512589920687e-08

  131  0  6
2.902137038873906e-04
1.993554982599530e-04

  131  0  7
7.182879230105977e-03
6.732350963205827e-03

  132  0  0
6.229698767080539e-09
4.937834033577777e-09

  132  0  1
6.809765388172582e-09
5.399156711136155e-09

  132  0  2
8.051415100813003e-09
6.389409314747253e-09

  132  0  3
1.044190438121368e-08
8.327427900073981e-09

  132  0  4
1.520235428079042e-08
1.243175043819900e-08

  132  0  5
2.723242227728249e-08
2.225660185046834e-08

  132  0  6
1.865415050657215e-04
1.256326169435875e-04

  132  0  7
6.743247954412119e-03
6.275260935734880e-03

  133  0  0
5.020648079202260e-09
3.919032317829022e-09

  133  0  1
5.487868470328707e-09
4.285263602760247e-09

  133  0  2
6.487784712935253e-09
5.071819033871802e-09

  133  0  3
8.409993908449028e-09
6.615078212085179e-09

  133  0  4
1.222638752479446e-08
9.887788962104763e-09

  133  0  5
2.188549987586186e-08
1.769204380337936e-08

  133  0  6
1.166599493539825e-04
7.708308038610422e-05

  133  0  7
6.289371083142982e-03
5.794864409154411e-03

  134  0  0
3.993526053711764e-09
3.065183338153911e-09

  134  0  1
4.364881964610584e-09
3.351717124128826e-09

  134  0  2
5.159417066618417e-09
3.967467924706574e-09

  134  0  3
6.684589171780529e-09
5.180036501221168e-09

  134  0  4
9.703273147466544e-09
7.754342736172437e-09

  134  0  5
1.735986265766946e-08
1.386899512085842e-08

  134  0  6
7.102926296032946e-05
4.607559180238637e-05

  134  0  7
5.808967240261997e-03
5.284548766197625e-03

  135  0  0
3.131445408475188e-09
2.359953750028883e-09

  135  0  1
3.422321460886980e-09
2.580622405506973e-09

  135  0  2
4.044354836747061e-09
3.055035219727169e-09

  135  0  3
5.236847854583105e-09
3.993296293076259e-09

  135  0  4
7.590348764591224e-09
5.989833984894135e-09

  135  0  5
1.357451813781887e-08
1.070993717217042e-08

  135  0  6
4.213146386939521e-05
2.684809941912649e-05

  135  0  7
5.295090298381749e-03
4.744552136819681e-03

  136  0  0
2.418002843641735e-09
1.791480294266960e-09

  136  0  1
2.642247108483498e-09
1.958949461138597e-09

  136  0  2
3.121340185443011e-09
2.318913848453906e-09

  136  0  3
4.037810479725553e-09
3.030828191597309e-09

  136  0  4
5.848272185188768e-09
4.562878078172687e-09

  136  0  5
1.045617511831486e-08
8.156816164032294e-09

  136  0  6
2.439126072658136e-05
1.532384895966827e-05

  136  0  7
4.748503624935011e-03
4.186919740098167e-03

  137  0  0
1.840768646116364e-09
1.289242772823627e-09

  137  0  1
2.011072728191689e-09
1.410234602810557e-09

  137  0  2
2.374329230096876e-09
1.670978667700099e-09

  137  0  3
3.064110533063629e-09
2.192311135154188e-09

  137  0  4
4.417773846989415e-09
3.319738558417043e-09

  137  0  5
7.897017495520988e-09
5.933582345001585e-09

  137  0  6
1.358678698619334e-05
8.077036321525134e-06

  137  0  7
4.180618445905174e-03
3.564144298574243e-03

  138  0  0
1.337740868431407e-09
8.744806495856433e-10

  138  0  1
1.461035438730840e-09
9.571564858059485e-10

  138  0  2
1.723339241190460e-09
1.136106390251698e-09

  138  0  3
2.216135558711440e-09
1.499367132819721e-09

  138  0  4
3.177617750620632e-09
2.286168199051885e-09

  138  0  5
5.679327858901044e-09
4.085740113586805e-09

  138  0  6
6.954538282363407e-06
3.892786702402032e-06

  138  0  7
3.541327513584173e-03
2.894882732137827e-03

  139  0  0
9.195024527316386e-10
5.525196308337548e-10

  139  0  1
1.003739082113541e-09
6.054591085203795e-10

  139  0  2
1.182232899542272e-09
7.208348587383746e-10

  139  0  3
1.512656176705627e-09
9.596382926545049e-10

  139  0  4
2.154918073481679e-09
1.474811118847915e-09

  139  0  5
3.851050060802937e-09
2.635502572148869e-09

  139  0  6
3.237193291663697e-06
1.697896966341310e-06

  139  0  7
2.851114206771200e-03
2.214776621298002e-03

  140  0  0
5.913511281437247e-10
3.208714689311081e-10

  140  0  1
6.450181100915896e-10
3.523353103238113e-10

  140  0  2
7.580650454638454e-10
4.215975168807435e-10

  140  0  3
9.633100585163446e-10
5.682021617404226e-10

  140  0  4
1.362212677042860e-09
8.808194189619210e-10

  140  0  5
2.434223312896117e-09
1.573952894412920e-09

  140  0  6
1.355745178958313e-06
6.632273303665213e-07

  140  0  7
2.150561037732342e-03
1.573048470782144e-03

  141  0  0
3.514724628549196e-10
1.687810552985576e-10

  141  0  1
3.829191977406596e-10
1.859749679017283e-10

  141  0  2
4.486114412136057e-10
2.243295164023391e-10

  141  0  3
5.650337400287867e-10
3.073541398850733e-10

  141  0  4
7.925099469414164e-10
4.807807281435846e-10

  141  0  5
1.416118403556306e-09
8.591026756711104e-10

  141  0  6
5.054512632103653e-07
2.296489534078861e-07

  141  0  7
1.495661553331114e-03
1.021056620589567e-03

  142  0  0
1.904309127252674e-10
7.916049469748445e-11

  142  0  1
2.071197845509286e-10
8.771983173356884e-11

  142  0  2
2.415997021419784e-10
1.071114144185497e-10

  142  0  3
3.009945140651203e-10
1.498607779310768e-10

  142  0  4
4.184983368416754e-10
2.365380982925835e-10

  142  0  5
7.477951548687951e-10
4.226869756126693e-10

  142  0  6
1.660562195359036e-07
6.981594049331526e-08

  142  0  7
9.429820939288229e-04
5.959290913648935e-04

  143  0  0
9.267125203588682e-11
3.256147247262740e-11

  143  0  1
1.005612268336121e-10
3.640536277524354e-11

  143  0  2
1.166381609068765e-10
4.524900296613833e-11

  143  0  3
1.434691354315003e-10
6.493651672759529e-11

  143  0  4
1.976780674322903e-10
1.033752449589389e-10

  143  0  5
3.532395856669284e-10
1.847633583386816e-10

  143  0  6
4.763352362714464e-08
1.848022126572248e-08

  143  0  7
5.298264068421494e-04
3.077234062143170e-04

  144  0  0
3.987300200050410e-11
1.153711506415438e-11

  144  0  1
4.313892180138246e-11
1.307623984999225e-11

  144  0  2
4.968552021922108e-11
1.666043865203160e-11

  144  0  3
6.025008726649940e-11
2.462642061914115e-11

  144  0  4
8.226010105732682e-11
3.951604616790733e-11

  144  0  5
1.470251636612295e-10
7.066720008519186e-11

  144  0  6
1.184054622717373e-08
4.232113284199285e-09

  144  0  7
2.609417825793211e-04
1.384311825893929e-04

  145  0  0
1.491420440283786e-11
3.441704568754079e-12

  145  0  1
1.607641892008505e-11
3.982503711110334e-12

  145  0  2
1.836337364601500e-11
5.249477089048352e-12

  145  0  3
2.192905419696324e-11
8.026966188393109e-12

  145  0  4
2.967154599375570e-11
1.297977557582951e-11

  145  0  5
5.306715137361532e-11
2.324989039911883e-11

  145  0  6
2.537619403693858e-09
8.355382946349887e-10

  145  0  7
1.109325805460441e-04
5.348201492906671e-05

  146  0  0
4.753876327036192e-12
8.296350744375473e-13

  146  0  1
5.101822739035467e-12
9.924906608959263e-13

  146  0  2
5.772645411275926e-12
1.373569176184795e-12

  146  0  3
6.782617368336342e-12
2.188515479614616e-12

  146  0  4
9.097613983209373e-12
3.572308455699532e-12

  146  0  5
1.630256474381694e-11
6.430219943228977e-12

  146  0  6
4.680429613994905e-10
1.421524586560970e-10

  146  0  7
4.014972172174438e-05
1.751928361542548e-05

  147  0  0
1.252725127573025e-12
1.436067895408419e-13

  147  0  1
1.337333732360222e-12
1.840142568930478e-13

  147  0  2
1.496629192328512e-12
2.778279079157308e-13

  147  0  3
1.727717293344802e-12
4.711309130491891e-13

  147  0  4
2.298210575880613e-12
7.830509780496369e-13

  147  0  5
4.143012014114678e-12
1.431896582273320e-12

  147  0  6
7.435842335915010e-11
2.083557572285751e-11

  147  0  7
1.222300320466591e-05
4.811721794624060e-06

  148  0  0
2.550689992909312e-13
9.074202706729763e-15

  148  0  1
2.703247872617516e-13
1.672902929516028e-14

  148  0  2
2.981366369250027e-13
3.403293771963933e-14

  148  0  3
3.368203743628290e-13
6.740833085950932e-14

  148  0  4
4.448004466043553e-13
1.184930312564975e-13

  148  0  5
8.181471382073293e-13
2.296240915255980e-13

  148  0  6
1.014211377345005e-11
2.592138424632422e-12

  148  0  7
3.098018644551370e-06
1.097525654895232e-06

  149  0  0
3.212151827066397e-14
-2.408694311059960e-15

  149  0  1
3.358036980000550e-14
-1.593982358238479e-15

  149  0  2
3.613453886626210e-14
1.020611881132672e-16

  149  0  3
3.954059495635625e-14
3.003096835306035e-15

  149  0  4
5.227726607269561e-14
7.322186359372461e-15

  149  0  5
1.044387015408327e-13
1.884011370057066e-14

  149  0  6
1.148697226590355e-12
2.568004412286671e-13

  149  0  7
6.481520688767306e-07
2.062490783406171e-07

  150  0  0
8.539718045442834e-16
-9.050422746874439e-17

  150  0  1
8.745215520786273e-16
-7.689947377006288e-17

  150  0  2
9.093820587367223e-16
-5.133260074895892e-17

  150  0  3
9.544281546225420e-16
-1.301320167761098e-17

  150  0  4
1.442904242485162e-15
4.918009944335123e-17

  150  0  5
4.950773358623146e-15
4.891800146078289e-16

  150  0  6
9.883507732375362e-14
1.915739750837274e-14

  150  0  7
1.111481804472231e-07
3.172369895405760e-08

  151  0  0
5.058488094187341e-19
-4.212711450031886e-20

  151  0  1
5.146020933256533e-19
-3.581926909300921e-20

  151  0  2
5.293346235425985e-19
-2.432422574426388e-20

  151  0  3
5.482171869829180e-19
-7.783641870940016e-21

  151  0  4
2.777145225122540e-18
6.222677121778748e-20

  151  0  5
8.458981850559725e-17
7.223167135022399e-18

  151  0  6
6.575858648109791e-15
1.148698618473959e-15

  151  0  7
1.553439462276150e-08
3.972705808372402e-09

  152  0  0
6.695976954568072e-23
-4.985964722787628e-24

  152  0  1
6.796918806950235e-23
-4.231615214401648e-24

  152  0  2
6.966287001773300e-23
-2.873512753793433e-24

  152  0  3
7.182669190947093e-23
-9.513057035279895e-25

  152  0  4
2.521408500936797e-21
4.957432646119799e-23

  152  0  5
1.110946142519853e-18
8.493260814981417e-20

  152  0  6
3.574204057573760e-16
5.635129826111438e-17

  152  0  7
1.761532501861317e-09
4.033342300670041e-10

  153  0  0
3.253415387939794e-27
-6.149774660075108e-28

  153  0  1
3.348804037775726e-27
-5.441566796744372e-28

  153  0  2
3.511149361299961e-27
-4.081899521758324e-28

  153  0  3
3.719997014560181e-27
-1.969909975768013e-28

  153  0  4
1.769264009339475e-24
3.140920703773441e-26

  153  0  5
1.169407004687759e-20
7.995017303504214e-22

  153  0  6
1.588840141276366e-17
2.261929074626553e-18

  153  0  7
1.614927814026562e-10
3.308884181425158e-11

  154  0  0
3.816440335283780e-29
1.762229637624894e-29

  154  0  1
3.570713881458483e-29
1.609669519305041e-29

  154  0  2
3.145624410011066e-29
1.301332042892692e-29

  154  0  3
2.587820273689428e-29
7.922632042961975e-30

  154  0  4
1.065589669962163e-27
1.916285358475708e-29

  154  0  5
9.849960141981753e-23
6.023138464803109e-24

  154  0  6
5.776997075356040e-19
7.428183950802375e-20

  154  0  7
1.193700791082145e-11
2.187902853328096e-12

  155  0  0
-8.239486621501683e-30
-2.781350656911029e-31

  155  0  1
-8.439962398629223e-30
-4.373564726054716e-31

  155  0  2
-8.781563749788195e-30
-7.436060087702136e-31

  155  0  3
-9.221413371783615e-30
-1.218840512591880e-30

  155  0  4
-9.902787009467975e-30
-1.773934632497409e-30

  155  0  5
6.641018262938432e-25
3.633403934928190e-26

  155  0  6
1.717619241706875e-20
1.994561442402681e-21

  155  0  7
7.099388104352198e-13
1.163775640104370e-13

  156  0  0
3.270366261899415e-31
4.331457007652124e-32

  156  0  1
3.276235270193522e-31
4.411698849059991e-32

  156  0  2
3.285890065235794e-31
4.548676703506374e-32

  156  0  3
3.297881989981634e-31
4.729187570844953e-32

  156  0  4
2.375584937705606e-31
4.618851519802612e-32

  156  0  5
3.586745191761856e-27
1.756939910611746e-28

  156  0  6
4.172429875066595e-22
4.373917182685879e-23

  156  0  7
3.392100335946672e-14
4.972709556985648e-15

  157  0  0
-3.319722806992402e-33
-1.562022357849815e-34

  157  0  1
-3.380567335268854e-33
-1.997271764203483e-34

  157  0  2
-3.483668218491893e-33
-2.808639613722908e-34

  157  0  3
-3.616519596024816e-33
-4.015002113818886e-34

  157  0  4
-3.548762832428325e-33
-5.466234703271588e-34

  157  0  5
1.552241855407189e-29
6.802043124978172e-31

  157  0  6
8.270041544524254e-24
7.821278896906482e-25

  157  0  7
1.300677451849417e-15
1.705174196661218e-16

  158  0  0
-5.971688556419423e-34
-4.215014925736301e-35

  158  0  1
-6.022894167011890e-34
-4.655197282174945e-35

  158  0  2
-6.108922993959298e-34
-5.455570628069834e-35

  158  0  3
-6.218582116347637e-34
-6.606212520244640e-35

  158  0  4
-6.421647621335950e-34
-7.902807349044803e-35

  158  0  5
5.322518110903764e-32
2.025103795713807e-33

  158  0  6
1.335283956820480e-25
1.138466723789266e-26

  158  0  7
3.999532104520069e-17
4.689344798975242e-18

  159  0  0
-4.811315308182899e-36
-1.252772485558331e-37

  159  0  1
-4.881641446466554e-36
-1.848908280800483e-37

  159  0  2
-4.999633559701346e-36
-2.931233392344915e-37

  159  0  3
-5.149900531907629e-36
-4.482109615421112e-37

  159  0  4
-6.703540277251379e-36
-6.471923406085415e-37

  159  0  5
1.394574375357465e-34
4.231520996593243e-36

  159  0  6
1.753271159575178e-27
1.346689803709273e-28

  159  0  7
9.858193650534860e-19
1.033849651597208e-19

  160  0  0
1.588214246065607e-37
2.004664360312258e-38

  160  0  1
1.579119343581917e-37
1.927695126591317e-38

  160  0  2
1.563889046715236e-37
1.784638719117131e-38

  160  0  3
1.544582859677071e-37
1.574057616435516e-38

  160  0  4
1.345293920458296e-37
1.312633370084202e-38

  160  0  5
3.950633533402219e-37
1.753701438248895e-38

  160  0  6
1.869171471175757e-29
1.292625339013266e-30

  160  0  7
1.947348662718128e-20
1.826977245682199e-21

  161  0  0
3.496320039754994e-39
6.652278286355448e-41

  161  0  1
3.536525798610856e-39
1.026439344463529e-40

  161  0  2
3.603627697972960e-39
1.670365703028446e-40

  161  0  3
3.688658515955734e-39
2.569804772324355e-40

  161  0  4
3.446987659363630e-39
3.486631386613034e-40

  161  0  5
2.918495003227389e-39
3.789215278455193e-40

  161  0  6
1.615816153745085e-31
1.005557498612411e-32

  161  0  7
3.082744365675950e-22
2.587877419755726e-23

  162  0  0
-2.371933472388354e-41
-4.763052052021812e-43

  162  0  1
-2.395945766632327e-41
-6.861755441681100e-43

  162  0  2
-2.436003296850652e-41
-1.057231522560404e-42

  162  0  3
-2.486801568405226e-41
-1.569700044955340e-42

  162  0  4
-1.649051623117166e-41
-2.012011327490019e-42

  162  0  5
5.404731395412255e-43
-1.616540760744194e-42

  162  0  6
1.131407662911968e-33
6.333851124401489e-35

  162  0  7
3.911390437849733e-24
2.938686889309321e-25

  163  0  0
-4.410867176994062e-43
-7.005354288191410e-45

  163  0  1
-4.450629723156339e-43
-1.066047893391138e-44

  163  0  2
-4.516820621703271e-43
-1.707746070162222e-44

  163  0  3
-4.600559031615144e-43
-2.585327048965088e-44

  163  0  4
-5.015240628719363e-43
-3.577524609473592e-44

  163  0  5
-5.371854277487554e-43
-4.575771193746300e-44

  163  0  6
6.412016616271654e-36
3.228278412878440e-37

  163  0  7
3.978570680919431e-26
2.675922425490304e-27

  164  0  0
2.409007851860042e-45
3.710354646553381e-47

  164  0  1
2.428225222235374e-45
5.463356235689554e-47

  164  0  2
2.460198636621774e-45
8.521167963597996e-47

  164  0  3
2.500651153696492e-45
1.266599721833916e-46

  164  0  4
1.822771893148204e-45
1.638607349743084e-46

  164  0  5
-7.468120240458476e-47
1.279728897599646e-46

  164  0  6
2.939624139054173e-38
1.330863059183086e-39

  164  0  7
3.245389390434984e-28
1.954577335869186e-29

  165  0  0
-1.235281831468785e-48
-6.016937523178984e-49

  165  0  1
-1.138819257794785e-48
-5.152487497142762e-49

  165  0  2
-9.783728255377434e-49
-3.643371864500639e-49

  165  0  3
-7.754080499660641e-49
-1.596314800737917e-49

  165  0  4
1.910887242443172e-48
8.996456647724561e-50

  165  0  5
4.310033653740794e-48
3.914231969229747e-49

  165  0  6
1.089870632636332e-40
4.436641844842085e-42

  165  0  7
2.123842931428986e-30
1.145693728646770e-31

  166  0  0
1.004712544586285e-49
1.222936825800970e-51

  166  0  1
1.011040636466417e-49
1.817548544270130e-51

  166  0  2
1.021551850025484e-49
2.843912245883634e-51

  166  0  3
1.034832840460324e-49
4.214986903893645e-51

  166  0  4
1.168846747670171e-49
5.816154967580998e-51

  166  0  5
1.563099022233449e-49
8.398354368318808e-51

  166  0  6
3.267243558214821e-43
1.195911402267573e-44

  166  0  7
1.115550436152127e-32
5.391624407556725e-34

  167  0  0
-2.006022572860551e-52
-2.182816887258971e-54

  167  0  1
-2.017260267186033e-52
-3.251338097763632e-54

  167  0  2
-2.035915591481897e-52
-5.087728622760051e-54

  167  0  3
-2.059475834909767e-52
-7.526105461694201e-54

  167  0  4
-1.289000004307690e-52
-9.523991114244372e-54

  167  0  5
1.334160535581716e-52
-4.675635359986292e-54

  167  0  6
7.919629228173566e-46
2.606639582547533e-47

  167  0  7
4.705223373415251e-35
2.038081758886586e-36

  168  0  0
-6.612348239019537e-55
-5.332303870883524e-56

  168  0  1
-6.563511039848442e-55
-4.881320556890156e-56

  168  0  2
-6.482425189643660e-55
-4.103825370492930e-56

  168  0  3
-6.379992422693427e-55
-3.067314590887233e-56

  168  0  4
-7.476875911285642e-55
-2.022299823231990e-56

  168  0  5
-7.458202698472578e-55
-1.144160982794058e-56

  168  0  6
1.552322082898874e-48
4.594664264251871e-50

  168  0  7
1.594488633854842e-37
6.191584835230099e-39

  169  0  0
4.407020659324902e-57
1.434333535470550e-58

  169  0  1
4.408648978993920e-57
1.451837601328060e-58

  169  0  2
4.411345970587976e-57
1.480610449947660e-58

  169  0  3
4.414748554876919e-57
1.516479956540814e-58

  169  0  4
4.875516582797445e-57
1.587694321096862e-58

  169  0  5
6.095255005660905e-57
1.932960011828150e-58

  169  0  6
2.460842921400101e-51
6.550882626592684e-53

  169  0  7
4.343580069058142e-40
1.512502115010410e-41

  170  0  0
6.306258069775124e-60
5.198157952008886e-62

  170  0  1
6.331177439028891e-60
7.600787321736579e-62

  170  0  2
6.372510027893503e-60
1.168662655464764e-61

  170  0  3
6.424687471657527e-60
1.703266352527123e-61

  170  0  4
6.579168582945161e-60
2.275399625845812e-61

  170  0  5
7.861788814414380e-60
2.950211159961744e-61

  170  0  6
3.155742994380511e-54
7.556465396306863e-56

  170  0  7
9.517011842144444e-43
2.972659387936366e-44

  171  0  0
-1.744229104663748e-62
-1.325832546662487e-64

  171  0  1
-1.750372002300988e-62
-1.917577311211867e-64

  171  0  2
-1.760559555271678e-62
-2.921112637059899e-64

  171  0  3
-1.773419814574630e-62
-4.229133170453839e-64

  171  0  4
-1.585523806738662e-62
-5.538612401746988e-64

  171  0  5
-1.034826318857252e-62
-5.823412580955566e-64

  171  0  6
3.274507320656931e-57
7.053805791086262e-59

  171  0  7
1.678125757135647e-45
4.703199231480523e-47

  172  0  0
1.243010899133572e-65
3.824744623393300e-67

  172  0  1
1.241784104394075e-65
3.710477970174091e-67

  172  0  2
1.239749126701424e-65
3.514855614990693e-67

  172  0  3
1.237180043180931e-65
3.256622862246378e-67

  172  0  4
8.320256765499176e-66
2.795987812477115e-67

  172  0  5
3.493506164091133e-67
1.209042855152319e-67

  172  0  6
2.750082559455646e-60
5.330371257529923e-62

  172  0  7
2.382680616033549e-48
5.993573590848131e-50

  173  0  0
1.602130037429902e-68
9.997963986371741e-71

  173  0  1
1.606623180998558e-68
1.436360030787936e-70

  173  0  2
1.614072471161015e-68
2.173311009761968e-70

  173  0  3
1.623474244330785e-68
3.127676355767313e-70

  173  0  4
1.528716102005526e-68
4.098690151206041e-70

  173  0  5
9.337929153681805e-69
4.131421511441615e-70

  173  0  6
1.869965694203981e-63
3.261752895058256e-65

  173  0  7
2.725654913886976e-51
6.155556009051669e-53

  174  0  0
7.798821097189707e-72
2.483274114633816e-73

  174  0  1
7.783114581402472e-72
2.333732011810219e-73

  174  0  2
7.757072102287450e-72
2.080481175403829e-73

  174  0  3
7.724200870714200e-72
1.751082509097831e-73

  174  0  4
1.011434847785073e-71
1.480671559685632e-73

  174  0  5
1.442860883486836e-71
1.749416282005818e-73

  174  0  6
1.029806537363481e-66
1.616754063245099e-68

  174  0  7
2.513532757213182e-54
5.097776491977698e-56

  175  0  0
-8.792702242777142e-75
-4.535160635680598e-77

  175  0  1
-8.812380035890760e-75
-6.455780882928207e-77

  175  0  2
-8.844998736375780e-75
-9.685995863651797e-77

  175  0  3
-8.886163279183231e-75
-1.384765101551679e-76

  175  0  4
-9.617562394107013e-75
-1.860827786449994e-76

  175  0  5
-1.053186975468109e-74
-2.435258862604298e-76

  175  0  6
4.594422741794253e-70
6.493240876054441e-72

  175  0  7
1.869603074663449e-57
3.406173694770615e-59

  176  0  0
6.719050075019373e-78
1.509479857948159e-79

  176  0  1
6.711953851939336e-78
1.441364251103470e-79

  176  0  2
6.700190207098491e-78
1.326354935856236e-79

  176  0  3
6.685344161162119e-78
1.177388015208313e-79

  176  0  4
5.810391024336615e-78
9.915923118883574e-80

  176  0  5
3.238043246784404e-78
5.837913002217911e-80

  176  0  6
1.661340915422636e-73
2.114085890830769e-75

  176  0  7
1.122289236501016e-60
1.837224879409507e-62

  177  0  0
-1.725411497589649e-81
-5.421633832021046e-83

  177  0  1
-1.720448958608784e-81
-4.939898729991843e-83

  177  0  2
-1.712223365418852e-81
-4.129834135262689e-83

  177  0  3
-1.701843118479740e-81
-3.086498820457336e-83

  177  0  4
-2.007009527243053e-81
-2.067431800986646e-83

  177  0  5
-3.292163011010301e-81
-2.364058878798116e-83

  177  0  6
4.869675363646615e-77
5.580548155245716e-79

  177  0  7
5.439840675915681e-64
8.003876690913075e-66

  178  0  0
9.002610270235936e-86
3.436100003219666e-88

  178  0  1
9.017029733706543e-86
4.857944296975668e-88

  178  0  2
9.040927434541477e-86
7.239393449453942e-88

  178  0  3
9.071082008225356e-86
1.028974989102414e-87

  178  0  4
2.643420409446246e-85
1.833135172010741e-87

  178  0  5
5.556865364766079e-85
5.323505975269860e-87

  178  0  6
1.157917549916098e-80
1.195167625231424e-82

  178  0  7
2.130221093683736e-67
2.817795986731486e-69

  179  0  0
3.210495830187144e-88
4.935427772275758e-90

  179  0  1
3.208563262640025e-88
4.748851684923726e-90

  179  0  2
3.205360098752228e-88
4.435222468971611e-90

  179  0  3
3.201317946603963e-88
4.031488944420050e-90

  179  0  4
3.268611083611617e-88
3.610200212487117e-90

  179  0  5
3.848985338425564e-88
3.609103642448826e-90

  179  0  6
2.233808655397625e-84
2.077026810803990e-86

  179  0  7
6.742899413084301e-71
8.020722797822786e-73

  180  0  0
1.106403500270768e-91
1.934595394514333e-93

  180  0  1
1.105114032764689e-91
1.808713751259408e-93

  180  0  2
1.102976958262716e-91
1.597759489685325e-93

  180  0  3
1.100280288069244e-91
1.327354378140133e-93

  180  0  4
1.042829844134521e-91
1.021594381536688e-93

  180  0  5
9.235577356324124e-92
6.402713719467369e-94

  180  0  6
3.497046049435860e-88
2.929288539675254e-90

  180  0  7
1.726130163565315e-74
1.846846970955216e-76

  181  0  0
-4.368280478886655e-95
-3.915095119983788e-97

  181  0  1
-4.368757573653968e-95
-3.964381615126993e-97

  181  0  2
-4.369548079337411e-95
-4.045836360724424e-97

  181  0  3
-4.370545408597637e-95
-4.148220591830549e-97

  181  0  4
-4.716762691111552e-95
-4.328598381769240e-97

  181  0  5
-5.808462721988419e-95
-5.182625754099825e-97

  181  0  6
4.436134008011945e-92
3.347717228976111e-94

  181  0  7
3.575373380411725e-78
3.441716897488566e-80

  182  0  0
5.158162934549561e-99
1.342818540159507e-101

  182  0  1
5.163482832547607e-99
1.869097510926651e-101

  182  0  2
5.172298898320906e-99
2.747241556603632e-101

  182  0  3
5.183422859906519e-99
3.866092190421916e-101

  182  0  4
5.069919413694754e-99
5.068287171189716e-101

  182  0  5
4.158635826285028e-99
5.871560878329293e-101

  182  0  6
4.587551252475729e-96
3.125474223161686e-98

  182  0  7
5.995163735833178e-82
5.193429263531253e-84

  183  0  0
8.017587595838221e-103
5.886608773297221e-105

  183  0  1
8.018190014080228e-103
5.948663075693630e-105

  183  0  2
8.019188188923599e-103
6.051086286368079e-105

  183  0  3
8.020447556466959e-103
6.179589923047617e-105

  183  0  4
9.115269677307880e-103
6.462524178376420e-105

  183  0  5
1.175529968845546e-102
7.886948857436616e-105

  183  0  6
3.857809700191993e-100
2.367813410181996e-102

  183  0  7
8.141751349670487e-86
6.348494200283896e-88

  184  0  0
-1.768369424843538e-109
-3.571294403181519e-109

  184  0  1
-1.161564291303691e-109
-2.971721466099438e-109

  184  0  2
-1.559911744598427e-110
-1.971772327887487e-109

  184  0  3
1.112813042041973e-109
-6.986184225921151e-110

  184  0  4
1.359630587499396e-108
6.634411594033777e-110

  184  0  5
1.268571534407953e-107
2.223508502836823e-109

  184  0  6
2.623425753855676e-104
1.453428347587752e-106

  184  0  7
8.959249890355802e-90
6.289582234049757e-92

  185  0  0
4.078874572456286e-111
3.377664188582116e-113

  185  0  1
4.077505680572471e-111
3.243117640693970e-113

  185  0  2
4.075237194401322e-111
3.018485362198999e-113

  185  0  3
4.072374869885439e-111
2.732054181761301e-113

  185  0  4
5.099510042605622e-111
2.549582654456916e-113

  185  0  5
8.088805235703597e-111
3.532469604108593e-113

  185  0  6
1.463856395985724e-108
7.301235699834717e-111

  185  0  7
7.992026653945905e-94
5.052416458260576e-96

  186  0  0
1.845274134486415e-116
-1.486745271164763e-117

  186  0  1
1.872386182748712e-116
-1.218226147708526e-117

  186  0  2
1.917314265808039e-116
-7.709624407148945e-118

  186  0  3
1.974002612778512e-116
-2.025055189357054e-118

  186  0  4
6.309424942254401e-118
3.806330727776444e-118

  186  0  5
1.938048820113462e-116
9.169361058567144e-118

  186  0  6
6.565506546249665e-113
2.965527889429113e-115

  186  0  7
5.781794594557889e-98
3.292221631925593e-100

  187  0  0
-1.234237977289147e-119
-9.221845141406156e-122

  187  0  1
-1.233744198925521e-119
-8.734247643404804e-122

  187  0  2
-1.232925945025011e-119
-7.921696022916276e-122

  187  0  3
-1.231893505755403e-119
-6.888304420993101e-122

  187  0  4
-8.649443561248298e-120
-5.417004479470254e-122

  187  0  5
1.184475147832213e-120
-9.726489087831367e-123

  187  0  6
2.417290389013657e-117
9.823582834340244e-120

  187  0  7
3.393692520154428e-102
1.740894917827938e-104

  188  0  0
9.649329544085399e-124
4.206876716610596e-126

  188  0  1
9.649749182605716e-124
4.249780980055967e-126

  188  0  2
9.650444526062922e-124
4.320684217424822e-126

  188  0  3
9.651321837284180e-124
4.409801757981810e-126

  188  0  4
1.034392669493756e-123
4.575594615164220e-126

  188  0  5
1.397031665067613e-123
5.762678605518723e-126

  188  0  6
7.393233662061307e-122
2.721551823275170e-124

  188  0  7
1.616831520996749e-106
7.473522906622722e-109

  189  0  0
-7.406387596604133e-128
-9.745530731997483e-131

  189  0  1
-7.409971901352573e-128
-1.331207375386655e-130

  189  0  2
-7.415911417191943e-128
-1.924149109806215e-130

  189  0  3
-7.423405548220491e-128
-2.675750850205172e-130

  189  0  4
-7.376877468619841e-128
-3.483377181430906e-130

  189  0  5
-6.806496859148764e-128
-4.136057317880545e-130

  189  0  6
1.702099464823923e-126
5.378764382541852e-129

  189  0  7
6.254788622821294e-111
2.605662178600957e-113

  190  0  0
-8.876644843801763e-133
-5.576296575152339e-135

  190  0  1
-8.872822807484193e-133
-5.197254371238371e-135

  190  0  2
-8.866489330422669e-133
-4.566701989826798e-135

  190  0  3
-8.858498103780205e-133
-3.766731502108583e-135

  190  0  4
-1.239105151423536e-132
-3.132313076882975e-135

  190  0  5
-2.131267979490259e-132
-4.404846496071652e-135

  190  0  6
3.193853426340516e-131
9.680077160601505e-134

  190  0  7
1.965550296366181e-115
7.381019458728531e-118

  191  0  0
6.720923886124398e-139
7.261836544138359e-142

  191  0  1
6.723551011685369e-139
9.881246509676312e-142

  191  0  2
6.727904363957210e-139
1.423332071853073e-141

  191  0  3
6.733397138675771e-139
1.974506795237258e-141

  191  0  4
3.929233499714389e-138
4.958611874687005e-141

  191  0  5
6.002316568153916e-138
1.553275488845810e-140

  191  0  6
5.562570002650348e-136
1.504985180434605e-138

  191  0  7
5.019291554071659e-120
1.699341852967126e-122

  192  0  0
-3.680736174338428e-142
-3.616702424014572e-145

  192  0  1
-3.682029699872561e-142
-4.905494710286936e-145

  192  0  2
-3.684173171339856e-142
-7.046217277660710e-145

  192  0  3
-3.686877665689497e-142
-9.756351926817961e-145

  192  0  4
-3.637840636314419e-142
-1.263541590504525e-144

  192  0  5
-3.190228648278562e-142
-1.455171365062149e-144

  192  0  6
6.968254514065185e-141
1.607067599637071e-143

  192  0  7
1.041947057768913e-124
3.181025783911542e-127

  193  0  0
-1.198000404180496e-146
-1.067784188779704e-149

  193  0  1
-1.198379015312148e-146
-1.445176768850114e-149

  193  0  2
-1.199006401996636e-146
-2.071887489618250e-149

  193  0  3
-1.199797997286514e-146
-2.865030497736269e-149

  193  0  4
-1.292746265829784e-146
-3.758488357866515e-149

  193  0  5
-1.512609430051101e-146
-4.922752474129450e-149

  193  0  6
6.049179675970398e-146
1.085031304504525e-148

  193  0  7
1.758925125010949e-129
4.843138220815091e-132

  194  0  0
5.262565089635462e-152
4.255258053930575e-155

  194  0  1
5.264061087160541e-152
5.746970177497570e-155

  194  0  2
5.266540062351588e-152
8.223625746047196e-155

  194  0  3
5.269667867829056e-152
1.135704632901104e-154

  194  0  4
2.770292045773165e-152
1.367376343840428e-154

  194  0  5
-4.732848420055024e-152
5.581885617394398e-155

  194  0  6
5.304221895917585e-151
1.167200145202565e-153

  194  0  7
2.415440968164029e-134
5.999381118869487e-137

  195  0  0
-8.679718300202574e-157
-6.368118335325565e-160

  195  0  1
-8.681938199156089e-157
-8.582203957784777e-160

  195  0  2
-8.685616726962452e-157
-1.225749100380635e-159

  195  0  3
-8.690258045292103e-157
-1.690613539771652e-159

  195  0  4
-7.898877887346977e-157
-2.159788587488786e-159

  195  0  5
-8.410625009756718e-157
-2.655499119064851e-159

  195  0  6
3.144091105696305e-156
4.027317303759391e-159

  195  0  7
2.699214008172771e-139
6.048507576470443e-142

  196  0  0
-7.836289266321529e-162
-5.215771765240895e-165

  196  0  1
-7.838092808058863e-162
-7.015146877561151e-165

  196  0  2
-7.841081400012796e-162
-1.000151452713231e-164

  196  0  3
-7.844852201718284e-162
-1.377786435600594e-164

  196  0  4
-8.996755319505626e-162
-1.821548926751091e-164

  196  0  5
-1.212348820150168e-161
-2.581134364215435e-164

  196  0  6
7.235613301624640e-162
3.007170844336513e-166

  196  0  7
2.455331486117881e-144
4.964667904595195e-147

  197  0  0
1.015516451043636e-166
6.132971956089435e-170

  197  0  1
1.015726819825122e-166
8.232239445186186e-170

  197  0  2
1.016075415027712e-166
1.171578619142486e-169

  197  0  3
1.016515248537763e-166
1.611986582671933e-169

  197  0  4
9.279394911777644e-167
2.057185755431553e-169

  197  0  5
6.239235194194429e-167
2.167911806823695e-169

  197  0  6
1.187113172909444e-166
3.155350418073445e-169

  197  0  7
1.818656912421182e-149
3.318686647202165e-152

  198  0  0
1.746224346749599e-172
9.568426827059539e-176

  198  0  1
1.746550003720282e-172
1.281886089291801e-175

  198  0  2
1.747089638875081e-172
1.821190939628042e-175

  198  0  3
1.747770513267160e-172
2.502873217301441e-175

  198  0  4
2.636621032758480e-172
3.477011974733820e-175

  198  0  5
4.403167271993943e-172
5.978226000770723e-175

  198  0  6
8.224761804047490e-172
1.227760779080304e-174

  198  0  7
1.097213374534558e-154
1.807200067349609e-157

  199  0  0
-3.994826646317437e-177
-5.903027169201417e-180

  199  0  1
-3.994832154844958e-177
-5.909055364223812e-180

  199  0  2
-3.994841282268530e-177
-5.918839398529804e-180

  199  0  3
-3.994852798143515e-177
-5.930818745923354e-180

  199  0  4
-3.855306324612921e-177
-5.908417830893592e-180

  199  0  5
-3.219427399509637e-177
-5.372847013330304e-180

  199  0  6
-1.372920376979565e-177
-2.930926797930661e-180

  199  0  7
5.393354680801282e-160
8.019294420476343e-163

