#Cell  Group   Direction 
# Element_0
# Element_1
    0  0  0
2.387738998939063e-01
2.353496838424642e-01

    0  0  1
2.711270974653405e-01
2.674995459324920e-01

    0  0  2
3.487240774916894e-01
3.457675754037590e-01

    0  0  3
3.572440418266903e-01
3.572272937278283e-01

    0  0  4
3.572464397705497e-01
3.572576428335432e-01

    0  0  5
3.490418818051141e-01
3.513400822925108e-01

    0  0  6
2.711556267646786e-01
2.747254562491594e-01

    0  0  7
2.387965767208493e-01
2.421751287083140e-01

    1  0  0
2.353268509786159e-01
2.318566923072257e-01

    1  0  1
2.674705193643536e-01
2.637843341176254e-01

    1  0  2
3.454419240059616e-01
3.418457959948228e-01

    1  0  3
3.572247829342476e-01
3.572023139204065e-01

    1  0  4
3.572599672558162e-01
3.572657088389733e-01

    1  0  5
3.516207950325554e-01
3.533118556943957e-01

    1  0  6
2.747535254009843e-01
2.782666732779771e-01

    1  0  7
2.421976369477666e-01
2.455308294560941e-01

    2  0  0
2.318337172893189e-01
2.283173625447922e-01

    2  0  1
2.637549291051777e-01
2.600094957290699e-01

    2  0  2
3.415505387434344e-01
3.374140535523497e-01

    2  0  3
3.571996525655586e-01
3.571711970966335e-01

    2  0  4
3.572679979182785e-01
3.572682768415835e-01

    2  0  5
3.535395555930630e-01
3.547197158623847e-01

    2  0  6
2.782945902180482e-01
2.817517106100458e-01

    2  0  7
2.455531595160328e-01
2.488413206284585e-01

    3  0  0
2.282942582278918e-01
2.247314738075193e-01

    3  0  1
2.599798331279849e-01
2.561747320448504e-01

    3  0  2
3.371867327850389e-01
3.326769006617309e-01

    3  0  3
3.571683522890257e-01
3.571335679538085e-01

    3  0  4
3.572705654443855e-01
3.572653116460879e-01

    3  0  5
3.548911145999160e-01
3.556741842672861e-01

    3  0  6
2.817799372267110e-01
2.851807473555603e-01

    3  0  7
2.488634663722916e-01
2.521069430754357e-01

    4  0  0
2.247082494759726e-01
2.210988122640748e-01

    4  0  1
2.561448629207718e-01
2.522797092468584e-01

    4  0  2
3.325417983194271e-01
3.278552049515737e-01

    4  0  3
3.571305146434133e-01
3.570890025913969e-01

    4  0  4
3.572676296600961e-01
3.572567247338771e-01

    4  0  5
3.557949388368991e-01
3.562902454082102e-01

    4  0  6
2.852094728432740e-01
2.885528309771708e-01

    4  0  7
2.521289007750411e-01
2.553280543913450e-01

    5  0  0
2.210754717446270e-01
2.174191575491773e-01

    5  0  1
2.522496265621655e-01
2.483239835254235e-01

    5  0  2
3.278131141167238e-01
3.231227791868473e-01

    5  0  3
3.570857254406599e-01
3.570370538590501e-01

    5  0  4
3.572590958056033e-01
3.572423937459897e-01

    5  0  5
3.563705205441123e-01
3.566697681989299e-01

    5  0  6
2.885814622961650e-01
2.918665856458725e-01

    5  0  7
2.553498201947811e-01
2.585050247280343e-01

    6  0  0
2.173956988271790e-01
2.136922719455941e-01

    6  0  1
2.482936609596573e-01
2.443070319666695e-01

    6  0  2
3.231488359950074e-01
3.185565487342805e-01

    6  0  3
3.570335470658431e-01
3.569772720696370e-01

    6  0  4
3.572448345406916e-01
3.572221783570782e-01

    6  0  5
3.567205970722691e-01
3.568931457955414e-01

    6  0  6
2.918936529605984e-01
2.951221209298225e-01

    6  0  7
2.585265923395036e-01
2.616382373722593e-01

    7  0  0
2.136686886284916e-01
2.099178959443715e-01

    7  0  1
2.442764478996639e-01
2.402282978667939e-01

    7  0  2
3.186088816287099e-01
3.141244201664946e-01

    7  0  3
3.569735368690117e-01
3.569092159613490e-01

    7  0  4
3.572246986415477e-01
3.571959298904289e-01

    7  0  5
3.569242010754992e-01
3.570182019730057e-01

    7  0  6
2.951460089420139e-01
2.983230851959658e-01

    7  0  7
2.616595994947681e-01
2.647280936243258e-01

    8  0  0
2.098941800855679e-01
2.060957514595864e-01

    8  0  1
2.401974391536107e-01
2.360872110698469e-01

    8  0  2
3.141607294594404e-01
3.097180151211844e-01

    8  0  3
3.569052565041222e-01
3.568324524426457e-01

    8  0  4
3.571985336852053e-01
3.571634943909177e-01

    8  0  5
3.570368838108510e-01
3.570833645503161e-01

    8  0  6
2.983434420829678e-01
3.014769004245423e-01

    8  0  7
2.647492496066460e-01
2.677750129063799e-01

    9  0  0
2.060718965667594e-01
2.022255506353045e-01

    9  0  1
2.360560694504831e-01
2.318831923766798e-01

    9  0  2
3.097121113967996e-01
3.052135268846078e-01

    9  0  3
3.568282715554751e-01
3.567465480467584e-01

    9  0  4
3.571661820983145e-01
3.571247111273578e-01

    9  0  5
3.570947826050068e-01
3.571124445148460e-01

    9  0  6
3.014958582953017e-01
3.045916801578858e-01

    9  0  7
2.677959784484774e-01
2.707794133940493e-01

   10  0  0
2.022015535864173e-01
1.983070058405934e-01

   10  0  1
2.318517627516195e-01
2.276156584767301e-01

   10  0  2
3.051631268072931e-01
3.005282530874311e-01

   10  0  3
3.567421444902852e-01
3.566510579337703e-01

   10  0  4
3.571274820837469e-01
3.570794096229699e-01

   10  0  5
3.571198423434953e-01
3.571192866574461e-01

   10  0  6
3.046137443293848e-01
3.076704301312054e-01

   10  0  7
2.708002195974528e-01
2.737416696448266e-01

   11  0  0
1.982828670300993e-01
1.943398364826462e-01

   11  0  1
2.275839392375043e-01
2.232840296647398e-01

   11  0  2
3.004502586357703e-01
2.956444528555257e-01

   11  0  3
3.566464260287853e-01
3.565455181201417e-01

   11  0  4
3.570822642495616e-01
3.570274078223706e-01

   11  0  5
3.571245796201463e-01
3.571114798738333e-01

   11  0  6
3.077004735617734e-01
3.107057244148760e-01

   11  0  7
2.737623391118629e-01
2.766620756815139e-01

   12  0  0
1.943155584800617e-01
1.903237705977683e-01

   12  0  1
2.232520221705670e-01
2.188877340209231e-01

   12  0  2
2.955616093303748e-01
2.905941049788103e-01

   12  0  3
3.565406494004603e-01
3.564294436198657e-01

   12  0  4
3.570303486863408e-01
3.569685123420416e-01

   12  0  5
3.571157290927609e-01
3.570929574763676e-01

   12  0  6
3.107457592095330e-01
3.136791560561585e-01

   12  0  7
2.766825822875675e-01
2.795408708275661e-01

   13  0  0
1.902993563246245e-01
1.862585422544728e-01

   13  0  1
2.188554405243627e-01
2.144262049792997e-01

   13  0  2
2.905219045152962e-01
2.854223523909458e-01

   13  0  3
3.564243292311078e-01
3.563023313678291e-01

   13  0  4
3.569715439550792e-01
3.569025200669603e-01

   13  0  5
3.570967182795224e-01
3.570656481924241e-01

   13  0  6
3.137256569649602e-01
3.165681097644301e-01

   13  0  7
2.795611197094968e-01
2.823783654112719e-01

   14  0  0
1.862339937354785e-01
1.821438876865449e-01

   14  0  1
2.143936265787625e-01
2.098988754965218e-01

   14  0  2
2.853636731293955e-01
2.801566487505834e-01

   14  0  3
3.562969638253674e-01
3.561636645671625e-01

   14  0  4
3.569056478370591e-01
3.568292196953395e-01

   14  0  5
3.570691968414376e-01
3.570304420658191e-01

   14  0  6
3.166117867341771e-01
3.193582959963654e-01

   14  0  7
2.823982407948170e-01
2.851751106164649e-01

   15  0  0
1.821192058500642e-01
1.779795428365163e-01

   15  0  1
2.098660115419088e-01
2.053051737873112e-01

   15  0  2
2.801052711902453e-01
2.747980882186560e-01

   15  0  3
3.561580381829755e-01
3.560129155099847e-01

   15  0  4
3.568324487476117e-01
3.567483923879284e-01

   15  0  5
3.570339099896516e-01
3.569877169138760e-01

   15  0  6
3.193870963930520e-01
3.220563579183795e-01

   15  0  7
2.851945999831944e-01
2.879319428259773e-01

   16  0  0
1.779547281032494e-01
1.737652432686593e-01

   16  0  1
2.052720226763743e-01
2.006445228362720e-01

   16  0  2
2.747461942740855e-01
2.693321415591835e-01

   16  0  3
3.560070257204274e-01
3.558495460360518e-01

   16  0  4
3.567517268341244e-01
3.566598117277093e-01

   16  0  5
3.569911641614430e-01
3.569376081962704e-01

   16  0  6
3.220607065121170e-01
3.246954355612466e-01

   16  0  7
2.879512625614911e-01
2.906497216879899e-01

   17  0  0
1.737402962883687e-01
1.695007257032562e-01

   17  0  1
2.006110831634529e-01
1.959163425733624e-01

   17  0  2
2.692756731717406e-01
2.637441378134808e-01

   17  0  3
3.558433883709903e-01
3.556730066804439e-01

   17  0  4
3.566632545595333e-01
3.565632437893974e-01

   17  0  5
3.569410610105199e-01
3.568801407112046e-01

   17  0  6
3.246733527237756e-01
3.273290914169232e-01

   17  0  7
2.906693049161744e-01
2.933287725439943e-01

   18  0  0
1.694756477361459e-01
1.651857298135069e-01

   18  0  1
1.958826137427209e-01
1.911200524249916e-01

   18  0  2
2.636833849734078e-01
2.580272309440609e-01

   18  0  3
3.556665759880220e-01
3.554827358819035e-01

   18  0  4
3.565667972165643e-01
3.564584478657051e-01

   18  0  5
3.568836097849868e-01
3.568152908634614e-01

   18  0  6
3.272887015030541e-01
3.300143336202393e-01

   18  0  7
2.933490194770212e-01
2.959683782398195e-01

   19  0  0
1.651605226579853e-01
1.608199993869293e-01

   19  0  1
1.910860345537219e-01
1.862550728082061e-01

   19  0  2
2.579643170106368e-01
2.521810021266972e-01

   19  0  3
3.554760258997903e-01
3.552781592855866e-01

   19  0  4
3.564621138162522e-01
3.563451776728483e-01

   19  0  5
3.568187800824770e-01
3.567430156118611e-01

   19  0  6
3.299724616950632e-01
3.327897797373661e-01

   19  0  7
2.959892393695084e-01
2.985668851217061e-01

   20  0  0
1.607946650633126e-01
1.564032827142190e-01

   20  0  1
1.862207662714679e-01
1.813208254624480e-01

   20  0  2
2.521174432591101e-01
2.462063996411466e-01

   20  0  3
3.552711619407378e-01
3.550586860106096e-01

   20  0  4
3.563489582759826e-01
3.562231823282377e-01

   20  0  5
3.567465264931523e-01
3.566632652998583e-01

   20  0  6
3.327671478603479e-01
3.356574930724114e-01

   20  0  7
2.985875552651968e-01
3.011227929397696e-01

   21  0  0
1.563778231564280e-01
1.519353324742845e-01

   21  0  1
1.812862304802689e-01
1.763167331533654e-01

   21  0  2
2.461424203641587e-01
2.401026078747480e-01

   21  0  3
3.550513882365881e-01
3.548236895150235e-01

   21  0  4
3.562270803287789e-01
3.560922064138089e-01

   21  0  5
3.566667995316942e-01
3.565759879657708e-01

   21  0  6
3.356724894551985e-01
3.385755479946353e-01

   21  0  7
3.011418618425232e-01
3.036365274843280e-01

   22  0  0
1.519097493507147e-01
1.474159053616775e-01

   22  0  1
1.762818495888818e-01
1.712422191730264e-01

   22  0  2
2.400377678934810e-01
2.338670618052348e-01

   22  0  3
3.548160595784312e-01
3.545724272098316e-01

   22  0  4
3.560962255040173e-01
3.559519888654820e-01

   22  0  5
3.565795489428914e-01
3.564811285820623e-01

   22  0  6
3.386389732264942e-01
3.414639191869168e-01

   22  0  7
3.036527301413472e-01
3.061118044030763e-01

   23  0  0
1.473902000202972e-01
1.428447615594914e-01

   23  0  1
1.712070465058901e-01
1.660967067561532e-01

   23  0  2
2.338009873329327e-01
2.274967306713498e-01

   23  0  3
3.545643622930191e-01
3.543037381469697e-01

   23  0  4
3.559561338905731e-01
3.558022608857553e-01

   23  0  5
3.564847221804436e-01
3.563786252290905e-01

   23  0  6
3.415764540894366e-01
3.442211654248366e-01

   23  0  7
3.061250966863497e-01
3.085552138536065e-01

   24  0  0
1.428189350573082e-01
1.382216641461700e-01

   24  0  1
1.660612441489056e-01
1.608796184559403e-01

   24  0  2
2.274293331109309e-01
2.209888910696766e-01

   24  0  3
3.542948836244800e-01
3.540150118467764e-01

   24  0  4
3.558065378760845e-01
3.556427432780903e-01

   24  0  5
3.563822599210529e-01
3.562684037648012e-01

   24  0  6
3.443740349723376e-01
3.467458811382339e-01

   24  0  7
3.085675237115411e-01
3.109733488040129e-01

   25  0  0
1.381957173549180e-01
1.335463786651234e-01

   25  0  1
1.608438648922688e-01
1.555903757113607e-01

   25  0  2
2.209202230556914e-01
2.143411070513091e-01

   25  0  3
3.540042050060384e-01
3.536990261048295e-01

   25  0  4
3.556471593351915e-01
3.554731434192333e-01

   25  0  5
3.562720902609280e-01
3.561503722110712e-01

   25  0  6
3.469239744607473e-01
3.489561745444260e-01

   25  0  7
3.109883266329803e-01
3.133683092880291e-01

   26  0  0
1.335203125033171e-01
1.288186733617641e-01

   26  0  1
1.555543302759858e-01
1.502283992186623e-01

   26  0  2
2.142712060994247e-01
2.075509648365547e-01

   26  0  3
3.536827888888026e-01
3.533353478449063e-01

   26  0  4
3.554777066350464e-01
3.552931513498642e-01

   26  0  5
3.561541229733271e-01
3.560244154108503e-01

   26  0  6
3.491422096596135e-01
3.508022263616207e-01

   26  0  7
3.133898475063587e-01
3.157339052000160e-01

   27  0  0
1.287924893100853e-01
1.240383211775784e-01

   27  0  1
1.501920617279880e-01
1.447931114815104e-01

   27  0  2
2.074798203796957e-01
2.006159543566270e-01

   27  0  3
3.533043702992439e-01
3.528699804880729e-01

   27  0  4
3.552978712002500e-01
3.551024327232108e-01

   27  0  5
3.560282445963162e-01
3.558903892385448e-01

   27  0  6
3.509805485561034e-01
3.522700484868671e-01

   27  0  7
3.157639246198637e-01
3.180552931431539e-01

   28  0  0
1.240120224688499e-01
1.192051059113641e-01

   28  0  1
1.447564839676583e-01
1.392839445947182e-01

   28  0  2
2.005435412400860e-01
1.935335035402840e-01

   28  0  3
3.528023232065449e-01
3.521746455143357e-01

   28  0  4
3.551073218752256e-01
3.549006128373315e-01

   28  0  5
3.558943139789392e-01
3.557481114690300e-01

   28  0  6
3.524291373205957e-01
3.533774783051203e-01

   28  0  7
3.180918771871540e-01
3.203135560885992e-01

   29  0  0
1.191787002045859e-01
1.143188374344247e-01

   29  0  1
1.392470346717433e-01
1.337003594574025e-01

   29  0  2
1.934598109272396e-01
1.863010527572413e-01

   29  0  3
3.520257282675005e-01
3.509816269384301e-01

   29  0  4
3.549056921825506e-01
3.546872401952770e-01

   29  0  5
3.557521558639310e-01
3.555973432084837e-01

   29  0  6
3.535108865578738e-01
3.541652508219094e-01

   29  0  7
3.203505578205422e-01
3.224942800306630e-01

   30  0  0
1.142923422542866e-01
1.093793841276004e-01

   30  0  1
1.336631871945768e-01
1.280418867711896e-01

   30  0  2
1.862260976794652e-01
1.789161375510914e-01

   30  0  3
3.506758838345450e-01
3.488116170299601e-01

   30  0  4
3.546925499604916e-01
3.544617115672908e-01

   30  0  5
3.556015466282174e-01
3.554377514796640e-01

   30  0  6
3.542712284662562e-01
3.546864266353417e-01

   30  0  7
3.225229319822283e-01
3.245967515444488e-01

   31  0  0
1.093528363107997e-01
1.043867323421805e-01

   31  0  1
1.280044966468425e-01
1.223082022518823e-01

   31  0  2
1.788399813752073e-01
1.713765167978614e-01

   31  0  3
3.482489681997795e-01
3.449539030375460e-01

   31  0  4
3.544673313799738e-01
3.542231397723634e-01

   31  0  5
3.554421817115408e-01
3.552688433941407e-01

   31  0  6
3.547667541917516e-01
3.549968271788298e-01

   31  0  7
3.246088541659892e-01
3.266393850103930e-01

   32  0  0
1.043602010982993e-01
9.934107732278338e-02

   32  0  1
1.222706796916813e-01
1.164992416895080e-01

   32  0  2
1.712992929298353e-01
1.636803740651145e-01

   32  0  3
3.440487047443889e-01
3.385933563922595e-01

   32  0  4
3.542292171185488e-01
3.539701619528438e-01

   32  0  5
3.552736115540325e-01
3.550898709644337e-01

   32  0  6
3.550553993604076e-01
3.551480034453859e-01

   32  0  7
3.266308366987413e-01
3.286580894270254e-01

   33  0  0
9.931467645441580e-02
9.424293216316226e-02

   33  0  1
1.164617285459747e-01
1.106153388586583e-01

   33  0  2
1.636023160862730e-01
1.558265637735941e-01

   33  0  3
3.373483954046848e-01
3.291375777286240e-01

   33  0  4
3.539769394350323e-01
3.537007280808432e-01

   33  0  5
3.550951392858637e-01
3.548997265813005e-01

   33  0  6
3.551895573009307e-01
3.551831610596278e-01

   33  0  7
3.286312780533287e-01
3.306970844752361e-01

   34  0  0
9.421682194045283e-02
8.909321407156544e-02

   34  0  1
1.105780357918565e-01
1.046573347048749e-01

   34  0  2
1.557480101904062e-01
1.478148066425090e-01

   34  0  3
3.277123909478498e-01
3.166259675792908e-01

   34  0  4
3.537085481930625e-01
3.534119617518411e-01

   34  0  5
3.549056967341561e-01
3.546968746426175e-01

   34  0  6
3.552123453452034e-01
3.551356898838124e-01

   34  0  7
3.306611063144587e-01
3.327948616435080e-01

   35  0  0
8.906758261840447e-02
8.389325123654416e-02

   35  0  1
1.046204776154534e-01
9.862658598028202e-02

   35  0  2
1.477361587580149e-01
1.396457045657331e-01

   35  0  3
3.153182296044744e-01
3.018942166759309e-01

   35  0  4
3.534212258764624e-01
3.531001980633657e-01

   35  0  5
3.547037509667886e-01
3.544793705551852e-01

   35  0  6
3.551565099999227e-01
3.550295686987729e-01

   35  0  7
3.327634331185744e-01
3.349700677495623e-01

   36  0  0
8.386827539377087e-02
7.864467924329314e-02

   36  0  1
9.859039644967127e-02
9.252483400172447e-02

   36  0  2
1.395673376820027e-01
1.313205047440754e-01

   36  0  3
3.009869833741254e-01
2.862009460648839e-01

   36  0  4
3.531112793115980e-01
3.527612248002325e-01

   36  0  5
3.544873118252196e-01
3.542449801655727e-01

   36  0  6
3.550451512690292e-01
3.548808451153327e-01

   36  0  7
3.349579089872926e-01
3.372121649718222e-01

   37  0  0
7.862048349189076e-02
7.334926744368432e-02

   37  0  1
9.248946727747102e-02
8.635398471401315e-02

   37  0  2
1.312426750102737e-01
1.228407050438431e-01

   37  0  3
2.857624517445957e-01
2.704658640973676e-01

   37  0  4
3.527743775579818e-01
3.523906079646515e-01

   37  0  5
3.542540711582262e-01
3.539913428731520e-01

   37  0  6
3.548934370018078e-01
3.546994986885654e-01

   37  0  7
3.372311562130254e-01
3.394798856587313e-01

   38  0  0
7.332590961888236e-02
6.800877929897768e-02

   38  0  1
8.631951163247045e-02
8.011593182213339e-02

   38  0  2
1.227635171433138e-01
1.142077367171212e-01

   38  0  3
2.702950434005014e-01
2.547567503683179e-01

   38  0  4
3.524059401606894e-01
3.519839014879284e-01

   38  0  5
3.540016093160792e-01
3.537160814549555e-01

   38  0  6
3.547106114755744e-01
3.544911942070691e-01

   38  0  7
3.395362476542976e-01
3.417076913518608e-01

   39  0  0
6.798627554718972e-02
6.262495105290432e-02

   39  0  1
8.008237043872499e-02
7.381252984509769e-02

   39  0  2
1.141312006224666e-01
1.054229159221681e-01

   39  0  3
2.545612931271363e-01
2.385150544389157e-01

   39  0  4
3.520014355867981e-01
3.515366366973248e-01

   39  0  5
3.537275362003421e-01
3.534168042720197e-01

   39  0  6
3.545018051953780e-01
3.542586727304951e-01

   39  0  7
3.418009224669753e-01
3.438178931673687e-01

   40  0  0
6.260331868591326e-02
5.719957094320899e-02

   40  0  1
7.377989972962813e-02
6.744569454109500e-02

   40  0  2
1.053470442389580e-01
9.648762356854303e-02

   40  0  3
2.381482104640323e-01
2.212213350407750e-01

   40  0  4
3.515564056654297e-01
3.510441812050196e-01

   40  0  5
3.534294844497449e-01
3.530910374496169e-01

   40  0  6
3.542694069182892e-01
3.540027461340303e-01

   40  0  7
3.439415055624169e-01
3.457346975275551e-01

   41  0  0
5.717885323841714e-02
5.173456261837790e-02

   41  0  1
6.741404819600071e-02
6.101750866068417e-02

   41  0  2
9.641248784549898e-02
8.740349470403568e-02

   41  0  3
2.207296106436352e-01
2.027562533046799e-01

   41  0  4
3.510662767258134e-01
3.505016338639396e-01

   41  0  5
3.531050071944814e-01
3.527361672728239e-01

   41  0  6
3.540140028622267e-01
3.537229806580195e-01

   41  0  7
3.458782392286971e-01
3.473964625582801e-01

   42  0  0
5.171482332424467e-02
4.623200728057593e-02

   42  0  1
6.098692455812958e-02
5.453025007479796e-02

   42  0  2
8.732921293502451e-02
7.817246874526740e-02

   42  0  3
2.022378215141719e-01
1.832242076183374e-01

   42  0  4
3.505261866903887e-01
3.499038152263289e-01

   42  0  5
3.527514997421697e-01
3.523494287513054e-01

   42  0  6
3.537350127281916e-01
3.534181614476044e-01

   42  0  7
3.475480549978329e-01
3.487635747131814e-01

   43  0  0
4.621331419012049e-02
4.069412424013363e-02

   43  0  1
5.450081184395906e-02
4.798636721279859e-02

   43  0  2
7.809916804632211e-02
6.879674524527583e-02

   43  0  3
1.827131220031542e-01
1.626740569814529e-01

   43  0  4
3.499309588193691e-01
3.492452930799037e-01

   43  0  5
3.523661943315858e-01
3.519279167343509e-01

   43  0  6
3.534311295853663e-01
3.530865925370983e-01

   43  0  7
3.489122329648573e-01
3.498209904082098e-01

   44  0  0
4.067654233317708e-02
3.512325774246156e-02

   44  0  1
4.795815494880647e-02
4.138846243979602e-02

   44  0  2
6.872454626300492e-02
5.927875387038305e-02

   44  0  3
1.621543562960546e-01
1.410571567204440e-01

   44  0  4
3.492751532583368e-01
3.485203877164164e-01

   44  0  5
3.519461839368488e-01
3.514685902584814e-01

   44  0  6
3.531006055098453e-01
3.527262717042288e-01

   44  0  7
3.499582309056352e-01
3.505760227511793e-01

   45  0  0
3.510685182495000e-02
2.952188216632370e-02

   45  0  1
4.136155604412468e-02
3.473929870078314e-02

   45  0  2
5.920777675986657e-02
4.962116606062134e-02

   45  0  3
1.405149823049832e-01
1.183098175044816e-01

   45  0  4
3.485530903743990e-01
3.477231606827760e-01

   45  0  5
3.514884293880738e-01
3.509682675465851e-01

   45  0  6
3.527414119671289e-01
3.523349834662546e-01

   45  0  7
3.506965799537939e-01
3.510529463404446e-01

   46  0  0
2.950671975409162e-02
2.389261132985388e-02

   46  0  1
3.471378153249382e-02
2.804181136516213e-02

   46  0  2
4.955153702540551e-02
3.982691599993440e-02

   46  0  3
1.177439943627138e-01
9.438393593471626e-02

   46  0  4
3.477588366058693e-01
3.468474043711253e-01

   46  0  5
3.509897514962063e-01
3.504236201057485e-01

   46  0  6
3.523513206615449e-01
3.519103471559881e-01

   46  0  7
3.511546981523350e-01
3.512862915143195e-01

   47  0  0
2.387876292029523e-02
1.823820447360520e-02

   47  0  1
2.801777058493664e-02
2.129911586244855e-02

   47  0  2
3.975876791086166e-02
2.989921404613572e-02

   47  0  3
9.379524766107700e-02
6.923414072525633e-02

   47  0  4
3.468861888238845e-01
3.458866343075927e-01

   47  0  5
3.504468239349794e-01
3.498311684032732e-01

   47  0  6
3.519279449001688e-01
3.514498413404952e-01

   47  0  7
3.513696553113467e-01
3.513144316003054e-01

   48  0  0
1.822574321628477e-02
1.256157113501419e-02

   48  0  1
2.127664201706872e-02
1.451451391812781e-02

   48  0  2
2.983268570543387e-02
1.984155766951449e-02

   48  0  3
6.862185152314201e-02
4.281142328251353e-02

   48  0  4
3.459286664826005e-01
3.448340812448945e-01

   48  0  5
3.498561692786995e-01
3.491872777631911e-01

   48  0  6
3.514687609152048e-01
3.509508150473046e-01

   48  0  7
3.513815278099980e-01
3.511744985587842e-01

   49  0  0
1.255057285438560e-02
6.865776615668000e-03

   49  0  1
1.449370097244857e-02
7.691500547460158e-03

   49  0  2
1.977679388167758e-02
9.657743776387661e-03

   49  0  3
4.217445647362059e-02
1.506425050052175e-02

   49  0  4
3.448795044851254e-01
3.436826826001861e-01

   49  0  5
3.492141551249997e-01
3.484881538874031e-01

   49  0  6
3.509711174161769e-01
3.504104917561205e-01

   49  0  7
3.512283251204440e-01
3.508990487709340e-01

   50  0  0
6.856319946615520e-03
6.806777421262619e-03

   50  0  1
7.672446059843392e-03
7.616204141151411e-03

   50  0  2
9.594895677252739e-03
9.522026058271401e-03

   50  0  3
1.440156503117213e-02
1.428112107909644e-02

   50  0  4
3.436758119568661e-01
3.408433590661919e-01

   50  0  5
3.484875428632467e-01
3.474644768150912e-01

   50  0  6
3.504103171921141e-01
3.497268087099049e-01

   50  0  7
3.508993166385168e-01
3.503450152658247e-01

   51  0  0
6.806967932636435e-03
6.757808204612101e-03

   51  0  1
7.616423376437409e-03
7.560622125979683e-03

   51  0  2
9.522319395527341e-03
9.450040010624038e-03

   51  0  3
1.428164447854515e-02
1.416225953181025e-02

   51  0  4
3.408365156489806e-01
3.380177775456135e-01

   51  0  5
3.474638636718729e-01
3.464420220736650e-01

   51  0  6
3.497266322549475e-01
3.490434749781486e-01

   51  0  7
3.503452690310693e-01
3.497904463346233e-01

   52  0  0
6.757997442653371e-03
6.709217959080353e-03

   52  0  1
7.560839885259584e-03
7.505476343295439e-03

   52  0  2
9.450331339633050e-03
9.378638159650737e-03

   52  0  3
1.416277920793890e-02
1.404444577515499e-02

   52  0  4
3.380109612420232e-01
3.352058835781925e-01

   52  0  5
3.464414068275639e-01
3.454207938983083e-01

   52  0  6
3.490432966427163e-01
3.483604943408130e-01

   52  0  7
3.497906863150348e-01
3.492353701800052e-01

   53  0  0
6.709405929035398e-03
6.661004147533082e-03

   53  0  1
7.505692632652067e-03
7.450763851612132e-03

   53  0  2
9.378927488683599e-03
9.307816501018694e-03

   53  0  3
1.404496174309501e-02
1.392767236312189e-02

   53  0  4
3.351990942767232e-01
3.324076229282812e-01

   53  0  5
3.454201765655981e-01
3.444007964917214e-01

   53  0  6
3.483603141354432e-01
3.476778705568243e-01

   53  0  7
3.492355966923529e-01
3.486798143693653e-01

   54  0  0
6.661190854722916e-03
6.613164243587807e-03

   54  0  1
7.450978677219192e-03
7.396481721924646e-03

   54  0  2
9.308103838487288e-03
9.237571047428688e-03

   54  0  3
1.392818463836067e-02
1.381193188118725e-02

   54  0  4
3.324008605177223e-01
3.296229415833996e-01

   54  0  5
3.444001770885307e-01
3.433820340241155e-01

   54  0  6
3.476776884919587e-01
3.469956073640736e-01

   54  0  7
3.486800277291494e-01
3.481238058364021e-01

   55  0  0
6.613349693274742e-03
6.565695731335564e-03

   55  0  1
7.396695089885914e-03
7.342627037375473e-03

   55  0  2
9.237856401642201e-03
9.167897828115607e-03

   55  0  3
1.381244047888160e-02
1.369721694483962e-02

   55  0  4
3.296162059530255e-01
3.268517857536019e-01

   55  0  5
3.433814125664957e-01
3.423645106334857e-01

   55  0  6
3.469954234501030e-01
3.463137084795951e-01

   55  0  7
3.481240063575103e-01
3.475673708836549e-01

   56  0  0
6.565879928761013e-03
6.518596105337333e-03

   56  0  1
7.342838953770379e-03
7.289196893252125e-03

   56  0  2
9.168181207349618e-03
9.098792888851126e-03

   56  0  3
1.369772188003911e-02
1.358352019962177e-02

   56  0  4
3.268450767932115e-01
3.240941018704640e-01

   56  0  5
3.423638871374263e-01
3.413482304257486e-01

   56  0  6
3.463135227268700e-01
3.456321775996583e-01

   56  0  7
3.475675588780089e-01
3.470105351857308e-01

   57  0  0
6.518779055729724e-03
6.471862870607202e-03

   57  0  1
7.289407364145272e-03
7.236188396968456e-03

   57  0  2
9.099074301362031e-03
9.030252291921939e-03

   57  0  3
1.358402148734531e-02
1.347083432118880e-02

   57  0  4
3.240874194703648e-01
3.213498365860390e-01

   57  0  5
3.413476049071736e-01
3.403331974748689e-01

   57  0  6
3.456319900184869e-01
3.449510183998488e-01

   57  0  7
3.470107109629433e-01
3.464533237932472e-01

   58  0  0
6.472044579179726e-03
6.425493542579194e-03

   58  0  1
7.236397428406918e-03
7.183598668026359e-03

   58  0  2
9.030531745942844e-03
8.962272116078258e-03

   58  0  3
1.347133197645024e-02
1.335915201535576e-02

   58  0  4
3.213431806370489e-01
3.186189367718395e-01

   58  0  5
3.403325699496375e-01
3.393194158229898e-01

   58  0  6
3.449508290004981e-01
3.442702345351537e-01

   58  0  7
3.464534876603012e-01
3.458957611374598e-01

   59  0  0
6.425674014530412e-03
6.379485647079914e-03

   59  0  1
7.183806266040401e-03
7.131424837984444e-03

   59  0  2
8.962549619820064e-03
8.894848456492865e-03

   59  0  3
1.335964605319831e-02
1.324846601822157e-02

   59  0  4
3.186123071652824e-01
3.159013495178107e-01

   59  0  5
3.393187863068962e-01
3.383068894805609e-01

   59  0  6
3.442700433278491e-01
3.435898296400429e-01

   59  0  7
3.458959133984066e-01
3.453378710355306e-01

   60  0  0
6.379664887593461e-03
6.333836720300489e-03

   60  0  1
7.131631008587166e-03
7.079664050425856e-03

   60  0  2
8.895124018143713e-03
8.827977424718809e-03

   60  0  3
1.324895645373320e-02
1.313876909629209e-02

   60  0  4
3.158947461455052e-01
3.131970221313172e-01

   60  0  5
3.383062579893320e-01
3.372956224264666e-01

   60  0  6
3.435896366349673e-01
3.429098073285508e-01

   60  0  7
3.453380119912060e-01
3.447796766964003e-01

   61  0  0
6.334014734543402e-03
6.288544308762711e-03

   61  0  1
7.079868799611175e-03
7.028313460919104e-03

   61  0  2
8.828251052441010e-03
8.761655148636534e-03

   61  0  3
1.313925594459511e-02
1.303005404653206e-02

   61  0  4
3.131904448855675e-01
3.105059021361535e-01

   61  0  5
3.372949889757599e-01
3.362856186081624e-01

   61  0  6
3.429096125358427e-01
3.422301711943627e-01

   61  0  7
3.447798066441595e-01
3.442212007272287e-01

   62  0  0
6.288721101884267e-03
6.243605969282506e-03

   62  0  1
7.028516794660352e-03
6.977370236975689e-03

   62  0  2
8.761926850564447e-03
8.695877772396098e-03

   62  0  3
1.303053732275671e-02
1.292231369632799e-02

   62  0  4
3.104993509097467e-01
3.078279372715730e-01

   62  0  5
3.362849832135646e-01
3.352768819418126e-01

   62  0  6
3.422299746241171e-01
3.415509248109023e-01

   62  0  7
3.442213199607018e-01
3.436624651403647e-01

   63  0  0
6.243781546414026e-03
6.199019268933728e-03

   63  0  1
6.977572161225369e-03
6.926831558008064e-03

   63  0  2
8.696147556635727e-03
8.630641456359884e-03

   63  0  3
1.292279341557788e-02
1.281554090336379e-02

   63  0  4
3.078214119577776e-01
3.051630754913209e-01

   63  0  5
3.352762446188426e-01
3.342694163124315e-01

   63  0  6
3.415507264731713e-01
3.408720717314193e-01

   63  0  7
3.436625739492309e-01
3.431034913608058e-01

   64  0  0
6.199193635188936e-03
6.154781785013149e-03

   64  0  1
6.927032078698282e-03
6.876694615289063e-03

   64  0  2
8.630909330989546e-03
8.565942377047532e-03

   64  0  3
1.281601708068031e-02
1.270972855542539e-02

   64  0  4
3.051565759838873e-01
3.025112649626701e-01

   64  0  5
3.342687770765396e-01
3.332632255740190e-01

   64  0  6
3.408718716362125e-01
3.401936154890746e-01

   64  0  7
3.431035900305844e-01
3.425443002341079e-01

   65  0  0
6.154954945488617e-03
6.110891105006480e-03

   65  0  1
6.876893738332074e-03
6.826956611912595e-03

   65  0  2
8.566208350118652e-03
8.501776727082747e-03

   65  0  3
1.271020120575876e-02
1.260486957016522e-02

   65  0  4
3.025047911558295e-01
2.998724540654557e-01

   65  0  5
3.332625844405890e-01
3.322583135496968e-01

   65  0  6
3.401934136463604e-01
3.395155595970248e-01

   65  0  7
3.425443890459681e-01
3.419849120347134e-01

   66  0  0
6.111063064781999e-03
6.067344826554972e-03

   66  0  1
6.827154343201232e-03
6.777614762754986e-03

   66  0  2
8.502040806620505e-03
8.438140715141046e-03

   66  0  3
1.260533870835981e-02
1.250095689486766e-02

   66  0  4
2.998660058539191e-01
2.972465913911131e-01

   66  0  5
3.322576705340459e-01
3.312546840318416e-01

   66  0  6
3.395153560167307e-01
3.388379075485042e-01

   66  0  7
3.419849912652999e-01
3.414253464746599e-01

   67  0  0
6.067515590693763e-03
6.024140557422624e-03

   67  0  1
6.777811108162918e-03
6.728666294437046e-03

   67  0  2
8.438402909144776e-03
8.375030565898682e-03

   67  0  3
1.250142253566463e-02
1.239798350625606e-02

   67  0  4
2.972401686700687e-01
2.946336257417184e-01

   67  0  5
3.312540391492205e-01
3.302523407822183e-01

   67  0  6
3.388377022405170e-01
3.381606628169075e-01

   67  0  7
3.414254163959352e-01
3.408656227126368e-01

   68  0  0
6.024310130971285e-03
5.981275915462971e-03

   68  0  1
6.728861259818713e-03
6.680108445285695e-03

   68  0  2
8.375290882341731e-03
8.312442519980721e-03

   68  0  3
1.239844566431046e-02
1.229594241036054e-02

   68  0  4
2.946272284068296e-01
2.920335061290322e-01

   68  0  5
3.302516940478122e-01
3.292512875321119e-01

   68  0  6
3.381604557910742e-01
3.374838288558699e-01

   68  0  7
3.408656835917398e-01
3.403057593633571e-01

   69  0  0
5.981444303451726e-03
5.938748528586518e-03

   69  0  1
6.680302036476606e-03
6.631938465296262e-03

   69  0  2
8.312700966810912e-03
8.250372833910263e-03

   69  0  3
1.229640110026893e-02
1.219482664245438e-02

   69  0  4
2.920271340764368e-01
2.894461817735481e-01

   69  0  5
3.292506389610409e-01
3.282515279824583e-01

   69  0  6
3.374836201219976e-01
3.368074090993469e-01

   69  0  7
3.403058114624769e-01
3.397457745072116e-01

   70  0  0
5.938915736029374e-03
5.896556034728340e-03

   70  0  1
6.632130688113180e-03
6.584153616095059e-03

   70  0  2
8.250629419050153e-03
8.188817780057978e-03

   70  0  3
1.219528187878149e-02
1.209462926703780e-02

   70  0  4
2.894398348998553e-01
2.868716021035444e-01

   70  0  5
3.282508775897776e-01
3.272530658039749e-01

   70  0  6
3.368071986672037e-01
3.361314069616940e-01

   70  0  7
3.397458180834764e-01
3.391856857001767e-01

   71  0  0
5.896722066623107e-03
5.854696081815717e-03

   71  0  1
6.584344476336018e-03
6.536751170901948e-03

   71  0  2
8.189072511404886e-03
8.127773646591632e-03

   71  0  3
1.209508106433382e-02
1.199534337783656e-02

   71  0  4
2.868652803058335e-01
2.843097167541412e-01

   71  0  5
3.272524136046747e-01
3.262559046372907e-01

   71  0  6
3.361311948410086e-01
3.354558258377454e-01

   71  0  7
3.391857210055571e-01
3.386255099839423e-01

   72  0  0
5.854860943144025e-03
5.813166327735812e-03

   72  0  1
6.536940674346282e-03
6.489728414492990e-03

   72  0  2
8.128026532017656e-03
8.067236737425701e-03

   72  0  3
1.199579175064158e-02
1.189696209778402e-02

   72  0  4
2.843034199299579e-01
2.817604755663600e-01

   72  0  5
3.262552506462971e-01
3.252600480930755e-01

   72  0  6
3.354556120382076e-01
3.347806691028913e-01

   72  0  7
3.386255372651681e-01
3.380652638962348e-01

   73  0  0
5.813330023463183e-03
5.771964440303544e-03

   73  0  1
6.489916566901407e-03
6.443082643163268e-03

   73  0  2
8.067487784777835e-03
8.007203372171272e-03

   73  0  3
1.189740706062057e-02
1.179947857896661e-02

   73  0  4
2.817542036137161e-01
2.792238285861893e-01

   73  0  5
3.252593923252502e-01
3.242654997521676e-01

   73  0  6
3.347804536341528e-01
3.341059401131562e-01

   73  0  7
3.380652833947260e-01
3.375049634813030e-01

   74  0  0
5.772126975379478e-03
5.731088097229582e-03

   74  0  1
6.443269450277965e-03
6.396811164689945e-03

   74  0  2
8.007452589271557e-03
7.947669886086209e-03

   74  0  3
1.179992014632492e-02
1.170288600252877e-02

   74  0  4
2.792175814035597e-01
2.766997260636530e-01

   74  0  5
3.242648422223091e-01
3.232722631657033e-01

   74  0  6
3.341057229848309e-01
3.334316422052759e-01

   74  0  7
3.375049754331136e-01
3.369446243005458e-01

   75  0  0
5.731249476587643e-03
5.690534986088527e-03

   75  0  1
6.396996632234689e-03
6.350911298295432e-03

   75  0  2
7.947917280731857e-03
7.888632630025542e-03

   75  0  3
1.170332418885149e-02
1.160717757854918e-02

   75  0  4
2.766935035499741e-01
2.741881184518836e-01

   75  0  5
3.232716038885465e-01
3.222803418552428e-01

   75  0  6
3.334314234269390e-01
3.327577786967720e-01

   75  0  7
3.369446289363187e-01
3.363842614432489e-01

   76  0  0
5.690695214646400e-03
5.650302804287171e-03

   76  0  1
6.351095431975645e-03
6.305380374610724e-03

   76  0  2
7.888878209989045e-03
7.830087970392035e-03

   76  0  3
1.160761239822104e-02
1.151234654590795e-02

   76  0  4
2.741819205065507e-01
2.716889564061991e-01

   76  0  5
3.222796808454591e-01
3.212897393128976e-01

   76  0  6
3.327575582779617e-01
3.320843528860290e-01

   76  0  7
3.363842589881837e-01
3.358238895374126e-01

   77  0  0
5.650461886946722e-03
5.610389259032888e-03

   77  0  1
6.305563180113538e-03
6.260215735638858e-03

   77  0  2
7.830331743421228e-03
7.772032289086896e-03

   77  0  3
1.151277801325318e-02
1.141838617216395e-02

   77  0  4
2.716827829290649e-01
2.692021907831845e-01

   77  0  5
3.212890765850960e-01
3.203004590014566e-01

   77  0  6
3.320841308362458e-01
3.314113680523694e-01

   77  0  7
3.358238802112449e-01
3.352635227606443e-01

   78  0  0
5.610547200680199e-03
5.570792067302094e-03

   78  0  1
6.260397218633173e-03
6.215414734718465e-03

   78  0  2
7.772274262905074e-03
7.714461983460734e-03

   78  0  3
1.141881430145069e-02
1.132528975345305e-02

   78  0  4
2.691960416745568e-01
2.667277726397776e-01

   78  0  5
3.202997945701834e-01
3.193125043545114e-01

   78  0  6
3.314111443810770e-01
3.307388274561277e-01

   78  0  7
3.352635067776341e-01
3.347031748510905e-01

   79  0  0
5.570948872807544e-03
5.531508955808889e-03

   79  0  1
6.215594900855019e-03
6.170974736487510e-03

   79  0  2
7.714702165766703e-03
7.657373466264619e-03

   79  0  3
1.132571455890133e-02
1.123305061440739e-02

   79  0  4
2.667216478004169e-01
2.642656532323583e-01

   79  0  5
3.193118382342509e-01
3.183258787765820e-01

   79  0  6
3.307386021727531e-01
3.300667343387254e-01

   79  0  7
3.347031524200224e-01
3.341428591183940e-01

   80  0  0
5.531664630027191e-03
5.492537660973753e-03

   80  0  1
6.171153591398952e-03
6.126893116847134e-03

   80  0  2
7.657611864732820e-03
7.600763165601392e-03

   80  0  3
1.123347211019682e-02
1.114166210808760e-02

   80  0  4
2.642595525634761e-01
2.618157840158423e-01

   80  0  5
3.183252109817562e-01
3.173405856432404e-01

   80  0  6
3.300665074526585e-01
3.293950919227430e-01

   80  0  7
3.341428304425855e-01
3.335825884546482e-01

   81  0  0
5.492692208744036e-03
5.453875928892421e-03

   81  0  1
6.127070666148087e-03
6.083167262925650e-03

   81  0  2
7.600999787881986e-03
7.544627524877135e-03

   81  0  3
1.114208030836169e-02
1.105111761591660e-02

   81  0  4
2.618097074190990e-01
2.593781166427788e-01

   81  0  5
3.173399161882096e-01
3.163566283012347e-01

   81  0  6
3.293948634433376e-01
3.287239034119947e-01

   81  0  7
3.335825537319682e-01
3.330223753453355e-01

   82  0  0
5.454029355038277e-03
5.415521515304813e-03

   82  0  1
6.083343512212797e-03
6.039794573042679e-03

   82  0  2
7.544862378596111e-03
7.488963002752850e-03

   82  0  3
1.105153253478315e-02
1.096141054760677e-02

   82  0  4
2.593720640202820e-01
2.569526029624526e-01

   82  0  5
3.163559572002980e-01
3.153740100686125e-01

   82  0  6
3.287236733485686e-01
3.280531719916005e-01

   82  0  7
3.330223347682307e-01
3.324622318802289e-01

   83  0  0
5.415673824634363e-03
5.377472185564144e-03

   83  0  1
6.039969527894810e-03
5.996772456673397e-03

   83  0  2
7.489196095512110e-03
7.433766073096304e-03

   83  0  3
1.096182219913524e-02
1.087253434107711e-02

   83  0  4
2.569465742167546e-01
2.545391950199903e-01

   83  0  5
3.153733373360078e-01
3.143927342348437e-01

   83  0  6
3.280529403534355e-01
3.273829008280580e-01

   83  0  7
3.324621856357584e-01
3.319021697642397e-01

   84  0  0
5.377623382870084e-03
5.339725714606076e-03

   84  0  1
5.996946122651491e-03
5.954098334412926e-03

   84  0  2
7.433997412473749e-03
7.379033224934036e-03

   84  0  3
1.087294273929526e-02
1.078448246236307e-02

   84  0  4
2.545331900540864e-01
2.521378450554699e-01

   84  0  5
3.143920598847480e-01
3.134128040609425e-01

   84  0  6
3.273826676244002e-01
3.267130930693152e-01

   84  0  7
3.319021180341168e-01
3.313422003281970e-01

   85  0  0
5.339875804665744e-03
5.302279886918047e-03

   85  0  1
5.954270717060207e-03
5.911769637940867e-03

   85  0  2
7.379262818483663e-03
7.324760962403580e-03

   85  0  3
1.078488762125444e-02
1.069724840552369e-02

   85  0  4
2.521318637727959e-01
2.497485055030346e-01

   85  0  5
3.134121281074723e-01
3.124342227795888e-01

   85  0  6
3.267128583093751e-01
3.260437518448402e-01

   85  0  7
3.313421432888380e-01
3.307823345395412e-01

   86  0  0
5.302428874493469e-03
5.265132496508656e-03

   86  0  1
5.911940742782866e-03
5.869783809985923e-03

   86  0  2
7.324988817655555e-03
7.270945804705816e-03

   86  0  3
1.069765033902696e-02
1.061082569255105e-02

   86  0  4
2.497425478074654e-01
2.473711289900115e-01

   86  0  5
3.124335452368002e-01
3.114569935952494e-01

   86  0  6
3.260435155377932e-01
3.253748802656940e-01

   86  0  7
3.307822723621213e-01
3.302225830129216e-01

   87  0  0
5.265280386346599e-03
5.228281346877179e-03

   87  0  1
5.869953642530547e-03
5.828138304290685e-03

   87  0  2
7.271171929166577e-03
7.217584286057537e-03

   87  0  3
1.061122441456091e-02
1.052520787328397e-02

   87  0  4
2.473651947858589e-01
2.450056683360331e-01

   87  0  5
3.114563144771387e-01
3.104811196842991e-01

   87  0  6
3.253746424206804e-01
3.247064814245993e-01

   87  0  7
3.302225158634360e-01
3.296629560206819e-01

   88  0  0
5.228428143709223e-03
5.191724250983227e-03

   88  0  1
5.828306870028280e-03
5.786830585576542e-03

   88  0  2
7.217808687209875e-03
7.164672955644181e-03

   88  0  3
1.052560339765273e-02
1.044038852532579e-02

   88  0  4
2.449997575280436e-01
2.426520765521639e-01

   88  0  5
3.104804390048026e-01
3.095066041951398e-01

   88  0  6
3.247062420507245e-01
3.240385583960118e-01

   88  0  7
3.296628840600126e-01
3.291034635032214e-01

   89  0  0
5.191869959525802e-03
5.155459031216455e-03

   89  0  1
5.786997889979956e-03
5.745858129508698e-03

   89  0  2
7.164895640947327e-03
7.112208377572724e-03

   89  0  3
1.044078086586467e-02
1.035636125396409e-02

   89  0  4
2.426461890455172e-01
2.403103068400299e-01

   89  0  5
3.095059219681344e-01
3.085334502483203e-01

   89  0  6
3.240383175023465e-01
3.233711142361890e-01

   89  0  7
3.291033868872099e-01
3.285441150792249e-01

   90  0  0
5.155603656170907e-03
5.119483519366435e-03

   90  0  1
5.746024178033352e-03
5.705218422661353e-03

   90  0  2
7.112429354462446e-03
7.060187130824776e-03

   90  0  3
1.035675042444389e-02
1.027311969209025e-02

   90  0  4
2.403044425403361e-01
2.379803125909526e-01

   90  0  5
3.085327664876236e-01
3.075616609366551e-01

   90  0  6
3.233708718317695e-01
3.227041519832599e-01

   90  0  7
3.285440339587483e-01
3.279849200557449e-01

   91  0  0
5.119627065419082e-03
5.083795556592610e-03

   91  0  1
5.705383220745298e-03
5.664908962482977e-03

   91  0  2
7.060406406713459e-03
7.008605809209817e-03

   91  0  3
1.027350570624133e-02
1.019065750011792e-02

   91  0  4
2.379744714042513e-01
2.356620473850874e-01

   91  0  5
3.075609756560259e-01
3.065912393253432e-01

   91  0  6
3.227039080770880e-01
3.220376746572941e-01

   91  0  7
3.279848345767972e-01
3.274258874381330e-01

   92  0  0
5.083938028414789e-03
5.048392993394362e-03

   92  0  1
5.665072515546959e-03
5.624927257261724e-03

   92  0  2
7.008823391486551e-03
6.957461021318636e-03

   92  0  3
1.019104037162987e-02
1.010896836590038e-02

   92  0  4
2.356562292178450e-01
2.333554649905647e-01

   92  0  5
3.065905525384814e-01
3.056221884520854e-01

   92  0  6
3.220374292583381e-01
3.213716852603698e-01

   92  0  7
3.274257977419097e-01
3.268670259398072e-01

   93  0  0
5.048534395642494e-03
5.013273689581194e-03

   93  0  1
5.625089570709249e-03
5.585270826090971e-03

   93  0  2
6.957676917349305e-03
6.906749390476924e-03

   93  0  3
1.010934810842174e-02
1.002804600464750e-02

   93  0  4
2.333496697496726e-01
2.310605193626365e-01

   93  0  5
3.056215001726326e-01
3.046545113272018e-01

   93  0  6
3.213714383775633e-01
3.207061867766421e-01

   93  0  7
3.268669321627932e-01
3.263083439918508e-01

   94  0  0
5.013414026896825e-03
4.978435514243009e-03

   94  0  1
5.585431905308367e-03
5.545937198834994e-03

   94  0  2
6.906963607604293e-03
6.856467554699048e-03

   94  0  3
1.002842263178572e-02
9.947884158843215e-03

   94  0  4
2.310547469554091e-01
2.287771646428252e-01

   94  0  5
3.046538215687414e-01
3.036882109337491e-01

   94  0  6
3.207059384188855e-01
3.200411821724110e-01

   94  0  7
3.263082462659125e-01
3.257498497524344e-01

   95  0  0
4.978574791252880e-03
4.943876345720516e-03

   95  0  1
5.546097049191477e-03
5.506923916094743e-03

   95  0  2
6.856680100242842e-03
6.806612166641982e-03

   95  0  3
9.948257684164852e-03
9.868476598163726e-03

   95  0  4
2.287714149769985e-01
2.265053551580780e-01

   95  0  5
3.036875197098063e-01
3.027232902276357e-01

   95  0  6
3.200409323485708e-01
3.193766743961889e-01

   95  0  7
3.257497482049121e-01
3.251915511160544e-01

   96  0  0
4.944014567036603e-03
4.909594071575723e-03

   96  0  1
5.507082542942470e-03
5.468228529173766e-03

   96  0  2
6.806823047898974e-03
6.757179893559417e-03

   96  0  3
9.868847035194760e-03
9.789817119396527e-03

   96  0  4
2.264996281418067e-01
2.242450454199235e-01

   96  0  5
3.027225975516784e-01
3.017597521377389e-01

   96  0  6
3.193764231150985e-01
3.187126663787673e-01

   96  0  7
3.251914458698604e-01
3.246334557225858e-01

   97  0  0
4.909731241795293e-03
4.875586588562540e-03

   97  0  1
5.468385937847904e-03
5.429848600044238e-03

   97  0  2
6.757389117803513e-03
6.708167417256037e-03

   97  0  3
9.790184481622650e-03
9.711899546359908e-03

   97  0  4
2.242393409617800e-01
2.219961901236335e-01

   97  0  5
3.017590580231774e-01
3.007975995660194e-01

   97  0  6
3.187124136492266e-01
3.180491610332835e-01

   97  0  7
3.246333468963011e-01
3.240755709661394e-01

   98  0  0
4.875722712268216e-03
4.841851802597516e-03

   98  0  1
5.430004795863027e-03
5.391781701313136e-03

   98  0  2
6.708374991738359e-03
6.659571434041963e-03

   98  0  3
9.712263847226730e-03
9.634717729822684e-03

   98  0  4
2.219905081326055e-01
2.197587441473884e-01

   98  0  5
3.007969040262067e-01
2.998368353876359e-01

   98  0  6
3.180489068640597e-01
3.173861612552876e-01

   98  0  7
3.240754586741139e-01
3.235179040037252e-01

   99  0  0
4.841986884357309e-03
4.808387628730626e-03

   99  0  1
5.391936689577949e-03
5.354025416188510e-03

   99  0  2
6.659777365990931e-03
6.611388654687360e-03

   99  0  3
9.635078982735849e-03
9.558265547424054e-03

   99  0  4
2.197530845328768e-01
2.175326625514454e-01

   99  0  5
2.998361384358685e-01
2.988774624510602e-01

   99  0  6
3.173859056551147e-01
3.167236699228076e-01

   99  0  7
3.235177883561791e-01
3.229604617637141e-01

  100  0  0
4.808521673098013e-03
4.775191991116239e-03

  100  0  1
5.354179202183909e-03
5.316577338445898e-03

  100  0  2
6.611592951308782e-03
6.563615804377217e-03

  100  0  3
9.558623765749355e-03
9.482536903593637e-03

  100  0  4
2.175270252232631e-01
2.153179005773122e-01

  100  0  5
2.988767641005773e-01
2.979194835781897e-01

  100  0  6
3.167234129003872e-01
3.160616898964163e-01

  100  0  7
3.229603428668402e-01
3.224032509540983e-01

  101  0  0
4.775325002630197e-03
4.742262822984117e-03

  101  0  1
5.316729927439709e-03
5.279435072394857e-03

  101  0  2
6.563818472854364e-03
6.516249622666281e-03

  101  0  3
9.482892100657121e-03
9.407525729471773e-03

  101  0  4
2.153122854456813e-01
2.131144136469229e-01

  101  0  5
2.979187838421746e-01
2.969629015644620e-01

  101  0  6
3.160614314604170e-01
3.154002240192952e-01

  101  0  7
3.224031289101653e-01
3.218462780705467e-01

  102  0  0
4.742394806169183e-03
4.709598066610574e-03

  102  0  1
5.279586469638215e-03
5.242596232845605e-03

  102  0  2
6.516450670159973e-03
6.469286863434172e-03

  102  0  3
9.407877918559864e-03
9.333225982830108e-03

  102  0  4
2.131088206224737e-01
2.109221573618192e-01

  102  0  5
2.969622004560414e-01
2.960077191789670e-01

  102  0  6
3.153999641783533e-01
3.147392751173013e-01

  102  0  7
3.218461529780016e-01
3.212895494042530e-01

  103  0  0
4.709729025976902e-03
4.677195673289716e-03

  103  0  1
5.242746443573026e-03
5.206058445075810e-03

  103  0  2
6.469486297082857e-03
6.422724294840637e-03

  103  0  3
9.333575177189784e-03
9.259631647992567e-03

  103  0  4
2.109165863555877e-01
2.087410875023337e-01

  103  0  5
2.960070167112120e-01
2.950539391645592e-01

  103  0  6
3.147390138800212e-01
3.140788459990304e-01

  103  0  7
3.212894213578264e-01
3.207330710495782e-01

  104  0  0
4.677325613333116e-03
4.645053603304776e-03

  104  0  1
5.206207474505246e-03
5.169819344797468e-03

  104  0  2
6.422922121760484e-03
6.376558699281001e-03

  104  0  3
9.259977860831511e-03
9.186736735756625e-03

  104  0  4
2.087355384257600e-01
2.065711600267789e-01

  104  0  5
2.950532353504849e-01
2.941015642379696e-01

  104  0  6
3.140785833739840e-01
3.134189394558824e-01

  104  0  7
3.207329401403873e-01
3.201768489114848e-01

  105  0  0
4.645182528506782e-03
4.613169825899590e-03

  105  0  1
5.169967198130376e-03
5.133876578123939e-03

  105  0  2
6.376754926565966e-03
6.330786873341743e-03

  105  0  3
9.187079980243375e-03
9.114535283314865e-03

  105  0  4
2.065656327917050e-01
2.044123310706383e-01

  105  0  5
2.941008590905359e-01
2.931505970899171e-01

  105  0  6
3.134186754516100e-01
3.127595582621250e-01

  105  0  7
3.201767152271377e-01
3.196208887127618e-01

  106  0  0
4.613297740727502e-03
4.581542319250131e-03

  106  0  1
5.134023260545325e-03
5.098227801537047e-03

  106  0  2
6.330981508063659e-03
6.285405627756260e-03

  106  0  3
9.114875572578958e-03
9.043021354176806e-03

  106  0  4
2.044068255893066e-01
2.022645569457621e-01

  106  0  5
2.931498906220287e-01
2.922010403852195e-01

  106  0  6
3.127592928871348e-01
3.121007051749576e-01

  106  0  7
3.196207523374605e-01
3.190651960010440e-01

  107  0  0
4.581669228157068e-03
4.550169070436175e-03

  107  0  1
5.098373318215546e-03
5.062870681854378e-03

  107  0  2
6.285598676964910e-03
6.240411787360773e-03

  107  0  3
9.043358701308922e-03
8.972189038091039e-03

  107  0  4
2.022590731308136e-01
2.001277941395662e-01

  107  0  5
2.922003326097257e-01
2.912528967629036e-01

  107  0  6
3.121004384377264e-01
3.114423829345754e-01

  107  0  7
3.190650570156870e-01
3.185097761556228e-01

  108  0  0
4.550294977861133e-03
4.519048075413072e-03

  108  0  1
5.063015037942293e-03
5.027802896196616e-03

  108  0  2
6.240603258083982e-03
6.195802191050413e-03

  108  0  3
8.972523456143132e-03
8.902032450967589e-03

  108  0  4
2.001223319040386e-01
1.980019993142355e-01

  108  0  5
2.912521876925994e-01
2.903061688363150e-01

  108  0  6
3.114421148435484e-01
3.107845942642316e-01

  108  0  7
3.185096346379078e-01
3.179546343940525e-01

  109  0  0
4.519172985780965e-03
4.488177338983601e-03

  109  0  1
5.027946096829992e-03
4.993022131955053e-03

  109  0  2
6.195992090294119e-03
6.151573691735456e-03

  109  0  3
8.902363952953041e-03
8.832545734800626e-03

  109  0  4
1.979965585715611e-01
1.958871293059299e-01

  109  0  5
2.903054584839404e-01
2.893608591932278e-01

  109  0  6
3.107843248278224e-01
3.101273418703010e-01

  109  0  7
3.179544904185774e-01
3.173997757785524e-01

  110  0  0
4.488301256705318e-03
4.457554874769935e-03

  110  0  1
4.993164182253738e-03
4.958526086759206e-03

  110  0  2
6.151762026483790e-03
6.107723156297702e-03

  110  0  3
8.832874333694384e-03
8.763723057591436e-03

  110  0  4
1.958817099699342e-01
1.937831411239946e-01

  110  0  5
2.893601475714690e-01
2.884169703959539e-01

  110  0  6
3.101270710968924e-01
3.094706284423432e-01

  110  0  7
3.173996294169150e-01
3.168452052222052e-01

  111  0  0
4.457677804242397e-03
4.427178705185727e-03

  111  0  1
4.958666991826895e-03
4.924312468444526e-03

  111  0  2
6.107909933513068e-03
6.064247465547039e-03

  111  0  3
8.764048766330152e-03
8.695558613271665e-03

  111  0  4
1.937777431088943e-01
1.916899919501737e-01

  111  0  5
2.884162575174429e-01
2.874745049814507e-01

  111  0  6
3.094703563402868e-01
3.088144566531639e-01

  111  0  7
3.168450565431024e-01
3.162909274949564e-01

  112  0  0
4.427300650791923e-03
4.397046861408260e-03

  112  0  1
4.924452233368837e-03
4.890378995020264e-03

  112  0  2
6.064432692170197e-03
6.021143514178148e-03

  112  0  3
8.695881444753839e-03
8.628046621626853e-03

  112  0  4
1.916846151705751e-01
1.896076391378279e-01

  112  0  5
2.874737908587653e-01
2.865334654614295e-01

  112  0  6
3.088141832307801e-01
3.081588291588773e-01

  112  0  7
3.162907765642812e-01
3.157369472294157e-01

  113  0  0
4.397167827517309e-03
4.367157383350724e-03

  113  0  1
4.890517624872779e-03
4.856723394637420e-03

  113  0  2
6.021327197128282e-03
5.978408210727366e-03

  113  0  3
8.628366588712962e-03
8.561181328220202e-03

  113  0  4
1.896022835087251e-01
1.875360402111543e-01

  113  0  5
2.865327501070942e-01
2.855938543224635e-01

  113  0  6
3.081585544244560e-01
3.075037485989685e-01

  113  0  7
3.157367941103548e-01
3.151832689264629e-01

  114  0  0
4.367277374317927e-03
4.337508319634608e-03

  114  0  1
4.856860894473761e-03
4.823343405556828e-03

  114  0  2
5.978590356902175e-03
5.936038477529710e-03

  114  0  3
8.561498443732826e-03
8.494957004316616e-03

  114  0  4
1.875307056479276e-01
1.854751528644116e-01

  114  0  5
2.855931377489496e-01
2.846556740260943e-01

  114  0  6
3.075034725607689e-01
3.068492175963541e-01

  114  0  7
3.151831136795900e-01
3.146298969606610e-01

  115  0  0
4.337627339801488e-03
4.308097727562137e-03

  115  0  1
4.823479780416700e-03
4.790236776117349e-03

  115  0  2
5.936219093805479e-03
5.894031250676065e-03

  115  0  3
8.495271281040592e-03
8.429367946807070e-03

  115  0  4
1.854698392828256e-01
1.834249349611468e-01

  115  0  5
2.846549562458197e-01
2.837189270089390e-01

  115  0  6
3.068489402626047e-01
3.061952387574444e-01

  115  0  7
3.146297396440297e-01
3.140768355854813e-01

  116  0  0
4.308215781256501e-03
4.278923673088886e-03

  116  0  1
4.790372031024611e-03
4.757401264704188e-03

  116  0  2
5.894210343907743e-03
5.852383479970497e-03

  116  0  3
8.429679397489629e-03
8.364408478133236e-03

  116  0  4
1.834196422773488e-01
1.813853445334266e-01

  116  0  5
2.837182080342687e-01
2.827836156827964e-01

  116  0  6
3.061949601363435e-01
3.055418146722039e-01

  116  0  7
3.140766762547174e-01
3.135240889383409e-01

  117  0  0
4.279040764624863e-03
4.249984230796419e-03

  117  0  1
4.757535404666904e-03
4.724834639717316e-03

  117  0  2
5.852561056991777e-03
5.811092128887759e-03

  117  0  3
8.364717115484145e-03
8.300072946212430e-03

  117  0  4
1.813800726639451e-01
1.793563397810718e-01

  117  0  5
2.827828955260426e-01
2.818497424347524e-01

  117  0  6
3.055415347719194e-01
3.048889479142122e-01

  117  0  7
3.135239276467305e-01
3.129716610454598e-01

  118  0  0
4.250100364474513e-03
4.221277483865069e-03

  118  0  1
4.724967669727806e-03
4.692534679540008e-03

  118  0  2
5.811268196511150e-03
5.770154174530925e-03

  118  0  3
8.300378782904150e-03
8.236355724362866e-03

  118  0  4
1.793510886428148e-01
1.773378790708945e-01

  118  0  5
2.818490211081751e-01
2.809173096272857e-01

  118  0  6
3.048886667428821e-01
3.042366410407244e-01

  118  0  7
3.129714978440379e-01
3.124195558265374e-01

  119  0  0
4.221392663972220e-03
4.192801524046819e-03

  119  0  1
4.692666604574919e-03
4.660499172507501e-03

  119  0  2
5.770328739547840e-03
5.729566607589197e-03

  119  0  3
8.236658773030684e-03
8.173251211229133e-03

  119  0  4
1.773326485811479e-01
1.753299209359392e-01

  119  0  5
2.809165871430924e-01
2.799863195983728e-01

  119  0  6
3.042363586064563e-01
3.035848965927311e-01

  119  0  7
3.124193907641732e-01
3.118677770992541e-01

  120  0  0
4.192915754856437e-03
4.164554451638266e-03

  120  0  1
4.660629997527852e-03
4.628725916875765e-03

  120  0  2
5.729739676770010e-03
5.689326432295837e-03

  120  0  3
8.173551484471294e-03
8.110753830707916e-03

  120  0  4
1.753247110123648e-01
1.733324240747267e-01

  120  0  5
2.799855959687188e-01
2.790567746615920e-01

  120  0  6
3.035846129036031e-01
3.029337170950190e-01

  120  0  7
3.118676102227342e-01
3.113163285836026e-01

  121  0  0
4.164667737410288e-03
4.136534375453678e-03

  121  0  1
4.628855646827014e-03
4.597212720790386e-03

  121  0  2
5.689498012389981e-03
5.649430666386279e-03

  121  0  3
8.111051341085702e-03
8.048858031873831e-03

  121  0  4
1.733272346353613e-01
1.713453473505017e-01

  121  0  5
2.790560498985813e-01
2.781286771062278e-01

  121  0  6
3.029334321590791e-01
3.022831050562297e-01

  121  0  7
3.113161599377133e-01
3.107652139060511e-01

  122  0  0
4.136646720434614e-03
4.108739412798174e-03

  122  0  1
4.597341360602479e-03
4.565957402255559e-03

  122  0  2
5.649600764122313e-03
5.609876341056392e-03

  122  0  3
8.049152791911684e-03
7.987558288905556e-03

  122  0  4
1.713401783137550e-01
1.693686497904831e-01

  122  0  5
2.781279512219124e-01
2.772020291973743e-01

  122  0  6
3.022828188814966e-01
3.016330629689202e-01

  122  0  7
3.107650435336578e-01
3.102144366035434e-01

  123  0  0
4.108850821221155e-03
4.081167689440968e-03

  123  0  1
4.566084956842982e-03
4.534957789103183e-03

  123  0  2
5.610044963142068e-03
5.570660500920871e-03

  123  0  3
7.987850311091192e-03
7.926849101012207e-03

  123  0  4
1.693635010751360e-01
1.674022905851178e-01

  123  0  5
2.772013022037547e-01
2.762768331760386e-01

  123  0  6
3.016327755633830e-01
3.009835933096211e-01

  123  0  7
3.102142645456677e-01
3.096640001273394e-01

  124  0  0
4.081278165525796e-03
4.053817339588739e-03

  124  0  1
4.535084263365033e-03
4.504211718962101e-03

  124  0  2
5.570827654043224e-03
5.531780203971800e-03

  124  0  3
7.927138397796763e-03
7.866724992360076e-03

  124  0  4
1.673971621103213e-01
1.654462290873379e-01

  124  0  5
2.762761050850645e-01
2.753530912592431e-01

  124  0  6
3.009833046812395e-01
3.003346985388964e-01

  124  0  7
3.096638264232356e-01
3.091139078467015e-01

  125  0  0
4.053926887541939e-03
4.026686505859084e-03

  125  0  1
4.504337117782126e-03
4.473717039227416e-03

  125  0  2
5.531945894797215e-03
5.493232521537361e-03

  125  0  3
7.867011576158317e-03
7.807180511999860e-03

  125  0  4
1.654411207726106e-01
1.635004248118205e-01

  125  0  5
2.753523620828128e-01
2.744308056401282e-01

  125  0  6
3.003344086956005e-01
2.996863811014012e-01

  125  0  7
3.091137325339282e-01
3.085641630524288e-01

  126  0  0
4.026795129873947e-03
3.999773339254067e-03

  126  0  1
4.473841367474081e-03
4.443471607029939e-03

  126  0  2
5.493396756711651e-03
5.455014538240695e-03

  126  0  3
7.807464395190349e-03
7.748210233794193e-03

  126  0  4
1.634953365770477e-01
1.615648374342522e-01

  126  0  5
2.744300753900895e-01
2.735099784880540e-01

  126  0  6
2.996860900510926e-01
2.990386434259414e-01

  126  0  7
3.085639861669215e-01
3.080147689602462e-01

  127  0  0
3.999881043510692e-03
3.973075999133853e-03

  127  0  1
4.443594869556476e-03
4.413473289205735e-03

  127  0  2
5.455177324389172e-03
5.417123351958892e-03

  127  0  3
7.748491428719472e-03
7.689808756345510e-03

  127  0  4
1.615597691996835e-01
1.596394267905953e-01

  127  0  5
2.735092471762042e-01
2.725906119487016e-01

  127  0  6
2.990383511764924e-01
2.983914879255313e-01

  127  0  7
3.080145905363864e-01
3.074657287140503e-01

  128  0  0
3.973182787799213e-03
3.946592653190478e-03

  128  0  1
4.413595490850200e-03
4.383719962265787e-03

  128  0  2
5.417284695686442e-03
5.379556073782156e-03

  128  0  3
7.690087275312191e-03
7.631970702923940e-03

  128  0  4
1.596343784768433e-01
1.577241528763590e-01

  128  0  5
2.725898795867875e-01
2.716727081441744e-01

  128  0  6
2.983911944847850e-01
2.977449169974509e-01

  128  0  7
3.074655487847314e-01
3.069170453890164e-01

  129  0  0
3.946698530418445e-03
3.920321477421652e-03

  129  0  1
4.383841107851115e-03
4.354209512365768e-03

  129  0  2
5.379715981673318e-03
5.342309827973115e-03

  129  0  3
7.632246558202774e-03
7.574690721395248e-03

  129  0  4
1.577191244043971e-01
1.558189758458734e-01

  129  0  5
2.716719747438927e-01
2.707562691730988e-01

  129  0  6
2.977446223732222e-01
2.970989330233053e-01

  129  0  7
3.069168639857094e-01
3.063687219945734e-01

  130  0  0
3.920426447353060e-03
3.894260656104705e-03

  130  0  1
4.354329606699823e-03
4.324939835275920e-03

  130  0  2
5.342468306592150e-03
5.305381751926255e-03

  130  0  3
7.574963925221117e-03
7.517963484148714e-03

  130  0  4
1.558139671370338e-01
1.539238560115676e-01

  130  0  5
2.707555347460963e-01
2.698412971107237e-01

  130  0  6
2.970986372233799e-01
2.964535383690804e-01

  130  0  7
3.063685391473895e-01
3.058207614772471e-01

  131  0  0
3.894364722867394e-03
3.868408381770612e-03

  131  0  1
4.325058883151557e-03
4.295908836351037e-03

  131  0  2
5.305538807817215e-03
5.268768996127520e-03

  131  0  3
7.518234048720674e-03
7.461783688025200e-03

  131  0  4
1.539188669875395e-01
1.520387538432516e-01

  131  0  5
2.698405616685974e-01
2.689277940090212e-01

  131  0  6
2.964532414012158e-01
2.958087353852018e-01

  131  0  7
3.058205772149987e-01
3.052731667233792e-01

  132  0  0
3.868511549479466e-03
3.842762855178101e-03

  132  0  1
4.296026842546147e-03
4.267114430500563e-03

  132  0  2
5.268924635814332e-03
5.232468724114058e-03

  132  0  3
7.462051625506613e-03
7.406146054245652e-03

  132  0  4
1.520337844260791e-01
1.501636299674020e-01

  132  0  5
2.689270575633190e-01
2.680157618967857e-01

  132  0  6
2.958084372571268e-01
2.951645264065904e-01

  132  0  7
3.052729810736377e-01
3.047259405617239e-01

  133  0  0
3.842865127935108e-03
3.817322285287876e-03

  133  0  1
4.267231399778137e-03
4.238554542158804e-03

  133  0  2
5.232622954100585e-03
5.196478112434095e-03

  133  0  3
7.406411376764385e-03
7.351045328340168e-03

  133  0  4
1.501586800794817e-01
1.482984451664525e-01

  133  0  5
2.680150244590054e-01
2.671052027797320e-01

  133  0  6
2.951642271260057e-01
2.945209137527203e-01

  133  0  7
3.047257535508773e-01
3.041790857659289e-01

  134  0  0
3.817423667182161e-03
3.792084889236898e-03

  134  0  1
4.238670479266976e-03
4.210227105255221e-03

  134  0  2
5.196630939204216e-03
5.160794350606979e-03

  134  0  3
7.351308047988895e-03
7.296476280077801e-03

  134  0  4
1.482935147305314e-01
1.464431603780881e-01

  134  0  5
2.671044643613229e-01
2.661961186405951e-01

  134  0  6
2.945206133272981e-01
2.938778997276750e-01

  134  0  7
3.041788974192359e-01
3.036326050569007e-01

  135  0  0
3.792185384344782e-03
3.767048892312804e-03

  135  0  1
4.210342014927329e-03
4.182130063184859e-03

  135  0  2
5.160945780624654e-03
5.125414641083337e-03

  135  0  3
7.296736408914286e-03
7.242433703396869e-03

  135  0  4
1.464382493172614e-01
1.445977366945443e-01

  135  0  5
2.661953792529573e-01
2.652885114392279e-01

  135  0  6
2.938775981650599e-01
2.932354866202039e-01

  135  0  7
3.036324153985430e-01
3.030865011050631e-01

  136  0  0
3.767148504697807e-03
3.742402650286344e-03

  136  0  1
4.182243950139464e-03
4.154474718373232e-03

  136  0  2
5.125564680792653e-03
5.090604789185327e-03

  136  0  3
7.242691253444144e-03
7.189322398593227e-03

  136  0  4
1.445929191023267e-01
1.427760947953911e-01

  136  0  5
2.652877823478526e-01
2.643892868125111e-01

  136  0  6
2.932351885347398e-01
2.925985682694106e-01

  136  0  7
3.030863130684637e-01
3.025449362869719e-01

  137  0  0
3.742499892169326e-03
3.715495009255858e-03

  137  0  1
4.154585882410105e-03
4.124286290668463e-03

  137  0  2
5.090751201479064e-03
5.052620632667763e-03

  137  0  3
7.189573550521904e-03
7.131431004234030e-03

  137  0  4
1.427702905242059e-01
1.407834175878736e-01

  137  0  5
2.643884033865567e-01
2.634018240367400e-01

  137  0  6
2.925982061304402e-01
2.918986467353874e-01

  137  0  7
3.025447071194982e-01
3.019496494239749e-01

  138  0  0
3.715611510084826e-03
3.686164592856137e-03

  138  0  1
4.124419447132648e-03
4.091385492636302e-03

  138  0  2
5.052795929745288e-03
5.011242202644713e-03

  138  0  3
7.131731212187104e-03
7.068448985790082e-03

  138  0  4
1.407764275639850e-01
1.386048808365591e-01

  138  0  5
2.634007534824171e-01
2.623176558458279e-01

  138  0  6
2.918982066247200e-01
2.911295696872108e-01

  138  0  7
3.019493699861189e-01
3.012953633475048e-01

  139  0  0
3.686304020632967e-03
3.654222002043018e-03

  139  0  1
4.091544822010253e-03
4.055561507941271e-03

  139  0  2
5.011451847464544e-03
4.966209586136315e-03

  139  0  3
7.068807359775636e-03
7.000004019369319e-03

  139  0  4
1.385964668024058e-01
1.362246377589121e-01

  139  0  5
2.623163583657899e-01
2.611275440120528e-01

  139  0  6
2.911290346160667e-01
2.902846017193969e-01

  139  0  7
3.012950224306592e-01
3.005762942918804e-01

  140  0  0
3.654388674229777e-03
3.619468902667091e-03

  140  0  1
4.055751928056046e-03
4.016593852837458e-03

  140  0  2
4.966459995489535e-03
4.917251844518756e-03

  140  0  3
7.000431200996277e-03
6.925712045406926e-03

  140  0  4
1.362145148809746e-01
1.336258072878953e-01

  140  0  5
2.611259713005512e-01
2.598214184316089e-01

  140  0  6
2.902839509377716e-01
2.893563731398357e-01

  140  0  7
3.005758781402756e-01
2.997861060164677e-01

  141  0  0
3.619667884300824e-03
3.581698880631310e-03

  141  0  1
4.016821129205659e-03
3.974253398212644e-03

  141  0  2
4.917550528136169e-03
4.864088498810167e-03

  141  0  3
6.926220409174232e-03
6.845180418522767e-03

  141  0  4
1.336136354749901e-01
1.307904782364010e-01

  141  0  5
2.598195118444183e-01
2.583883135959572e-01

  141  0  6
2.893555812870697e-01
2.883368252325921e-01

  141  0  7
2.997855977363450e-01
2.989178604450077e-01

  142  0  0
3.581936091157391e-03
3.540698638481883e-03

  142  0  1
3.974524263714138e-03
3.928303782546301e-03

  142  0  2
4.864444208706077e-03
4.806431531688003e-03

  142  0  3
6.845784278243435e-03
6.758011954790968e-03

  142  0  4
1.307758519782856e-01
1.276997339320575e-01

  142  0  5
2.583860019246408e-01
2.568163029391472e-01

  142  0  6
2.883358612918793e-01
2.872171520100854e-01

  142  0  7
2.989172392738811e-01
2.979639647344626e-01

  143  0  0
3.540980965556494e-03
3.496249586892651e-03

  143  0  1
3.928626064271532e-03
3.878503275629380e-03

  143  0  2
4.806854418188448e-03
4.743987981059191e-03

  143  0  3
6.758727765160333e-03
6.663809987897357e-03

  143  0  4
1.276821704522607e-01
1.243337027866075e-01

  143  0  5
2.568134997041620e-01
2.550924317630685e-01

  143  0  6
2.872159780208080e-01
2.859877385567540e-01

  143  0  7
2.979632051366474e-01
2.969161147397131e-01

  144  0  0
3.496585004011040e-03
3.448129883601450e-03

  144  0  1
3.878886025032864e-03
3.824607151306412e-03

  144  0  2
4.744489749588825e-03
4.676463196147448e-03

  144  0  3
6.664656526000473e-03
6.562184531324932e-03

  144  0  4
1.243126282908365e-01
1.206716412860135e-01

  144  0  5
2.550890319220330e-01
2.532026497104136e-01

  144  0  6
2.859863080276193e-01
2.846380961831195e-01

  144  0  7
2.969151852859494e-01
2.957652349152425e-01

  145  0  0
3.448527566453689e-03
3.396116967128911e-03

  145  0  1
3.825060771513201e-03
3.766370620780280e-03

  145  0  2
4.677057255554760e-03
4.603564815848496e-03

  145  0  3
6.563183035772796e-03
6.452759614050387e-03

  145  0  4
1.206463750808649e-01
1.166920570403445e-01

  145  0  5
2.531985256560579e-01
2.511317440917410e-01

  145  0  6
2.846363521356385e-01
2.831567947628809e-01

  145  0  7
2.957640968938169e-01
2.945014147965299e-01

  146  0  0
3.396587400888447e-03
3.339990620976811e-03

  146  0  1
3.766906981711024e-03
3.703552363735051e-03

  146  0  2
4.604266404546156e-03
4.525007507153011e-03

  146  0  3
6.453933849875131e-03
6.335181805606472e-03

  146  0  4
1.166617932998396e-01
1.123728808157418e-01

  146  0  5
2.511267407880340e-01
2.488632757937076e-01

  146  0  6
2.831546673182472e-01
2.815313928258261e-01

  146  0  7
2.945000204903022e-01
2.931138423397267e-01

  147  0  0
3.340545687075981e-03
3.279536583186565e-03

  147  0  1
3.704184891421714e-03
3.635918669435567e-03

  147  0  2
4.525833777294358e-03
4.440518464245051e-03

  147  0  3
6.336558010390716e-03
6.209129864108301e-03

  147  0  4
1.123366677909555e-01
1.076916978755350e-01

  147  0  5
2.488572048677661e-01
2.463795200184612e-01

  147  0  6
2.815287962280985e-01
2.797483662376347e-01

  147  0  7
2.931121328873154e-01
2.915907345776934e-01

  148  0  0
3.280189609252013e-03
3.214550682453262e-03

  148  0  1
3.636662390170970e-03
3.563248159753572e-03

  148  0  2
4.441488496114991e-03
4.349843610505476e-03

  148  0  3
6.210736514358411e-03
6.074325316854584e-03

  148  0  4
1.076484143685096e-01
1.026260504673928e-01

  148  0  5
2.463721525895052e-01
2.436614147508311e-01

  148  0  6
2.797451951816406e-01
2.777930366283702e-01

  148  0  7
2.915886373171269e-01
2.899192662853046e-01

  149  0  0
3.215316432644439e-03
3.144843430633665e-03

  149  0  1
3.564119672184306e-03
3.485337005148682e-03

  149  0  2
4.350978318770864e-03
4.252754358356808e-03

  149  0  3
6.076192632394823e-03
5.930543602291295e-03

  149  0  4
1.025743796250155e-01
9.715382466359632e-02

  149  0  5
2.436524727351307e-01
2.406885206453068e-01

  149  0  6
2.777891617311680e-01
2.756495011519070e-01

  149  0  7
2.899166914539879e-01
2.880854976514235e-01

  150  0  0
3.145738005275182e-03
3.070244926269545e-03

  150  0  1
3.486354343649398e-03
3.402004455788511e-03

  150  0  2
4.254076238211627e-03
4.149054655747158e-03

  150  0  3
5.932702678744863e-03
5.777625142771535e-03

  150  0  4
9.709222320069706e-02
9.125373970014299e-02

  150  0  5
2.406776662275151e-01
2.374389969976616e-01

  150  0  6
2.756447633712572e-01
2.733005656895065e-01

  150  0  7
2.880823342866294e-01
2.860743023465578e-01

  151  0  0
3.071285528998619e-03
2.990609817508004e-03

  151  0  1
3.403186795995086e-03
3.313098384919636e-03

  151  0  2
4.150587299709256e-03
4.038587871790064e-03

  151  0  3
5.780106567018643e-03
5.615485360079464e-03

  151  0  4
9.118042961008235e-02
8.490592028087281e-02

  151  0  5
2.374258199033271e-01
2.338895996479267e-01

  151  0  6
2.732947694504183e-01
2.707276842763687e-01

  151  0  7
2.860704131947889e-01
2.838692978743637e-01

  152  0  0
2.991814334352752e-03
2.905821918175453e-03

  152  0  1
3.314465526173469e-03
3.218500359771319e-03

  152  0  2
4.040355165516354e-03
3.921242818103591e-03

  152  0  3
5.618317121300968e-03
5.444122136039559e-03

  152  0  4
8.481854759229293e-02
7.809280063551137e-02

  152  0  5
2.338736017975263e-01
2.300157081008492e-01

  152  0  6
2.707205890210262e-01
2.679109083662503e-01

  152  0  7
2.838645130786463e-01
2.814527807320129e-01

  153  0  0
2.907208239148405e-03
2.815797911227845e-03

  153  0  1
3.220071903432367e-03
3.118129569899080e-03

  153  0  2
3.923267703246025e-03
3.796957950691484e-03

  153  0  3
5.447326630960948e-03
5.263618814143397e-03

  153  0  4
7.799098846878662e-02
7.080037284785490e-02

  153  0  5
2.299962851697180e-01
2.257913907446084e-01

  153  0  6
2.679022181908651e-01
2.648288505110885e-01

  153  0  7
2.814468900213108e-01
2.788056696454235e-01

  154  0  0
2.817382899398335e-03
2.720489308488322e-03

  154  0  1
3.119923680457427e-03
3.011944629054399e-03

  154  0  2
3.799260588446774e-03
3.665722346281838e-03

  154  0  3
5.267208441461117e-03
5.074139730637257e-03

  154  0  4
7.067545332798293e-02
6.300652767421200e-02

  154  0  5
2.257678095203709e-01
2.211895196027236e-01

  154  0  6
2.648182011731148e-01
2.614586685845381e-01

  154  0  7
2.787984124452696e-01
2.759074613595963e-01

  155  0  0
2.722287140112896e-03
2.619879421355482e-03

  155  0  1
3.013976058635705e-03
2.899939392612500e-03

  155  0  2
3.668317258438335e-03
3.527567835324594e-03

  155  0  3
5.078110753428382e-03
4.875904189249106e-03

  155  0  4
6.283226820736437e-02
5.475283249660043e-02

  155  0  5
2.211608942684575e-01
2.161819496769528e-01

  155  0  6
2.614456134917904e-01
2.577760789021356e-01

  155  0  7
2.758985160743030e-01
2.727362052193165e-01

  156  0  0
2.621900518713006e-03
2.513983146594767e-03

  156  0  1
2.902218253699665e-03
2.782142236153260e-03

  156  0  2
3.530462323443684e-03
3.382566812069853e-03

  156  0  3
4.880236296226563e-03
4.669187290133734e-03

  156  0  4
5.468405588177569e-02
4.609899654159132e-02

  156  0  5
2.161472131769928e-01
2.107397591158971e-01

  156  0  6
2.577600717603066e-01
2.537553963951198e-01

  156  0  7
2.727251758210632e-01
2.692684947416298e-01

  157  0  0
2.516231241804680e-03
2.402851538555535e-03

  157  0  1
2.784670287887803e-03
2.658620762226793e-03

  157  0  2
3.385754534716913e-03
3.230836928573746e-03

  157  0  3
4.673809084624040e-03
4.454319499235481e-03

  157  0  4
4.613393131624868e-02
3.648317128833531e-02

  157  0  5
2.106975807798404e-01
2.048335964625117e-01

  157  0  6
2.537357430399308e-01
2.493696283411425e-01

  157  0  7
2.692548729366722e-01
2.654794967935109e-01

  158  0  0
2.405304561047419e-03
2.286476450259058e-03

  158  0  1
2.661368723794303e-03
2.529367415885911e-03

  158  0  2
3.234265144026238e-03
3.072370881000389e-03

  158  0  3
4.459048839419155e-03
4.231232178269199e-03

  158  0  4
3.578371767590866e-02
2.571583463546961e-02

  158  0  5
2.047823372452011e-01
1.984343247412839e-01

  158  0  6
2.493454584158310e-01
2.445907288341694e-01

  158  0  7
2.654626396971250e-01
2.613431027426998e-01

  159  0  0
2.289088892915612e-03
2.164648967923478e-03

  159  0  1
2.532279818833740e-03
2.394133120422731e-03

  159  0  2
3.075956653703030e-03
2.906803492381046e-03

  159  0  3
4.235945633042943e-03
3.999069991381801e-03

  159  0  4
2.394570029998075e-02
1.597934852822973e-02

  159  0  5
1.983722303694848e-01
1.915137467772933e-01

  159  0  6
2.445610986459769e-01
2.393898958739859e-01

  159  0  7
2.613223138622643e-01
2.568321082139556e-01

  160  0  0
2.167426099913590e-03
2.037109530972992e-03

  160  0  1
2.397216506590956e-03
2.252606082991697e-03

  160  0  2
2.910561325110399e-03
2.733675342205907e-03

  160  0  3
4.003921366139456e-03
3.756869763258719e-03

  160  0  4
1.417577423539562e-02
9.731478764690748e-03

  160  0  5
1.914391146247446e-01
1.840448090326914e-01

  160  0  6
2.393538745217534e-01
2.337375781372762e-01

  160  0  7
2.568067048619965e-01
2.519181586911497e-01

  161  0  0
2.040151929105879e-03
1.903886856411248e-03

  161  0  1
2.255977088418295e-03
2.104805701465212e-03

  161  0  2
2.737766068761216e-03
2.552970490297258e-03

  161  0  3
3.762167156164165e-03
3.504458651531046e-03

  161  0  4
8.720178416819713e-03
6.845790863486495e-03

  161  0  5
1.839558096463046e-01
1.760015583388564e-01

  161  0  6
2.336941382377740e-01
2.276033493485907e-01

  161  0  7
2.518873846217152e-01
2.465715859653971e-01

  162  0  0
1.907331813606072e-03
1.765414580085501e-03

  162  0  1
2.108619753285491e-03
1.951212659772325e-03

  162  0  2
2.557591936003647e-03
2.365273258827553e-03

  162  0  3
3.510444306564595e-03
3.242604877371775e-03

  162  0  4
6.489824421531273e-03
5.689879893068378e-03

  162  0  5
1.758959732630196e-01
1.673596545506960e-01

  162  0  6
2.275512075069882e-01
2.209561051369467e-01

  162  0  7
2.465344835905149e-01
2.407614952733776e-01

  163  0  0
1.769373012907336e-03
1.622447699044430e-03

  163  0  1
1.955592508750335e-03
1.792669473186152e-03

  163  0  2
2.370571683156193e-03
2.171625676813277e-03

  163  0  3
3.249412535461535e-03
2.972772918280672e-03

  163  0  4
5.597016431967563e-03
5.076813313469691e-03

  163  0  5
1.672347986239746e-01
1.580974943178413e-01

  163  0  6
2.208936607665020e-01
2.137646226703256e-01

  163  0  7
2.407168544806416e-01
2.344561362843772e-01

  164  0  0
1.626998104293455e-03
1.475998604944313e-03

  164  0  1
1.797700397487450e-03
1.630306198165008e-03

  164  0  2
2.177697810376454e-03
1.973427734982796e-03

  164  0  3
2.980474959387936e-03
2.696966233763047e-03

  164  0  4
5.046101541671216e-03
4.571056560714680e-03

  164  0  5
1.579502452715533e-01
1.481975494698351e-01

  164  0  6
2.136899508978642e-01
2.059982746949532e-01

  164  0  7
2.344024845476964e-01
2.276233955980909e-01

  165  0  0
1.481202225789356e-03
1.327335698509114e-03

  165  0  1
1.636053828496663e-03
1.465538017981978e-03

  165  0  2
1.980345233108589e-03
1.772431747395983e-03

  165  0  3
2.705601004188853e-03
2.417701184271800e-03

  165  0  4
4.547980580096619e-03
4.077731013123690e-03

  165  0  5
1.480243704967401e-01
1.376477614662843e-01

  165  0  6
2.059091082192447e-01
1.976278253173484e-01

  165  0  7
2.275589775020768e-01
2.202313566078626e-01

  166  0  0
1.333242885539954e-03
1.177998622987381e-03

  166  0  1
1.472055342708061e-03
1.300081684653417e-03

  166  0  2
1.780249006652437e-03
1.570760776339301e-03

  166  0  3
2.427271598010726e-03
2.138021029792314e-03

  166  0  4
4.052984149715123e-03
3.587587501835093e-03

  166  0  5
1.374447153452902e-01
1.264430098272828e-01

  166  0  6
1.975215172029008e-01
1.886263545335664e-01

  166  0  7
2.201540958793803e-01
2.122489684461650e-01

  167  0  0
1.184645651000852e-03
1.029803889982838e-03

  167  0  1
1.307405265545571e-03
1.135961302377069e-03

  167  0  2
1.579509322352892e-03
1.370914306185252e-03

  167  0  3
2.148480484600384e-03
1.861497975574316e-03

  167  0  4
3.560070484635041e-03
3.105684693384177e-03

  167  0  5
1.262055497262762e-01
1.145869182315803e-01

  167  0  6
1.884998326794276e-01
1.789703651221371e-01

  167  0  7
2.121564202585293e-01
2.036468727435416e-01

  168  0  0
1.037204892855205e-03
8.848321740327399e-04

  168  0  1
1.144102091611999e-03
9.754936684024491e-04

  168  0  2
1.380590774848522e-03
1.175748747440392e-03

  168  0  3
1.872728079514433e-03
1.592203866320816e-03

  168  0  4
3.075368732064353e-03
2.639326693110801e-03

  168  0  5
1.143122473413951e-01
1.020938154381806e-01

  168  0  6
1.788200854009227e-01
1.686411055775506e-01

  168  0  7
2.035361709639290e-01
1.943984235859205e-01

  169  0  0
8.929676119613588e-04
7.453896220238277e-04

  169  0  1
9.844239349920032e-04
8.212445310685917e-04

  169  0  2
1.186297927433784e-03
9.884216766786289e-04

  169  0  3
1.603986729072169e-03
1.334604222028928e-03

  169  0  4
2.606439551540325e-03
2.196535745708340e-03

  169  0  5
1.017708573925935e-01
8.897773399394647e-02

  169  0  6
1.684630038892971e-01
1.576261356467135e-01

  169  0  7
1.942662228156125e-01
1.844809327906598e-01

  170  0  0
7.541905260410226e-04
6.139212609028035e-04

  170  0  1
8.308801325937698e-04
6.759303270995454e-04

  170  0  2
9.997142522821067e-04
8.122644644538605e-04

  170  0  3
1.346614142774951e-03
1.093427364603884e-03

  170  0  4
2.161548686021133e-03
1.785582028085371e-03

  170  0  5
8.857237923234204e-02
7.533111901804161e-02

  170  0  6
1.574156101871753e-01
1.459211677412225e-01

  170  0  7
1.843233642081734e-01
1.738771776959584e-01

  171  0  0
6.232568959187511e-04
4.929191595268933e-04

  171  0  1
6.861177790044552e-04
5.423187185963532e-04

  171  0  2
8.240849152822572e-04
6.506742515086803e-04

  171  0  3
1.105086652592323e-03
8.735797444478867e-04

  171  0  4
1.749278323685580e-03
1.414513644152332e-03

  171  0  5
7.503190215022008e-02
6.129409021152561e-02

  171  0  6
1.456730893392092e-01
1.335320030460888e-01

  171  0  7
1.736898124970721e-01
1.625771001489572e-01

  172  0  0
5.025624236296288e-04
3.848375337725389e-04

  172  0  1
5.527909526379678e-04
4.231368014894405e-04

  172  0  2
6.626364725925004e-04
5.070068325286848e-04

  172  0  3
8.839163880174164e-04
6.793684798442481e-04

  172  0  4
1.378417431871705e-03
1.090385194728940e-03

  172  0  5
6.113764101610757e-02
4.620515440407048e-02

  172  0  6
1.332400912509083e-01
1.204770336825299e-01

  172  0  7
1.623546582256625e-01
1.505798335098141e-01

  173  0  0
3.943395700882093e-04
2.913366405805209e-04

  173  0  1
4.333696489975300e-04
3.201846270144468e-04

  173  0  2
5.183810133947400e-04
3.832957261824348e-04

  173  0  3
6.877211562214057e-04
5.127490024012184e-04

  173  0  4
1.056974083440200e-03
8.168716922612055e-04

  173  0  5
4.504309548472369e-02
2.977657166673084e-02

  173  0  6
1.201364642647918e-01
1.067912254572404e-01

  173  0  7
1.503161091509909e-01
1.378970165517451e-01

  174  0  0
3.001225673891368e-04
2.122393468898207e-04

  174  0  1
3.295517353751603e-04
2.331765308627950e-04

  174  0  2
3.934161571545361e-04
2.789343148286898e-04

  174  0  3
5.194572408198713e-04
3.726951557914904e-04

  174  0  4
7.879672047374641e-04
5.917272061802132e-04

  174  0  5
2.704465393218445e-02
1.508497711908536e-02

  174  0  6
1.063882016722930e-01
9.251659143941802e-02

  174  0  7
1.375860408315755e-01
1.245563006655788e-01

  175  0  0
2.200875382391755e-04
1.463383320471981e-04

  175  0  1
2.414943163443986e-04
1.607316538338294e-04

  175  0  2
2.878088937866684e-04
1.921745563457364e-04

  175  0  3
3.783232154816414e-04
2.571053962585610e-04

  175  0  4
5.669080573304962e-04
4.089296632558332e-04

  175  0  5
1.228941887494223e-02
5.807563215645705e-03

  175  0  6
9.202161404094722e-02
7.778897200378307e-02

  175  0  7
1.241958026588980e-01
1.106016333995060e-01

  176  0  0
1.534577808749687e-04
9.319026205471784e-05

  176  0  1
1.682612267431040e-04
1.023634496920040e-04

  176  0  2
2.001688690541100e-04
1.224795256519803e-04

  176  0  3
2.614568737336306e-04
1.650127899443069e-04

  176  0  4
3.867008694177840e-04
2.638940024404964e-04

  176  0  5
4.228479107886104e-03
1.792132309244932e-03

  176  0  6
7.742195752161957e-02
6.276286797867471e-02

  176  0  7
1.101856408240266e-01
9.607660900491863e-02

  177  0  0
9.970829697807732e-05
5.336908323718021e-05

  177  0  1
1.092065658001130e-04
5.870142506894859e-05

  177  0  2
1.295223236300542e-04
7.053850637332600e-05

  177  0  3
1.674120214298723e-04
9.642410381113364e-05

  177  0  4
2.438790423536815e-04
1.551727261320730e-04

  177  0  5
1.231457979071941e-03
5.308689220004663e-04

  177  0  6
6.252524431347226e-02
4.670587227525115e-02

  177  0  7
9.556657274634253e-02
8.108789872775353e-02

  178  0  0
5.894469460395185e-05
2.682871503497026e-05

  178  0  1
6.443604539019779e-05
2.962326312482919e-05

  178  0  2
7.602776067843659e-05
3.594740539139419e-05

  178  0  3
9.679880599311505e-05
5.023112175073067e-05

  178  0  4
1.386001601946994e-04
8.125637271070386e-05

  178  0  5
3.836231884682602e-04
1.848802546385216e-04

  178  0  6
4.535265434252067e-02
2.942606241723240e-02

  178  0  7
8.065421246942121e-02
6.583759571115050e-02

  179  0  0
3.096130365583163e-05
1.149357688678527e-05

  179  0  1
3.374709566707696e-05
1.279526047808415e-05

  179  0  2
3.951720772142411e-05
1.581696866387959e-05

  179  0  3
4.936390790812288e-05
2.279166252787513e-05

  179  0  4
6.938038480457701e-05
3.702504902243502e-05

  179  0  5
1.444787300649325e-04
7.226051978531375e-05

  179  0  6
2.647075691467390e-02
1.430360098505703e-02

  179  0  7
6.561132373482517e-02
4.974477364222908e-02

  180  0  0
1.406703838555062e-05
4.012801275329073e-06

  180  0  1
1.526747720826900e-05
4.546118879419994e-06

  180  0  2
1.768907737913145e-05
5.814182631692179e-06

  180  0  3
2.159812343149241e-05
8.727786156071572e-06

  180  0  4
2.979152236383027e-05
1.422938972405788e-05

  180  0  5
5.652208561125557e-05
2.644250519972504e-05

  180  0  6
1.139972469683545e-02
5.054414629642977e-03

  180  0  7
4.861374786830289e-02
3.228369883855155e-02

  181  0  0
5.316591291018163e-06
1.086324757551244e-06

  181  0  1
5.734798769895028e-06
1.273987735801078e-06

  181  0  2
6.551459613660230e-06
1.721843447676972e-06

  181  0  3
7.798102664888950e-06
2.711058484088891e-06

  181  0  4
1.056864668518969e-05
4.430297313146299e-06

  181  0  5
1.943231044839959e-05
8.076217536220781e-06

  181  0  6
3.477142600024071e-03
1.266376490797027e-03

  181  0  7
2.945175013617951e-02
1.635551348503933e-02

  182  0  0
1.593223443723792e-06
2.195828568430609e-07

  182  0  1
1.705069301886073e-06
2.731201975594600e-07

  182  0  2
1.916297770281859e-06
3.980225597344027e-07

  182  0  3
2.223291789600746e-06
6.570839241575753e-07

  182  0  4
2.967143926568857e-06
1.074074558270657e-06

  182  0  5
5.380664108928356e-06
1.939513932100633e-06

  182  0  6
7.433290340401062e-04
2.239695150623690e-04

  182  0  7
1.328664878373921e-02
6.056441538096308e-03

  183  0  0
3.630826903297553e-07
3.246259380482554e-08

  183  0  1
3.852430518399020e-07
4.407947851402734e-08

  183  0  2
4.258611325817069e-07
7.016528086137023e-08

  183  0  3
4.826340267450304e-07
1.206556964634685e-07

  183  0  4
6.358859390633643e-07
1.968588954005697e-07

  183  0  5
1.144976789029574e-06
3.537099958357027e-07

  183  0  6
1.118026020680587e-04
2.811395517969137e-05

  183  0  7
4.255911598212646e-03
1.590978854931402e-03

  184  0  0
6.127225627249954e-08
3.479238323943306e-09

  184  0  1
6.447033397712548e-08
5.320733177268353e-09

  184  0  2
7.018996602052502e-08
9.286453318814625e-09

  184  0  3
7.795421033414745e-08
1.648129821269320e-08

  184  0  4
1.016361057529979e-07
2.679866006177267e-08

  184  0  5
1.823348562979656e-07
4.803071162113041e-08

  184  0  6
1.194937211548949e-05
2.530041781724345e-06

  184  0  7
9.538940688275677e-04
2.942304643277823e-04

  185  0  0
7.557050190557211e-09
2.674592117626002e-10

  185  0  1
7.891450853834473e-09
4.772064787670716e-10

  185  0  2
8.478109364466223e-09
9.115998270388097e-10

  185  0  3
9.257763505149257e-09
1.656433368863054e-09

  185  0  4
1.196835745432611e-08
2.683056660889764e-09

  185  0  5
2.143501401709617e-08
4.805994807461885e-09

  185  0  6
9.190211586953157e-07
1.652803240449024e-07

  185  0  7
1.497846592217590e-04
3.841917779001344e-05

  186  0  0
6.761779535881735e-10
1.335684442609424e-11

  186  0  1
7.014020446120718e-10
3.039064624693668e-11

  186  0  2
7.449913244830781e-10
6.446617863656845e-11

  186  0  3
8.020321618433407e-10
1.201056286914333e-10

  186  0  4
1.030010680174664e-09
1.945264381288553e-10

  186  0  5
1.845664259762757e-09
3.500898531926932e-10

  186  0  6
5.158347301878035e-08
7.946695427664482e-09

  186  0  7
1.659980515694136e-05
3.567306839554122e-06

  187  0  0
4.262806904543868e-11
-1.046043076459036e-13

  187  0  1
4.393630200840612e-11
8.360974122036063e-13

  187  0  2
4.616703704024567e-11
2.652149026566484e-12

  187  0  3
4.905168229037594e-11
5.472599773071865e-12

  187  0  4
6.279294190632845e-11
9.180255105682372e-12

  187  0  5
1.137176202497100e-10
1.725806893106271e-11

  187  0  6
2.142612549589862e-09
2.838157249062516e-10

  187  0  7
1.310457152071469e-06
2.375317544116619e-07

  188  0  0
1.441784629981957e-12
-9.150346165061680e-14

  188  0  1
1.471473400282441e-12
-6.943505755425464e-14

  188  0  2
1.521355624572316e-12
-2.916667715971845e-14

  188  0  3
1.585136223108627e-12
2.877579322785222e-14

  188  0  4
2.075008119919079e-12
1.082654475128940e-13

  188  0  5
4.158860136451594e-12
3.390002445432297e-13

  188  0  6
6.566803651182194e-11
7.266877278943766e-12

  188  0  7
7.438443154848356e-08
1.143816692090186e-08

  189  0  0
9.312259296379758e-16
-3.451610754860949e-17

  189  0  1
9.375699485877064e-16
-2.896360148253203e-17

  189  0  2
9.481104084725062e-16
-1.943347515020418e-17

  189  0  3
9.614436970538410e-16
-6.804073195868682e-18

  189  0  4
3.949572560300223e-15
4.615489704479070e-17

  189  0  5
3.579580141068429e-14
1.747590276029538e-15

  189  0  6
1.393848765309145e-12
1.304735330514579e-13

  189  0  7
3.062608155247540e-09
4.015423738199088e-10

  190  0  0
5.643499850062191e-22
-1.707429905607866e-23

  190  0  1
5.674448585575616e-22
-1.430260107353591e-23

  190  0  2
5.725827969621499e-22
-9.575626402296476e-24

  190  0  3
5.790770196981123e-22
-3.366464415946394e-24

  190  0  4
9.767938653464084e-19
1.026813058103709e-20

  190  0  5
1.520263996839973e-16
6.472482445120628e-18

  190  0  6
2.158566387671054e-14
1.745779040057045e-15

  190  0  7
9.220901099159101e-11
1.035304357818552e-11

  191  0  0
1.026257671624777e-28
-2.992044358463509e-30

  191  0  1
1.032113005334244e-28
-2.397619679858647e-30

  191  0  2
1.041807893529709e-28
-1.366180993435748e-30

  191  0  3
1.053978996128466e-28
2.254997445524515e-32

  191  0  4
1.937547011049622e-22
1.796266754902824e-24

  191  0  5
4.912453770839195e-19
1.828539720036416e-20

  191  0  6
2.501686510200304e-16
1.752914341096919e-17

  191  0  7
2.044988986054491e-12
1.973705416964725e-13

  192  0  0
-3.241462565458528e-30
-1.533651595991519e-32

  192  0  1
-3.288472345893792e-30
-5.510003862300875e-32

  192  0  2
-3.367023949053733e-30
-1.261621960726727e-31

  192  0  3
-3.466775325548590e-30
-2.257145311403172e-31

  192  0  4
2.975909068474359e-26
2.422937055033337e-28

  192  0  5
1.216135392375546e-21
3.971990733734543e-23

  192  0  6
2.180544307339638e-18
1.326862600356075e-19

  192  0  7
3.362715700658166e-14
2.799113772657418e-15

  193  0  0
-7.348671159846692e-32
-6.240196427789440e-35

  193  0  1
-7.440655983519650e-32
-8.863134163059650e-34

  193  0  2
-7.593918754648344e-32
-2.343495945604964e-33

  193  0  3
-7.787954092045230e-32
-4.355858517619470e-33

  193  0  4
3.461707302886968e-30
1.898450231774096e-32

  193  0  5
2.319840915595783e-24
6.656527742794493e-26

  193  0  6
1.435673524031026e-20
7.602822547880444e-22

  193  0  7
4.124177914111995e-16
2.969502546653225e-17

  194  0  0
2.078245155248588e-34
-2.380519137861402e-39

  194  0  1
2.100674683395710e-34
2.060395302611789e-36

  194  0  2
2.137986861818035e-34
5.676512987691515e-36

  194  0  3
2.185164471050768e-34
1.061013062217714e-35

  194  0  4
3.871642023981005e-34
1.603643483147916e-35

  194  0  5
3.417189604880125e-27
8.622857410182518e-29

  194  0  6
7.168739195548787e-23
3.310323671665731e-24

  194  0  7
3.792735222598249e-18
2.368391382509126e-19

  195  0  0
-2.048077986953969e-36
-3.078041872771780e-39

  195  0  1
-2.067124924458576e-36
-2.039942199096481e-38

  195  0  2
-2.098794459984469e-36
-5.053769438510284e-38

  195  0  3
-2.138844477995255e-36
-9.123693027785137e-38

  195  0  4
-1.816232939820973e-36
-1.320721489045248e-37

  195  0  5
3.895045973241193e-30
8.653513513876492e-32

  195  0  6
2.724833003373182e-25
1.099152231419277e-26

  195  0  7
2.628082737301013e-20
1.426648818719918e-21

  196  0  0
-1.029073006113919e-38
-3.396588491910265e-42

  196  0  1
-1.037379187142721e-38
-8.129151007007884e-41

  196  0  2
-1.051174388922173e-38
-2.159587376775352e-40

  196  0  3
-1.068601473357588e-38
-3.962138506016585e-40

  196  0  4
-1.311445427496791e-38
-6.116376453443454e-40

  196  0  5
3.443429585104558e-33
6.742984662041310e-35

  196  0  6
7.911196617668890e-28
2.792353133997661e-29

  196  0  7
1.378195770237020e-22
6.517631885962863e-24

  197  0  0
6.938926499761712e-41
6.201664407974395e-44

  197  0  1
6.987523977063417e-41
5.162882359717222e-43

  197  0  2
7.068207869201754e-41
1.297372054701751e-42

  197  0  3
7.170131727940409e-41
2.335031230454355e-42

  197  0  4
6.185491719025471e-41
3.375441677842385e-42

  197  0  5
2.366252525987604e-36
4.088685070768657e-38

  197  0  6
1.760093843019658e-30
5.444265779533684e-32

  197  0  7
5.491815839023279e-25
2.266913847250595e-26

  198  0  0
5.822412877179103e-44
5.253766608700902e-47

  198  0  1
5.857910079219269e-44
3.862729041335271e-46

  198  0  2
5.916820297299279e-44
9.574165369834401e-46

  198  0  3
5.991221614737423e-44
1.711260209766443e-45

  198  0  4
1.069185342829381e-43
2.850487039573838e-45

  198  0  5
1.266579689805122e-39
1.932982723986238e-41

  198  0  6
3.009597316793298e-33
8.169650859279001e-35

  198  0  7
1.668998013330163e-27
6.023949592425330e-29

  199  0  0
8.325712931293600e-47
-1.380724973189421e-48

  199  0  1
8.394759454078326e-47
-7.245546662702235e-49

  199  0  2
8.509303020000373e-47
3.939368243547949e-49

  199  0  3
8.653925146347458e-47
1.862090005399401e-48

  199  0  4
1.212105707846153e-46
3.652048019039262e-48

  199  0  5
5.291429613010063e-43
7.141695233509349e-45

  199  0  6
3.966048381548321e-36
9.460568642274784e-38

  199  0  7
3.881531106929631e-30
1.226981210234837e-31

