#Cell 
# Element_0
# Element_1
0
7.276549078334587e-01
7.276064969542555e-01

1
7.276055106594668e-01
7.274617254288311e-01

2
7.274593432003150e-01
7.272241531972365e-01

3
7.272196806122779e-01
7.268986242392074e-01

4
7.268912995777090e-01
7.264903486673949e-01

5
7.264795880555129e-01
7.260042401087972e-01

6
7.259898250027973e-01
7.254446364939687e-01

7
7.254267711604867e-01
7.248152840789663e-01

8
7.247945037266815e-01
7.241193560338299e-01

9
7.240963358840606e-01
7.233593586425413e-01

10
7.233347179348979e-01
7.225369517634629e-01

11
7.225111354365958e-01
7.216528226426219e-01

12
7.216260870707233e-01
7.207067252381646e-01

13
7.206791946029623e-01
7.196976790628719e-01

14
7.196694147336344e-01
7.186242242540871e-01

15
7.185952673844728e-01
7.174846234081682e-01

16
7.174550057277257e-01
7.162769659979356e-01

17
7.162467058303330e-01
7.149991986466322e-01

18
7.149682987219050e-01
7.136491268914359e-01

19
7.136175784690755e-01
7.122244165184816e-01

20
7.121922056248392e-01
7.107225978601195e-01

21
7.106897091696648e-01
7.091410664863345e-01

22
7.091074841590408e-01
7.074770770120901e-01

23
7.074427841843479e-01
7.057277319257930e-01

24
7.056927102899654e-01
7.038899683404033e-01

25
7.038541980936445e-01
7.019605437920287e-01

26
7.019240036766183e-01
6.999360207604493e-01

27
6.998986880071064e-01
6.978127493564411e-01

28
6.977745995412769e-01
6.955868478718698e-01

29
6.955478547458751e-01
6.932541809882157e-01

30
6.932143162986690e-01
6.908103353545171e-01

31
6.907695686498481e-01
6.882505921355883e-01

32
6.882088905444076e-01
6.855698960492859e-01

33
6.855272240291407e-01
6.827628203299397e-01

34
6.827191393820838e-01
6.798235269499031e-01

35
6.797787952947030e-01
6.767457212975339e-01

36
6.766998935036294e-01
6.735226003447823e-01

37
6.734756269036840e-01
6.701467931331970e-01

38
6.700986199693001e-01
6.666102921515338e-01

39
6.665608600552939e-01
6.629043738562929e-01

40
6.628536178254653e-01
6.590195061781537e-01

41
6.589673546484036e-01
6.549452403354969e-01

42
6.548916142770506e-01
6.506700836039073e-01

43
6.506148954548582e-01
6.461813488166758e-01

44
6.461245012156348e-01
6.414649752248149e-01

45
6.414063594948912e-01
6.365053138249254e-01

46
6.364448081459296e-01
6.312848682228531e-01

47
6.312223354046056e-01
6.257839793123550e-01

48
6.257192640188134e-01
6.199804379788634e-01

49
6.199133627631455e-01
6.138490020162823e-01

50
6.137733658259826e-01
6.131431042993611e-01

51
6.131424027349869e-01
6.125118181868880e-01

52
6.125111148925857e-01
6.118802064579222e-01

53
6.118795012459685e-01
6.112482683399990e-01

54
6.112475611918580e-01
6.106160033556164e-01

55
6.106152943919524e-01
6.099834109756537e-01

56
6.099827002959960e-01
6.093504904008897e-01

57
6.093497780294445e-01
6.087172406578084e-01

58
6.087165265831298e-01
6.080836607485086e-01

59
6.080829449574967e-01
6.074497497039703e-01

60
6.074490321886308e-01
6.068155065766558e-01

61
6.068147873324052e-01
6.061809304270936e-01

62
6.061802094495068e-01
6.055460203156730e-01

63
6.055452976003987e-01
6.049107753000567e-01

64
6.049100508426088e-01
6.042751944343830e-01

65
6.042744682300358e-01
6.036392767689190e-01

66
6.036385488125517e-01
6.030030213496930e-01

67
6.030022916358889e-01
6.023664272182783e-01

68
6.023656957415876e-01
6.017294934118639e-01

69
6.017287601667474e-01
6.010922189631682e-01

70
6.010914839438162e-01
6.004546029001947e-01

71
6.004538661006917e-01
5.998166442462340e-01

72
5.998159056606522e-01
5.991783420199200e-01

73
5.991776016421426e-01
5.985396952350251e-01

74
5.985389530588515e-01
5.979007029004663e-01

75
5.978999589196705e-01
5.972613640203273e-01

76
5.972606182285329e-01
5.966216775937022e-01

77
5.966209299844980e-01
5.959816426147432e-01

78
5.959808931816466e-01
5.953412580725950e-01

79
5.953405068090288e-01
5.947005229513256e-01

80
5.946997698506856e-01
5.940594362299536e-01

81
5.940586812855357e-01
5.934179968823379e-01

82
5.934172400874047e-01
5.927762038772025e-01

83
5.927754452249431e-01
5.921340561780618e-01

84
5.921332956616085e-01
5.914915527431951e-01

85
5.914907903556326e-01
5.908486925256171e-01

86
5.908479282599626e-01
5.902054744730275e-01

87
5.902047083222544e-01
5.895618975277926e-01

88
5.895611294848064e-01
5.889179606268810e-01

89
5.889171906845512e-01
5.882736627018605e-01

90
5.882728908529865e-01
5.876290026788299e-01

91
5.876282289161718e-01
5.869839794784046e-01

92
5.869832037946606e-01
5.863385920156607e-01

93
5.863378144034828e-01
5.856928392001141e-01

94
5.856920596520990e-01
5.850467199356680e-01

95
5.850459384443625e-01
5.844002331205844e-01

96
5.843994496784809e-01
5.837533776474383e-01

97
5.837525922469802e-01
5.831061524030863e-01

98
5.831053650366624e-01
5.824585562686178e-01

99
5.824577669285688e-01
5.818105881193254e-01

100
5.818097967979347e-01
5.811622468246570e-01

101
5.811614535141606e-01
5.805135312481819e-01

102
5.805127359407595e-01
5.798644402475436e-01

103
5.798636429353259e-01
5.792149726744278e-01

104
5.792141733494890e-01
5.785651273745102e-01

105
5.785643260288752e-01
5.779149031874243e-01

106
5.779140998130637e-01
5.772642989467157e-01

107
5.772634935355454e-01
5.766133134798010e-01

108
5.766125060236835e-01
5.759619456079207e-01

109
5.759611360986664e-01
5.753101941461047e-01

110
5.753093825754672e-01
5.746580579031216e-01

111
5.746572442628021e-01
5.740055356814384e-01

112
5.740047199630801e-01
5.733526262771743e-01

113
5.733518084723677e-01
5.726993284800597e-01

114
5.726985085803378e-01
5.720456410733873e-01

115
5.720448190702289e-01
5.713915628339723e-01

116
5.713907387187980e-01
5.707370925320973e-01

117
5.707362662962727e-01
5.700822289314759e-01

118
5.700814005663069e-01
5.694269707892047e-01

119
5.694261402859414e-01
5.687713168557099e-01

120
5.687704842055438e-01
5.681152658747070e-01

121
5.681144310687710e-01
5.674588165831492e-01

122
5.674579796125170e-01
5.668019677111816e-01

123
5.668011285668669e-01
5.661447179820918e-01

124
5.661438766550489e-01
5.654870661122570e-01

125
5.654862225933825e-01
5.648290108111046e-01

126
5.648281650912305e-01
5.641705507810518e-01

127
5.641697028509489e-01
5.635116847174589e-01

128
5.635108345678401e-01
5.628524113085813e-01

129
5.628515589300934e-01
5.621927292355144e-01

130
5.621918746187411e-01
5.615326371721450e-01

131
5.615317803076095e-01
5.608721337850939e-01

132
5.608712746632556e-01
5.602112177336716e-01

133
5.602103563449219e-01
5.595498876698168e-01

134
5.595490240044866e-01
5.588881422380476e-01

135
5.588872762863992e-01
5.582259800754056e-01

136
5.582251257716550e-01
5.575684543723544e-01

137
5.575674067871210e-01
5.568446878678773e-01

138
5.568434167834009e-01
5.560479642620880e-01

139
5.560464215611677e-01
5.551708631762000e-01

140
5.551689902353359e-01
5.542051950692600e-01

141
5.542029204144184e-01
5.531419183010885e-01

142
5.531391547231502e-01
5.519710465236892e-01

143
5.519676875229966e-01
5.506815451041265e-01

144
5.506774604998912e-01
5.492612150680576e-01

145
5.492562455652447e-01
5.476965627945974e-01

146
5.476905132453195e-01
5.459726533782788e-01

147
5.459652844028642e-01
5.440729451875275e-01

148
5.440639627267021e-01
5.419791026708600e-01

149
5.419681449177355e-01
5.396707838652897e-01

150
5.396574048637186e-01
5.371253983096038e-01

151
5.371090472897849e-01
5.343178301088675e-01

152
5.342978253416368e-01
5.312201196672119e-01

153
5.311956152264674e-01
5.278010960083372e-01

154
5.277710392946161e-01
5.240259495021475e-01

155
5.239890266381970e-01
5.198557320182561e-01

156
5.198102971877531e-01
5.152467677513791e-01

157
5.151907510757470e-01
5.101499527944887e-01

158
5.100807392150293e-01
5.045099143484495e-01

159
5.044241828628966e-01
4.982639902962206e-01

160
4.981574982438892e-01
4.913409752426847e-01

161
4.912082652382974e-01
4.836595576447995e-01

162
4.834935536962077e-01
4.751263404321219e-01

163
4.749177820629954e-01
4.656332879915664e-01

164
4.653699219812282e-01
4.550543642094079e-01

165
4.547197637494831e-01
4.432409990782237e-01

166
4.428127919394080e-01
4.300158072504072e-01

167
4.294629295148136e-01
4.151636069429069e-01

168
4.144418978861221e-01
3.984181124845336e-01

169
3.974627950749737e-01
3.794410956191990e-01

170
3.781526552200326e-01
3.577902880559219e-01

171
3.560185750169537e-01
3.328627252682629e-01

172
3.303345433279710e-01
3.037092285906867e-01

173
2.997065120119689e-01
2.689073904547624e-01

174
2.621785708362399e-01
2.275731171249009e-01

175
2.173257433628584e-01
1.812781954887505e-01

176
1.682404745872284e-01
1.343930278188541e-01

177
1.205651792218741e-01
9.214147648193004e-02

178
7.965923959148771e-02
5.826569297948390e-02

179
4.847314829656783e-02
3.396405139347355e-02

180
2.717637792462407e-02
1.825806579703780e-02

181
1.404710746119886e-02
9.042671903378034e-03

182
6.666275319007586e-03
4.027126938949987e-03

183
2.685537158652885e-03
9.318459044184294e-04

184
2.238086876198677e-04
2.439027869808080e-05

185
4.680819342037921e-06
4.394781639018945e-07

186
7.296459063730748e-08
5.925174939539106e-09

187
8.528769639629133e-10
6.005430332727137e-11

188
7.509906117168684e-12
4.595742512876536e-13

189
5.002597260443158e-14
2.666163942547083e-15

190
2.530864080898245e-16
1.176954736638019e-17

191
9.759463231251278e-19
3.967145248105347e-20

192
2.878208930034390e-21
1.024324057556775e-22

193
6.511906386011710e-24
2.032050995789389e-25

194
1.133543675164715e-26
3.105827231650550e-28

195
1.522232821940081e-29
3.666836573244208e-31

196
1.580981122842054e-32
3.352196227506612e-34

197
1.272898910228953e-35
2.378348525323050e-37

198
7.962267881504358e-39
1.312359226120871e-40

199
3.877485264866083e-42
5.643230702435871e-44

