     7.81250000e-003        0.991919788005
     1.56250000e-002        0.991919788527
     3.12500000e-002        0.991919439070
     6.25000000e-002        0.991918614868
     1.25000000e-001        0.991919440486
     2.50000000e-001        0.991912958237
     5.00000000e-001        0.991897291746
     1.00000000e+000        0.991916299656
     2.00000000e+000        0.991753866476
     4.00000000e+000        0.996229432264
     8.00000000e+000        0.994091293455
     1.60000000e+001        0.995902616627
     3.20000000e+001        0.996542195142
     6.40000000e+001        0.994317578420
     1.28000000e+002        0.991162132238
     2.56000000e+002        0.995980165730
     5.12000000e+002        0.996731871910
     1.02400000e+003        0.998070637621
