     7.81250000e-003        0.221316915828
     1.56250000e-002        0.220180973816
     3.12500000e-002        0.220983470624
     6.25000000e-002        0.221110827483
     1.25000000e-001        0.221373362715
     2.50000000e-001        0.220917856745
     5.00000000e-001        0.220557764294
     1.00000000e+000        0.220589082236
     2.00000000e+000        0.213576627703
     4.00000000e+000        0.193759254371
     8.00000000e+000        0.158285576769
     1.60000000e+001        0.145474823490
     3.20000000e+001        0.139608873274
     6.40000000e+001        0.132234492841
     1.28000000e+002        0.126637437251
     2.56000000e+002        0.121404797000
     5.12000000e+002        0.116309395938
     1.02400000e+003        0.108281839324
