     7.81250000e-003        0.992809535418
     1.56250000e-002        0.992809705092
     3.12500000e-002        0.992808526077
     6.25000000e-002        0.992804804302
     1.25000000e-001        0.992808830981
     2.50000000e-001        0.992808389206
     5.00000000e-001        0.992805528972
     1.00000000e+000        0.992802618040
     2.00000000e+000        0.992737682469
     4.00000000e+000        0.995755578075
     8.00000000e+000        0.991933949315
     1.60000000e+001        0.993470336621
     3.20000000e+001        0.994624935326
     6.40000000e+001        0.985982018897
     1.28000000e+002        0.989414395780
     2.56000000e+002        0.991013703423
     5.12000000e+002        0.996725704123
     1.02400000e+003        0.997943579870
