     7.81250000e-003        0.991916193150
     1.56250000e-002        0.991916242824
     3.12500000e-002        0.991916137054
     6.25000000e-002        0.991916213630
     1.25000000e-001        0.991916188928
     2.50000000e-001        0.991914290543
     5.00000000e-001        0.991892068108
     1.00000000e+000        0.991912179557
     2.00000000e+000        0.991758150745
     4.00000000e+000        0.996139051052
     8.00000000e+000        0.995033101895
     1.60000000e+001        0.994058227931
     3.20000000e+001        0.993918968724
     6.40000000e+001        0.995552087122
     1.28000000e+002        0.998439361266
     2.56000000e+002        0.998087532303
     5.12000000e+002        0.997169727148
     1.02400000e+003        0.997069926899
