     7.81250000e-003        0.221621023322
     1.56250000e-002        0.221623833828
     3.12500000e-002        0.221697607124
     6.25000000e-002        0.221248753240
     1.25000000e-001        0.221097296674
     2.50000000e-001        0.219752838264
     5.00000000e-001        0.211912252858
     1.00000000e+000        0.192262594632
     2.00000000e+000        0.156901365900
     4.00000000e+000        0.143084041817
     8.00000000e+000        0.135896124305
     1.60000000e+001        0.130218301006
     3.20000000e+001        0.127375252359
     6.40000000e+001        0.124598086988
     1.28000000e+002        0.123341515658
     2.56000000e+002        0.121651887788
     5.12000000e+002        0.118832237344
     1.02400000e+003        0.113942141515
