     7.81250000e-003        0.221619225526
     1.56250000e-002        0.221624581657
     3.12500000e-002        0.221697994255
     6.25000000e-002        0.221308908056
     1.25000000e-001        0.221341988264
     2.50000000e-001        0.221412996370
     5.00000000e-001        0.219552259717
     1.00000000e+000        0.211809236175
     2.00000000e+000        0.191817872398
     4.00000000e+000        0.158725966040
     8.00000000e+000        0.145768207264
     1.60000000e+001        0.139984694203
     3.20000000e+001        0.133735284823
     6.40000000e+001        0.128374891918
     1.28000000e+002        0.126063149452
     2.56000000e+002        0.124248710607
     5.12000000e+002        0.122150038812
     1.02400000e+003        0.120037037663
