     7.81250000e-003        0.563905506730
     1.56250000e-002        0.563193810124
     3.12500000e-002        0.561804353405
     6.25000000e-002        0.559153144218
     1.25000000e-001        0.554315028356
     2.50000000e-001        0.546322250199
     5.00000000e-001        0.537153100590
     1.00000000e+000        0.537997156182
     2.00000000e+000        0.479910966518
     4.00000000e+000        0.277775606006
     8.00000000e+000        0.160817749834
     1.60000000e+001        0.084994583074
     3.20000000e+001        0.043963366160
     6.40000000e+001        0.027259065080
     1.28000000e+002        0.019273306457
     2.56000000e+002        0.015123120188
     5.12000000e+002        0.012850876873
     1.02400000e+003        0.011356485662
      2.00000000e+00        0.479945387792
      2.16622145e+00        0.463116982454
      2.34625770e+00        0.442662344783
      2.54125688e+00        0.421299936802
      2.75246259e+00        0.395028118735
      2.98122176e+00        0.366975266496
      3.22899326e+00        0.337068878539
      3.49735724e+00        0.308292116053
      3.78802515e+00        0.288866149499
      4.10285067e+00        0.272723149577
      4.44384158e+00        0.257387548023
      4.81317248e+00        0.242542584531
      5.21319875e+00        0.228194329428
      5.64647149e+00        0.221002796237
      6.11575384e+00        0.202138999783
      6.62403859e+00        0.188583530203
      7.17456726e+00        0.176455352154
      7.77085076e+00        0.164888448801
      8.41669182e+00        0.153888796404
      9.11620920e+00        0.143455984245
      9.87386398e+00        0.133583823597
      1.06944880e+01        0.124261307397
      1.15833147e+01        0.115474328968
      1.25460124e+01        0.107204927732
      1.35887206e+01        0.099433554622
      1.47180891e+01        0.092138967691
      1.59413201e+01        0.085298735808
      1.72662149e+01        0.078890284104
      1.87012225e+01        0.072889989876
      2.02554947e+01        0.067274953215
      2.19389436e+01        0.062024136079
      2.37623052e+01        0.057110361001
      2.57372077e+01        0.052147730453
      2.78762457e+01        0.049000580701
      3.01930608e+01        0.045666266599
      3.27024280e+01        0.043284406916
      3.54203506e+01        0.040567902078
      3.83641617e+01        0.038514116797
      4.15526351e+01        0.036394782695
      4.50061049e+01        0.034438575593
      4.87465950e+01        0.032415748121
      5.27979599e+01        0.030760504063
      5.71860368e+01        0.029393346798
      6.19388099e+01        0.028022876837
      6.70865895e+01        0.026485480328
      7.26622047e+01        0.025301799622
      7.87012134e+01        0.024358512751
      8.52421285e+01        0.023093734889
      9.23266638e+01        0.022388667391
      1.00000000e+02        0.021540150801
