     7.81250000e-003        0.557536847497
     1.56250000e-002        0.556805051264
     3.12500000e-002        0.555336762202
     6.25000000e-002        0.552381869836
     1.25000000e-001        0.546402581891
     2.50000000e-001        0.534199883066
     5.00000000e-001        0.509071398863
     1.00000000e+000        0.457369789031
     2.00000000e+000        0.374372822926
     4.00000000e+000        0.289688045147
     8.00000000e+000        0.337123365793
     1.60000000e+001        0.202729682657
     3.20000000e+001        0.112983957728
     6.40000000e+001        0.059118290602
     1.28000000e+002        0.034834440095
     2.56000000e+002        0.020397732518
     5.12000000e+002        0.012598500707
     1.02400000e+003        0.008923532674
      2.00000000e+00        0.371601098010
      2.16622145e+00        0.365878660333
      2.34625770e+00        0.360803901121
      2.54125688e+00        0.353888790008
      2.75246259e+00        0.345184630173
      2.98122176e+00        0.335092255239
      3.22899326e+00        0.323947333411
      3.49735724e+00        0.311782694340
      3.78802515e+00        0.298856520512
      4.10285067e+00        0.285357679527
      4.44384158e+00        0.271468849134
      4.81317248e+00        0.325247537911
      5.21319875e+00        0.399363458398
      5.64647149e+00        0.410518569468
      6.11575384e+00        0.394237779582
      6.62403859e+00        0.377498561631
      7.17456726e+00        0.360481947423
      7.77085076e+00        0.343355093738
      8.41669182e+00        0.326268902512
      9.11620920e+00        0.309356600956
      9.87386398e+00        0.292733168692
      1.06944880e+01        0.276495471449
      1.15833147e+01        0.260722950659
      1.25460124e+01        0.245478721781
      1.35887206e+01        0.230810947131
      1.47180891e+01        0.216754365909
      1.59413201e+01        0.203331899517
      1.72662149e+01        0.190556221099
      1.87012225e+01        0.178431298411
      2.02554947e+01        0.166953810229
      2.19389436e+01        0.156114451398
      2.37623052e+01        0.145899102197
      2.57372077e+01        0.136289860932
      2.78762457e+01        0.127265942133
      3.01930608e+01        0.118804447483
      3.27024280e+01        0.110881021381
      3.54203506e+01        0.103470399165
      3.83641617e+01        0.096546857282
      4.15526351e+01        0.090084584166
      4.50061049e+01        0.084057985793
      4.87465950e+01        0.078441907958
      5.27979599e+01        0.073211841283
      5.71860368e+01        0.068325138040
      6.19388099e+01        0.063815626199
      6.70865895e+01        0.059604712048
      7.26622047e+01        0.055690330495
      7.87012134e+01        0.052041101920
      8.52421285e+01        0.048672648771
      9.23266638e+01        0.045532612418
      1.00000000e+02        0.042615593503
