     7.81250000e-003        0.991915894528
     1.56250000e-002        0.991916166481
     3.12500000e-002        0.991915702083
     6.25000000e-002        0.991915966839
     1.25000000e-001        0.991912920610
     2.50000000e-001        0.991910099725
     5.00000000e-001        0.991897971915
     1.00000000e+000        0.991911462136
     2.00000000e+000        0.991873889480
     4.00000000e+000        0.995976849344
     8.00000000e+000        0.994996523294
     1.60000000e+001        0.995009674972
     3.20000000e+001        0.997964639000
     6.40000000e+001        0.994264609878
     1.28000000e+002        0.991686924354
     2.56000000e+002        0.994740347544
     5.12000000e+002        0.997110929312
     1.02400000e+003        0.997984577794
