     7.81250000e-003        0.991898835546
     1.56250000e-002        0.991898975793
     3.12500000e-002        0.991898721291
     6.25000000e-002        0.991898914689
     1.25000000e-001        0.991896766609
     2.50000000e-001        0.991900801912
     5.00000000e-001        0.991883357131
     1.00000000e+000        0.991917602550
     2.00000000e+000        0.991995930474
     4.00000000e+000        0.994610939416
     8.00000000e+000        0.993858836064
     1.60000000e+001        0.996134574914
     3.20000000e+001        0.991113931976
     6.40000000e+001        0.991592134439
     1.28000000e+002        0.994348723711
     2.56000000e+002        0.996067098661
     5.12000000e+002        0.997895329149
     1.02400000e+003        0.998758669423
