     7.81250000e-003        0.182812947571
     1.56250000e-002        0.182872707418
     3.12500000e-002        0.183410369347
     6.25000000e-002        0.182954343909
     1.25000000e-001        0.183511244157
     2.50000000e-001        0.183301350450
     5.00000000e-001        0.182045919248
     1.00000000e+000        0.176949397686
     2.00000000e+000        0.164621945846
     4.00000000e+000        0.127774176476
     8.00000000e+000        0.112694562366
     1.60000000e+001        0.107685219863
     3.20000000e+001        0.103120760314
     6.40000000e+001        0.098977744895
     1.28000000e+002        0.095426516176
     2.56000000e+002        0.090611595258
     5.12000000e+002        0.084882042861
     1.02400000e+003        0.074273087259
