     7.81250000e-003        0.190534197128
     1.56250000e-002        0.190187216160
     3.12500000e-002        0.190496921335
     6.25000000e-002        0.189737451244
     1.25000000e-001        0.190250003828
     2.50000000e-001        0.190077759854
     5.00000000e-001        0.187917983736
     1.00000000e+000        0.178335050119
     2.00000000e+000        0.149320407324
     4.00000000e+000        0.123797876870
     8.00000000e+000        0.106376140131
     1.60000000e+001        0.084741765516
     3.20000000e+001        0.062421704904
     6.40000000e+001        0.040632723174
     1.28000000e+002        0.023249084195
     2.56000000e+002        0.013289431422
     5.12000000e+002        0.007019834939
     1.02400000e+003        0.003604500139
