     7.81250000e-003        0.522098530687
     1.56250000e-002        0.521396426488
     3.12500000e-002        0.520033922993
     6.25000000e-002        0.517477597233
     1.25000000e-001        0.512959598381
     2.50000000e-001        0.506158526038
     5.00000000e-001        0.502217396411
     1.00000000e+000        0.519019708019
     2.00000000e+000        0.470086861794
     4.00000000e+000        0.246101507342
     8.00000000e+000        0.137419529124
     1.60000000e+001        0.066013415058
     3.20000000e+001        0.032819694394
     6.40000000e+001        0.016543828273
     1.28000000e+002        0.008424134115
     2.56000000e+002        0.004304746707
     5.12000000e+002        0.002183933832
     1.02400000e+003        0.001102390290
      2.00000000e+00        0.470087489180
      2.16622145e+00        0.453407314433
      2.34625770e+00        0.433957777638
      2.54125688e+00        0.411456095026
      2.75246259e+00        0.385808842355
      2.98122176e+00        0.357574651626
      3.22899326e+00        0.327006403103
      3.49735724e+00        0.295116809950
      3.78802515e+00        0.265237092952
      4.10285067e+00        0.241835862745
      4.44384158e+00        0.222572661993
      4.81317248e+00        0.204676795051
      5.21319875e+00        0.194832654346
      5.64647149e+00        0.204062927704
      6.11575384e+00        0.185921396732
      6.62403859e+00        0.169671709622
      7.17456726e+00        0.155064101001
      7.77085076e+00        0.141892896651
      8.41669182e+00        0.129979782612
      9.11620920e+00        0.119190290509
      9.87386398e+00        0.109387862453
      1.06944880e+01        0.100469095502
      1.15833147e+01        0.092341004764
      1.25460124e+01        0.084923782821
      1.35887206e+01        0.078129249958
      1.47180891e+01        0.071906218221
      1.59413201e+01        0.065852357250
      1.72662149e+01        0.061043331477
      1.87012225e+01        0.056266872112
      2.02554947e+01        0.051564618906
      2.19389436e+01        0.047766994399
      2.37623052e+01        0.043992519984
      2.57372077e+01        0.040781947496
      2.78762457e+01        0.037384661075
      3.01930608e+01        0.034655217843
      3.27024280e+01        0.032109132551
      3.54203506e+01        0.029553489074
      3.83641617e+01        0.027412706522
      4.15526351e+01        0.025148979595
      4.50061049e+01        0.023333346210
      4.87465950e+01        0.021612891653
      5.27979599e+01        0.019995206955
      5.71860368e+01        0.018505399672
      6.19388099e+01        0.017010170426
      6.70865895e+01        0.015685888051
      7.26622047e+01        0.014575050378
      7.87012134e+01        0.013497384880
      8.52421285e+01        0.012475988752
      9.23266638e+01        0.011575597056
      1.00000000e+02        0.010705103629
