     7.81250000e-003        0.558023926856
     1.56250000e-002        0.557780792751
     3.12500000e-002        0.557294509409
     6.25000000e-002        0.556321696444
     1.25000000e-001        0.554373377349
     2.50000000e-001        0.550449525579
     5.00000000e-001        0.542351670997
     1.00000000e+000        0.524660890110
     2.00000000e+000        0.490101168608
     4.00000000e+000        0.453016322587
     8.00000000e+000        0.370419611237
     1.60000000e+001        0.333598762171
     3.20000000e+001        0.197474121510
     6.40000000e+001        0.110315748777
     1.28000000e+002        0.061289157099
     2.56000000e+002        0.035178688668
     5.12000000e+002        0.021280676219
     1.02400000e+003        0.013591565297
