     7.81250000e-003        0.558194122008
     1.56250000e-002        0.558121181664
     3.12500000e-002        0.557975301697
     6.25000000e-002        0.557683551394
     1.25000000e-001        0.557100093349
     2.50000000e-001        0.555933457764
     5.00000000e-001        0.553603623122
     1.00000000e+000        0.548984498337
     2.00000000e+000        0.539744437901
     4.00000000e+000        0.508290740833
     8.00000000e+000        0.544184778524
     1.60000000e+001        0.533592054947
     3.20000000e+001        0.347746925190
     6.40000000e+001        0.191523285029
     1.28000000e+002        0.093102311580
     2.56000000e+002        0.050328581951
     5.12000000e+002        0.029833813621
     1.02400000e+003        0.019447469099
