     7.81250000e-003        0.522090524748
     1.56250000e-002        0.521364088740
     3.12500000e-002        0.519911444320
     6.25000000e-002        0.516991547428
     1.25000000e-001        0.511117728255
     2.50000000e-001        0.499246249272
     5.00000000e-001        0.475255115386
     1.00000000e+000        0.428397569717
     2.00000000e+000        0.369698947166
     4.00000000e+000        0.277233137219
     8.00000000e+000        0.311604953710
     1.60000000e+001        0.175901897544
     3.20000000e+001        0.087738996910
     6.40000000e+001        0.040222394590
     1.28000000e+002        0.017570648325
     2.56000000e+002        0.008265026233
     5.12000000e+002        0.004499072761
     1.02400000e+003        0.002639617195
      2.00000000e+00        0.369472019876
      2.16622145e+00        0.363410139830
      2.34625770e+00        0.357114966833
      2.54125688e+00        0.348514801645
      2.75246259e+00        0.338615705559
      2.98122176e+00        0.327161624511
      3.22899326e+00        0.314774373332
      3.49735724e+00        0.301363680342
      3.78802515e+00        0.287219175358
      4.10285067e+00        0.272512644094
      4.44384158e+00        0.257407929090
      4.81317248e+00        0.310096172879
      5.21319875e+00        0.378309097016
      5.64647149e+00        0.387047916887
      6.11575384e+00        0.370213169958
      6.62403859e+00        0.352969727558
      7.17456726e+00        0.335499626529
      7.77085076e+00        0.317970441232
      8.41669182e+00        0.300532979958
      9.11620920e+00        0.283319943819
      9.87386398e+00        0.266445430514
      1.06944880e+01        0.250005139114
      1.15833147e+01        0.234077123096
      1.25460124e+01        0.218722943592
      1.35887206e+01        0.203989088764
      1.47180891e+01        0.189908544587
      1.59413201e+01        0.176502423752
      1.72662149e+01        0.163781580585
      1.87012225e+01        0.151748159180
      2.02554947e+01        0.140397038596
      2.19389436e+01        0.129717152700
      2.37623052e+01        0.119692672581
      2.57372077e+01        0.110304043132
      2.78762457e+01        0.101528913185
      3.01930608e+01        0.093342852279
      3.27024280e+01        0.085720088216
      3.54203506e+01        0.078633940529
      3.83641617e+01        0.072057267914
      4.15526351e+01        0.065963223958
      4.50061049e+01        0.060324526700
      4.87465950e+01        0.055115077944
      5.27979599e+01        0.050305745704
      5.71860368e+01        0.045881418575
      6.19388099e+01        0.041781115737
      6.70865895e+01        0.037747568997
      7.26622047e+01        0.034570335957
      7.87012134e+01        0.031429177870
      8.52421285e+01        0.028585478501
      9.23266638e+01        0.025978127972
      1.00000000e+02        0.023552793401
