     7.81250000e-003        0.561245099199
     1.56250000e-002        0.560519487133
     3.12500000e-002        0.559063700516
     6.25000000e-002        0.556132873758
     1.25000000e-001        0.550193736143
     2.50000000e-001        0.538043040638
     5.00000000e-001        0.513053490572
     1.00000000e+000        0.462449423822
     2.00000000e+000        0.381575536672
     4.00000000e+000        0.290236483798
     8.00000000e+000        0.327510289336
     1.60000000e+001        0.193807120910
     3.20000000e+001        0.104482210317
     6.40000000e+001        0.053935584499
     1.28000000e+002        0.027238304969
     2.56000000e+002        0.013528827160
     5.12000000e+002        0.006637358823
     1.02400000e+003        0.003397025417
      2.00000000e+00        0.378756240719
      2.16622145e+00        0.374190733880
      2.34625770e+00        0.364296918953
      2.54125688e+00        0.355833380062
      2.75246259e+00        0.346819813814
      2.98122176e+00        0.336359180747
      3.22899326e+00        0.324921562387
      3.49735724e+00        0.312552308215
      3.78802515e+00        0.299474378523
      4.10285067e+00        0.285862372419
      4.44384158e+00        0.271887429594
      4.81317248e+00        0.315531155775
      5.21319875e+00        0.389180915149
      5.64647149e+00        0.400314434216
      6.11575384e+00        0.384191693467
      6.62403859e+00        0.367595745193
      7.17456726e+00        0.350709413683
      7.77085076e+00        0.333701396315
      8.41669182e+00        0.316723927782
      9.11620920e+00        0.299911395562
      9.87386398e+00        0.283379795586
      1.06944880e+01        0.267226889096
      1.15833147e+01        0.251532911196
      1.25460124e+01        0.236361684779
      1.35887206e+01        0.221762006314
      1.47180891e+01        0.207769188459
      1.59413201e+01        0.194406665466
      1.72662149e+01        0.181687588352
      1.87012225e+01        0.169616356276
      2.02554947e+01        0.158190047505
      2.19389436e+01        0.147399727395
      2.37623052e+01        0.137231621894
      2.57372077e+01        0.127668153443
      2.78762457e+01        0.118688843036
      3.01930608e+01        0.110271083326
      3.27024280e+01        0.102390796335
      3.54203506e+01        0.095022982512
      3.83641617e+01        0.088142176403
      4.15526351e+01        0.081722819964
      4.50061049e+01        0.075739558307
      4.87465950e+01        0.070167483898
      5.27979599e+01        0.064982310696
      5.71860368e+01        0.060160544328
      6.19388099e+01        0.055679476849
      6.70865895e+01        0.051506865596
      7.26622047e+01        0.047653988313
      7.87012134e+01        0.044069078818
      8.52421285e+01        0.040744261564
      9.23266638e+01        0.037661843203
      1.00000000e+02        0.034805174479
