     7.81250000e-003        0.558145494650
     1.56250000e-002        0.558023922363
     3.12500000e-002        0.557780794419
     6.25000000e-002        0.557294562116
     1.25000000e-001        0.556322364023
     2.50000000e-001        0.554379867637
     5.00000000e-001        0.550506055099
     1.00000000e+000        0.542666200218
     2.00000000e+000        0.524568185391
     4.00000000e+000        0.525143923940
     8.00000000e+000        0.544600473129
     1.60000000e+001        0.417080498362
     3.20000000e+001        0.237150896160
     6.40000000e+001        0.111756790963
     1.28000000e+002        0.058799192662
     2.56000000e+002        0.033844124548
     5.12000000e+002        0.021608115994
     1.02400000e+003        0.014935026002
      2.00000000e+00        0.524568223386
      2.16622145e+00        0.520803155323
      2.34625770e+00        0.516762674256
      2.54125688e+00        0.512549224271
      2.75246259e+00        0.508423773416
      2.98122176e+00        0.505149167000
      3.22899326e+00        0.508867296668
      3.49735724e+00        0.513115559051
      3.78802515e+00        0.519112889015
      4.10285067e+00        0.526349293584
      4.44384158e+00        0.532677539757
      4.81317248e+00        0.537823785315
      5.21319875e+00        0.542381615931
      5.64647149e+00        0.545713456269
      6.11575384e+00        0.548054667479
      6.62403859e+00        0.548826505192
      7.17456726e+00        0.548249224075
      7.77085076e+00        0.545913082223
      8.41669182e+00        0.541656882336
      9.11620920e+00        0.535379150620
      9.87386398e+00        0.526830237190
      1.06944880e+01        0.515861085731
      1.15833147e+01        0.502276185170
      1.25460124e+01        0.485898476493
      1.35887206e+01        0.466553737202
      1.47180891e+01        0.444080150516
      1.59413201e+01        0.418345282632
      1.72662149e+01        0.389286765770
      1.87012225e+01        0.357057918817
      2.02554947e+01        0.322539155938
      2.19389436e+01        0.289693637502
      2.37623052e+01        0.269440639167
      2.57372077e+01        0.252979287322
      2.78762457e+01        0.237310788221
      3.01930608e+01        0.222249651159
      3.27024280e+01        0.231345043134
      3.54203506e+01        0.210787675912
      3.83641617e+01        0.192488961753
      4.15526351e+01        0.176132304312
      4.50061049e+01        0.161439293558
      4.87465950e+01        0.148156866288
      5.27979599e+01        0.136239445026
      5.71860368e+01        0.125503249266
      6.19388099e+01        0.115203316565
      6.70865895e+01        0.107008243334
      7.26622047e+01        0.098945978368
      7.87012134e+01        0.091663632885
      8.52421285e+01        0.085001010569
      9.23266638e+01        0.078903122859
      1.00000000e+02        0.073290480614
