     7.81250000e-003        0.991916128503
     1.56250000e-002        0.991916358923
     3.12500000e-002        0.991916179940
     6.25000000e-002        0.991915531883
     1.25000000e-001        0.991916110097
     2.50000000e-001        0.991913708316
     5.00000000e-001        0.991870268831
     1.00000000e+000        0.991909101048
     2.00000000e+000        0.991880502628
     4.00000000e+000        0.993918108405
     8.00000000e+000        0.993685906341
     1.60000000e+001        0.994421513020
     3.20000000e+001        0.995662226081
     6.40000000e+001        0.997770986966
     1.28000000e+002        0.993935929834
     2.56000000e+002        0.994581612438
     5.12000000e+002        0.996694033019
     1.02400000e+003        0.998402110194
