     7.81250000e-003        0.190534807756
     1.56250000e-002        0.190186188970
     3.12500000e-002        0.190487263643
     6.25000000e-002        0.189667477769
     1.25000000e-001        0.189861012484
     2.50000000e-001        0.188033609397
     5.00000000e-001        0.178088868342
     1.00000000e+000        0.150197732011
     2.00000000e+000        0.127603946611
     4.00000000e+000        0.099806595343
     8.00000000e+000        0.073045229948
     1.60000000e+001        0.049587673080
     3.20000000e+001        0.030538937505
     6.40000000e+001        0.017343576004
     1.28000000e+002        0.009314027394
     2.56000000e+002        0.004837549152
     5.12000000e+002        0.002466701915
     1.02400000e+003        0.001245716368
