     7.81250000e-003        0.561252144199
     1.56250000e-002        0.560547347011
     3.12500000e-002        0.559172687298
     6.25000000e-002        0.556553287014
     1.25000000e-001        0.551790140248
     2.50000000e-001        0.544082253366
     5.00000000e-001        0.536455326289
     1.00000000e+000        0.541114714952
     2.00000000e+000        0.484746657909
     4.00000000e+000        0.275422758521
     8.00000000e+000        0.154043616134
     1.60000000e+001        0.072498916980
     3.20000000e+001        0.033825490506
     6.40000000e+001        0.017715382218
     1.28000000e+002        0.009632630619
     2.56000000e+002        0.005512040916
     5.12000000e+002        0.003297114080
     1.02400000e+003        0.001979614846
      2.00000000e+00        0.484748136292
      2.16622145e+00        0.467888047875
      2.34625770e+00        0.448696467676
      2.54125688e+00        0.425988788795
      2.75246259e+00        0.397917787377
      2.98122176e+00        0.368880806672
      3.22899326e+00        0.341218086840
      3.49735724e+00        0.309542240332
      3.78802515e+00        0.287384431452
      4.10285067e+00        0.270134086365
      4.44384158e+00        0.254138464567
      4.81317248e+00        0.238805217189
      5.21319875e+00        0.224001596332
      5.64647149e+00        0.209752471092
      6.11575384e+00        0.196194378810
      6.62403859e+00        0.183046596176
      7.17456726e+00        0.170415618088
      7.77085076e+00        0.158315214000
      8.41669182e+00        0.146751697221
      9.11620920e+00        0.135725216891
      9.87386398e+00        0.125230999220
      1.06944880e+01        0.115260534270
      1.15833147e+01        0.105802670498
      1.25460124e+01        0.096844623473
      1.35887206e+01        0.088372879093
      1.47180891e+01        0.080373938615
      1.59413201e+01        0.072835015725
      1.72662149e+01        0.065744091685
      1.87012225e+01        0.059090017633
      2.02554947e+01        0.052782352098
      2.19389436e+01        0.048937854232
      2.37623052e+01        0.045136201941
      2.57372077e+01        0.041901342784
      2.78762457e+01        0.038453387548
      3.01930608e+01        0.035758574320
      3.27024280e+01        0.033214863493
      3.54203506e+01        0.030632926666
      3.83641617e+01        0.028513914459
      4.15526351e+01        0.026282445009
      4.50061049e+01        0.024434502086
      4.87465950e+01        0.022739855455
      5.27979599e+01        0.021122576465
      5.71860368e+01        0.019637580839
      6.19388099e+01        0.018105250850
      6.70865895e+01        0.016809391663
      7.26622047e+01        0.015705862863
      7.87012134e+01        0.014668755846
      8.52421285e+01        0.013635640079
      9.23266638e+01        0.012747982659
      1.00000000e+02        0.011876682673
