     7.81250000e-003        0.223785910673
     1.56250000e-002        0.222989131871
     3.12500000e-002        0.222734047915
     6.25000000e-002        0.223556923408
     1.25000000e-001        0.223062955593
     2.50000000e-001        0.221612170601
     5.00000000e-001        0.214075727605
     1.00000000e+000        0.194533154347
     2.00000000e+000        0.166531622160
     4.00000000e+000        0.151356289401
     8.00000000e+000        0.143589363225
     1.60000000e+001        0.137020459670
     3.20000000e+001        0.131529696594
     6.40000000e+001        0.126260217516
     1.28000000e+002        0.118854554638
     2.56000000e+002        0.107609421828
     5.12000000e+002        0.091062015494
     1.02400000e+003        0.069607704958
