     7.81250000e-003        0.982980764441
     1.56250000e-002        0.982980444998
     3.12500000e-002        0.982980739997
     6.25000000e-002        0.982980593641
     1.25000000e-001        0.982981345431
     2.50000000e-001        0.982980702798
     5.00000000e-001        0.982989362723
     1.00000000e+000        0.983009590386
     2.00000000e+000        0.983076574057
     4.00000000e+000        0.987789340348
     8.00000000e+000        0.988932550408
     1.60000000e+001        0.989588159016
     3.20000000e+001        0.989716466754
     6.40000000e+001        0.989116015757
     1.28000000e+002        0.989076733956
     2.56000000e+002        0.989725982906
     5.12000000e+002        0.989767394895
     1.02400000e+003        0.989854311801
