     7.81250000e-003        0.221384985552
     1.56250000e-002        0.220930569436
     3.12500000e-002        0.220216345424
     6.25000000e-002        0.221320960618
     1.25000000e-001        0.220023935178
     2.50000000e-001        0.219377476700
     5.00000000e-001        0.211686738589
     1.00000000e+000        0.191575790050
     2.00000000e+000        0.156866117681
     4.00000000e+000        0.142470132933
     8.00000000e+000        0.135631506730
     1.60000000e+001        0.129260219893
     3.20000000e+001        0.124073977925
     6.40000000e+001        0.119050238930
     1.28000000e+002        0.112041929168
     2.56000000e+002        0.101712256655
     5.12000000e+002        0.085947920097
     1.02400000e+003        0.065699190760
