     7.81250000e-003        0.558145494773
     1.56250000e-002        0.558023921601
     3.12500000e-002        0.557780795127
     6.25000000e-002        0.557294563631
     1.25000000e-001        0.556322362223
     2.50000000e-001        0.554379584778
     5.00000000e-001        0.550501764840
     1.00000000e+000        0.542664133180
     2.00000000e+000        0.525314412496
     4.00000000e+000        0.486750519111
     8.00000000e+000        0.477856852443
     1.60000000e+001        0.384264291965
     3.20000000e+001        0.302722276503
     6.40000000e+001        0.169898959257
     1.28000000e+002        0.093526273917
     2.56000000e+002        0.052313332179
     5.12000000e+002        0.030687963612
     1.02400000e+003        0.019216133423
