     7.81250000e-003        0.221398450271
     1.56250000e-002        0.220439789899
     3.12500000e-002        0.220514165935
     6.25000000e-002        0.221199324467
     1.25000000e-001        0.220838739392
     2.50000000e-001        0.219167409017
     5.00000000e-001        0.220221939774
     1.00000000e+000        0.221240743304
     2.00000000e+000        0.220244865868
     4.00000000e+000        0.210044025574
     8.00000000e+000        0.181026896850
     1.60000000e+001        0.150904606038
     3.20000000e+001        0.144968256694
     6.40000000e+001        0.137637343184
     1.28000000e+002        0.130263609535
     2.56000000e+002        0.124880223826
     5.12000000e+002        0.120375043601
     1.02400000e+003        0.114626598325
