     7.81250000e-003        0.542797584459
     1.56250000e-002        0.542038678243
     3.12500000e-002        0.540514844890
     6.25000000e-002        0.537445115670
     1.25000000e-001        0.531230847252
     2.50000000e-001        0.518579838171
     5.00000000e-001        0.492697720660
     1.00000000e+000        0.439136201661
     2.00000000e+000        0.346890438090
     4.00000000e+000        0.282841231869
     8.00000000e+000        0.373461435728
     1.60000000e+001        0.235566903990
     3.20000000e+001        0.144075021923
     6.40000000e+001        0.091687636141
     1.28000000e+002        0.062614100744
     2.56000000e+002        0.045630559042
     5.12000000e+002        0.037256802811
     1.02400000e+003        0.031943025680
      2.00000000e+00        0.346647478447
      2.16622145e+00        0.345980765459
      2.34625770e+00        0.342963465740
      2.54125688e+00        0.338013704747
      2.75246259e+00        0.331353398158
      2.98122176e+00        0.323158452872
      3.22899326e+00        0.313611125168
      3.49735724e+00        0.302903952022
      3.78802515e+00        0.291239866746
      4.10285067e+00        0.278823909352
      4.44384158e+00        0.295847357131
      4.81317248e+00        0.364404321193
      5.21319875e+00        0.439817077002
      5.64647149e+00        0.450552163329
      6.11575384e+00        0.433224569565
      6.62403859e+00        0.415571929472
      7.17456726e+00        0.397756054427
      7.77085076e+00        0.379927370801
      8.41669182e+00        0.362222391869
      9.11620920e+00        0.344762072740
      9.87386398e+00        0.327650980196
      1.06944880e+01        0.310977166891
      1.15833147e+01        0.294812616953
      1.25460124e+01        0.279214125577
      1.35887206e+01        0.264224481180
      1.47180891e+01        0.249873028331
      1.59413201e+01        0.236181163784
      1.72662149e+01        0.223155739711
      1.87012225e+01        0.210798568355
      2.02554947e+01        0.199103732860
      2.19389436e+01        0.188059637782
      2.37623052e+01        0.177650125096
      2.57372077e+01        0.167855466224
      2.78762457e+01        0.158653223285
      3.01930608e+01        0.150018985183
      3.27024280e+01        0.141927012325
      3.54203506e+01        0.134350778818
      3.83641617e+01        0.127263350185
      4.15526351e+01        0.120637758576
      4.50061049e+01        0.114447385540
      4.87465950e+01        0.108665975988
      5.27979599e+01        0.103268130554
      5.71860368e+01        0.096661122911
      6.19388099e+01        0.093525010069
      6.70865895e+01        0.089133564127
      7.26622047e+01        0.085032057301
      7.87012134e+01        0.081109664226
      8.52421285e+01        0.077618695874
      9.23266638e+01        0.074267938836
      1.00000000e+02        0.071126586159
