     7.81250000e-003        0.893619090719
     1.56250000e-002        0.893619114106
     3.12500000e-002        0.893619146589
     6.25000000e-002        0.893619137667
     1.25000000e-001        0.893619283671
     2.50000000e-001        0.893621278586
     5.00000000e-001        0.893626875242
     1.00000000e+000        0.893645943738
     2.00000000e+000        0.893703337101
     4.00000000e+000        0.898189522974
     8.00000000e+000        0.899104031322
     1.60000000e+001        0.899559773022
     3.20000000e+001        0.899715052407
     6.40000000e+001        0.899892606853
     1.28000000e+002        0.899679329896
     2.56000000e+002        0.899802456582
     5.12000000e+002        0.899841632344
     1.02400000e+003        0.899875124715
