#Cell  Group   Direction 
# Element_0
# Element_1
# Element_2
    0  0  0
1.821903498983264e-01
1.813890208216411e-01
1.805875159292599e-01

    0  0  1
1.732050805379851e+00
1.730656088321810e+00
1.729258445671710e+00

    1  0  0
1.805875150928450e-01
1.797858329258980e-01
1.789839605725876e-01

    1  0  1
1.729258423063604e+00
1.727857818984453e+00
1.726454168757119e+00

    2  0  0
1.789839567240162e-01
1.781818528806633e-01
1.773795084448531e-01

    2  0  1
1.726454156682727e+00
1.725047466591488e+00
1.723637670580521e+00

    3  0  0
1.773794991374155e-01
1.765768807052635e-01
1.757740029542159e-01

    3  0  1
1.723637658373018e+00
1.722224750331037e+00
1.720808657280908e+00

    4  0  0
1.757740077193791e-01
1.749709333167645e-01
1.741676761054347e-01

    4  0  1
1.720808644005961e+00
1.719389359460473e+00
1.717966806333491e+00

    5  0  0
1.741676939553856e-01
1.733643558019206e-01
1.725609272341067e-01

    5  0  1
1.717966792931445e+00
1.716540966931780e+00
1.715111787331577e+00

    6  0  0
1.725609353863712e-01
1.717574237926815e-01
1.709538069525708e-01

    6  0  1
1.715111773194950e+00
1.713679234116691e+00
1.712243251985944e+00

    7  0  0
1.709537948740351e-01
1.701499944422559e-01
1.693460146221246e-01

    7  0  1
1.712243236817254e+00
1.710803807347668e+00
1.709360841331030e+00

    8  0  0
1.693460070072263e-01
1.685418334024828e-01
1.677374801423741e-01

    8  0  1
1.709360825341121e+00
1.707914320869983e+00
1.706464183679369e+00

    9  0  0
1.677374847359974e-01
1.669329717722431e-01
1.661282903051151e-01

    9  0  1
1.706464167468360e+00
1.705010396054361e+00
1.703552894031557e+00

   10  0  0
1.661282874878415e-01
1.653234166447610e-01
1.645183587781525e-01

   10  0  1
1.703552877164858e+00
1.702091641406324e+00
1.700626572196011e+00

   11  0  0
1.645183590880054e-01
1.637131412208211e-01
1.629077751444178e-01

   11  0  1
1.700626554552608e+00
1.699157649165868e+00
1.697684803459040e+00

   12  0  0
1.629077858884382e-01
1.621023328385689e-01
1.612967861277419e-01

   12  0  1
1.697684785015900e+00
1.696207996980387e+00
1.694727157703947e+00

   13  0  0
1.612967906681046e-01
1.604911516297128e-01
1.596854061339666e-01

   13  0  1
1.694727138540655e+00
1.693242246494646e+00
1.691753189119563e+00

   14  0  0
1.596853976541656e-01
1.588794833124710e-01
1.580733984298544e-01

   14  0  1
1.691753169096991e+00
1.690259945385647e+00
1.688762436868162e+00

   15  0  0
1.580733891901166e-01
1.572671074017347e-01
1.564606464572815e-01

   15  0  1
1.688762416140636e+00
1.687260622257913e+00
1.685754420540310e+00

   16  0  0
1.564606538183010e-01
1.556540764990217e-01
1.548473860941475e-01

   16  0  1
1.685754399050463e+00
1.684243788663566e+00
1.682728642763278e+00

   17  0  0
1.548473963644658e-01
1.540406363142461e-01
1.532337961286587e-01

   17  0  1
1.682728620486609e+00
1.681208938117181e+00
1.679684587579881e+00

   18  0  0
1.532337975041399e-01
1.524268780751502e-01
1.516198763294645e-01

   18  0  1
1.679684563868383e+00
1.678155545817956e+00
1.676621722627034e+00

   19  0  0
1.516198747221408e-01
1.508127729350841e-01
1.500055643531928e-01

   19  0  1
1.676621692275974e+00
1.675083069811713e+00
1.673539486404822e+00

   20  0  0
1.500055603553258e-01
1.491982265217821e-01
1.483907710741800e-01

   20  0  1
1.673539460651330e+00
1.671990924128463e+00
1.670437291408647e+00

   21  0  0
1.483907730792222e-01
1.475832188983641e-01
1.467755656426674e-01

   21  0  1
1.670437259570303e+00
1.668878536111457e+00
1.667314550065932e+00

   22  0  0
1.467755702431549e-01
1.459678379567167e-01
1.451600228322471e-01

   22  0  1
1.667314522956600e+00
1.665745280911634e+00
1.664170628692006e+00

   23  0  0
1.451600269715262e-01
1.443521666715950e-01
1.435442654774687e-01

   23  0  1
1.664170600170127e+00
1.662590538390957e+00
1.661004901301919e+00

   24  0  0
1.435442728777582e-01
1.427363514610488e-01
1.419283922301012e-01

   24  0  1
1.661004866965173e+00
1.659413659725387e+00
1.657816693636272e+00

   25  0  0
1.419283870121242e-01
1.411203585447953e-01
1.403122673935286e-01

   25  0  1
1.657816663358445e+00
1.656213944138432e+00
1.654605297873975e+00

   26  0  0
1.403122704183824e-01
1.395041580734426e-01
1.386960293846855e-01

   26  0  1
1.654605266544574e+00
1.652990693352764e+00
1.651370008895908e+00

   27  0  0
1.386960353462691e-01
1.378878887838048e-01
1.370797031434314e-01

   27  0  1
1.651369976280490e+00
1.649743180413560e+00
1.648110080428157e+00

   28  0  0
1.370796912872891e-01
1.362713978281352e-01
1.354630045849686e-01

   28  0  1
1.648110046642641e+00
1.646470642311398e+00
1.644824734300592e+00

   29  0  0
1.354630001424655e-01
1.346545062245647e-01
1.338459238623084e-01

   29  0  1
1.644824698590267e+00
1.643172288861677e+00
1.641513167549816e+00

   30  0  0
1.338459322167952e-01
1.330373445461966e-01
1.322287682869970e-01

   30  0  1
1.641513131423870e+00
1.639847297527227e+00
1.638174538299883e+00

   31  0  0
1.322287924979241e-01
1.314203577309122e-01
1.306120417537199e-01

   31  0  1
1.638174496075033e+00
1.636494815739251e+00
1.634807974756882e+00

   32  0  0
1.306120444542569e-01
1.298037847067156e-01
1.289955472680061e-01

   32  0  1
1.634807935223080e+00
1.633113939138512e+00
1.631412558967106e+00

   33  0  0
1.289955235100174e-01
1.281872187164173e-01
1.273788857703572e-01

   33  0  1
1.631412517865098e+00
1.629703754245225e+00
1.627987364666674e+00

   34  0  0
1.273788966442234e-01
1.265706248555396e-01
1.257624097319453e-01

   34  0  1
1.627987322008964e+00
1.626263306818938e+00
1.624531415054429e+00

   35  0  0
1.257624164473674e-01
1.249542627568035e-01
1.241461585519066e-01

   35  0  1
1.624531370715653e+00
1.622791602561230e+00
1.621043696814971e+00

   36  0  0
1.241461572656436e-01
1.233381181644624e-01
1.225301540410264e-01

   36  0  1
1.621043650538691e+00
1.619287607752656e+00
1.617523154761870e+00

   37  0  0
1.225301591360033e-01
1.217222711627664e-01
1.209144422744549e-01

   37  0  1
1.617523106658034e+00
1.615750244632237e+00
1.613968689805845e+00

   38  0  0
1.209144349457366e-01
1.201066529539334e-01
1.192989418285600e-01

   38  0  1
1.613968639870017e+00
1.612178392967311e+00
1.610379160280643e+00

   39  0  0
1.192989557475354e-01
1.184913960083603e-01
1.176839713473799e-01

   39  0  1
1.610379108187004e+00
1.608570890378313e+00
1.606753379806542e+00

   40  0  0
1.176839699007512e-01
1.168766418027817e-01
1.160694076866575e-01

   40  0  1
1.606753325178328e+00
1.604926524576415e+00
1.603090113533860e+00

   41  0  0
1.160694080372867e-01
1.152623232376850e-01
1.144554079385497e-01

   41  0  1
1.603090057059658e+00
1.601244036812891e+00
1.599388074323973e+00

   42  0  0
1.144554222182894e-01
1.136486914499253e-01
1.128421008455697e-01

   42  0  1
1.599388015090510e+00
1.597522113370084e+00
1.595645925012648e+00

   43  0  0
1.128420790942763e-01
1.120355254697896e-01
1.112290435498995e-01

   43  0  1
1.595645863787420e+00
1.593759390284530e+00
1.591862270554988e+00

   44  0  0
1.112290539821277e-01
1.104227504865583e-01
1.096166273498364e-01

   44  0  1
1.591862206324767e+00
1.589954443656302e+00
1.588035661333172e+00

   45  0  0
1.096166377683572e-01
1.088107064146329e-01
1.080049495041489e-01

   45  0  1
1.588035594821124e+00
1.586105794710499e+00
1.584164584785558e+00

   46  0  0
1.080049498816172e-01
1.071994233834457e-01
1.063941515175706e-01

   46  0  1
1.584164515685562e+00
1.582211897742665e+00
1.580247465301234e+00

   47  0  0
1.063941685580170e-01
1.055891752186572e-01
1.047844091107415e-01

   47  0  1
1.580247393080496e+00
1.578271147728389e+00
1.576282663411976e+00

   48  0  0
1.047843841645517e-01
1.039797368361065e-01
1.031752572739514e-01

   48  0  1
1.576282588042315e+00
1.574281867078151e+00
1.572268465399901e+00

   49  0  0
1.031752781867438e-01
1.023711437577723e-01
1.015673480208235e-01

   49  0  1
1.572268386784749e+00
1.570242306985254e+00
1.568203085828286e+00

   50  0  0
1.015673579182622e-01
1.007638451026714e-01
9.996057158181554e-02

   50  0  1
1.568203003804448e+00
1.566150644001573e+00
1.564084662267812e+00

   51  0  0
9.996055182678411e-02
9.915752314309081e-02
9.835481187998915e-02

   51  0  1
1.564084576670238e+00
1.562004975606702e+00
1.559911250666022e+00

   52  0  0
9.835485057612853e-02
9.755260928680194e-02
9.675076088737306e-02

   52  0  1
1.559911160622705e+00
1.557803316471890e+00
1.555680825239017e+00

   53  0  0
9.675073270884262e-02
9.594907134957475e-02
9.514762178824047e-02

   53  0  1
1.555680731802350e+00
1.553543596593923e+00
1.551391266977675e+00

   54  0  0
9.514762215751557e-02
9.434651536251665e-02
9.354578876640775e-02

   54  0  1
1.551391169324684e+00
1.549223648698237e+00
1.547040361891869e+00

   55  0  0
9.354581423544418e-02
9.274549195977030e-02
9.194550956828748e-02

   55  0  1
1.547040259784111e+00
1.544841210460669e+00
1.542625797286829e+00

   56  0  0
9.194548903188005e-02
9.114584586185125e-02
9.034662501831324e-02

   56  0  1
1.542625690468669e+00
1.540393917349991e+00
1.538145155266144e+00

   57  0  0
9.034667239211801e-02
8.954807665771411e-02
8.875001514941511e-02

   57  0  1
1.538145043481801e+00
1.535879296560725e+00
1.533595906564039e+00

   58  0  0
8.874998080189253e-02
8.795218482606432e-02
8.715468221864374e-02

   58  0  1
1.533595789589016e+00
1.531294760661820e+00
1.528975403689239e+00

   59  0  0
8.715468441222694e-02
8.635769958926254e-02
8.556130268548311e-02

   59  0  1
1.528975280367683e+00
1.526637602167682e+00
1.524280880088327e+00

   60  0  0
8.556135313635090e-02
8.476560192273523e-02
8.397035631245320e-02

   60  0  1
1.524280751779269e+00
1.521904990541980e+00
1.519509434202214e+00

   61  0  0
8.397029628509023e-02
8.317534532479354e-02
8.238082446364807e-02

   61  0  1
1.519509297877703e+00
1.517093955426654e+00
1.514658033493934e+00

   62  0  0
8.238088382337320e-02
8.158717338764987e-02
8.079420069858444e-02

   62  0  1
1.514657885719638e+00
1.512201397022471e+00
1.509723488363710e+00

   63  0  0
8.079418955132751e-02
8.000168034633404e-02
7.920959133499252e-02

   63  0  1
1.509723335075303e+00
1.507224023433792e+00
1.504702420625171e+00

   64  0  0
7.920956429608066e-02
7.841804236780066e-02
7.762722810761696e-02

   64  0  1
1.504702263937374e+00
1.502158385992331e+00
1.499591324837390e+00

   65  0  0
7.762730895051084e-02
7.683740947229292e-02
7.604822886185174e-02

   65  0  1
1.499591154821170e+00
1.497000923782423e+00
1.494386534060814e+00

   66  0  0
7.604815020605525e-02
7.525931238724987e-02
7.447096556246545e-02

   66  0  1
1.494386362050814e+00
1.491747829412259e+00
1.489084149686313e+00

   67  0  0
7.447102572358988e-02
7.368369421650670e-02
7.289735381177349e-02

   67  0  1
1.489083968609833e+00
1.486395149715057e+00
1.483680126389448e+00

   68  0  0
7.289737358408242e-02
7.211177074304277e-02
7.132676981278023e-02

   68  0  1
1.483679936100752e+00
1.480938715965847e+00
1.478170181810299e+00

   69  0  0
7.132669831177200e-02
7.054226869752511e-02
6.975863628542218e-02

   69  0  1
1.478169981382724e+00
1.475374140319833e+00
1.472549812340538e+00

   70  0  0
6.975874238535452e-02
6.897625932748036e-02
6.819467854581659e-02

   70  0  1
1.472549599469580e+00
1.469696799759795e+00
1.466814275444890e+00

   71  0  0
6.819457444917516e-02
6.741330504906727e-02
6.663251842047516e-02

   71  0  1
1.466814056956203e+00
1.463901802107704e+00
1.460958520549769e+00

   72  0  0
6.663258562714690e-02
6.585308897223430e-02
6.507494908155972e-02

   72  0  1
1.460958284421012e+00
1.457983985961722e+00
1.454977281541725e+00

   73  0  0
6.507503851776258e-02
6.429811091182613e-02
6.352206801982398e-02

   73  0  1
1.454977030587777e+00
1.451937936421255e+00
1.448864983648854e+00

   74  0  0
6.352190691029833e-02
6.274629654193842e-02
6.197150015534203e-02

   74  0  1
1.448864719744742e+00
1.445757921317441e+00
1.442615726229191e+00

   75  0  0
6.197166011797168e-02
6.119854362954401e-02
6.042685742764469e-02

   75  0  1
1.442615446794085e+00
1.439437869042647e+00
1.436223266739005e+00

   76  0  0
6.042678639051485e-02
5.965574705646314e-02
5.888535779333600e-02

   76  0  1
1.436222968965026e+00
1.432971359859401e+00
1.429681005798606e+00

   77  0  0
5.888533334157352e-02
5.811615212056363e-02
5.734844656296142e-02

   77  0  1
1.429680683036778e+00
1.426351605903653e+00
1.422981919667669e+00

   78  0  0
5.734860993250090e-02
5.658258544595958e-02
5.581777461163118e-02

   78  0  1
1.422981586416383e+00
1.419571321519501e+00
1.416118533595965e+00

   79  0  0
5.581756677898434e-02
5.505316932153198e-02
5.428963023522099e-02

   79  0  1
1.416118176351258e+00
1.412622893053149e+00
1.409083018039578e+00

   80  0  0
5.428981515270475e-02
5.352841312984495e-02
5.276895504709862e-02

   80  0  1
1.409082648318303e+00
1.405498176021177e+00
1.401866917089005e+00

   81  0  0
5.276893067638769e-02
5.201048925960947e-02
5.125286530649376e-02

   81  0  1
1.401866511554502e+00
1.398188496417315e+00
1.394461345389277e+00

   82  0  0
5.125273293063506e-02
5.049621195606772e-02
4.974133565834649e-02

   82  0  1
1.394460923609766e+00
1.390684633366646e+00
1.386856708429323e+00

   83  0  0
4.974161910328404e-02
4.898923266790129e-02
4.823867948204208e-02

   83  0  1
1.386856246970624e+00
1.382976714279270e+00
1.379042873704411e+00

   84  0  0
4.823841176145867e-02
4.748823575694604e-02
4.673887314462437e-02

   84  0  1
1.379042378388218e+00
1.375054259011344e+00
1.371008959795485e+00

   85  0  0
4.673902362376041e-02
4.599212059721585e-02
4.524771760121085e-02

   85  0  1
1.371008431848414e+00
1.366905991224183e+00
1.362743317922193e+00

   86  0  0
4.524782894775135e-02
4.450521936231900e-02
4.376382506869645e-02

   86  0  1
1.362742748118952e+00
1.358519881933294e+00
1.354233502393707e+00

   87  0  0
4.376352243673536e-02
4.302289292448395e-02
4.228390012693142e-02

   87  0  1
1.354232876675425e+00
1.349883033846088e+00
1.345466079965205e+00

   88  0  0
4.228431340149661e-02
4.154880374502534e-02
4.081601555338682e-02

   88  0  1
1.345465421881999e+00
1.340981424989362e+00
1.336426554842224e+00

   89  0  0
4.081575244771957e-02
4.008356200085746e-02
3.935218249028989e-02

   89  0  1
1.336425844059483e+00
1.331800148907908e+00
1.327099466793580e+00

   90  0  0
3.935219394836915e-02
3.862328816973935e-02
3.789736435413530e-02

   90  0  1
1.327098694028537e+00
1.322323088420506e+00
1.317468053954468e+00

   91  0  0
3.789770729383902e-02
3.717487574692839e-02
3.645406014356128e-02

   91  0  1
1.317467220860170e+00
1.312532815471516e+00
1.307514164675251e+00

   92  0  0
3.645355793722189e-02
3.573305249808439e-02
3.501399413199288e-02

   92  0  1
1.307513252623107e+00
1.302410442498063e+00
1.297218146567137e+00

   93  0  0
3.501447604066510e-02
3.429988068719085e-02
3.358914143113750e-02

   93  0  1
1.297217175143465e+00
1.291935410995571e+00
1.286558457522299e+00

   94  0  0
3.358901014809999e-02
3.287965731127255e-02
3.217136271595551e-02

   94  0  1
1.286557372163181e+00
1.281085323066051e+00
1.275511859410227e+00

   95  0  0
3.217109861546830e-02
3.146484162326993e-02
3.076182988515619e-02

   95  0  1
1.275510676002795e+00
1.269835891254808e+00
1.264052874951194e+00

   96  0  0
3.076248033621201e-02
3.006439188743858e-02
2.936963160227143e-02

   96  0  1
1.264051567146524e+00
1.258160449667409e+00
1.252153620384569e+00

   97  0  0
2.936895577403843e-02
2.867409834074600e-02
2.798031349435878e-02

   97  0  1
1.252152206675871e+00
1.246029705496199e+00
1.239783225109283e+00

   98  0  0
2.798072847659809e-02
2.729211703969606e-02
2.660865726963781e-02

   98  0  1
1.239781627291317e+00
1.233411322258131e+00
1.226907911266947e+00

   99  0  0
2.660888035943089e-02
2.592863812172166e-02
2.525029686612229e-02

   99  0  1
1.226906142136328e+00
1.220269788770655e+00
1.213490194773940e+00

  100  0  0
2.524958146439829e-02
2.457217922375394e-02
2.389779735327136e-02

  100  0  1
1.213488219694332e+00
1.206565575150667e+00
1.199488393879304e+00

  101  0  0
2.389878001796739e-02
2.323171330931108e-02
2.257012641648883e-02

  101  0  1
1.199486178537637e+00
1.192254682449448e+00
1.184856000003742e+00

  102  0  0
2.256947767528179e-02
2.190826912238171e-02
2.124799153423059e-02

  102  0  1
1.184853494853310e+00
1.177287896755927e+00
1.169540901394529e+00

  103  0  0
2.124803383200304e-02
2.059270075347850e-02
1.994349803012633e-02

  103  0  1
1.169538013175436e+00
1.161609969741380e+00
1.153484191562040e+00

  104  0  0
1.994431030018402e-02
1.930147410465671e-02
1.866244510774858e-02

  104  0  1
1.153480957888769e+00
1.145157896559337e+00
1.136618912031813e+00

  105  0  0
1.866125037865372e-02
1.802194301366631e-02
1.738504703898555e-02

  105  0  1
1.136615195564995e+00
1.127860730135744e+00
1.118869291640342e+00

  106  0  0
1.738618232564213e-02
1.675887869222428e-02
1.613977237725367e-02

  106  0  1
1.118864974382012e+00
1.109637140006098e+00
1.100148053033320e+00

  107  0  0
1.613949991043746e-02
1.552285055464093e-02
1.490778823824176e-02

  107  0  1
1.100143026087500e+00
1.090393348749348e+00
1.080354108469140e+00

  108  0  0
1.490711455472018e-02
1.429570197835753e-02
1.369089027364408e-02

  108  0  1
1.080348161061802e+00
1.070020233973640e+00
1.059369497427683e+00

  109  0  0
1.369248047424746e-02
1.309877844677479e-02
1.251245561425731e-02

  109  0  1
1.059362406163637e+00
1.048389962970956e+00
1.037055226739006e+00

  110  0  0
1.251092216339081e-02
1.192378755988855e-02
1.133836904983005e-02

  110  0  1
1.037046684738792e+00
1.025351005401905e+00
1.013245514420955e+00

  111  0  0
1.133923851555532e-02
1.076491745623487e-02
1.020193490580136e-02

  111  0  1
1.013235039380001e+00
1.000721513698814e+00
9.877402224895131e-01

  112  0  0
1.020259763504670e-02
9.647161590287986e-03
9.095979270724907e-03

  112  0  1
9.877271376426655e-01
9.742804875799936e-01
9.602942432235396e-01

  113  0  0
9.094251553493835e-03
8.544516438597851e-03
8.001167820572322e-03

  113  0  1
9.602775038336203e-01
9.457550029202231e-01
9.306017018589764e-01

  114  0  0
8.003519122217509e-03
7.477586639745217e-03
6.965000509560936e-03

  114  0  1
9.305799034108854e-01
9.148007579130907e-01
8.982734831750032e-01

  115  0  0
6.963687216290471e-03
6.452755024433251e-03
5.944251058588250e-03

  115  0  1
8.982441857046976e-01
8.809757716724801e-01
8.628025690418466e-01

  116  0  0
5.944138539523790e-03
5.446970939271739e-03
4.964614345529841e-03

  116  0  1
8.627615410748267e-01
8.436944670739657e-01
8.235063385426853e-01

  117  0  0
4.966908143697274e-03
4.502369144627514e-03
4.049323437012702e-03

  117  0  1
8.234460140666279e-01
8.021548468108588e-01
7.794305168782349e-01

  118  0  0
4.046544382861265e-03
3.594419106952251e-03
3.149446490520323e-03

  118  0  1
7.793353471251866e-01
7.552105920262041e-01
7.291724746220594e-01

  119  0  0
3.152170179806353e-03
2.733267687437445e-03
2.338023287885502e-03

  119  0  1
7.290077980732457e-01
7.011219105086508e-01
6.705210638030551e-01

  120  0  0
2.338172548182305e-03
1.956451953042355e-03
1.585084991624253e-03

  120  0  1
6.701991985656403e-01
6.370304877831652e-01
5.996104948310086e-01

  121  0  0
1.583175820800044e-03
1.226685543104510e-03
8.948647075094682e-04

  121  0  1
5.985506467707200e-01
5.577822162763889e-01
5.087384906373812e-01

  122  0  0
9.003845169064964e-04
6.137651986066427e-04
3.650536228447837e-04

  122  0  1
5.036815429571888e-01
4.493559823360099e-01
3.781572380240428e-01

  123  0  0
3.653994976628728e-04
1.556722783866506e-04
8.153860565479201e-07

  123  0  1
4.161994975089506e-01
2.589285976128531e-01
3.601229555948740e-02

  124  0  0
7.067148701877164e-06
5.011161617401574e-06
4.993429042395378e-06

  124  0  1
6.424638149951409e-03
1.606900379768623e-04
-1.226041915959746e-04

  125  0  0
4.995959015136898e-06
5.000001990651847e-06
4.999999678610216e-06

  125  0  1
-1.168246626344499e-05
4.609963781228873e-06
5.325629355079833e-06

  126  0  0
4.999999788918624e-06
4.999999954806884e-06
4.999999974647432e-06

  126  0  1
5.041219193721027e-06
5.000928260762126e-06
4.999219985269563e-06

  127  0  0
5.000000044861773e-06
5.000000000288567e-06
5.000000000175278e-06

  127  0  1
4.999904617234234e-06
4.999997925798180e-06
5.000001751863955e-06

  128  0  0
4.999999999692227e-06
4.999999999996728e-06
4.999999999997296e-06

  128  0  1
5.000000208085461e-06
5.000000004420817e-06
4.999999996255559e-06

  129  0  0
4.999999999999895e-06
4.999999999998263e-06
4.999999999998256e-06

  129  0  1
4.999999999559420e-06
4.999999999988926e-06
5.000000000006131e-06

  130  0  0
4.999999999998246e-06
4.999999999998253e-06
4.999999999998256e-06

  130  0  1
4.999999999999187e-06
4.999999999998273e-06
4.999999999998238e-06

  131  0  0
4.999999999998256e-06
4.999999999998254e-06
4.999999999998256e-06

  131  0  1
4.999999999998253e-06
4.999999999998253e-06
4.999999999998255e-06

  132  0  0
4.999999999998256e-06
4.999999999998254e-06
4.999999999998256e-06

  132  0  1
4.999999999998254e-06
4.999999999998254e-06
4.999999999998255e-06

  133  0  0
4.999999999998256e-06
4.999999999998254e-06
4.999999999998256e-06

  133  0  1
4.999999999998254e-06
4.999999999998254e-06
4.999999999998255e-06

  134  0  0
4.999999999998256e-06
4.999999999998254e-06
4.999999999998256e-06

  134  0  1
4.999999999998254e-06
4.999999999998254e-06
4.999999999998255e-06

  135  0  0
4.999999999998256e-06
4.999999999998254e-06
4.999999999998256e-06

  135  0  1
4.999999999998254e-06
4.999999999998254e-06
4.999999999998255e-06

  136  0  0
4.999999999998256e-06
4.999999999998254e-06
4.999999999998256e-06

  136  0  1
4.999999999998254e-06
4.999999999998254e-06
4.999999999998255e-06

  137  0  0
4.999999999998256e-06
4.999999999998254e-06
4.999999999998256e-06

  137  0  1
4.999999999998254e-06
4.999999999998254e-06
4.999999999998255e-06

  138  0  0
4.999999999998256e-06
4.999999999998254e-06
4.999999999998256e-06

  138  0  1
4.999999999998254e-06
4.999999999998254e-06
4.999999999998255e-06

  139  0  0
4.999999999998256e-06
4.999999999998254e-06
4.999999999998256e-06

  139  0  1
4.999999999998254e-06
4.999999999998254e-06
4.999999999998255e-06

  140  0  0
4.999999999998256e-06
4.999999999998254e-06
4.999999999998256e-06

  140  0  1
4.999999999998254e-06
4.999999999998254e-06
4.999999999998255e-06

  141  0  0
4.999999999998256e-06
4.999999999998254e-06
4.999999999998256e-06

  141  0  1
4.999999999998254e-06
4.999999999998254e-06
4.999999999998255e-06

  142  0  0
4.999999999998256e-06
4.999999999998254e-06
4.999999999998256e-06

  142  0  1
4.999999999998254e-06
4.999999999998254e-06
4.999999999998255e-06

  143  0  0
4.999999999998256e-06
4.999999999998254e-06
4.999999999998256e-06

  143  0  1
4.999999999998254e-06
4.999999999998254e-06
4.999999999998255e-06

  144  0  0
4.999999999998256e-06
4.999999999998254e-06
4.999999999998256e-06

  144  0  1
4.999999999998254e-06
4.999999999998254e-06
4.999999999998255e-06

  145  0  0
4.999999999998256e-06
4.999999999998254e-06
4.999999999998256e-06

  145  0  1
4.999999999998254e-06
4.999999999998254e-06
4.999999999998255e-06

  146  0  0
4.999999999998256e-06
4.999999999998254e-06
4.999999999998256e-06

  146  0  1
4.999999999998254e-06
4.999999999998254e-06
4.999999999998255e-06

  147  0  0
4.999999999998256e-06
4.999999999998254e-06
4.999999999998256e-06

  147  0  1
4.999999999998254e-06
4.999999999998254e-06
4.999999999998255e-06

  148  0  0
4.999999999998256e-06
4.999999999998254e-06
4.999999999998256e-06

  148  0  1
4.999999999998254e-06
4.999999999998254e-06
4.999999999998255e-06

  149  0  0
4.999999999998256e-06
4.999999999998254e-06
4.999999999998256e-06

  149  0  1
4.999999999998254e-06
4.999999999998254e-06
4.999999999998255e-06

  150  0  0
4.999999999998256e-06
4.999999999998254e-06
4.999999999998256e-06

  150  0  1
4.999999999998254e-06
4.999999999998254e-06
4.999999999998255e-06

  151  0  0
4.999999999998256e-06
4.999999999998254e-06
4.999999999998256e-06

  151  0  1
4.999999999998254e-06
4.999999999998254e-06
4.999999999998255e-06

  152  0  0
4.999999999998256e-06
4.999999999998254e-06
4.999999999998256e-06

  152  0  1
4.999999999998254e-06
4.999999999998254e-06
4.999999999998255e-06

  153  0  0
4.999999999998256e-06
4.999999999998254e-06
4.999999999998256e-06

  153  0  1
4.999999999998254e-06
4.999999999998254e-06
4.999999999998255e-06

  154  0  0
4.999999999998256e-06
4.999999999998254e-06
4.999999999998256e-06

  154  0  1
4.999999999998254e-06
4.999999999998254e-06
4.999999999998255e-06

  155  0  0
4.999999999998256e-06
4.999999999998254e-06
4.999999999998256e-06

  155  0  1
4.999999999998254e-06
4.999999999998254e-06
4.999999999998255e-06

  156  0  0
4.999999999998256e-06
4.999999999998254e-06
4.999999999998256e-06

  156  0  1
4.999999999998254e-06
4.999999999998254e-06
4.999999999998255e-06

  157  0  0
4.999999999998256e-06
4.999999999998254e-06
4.999999999998256e-06

  157  0  1
4.999999999998254e-06
4.999999999998254e-06
4.999999999998255e-06

  158  0  0
4.999999999998256e-06
4.999999999998254e-06
4.999999999998256e-06

  158  0  1
4.999999999998254e-06
4.999999999998254e-06
4.999999999998255e-06

  159  0  0
4.999999999998256e-06
4.999999999998254e-06
4.999999999998256e-06

  159  0  1
4.999999999998254e-06
4.999999999998254e-06
4.999999999998255e-06

  160  0  0
4.999999999998256e-06
4.999999999998254e-06
4.999999999998256e-06

  160  0  1
4.999999999998254e-06
4.999999999998254e-06
4.999999999998255e-06

  161  0  0
4.999999999998256e-06
4.999999999998254e-06
4.999999999998256e-06

  161  0  1
4.999999999998254e-06
4.999999999998254e-06
4.999999999998255e-06

  162  0  0
4.999999999998256e-06
4.999999999998254e-06
4.999999999998256e-06

  162  0  1
4.999999999998254e-06
4.999999999998254e-06
4.999999999998255e-06

  163  0  0
4.999999999998256e-06
4.999999999998254e-06
4.999999999998256e-06

  163  0  1
4.999999999998254e-06
4.999999999998254e-06
4.999999999998255e-06

  164  0  0
4.999999999998256e-06
4.999999999998254e-06
4.999999999998256e-06

  164  0  1
4.999999999998254e-06
4.999999999998254e-06
4.999999999998255e-06

  165  0  0
4.999999999998256e-06
4.999999999998254e-06
4.999999999998256e-06

  165  0  1
4.999999999998254e-06
4.999999999998254e-06
4.999999999998255e-06

  166  0  0
4.999999999998256e-06
4.999999999998254e-06
4.999999999998256e-06

  166  0  1
4.999999999998254e-06
4.999999999998254e-06
4.999999999998255e-06

  167  0  0
4.999999999998256e-06
4.999999999998254e-06
4.999999999998256e-06

  167  0  1
4.999999999998254e-06
4.999999999998254e-06
4.999999999998255e-06

  168  0  0
4.999999999998256e-06
4.999999999998254e-06
4.999999999998256e-06

  168  0  1
4.999999999998254e-06
4.999999999998254e-06
4.999999999998255e-06

  169  0  0
4.999999999998256e-06
4.999999999998254e-06
4.999999999998256e-06

  169  0  1
4.999999999998254e-06
4.999999999998254e-06
4.999999999998255e-06

  170  0  0
4.999999999998256e-06
4.999999999998254e-06
4.999999999998256e-06

  170  0  1
4.999999999998254e-06
4.999999999998254e-06
4.999999999998255e-06

  171  0  0
4.999999999998256e-06
4.999999999998254e-06
4.999999999998256e-06

  171  0  1
4.999999999998254e-06
4.999999999998254e-06
4.999999999998255e-06

  172  0  0
4.999999999998256e-06
4.999999999998254e-06
4.999999999998256e-06

  172  0  1
4.999999999998254e-06
4.999999999998254e-06
4.999999999998255e-06

  173  0  0
4.999999999998256e-06
4.999999999998254e-06
4.999999999998256e-06

  173  0  1
4.999999999998254e-06
4.999999999998254e-06
4.999999999998255e-06

  174  0  0
4.999999999998256e-06
4.999999999998254e-06
4.999999999998256e-06

  174  0  1
4.999999999998254e-06
4.999999999998254e-06
4.999999999998255e-06

  175  0  0
4.999999999998256e-06
4.999999999998254e-06
4.999999999998256e-06

  175  0  1
4.999999999998254e-06
4.999999999998254e-06
4.999999999998255e-06

  176  0  0
4.999999999998256e-06
4.999999999998254e-06
4.999999999998256e-06

  176  0  1
4.999999999998254e-06
4.999999999998254e-06
4.999999999998255e-06

  177  0  0
4.999999999998256e-06
4.999999999998254e-06
4.999999999998256e-06

  177  0  1
4.999999999998254e-06
4.999999999998254e-06
4.999999999998255e-06

  178  0  0
4.999999999998256e-06
4.999999999998254e-06
4.999999999998256e-06

  178  0  1
4.999999999998254e-06
4.999999999998254e-06
4.999999999998255e-06

  179  0  0
4.999999999998256e-06
4.999999999998254e-06
4.999999999998256e-06

  179  0  1
4.999999999998254e-06
4.999999999998254e-06
4.999999999998255e-06

  180  0  0
4.999999999998256e-06
4.999999999998254e-06
4.999999999998256e-06

  180  0  1
4.999999999998254e-06
4.999999999998254e-06
4.999999999998255e-06

  181  0  0
4.999999999998256e-06
4.999999999998254e-06
4.999999999998256e-06

  181  0  1
4.999999999998254e-06
4.999999999998254e-06
4.999999999998255e-06

  182  0  0
4.999999999998256e-06
4.999999999998254e-06
4.999999999998256e-06

  182  0  1
4.999999999998254e-06
4.999999999998254e-06
4.999999999998255e-06

  183  0  0
4.999999999998256e-06
4.999999999998254e-06
4.999999999998256e-06

  183  0  1
4.999999999998254e-06
4.999999999998254e-06
4.999999999998255e-06

  184  0  0
4.999999999998256e-06
4.999999999998254e-06
4.999999999998256e-06

  184  0  1
4.999999999998254e-06
4.999999999998254e-06
4.999999999998255e-06

  185  0  0
4.999999999998256e-06
4.999999999998254e-06
4.999999999998256e-06

  185  0  1
4.999999999998254e-06
4.999999999998254e-06
4.999999999998255e-06

  186  0  0
4.999999999998256e-06
4.999999999998254e-06
4.999999999998256e-06

  186  0  1
4.999999999998254e-06
4.999999999998254e-06
4.999999999998255e-06

  187  0  0
4.999999999998256e-06
4.999999999998254e-06
4.999999999998256e-06

  187  0  1
4.999999999998254e-06
4.999999999998254e-06
4.999999999998255e-06

  188  0  0
4.999999999998256e-06
4.999999999998254e-06
4.999999999998256e-06

  188  0  1
4.999999999998254e-06
4.999999999998254e-06
4.999999999998255e-06

  189  0  0
4.999999999998256e-06
4.999999999998254e-06
4.999999999998256e-06

  189  0  1
4.999999999998254e-06
4.999999999998254e-06
4.999999999998255e-06

  190  0  0
4.999999999998256e-06
4.999999999998254e-06
4.999999999998256e-06

  190  0  1
4.999999999998254e-06
4.999999999998254e-06
4.999999999998255e-06

  191  0  0
4.999999999998256e-06
4.999999999998254e-06
4.999999999998256e-06

  191  0  1
4.999999999998254e-06
4.999999999998254e-06
4.999999999998255e-06

  192  0  0
4.999999999998256e-06
4.999999999998254e-06
4.999999999998256e-06

  192  0  1
4.999999999998254e-06
4.999999999998254e-06
4.999999999998255e-06

  193  0  0
4.999999999998256e-06
4.999999999998254e-06
4.999999999998256e-06

  193  0  1
4.999999999998254e-06
4.999999999998254e-06
4.999999999998255e-06

  194  0  0
4.999999999998256e-06
4.999999999998254e-06
4.999999999998256e-06

  194  0  1
4.999999999998254e-06
4.999999999998254e-06
4.999999999998255e-06

  195  0  0
4.999999999998256e-06
4.999999999998254e-06
4.999999999998256e-06

  195  0  1
4.999999999998254e-06
4.999999999998254e-06
4.999999999998255e-06

  196  0  0
4.999999999998256e-06
4.999999999998254e-06
4.999999999998256e-06

  196  0  1
4.999999999998254e-06
4.999999999998254e-06
4.999999999998255e-06

  197  0  0
4.999999999998256e-06
4.999999999998254e-06
4.999999999998256e-06

  197  0  1
4.999999999998254e-06
4.999999999998254e-06
4.999999999998255e-06

  198  0  0
4.999999999998256e-06
4.999999999998254e-06
4.999999999998256e-06

  198  0  1
4.999999999998254e-06
4.999999999998254e-06
4.999999999998255e-06

  199  0  0
4.999999999998256e-06
4.999999999998254e-06
4.999999999998256e-06

  199  0  1
4.999999999998254e-06
4.999999999998254e-06
4.999999999998255e-06

  200  0  0
4.999999999998256e-06
4.999999999998254e-06
4.999999999998256e-06

  200  0  1
4.999999999998254e-06
4.999999999998254e-06
4.999999999998255e-06

  201  0  0
4.999999999998256e-06
4.999999999998254e-06
4.999999999998256e-06

  201  0  1
4.999999999998254e-06
4.999999999998254e-06
4.999999999998255e-06

  202  0  0
4.999999999998256e-06
4.999999999998254e-06
4.999999999998256e-06

  202  0  1
4.999999999998254e-06
4.999999999998254e-06
4.999999999998255e-06

  203  0  0
4.999999999998256e-06
4.999999999998254e-06
4.999999999998256e-06

  203  0  1
4.999999999998254e-06
4.999999999998254e-06
4.999999999998255e-06

  204  0  0
4.999999999998256e-06
4.999999999998254e-06
4.999999999998256e-06

  204  0  1
4.999999999998254e-06
4.999999999998254e-06
4.999999999998255e-06

  205  0  0
4.999999999998256e-06
4.999999999998254e-06
4.999999999998256e-06

  205  0  1
4.999999999998254e-06
4.999999999998254e-06
4.999999999998255e-06

  206  0  0
4.999999999998256e-06
4.999999999998254e-06
4.999999999998256e-06

  206  0  1
4.999999999998254e-06
4.999999999998254e-06
4.999999999998255e-06

  207  0  0
4.999999999998256e-06
4.999999999998254e-06
4.999999999998256e-06

  207  0  1
4.999999999998254e-06
4.999999999998254e-06
4.999999999998255e-06

  208  0  0
4.999999999998256e-06
4.999999999998254e-06
4.999999999998256e-06

  208  0  1
4.999999999998254e-06
4.999999999998254e-06
4.999999999998255e-06

  209  0  0
4.999999999998256e-06
4.999999999998254e-06
4.999999999998256e-06

  209  0  1
4.999999999998254e-06
4.999999999998254e-06
4.999999999998255e-06

  210  0  0
4.999999999998256e-06
4.999999999998254e-06
4.999999999998256e-06

  210  0  1
4.999999999998254e-06
4.999999999998254e-06
4.999999999998255e-06

  211  0  0
4.999999999998256e-06
4.999999999998254e-06
4.999999999998256e-06

  211  0  1
4.999999999998254e-06
4.999999999998254e-06
4.999999999998255e-06

  212  0  0
4.999999999998256e-06
4.999999999998254e-06
4.999999999998256e-06

  212  0  1
4.999999999998254e-06
4.999999999998254e-06
4.999999999998255e-06

  213  0  0
4.999999999998256e-06
4.999999999998254e-06
4.999999999998256e-06

  213  0  1
4.999999999998254e-06
4.999999999998254e-06
4.999999999998255e-06

  214  0  0
4.999999999998256e-06
4.999999999998254e-06
4.999999999998256e-06

  214  0  1
4.999999999998254e-06
4.999999999998254e-06
4.999999999998255e-06

  215  0  0
4.999999999998256e-06
4.999999999998254e-06
4.999999999998256e-06

  215  0  1
4.999999999998254e-06
4.999999999998254e-06
4.999999999998255e-06

  216  0  0
4.999999999998256e-06
4.999999999998254e-06
4.999999999998256e-06

  216  0  1
4.999999999998254e-06
4.999999999998254e-06
4.999999999998255e-06

  217  0  0
4.999999999998256e-06
4.999999999998254e-06
4.999999999998256e-06

  217  0  1
4.999999999998254e-06
4.999999999998254e-06
4.999999999998255e-06

  218  0  0
4.999999999998256e-06
4.999999999998254e-06
4.999999999998256e-06

  218  0  1
4.999999999998254e-06
4.999999999998254e-06
4.999999999998255e-06

  219  0  0
4.999999999998256e-06
4.999999999998254e-06
4.999999999998256e-06

  219  0  1
4.999999999998254e-06
4.999999999998254e-06
4.999999999998255e-06

  220  0  0
4.999999999998256e-06
4.999999999998254e-06
4.999999999998256e-06

  220  0  1
4.999999999998254e-06
4.999999999998254e-06
4.999999999998255e-06

  221  0  0
4.999999999998256e-06
4.999999999998254e-06
4.999999999998256e-06

  221  0  1
4.999999999998254e-06
4.999999999998254e-06
4.999999999998255e-06

  222  0  0
4.999999999998256e-06
4.999999999998254e-06
4.999999999998256e-06

  222  0  1
4.999999999998254e-06
4.999999999998254e-06
4.999999999998255e-06

  223  0  0
4.999999999998256e-06
4.999999999998254e-06
4.999999999998256e-06

  223  0  1
4.999999999998254e-06
4.999999999998254e-06
4.999999999998255e-06

  224  0  0
4.999999999998256e-06
4.999999999998254e-06
4.999999999998256e-06

  224  0  1
4.999999999998254e-06
4.999999999998254e-06
4.999999999998255e-06

  225  0  0
4.999999999998256e-06
4.999999999998254e-06
4.999999999998256e-06

  225  0  1
4.999999999998254e-06
4.999999999998254e-06
4.999999999998255e-06

  226  0  0
4.999999999998256e-06
4.999999999998254e-06
4.999999999998256e-06

  226  0  1
4.999999999998254e-06
4.999999999998254e-06
4.999999999998255e-06

  227  0  0
4.999999999998256e-06
4.999999999998254e-06
4.999999999998256e-06

  227  0  1
4.999999999998254e-06
4.999999999998254e-06
4.999999999998255e-06

  228  0  0
4.999999999998256e-06
4.999999999998254e-06
4.999999999998256e-06

  228  0  1
4.999999999998254e-06
4.999999999998254e-06
4.999999999998255e-06

  229  0  0
4.999999999998256e-06
4.999999999998254e-06
4.999999999998256e-06

  229  0  1
4.999999999998254e-06
4.999999999998254e-06
4.999999999998255e-06

  230  0  0
4.999999999998256e-06
4.999999999998254e-06
4.999999999998256e-06

  230  0  1
4.999999999998254e-06
4.999999999998254e-06
4.999999999998255e-06

  231  0  0
4.999999999998256e-06
4.999999999998254e-06
4.999999999998256e-06

  231  0  1
4.999999999998254e-06
4.999999999998254e-06
4.999999999998255e-06

  232  0  0
4.999999999998256e-06
4.999999999998254e-06
4.999999999998256e-06

  232  0  1
4.999999999998254e-06
4.999999999998254e-06
4.999999999998255e-06

  233  0  0
4.999999999998256e-06
4.999999999998254e-06
4.999999999998256e-06

  233  0  1
4.999999999998254e-06
4.999999999998254e-06
4.999999999998255e-06

  234  0  0
4.999999999998256e-06
4.999999999998254e-06
4.999999999998256e-06

  234  0  1
4.999999999998254e-06
4.999999999998254e-06
4.999999999998255e-06

  235  0  0
4.999999999998256e-06
4.999999999998254e-06
4.999999999998256e-06

  235  0  1
4.999999999998254e-06
4.999999999998254e-06
4.999999999998255e-06

  236  0  0
4.999999999998256e-06
4.999999999998254e-06
4.999999999998256e-06

  236  0  1
4.999999999998254e-06
4.999999999998254e-06
4.999999999998255e-06

  237  0  0
4.999999999998256e-06
4.999999999998254e-06
4.999999999998256e-06

  237  0  1
4.999999999998254e-06
4.999999999998254e-06
4.999999999998255e-06

  238  0  0
4.999999999998256e-06
4.999999999998254e-06
4.999999999998256e-06

  238  0  1
4.999999999998254e-06
4.999999999998254e-06
4.999999999998255e-06

  239  0  0
4.999999999998256e-06
4.999999999998254e-06
4.999999999998256e-06

  239  0  1
4.999999999998254e-06
4.999999999998254e-06
4.999999999998255e-06

  240  0  0
4.999999999998256e-06
4.999999999998254e-06
4.999999999998256e-06

  240  0  1
4.999999999998254e-06
4.999999999998254e-06
4.999999999998255e-06

  241  0  0
4.999999999998256e-06
4.999999999998254e-06
4.999999999998256e-06

  241  0  1
4.999999999998254e-06
4.999999999998254e-06
4.999999999998255e-06

  242  0  0
4.999999999998256e-06
4.999999999998254e-06
4.999999999998256e-06

  242  0  1
4.999999999998254e-06
4.999999999998254e-06
4.999999999998255e-06

  243  0  0
4.999999999998256e-06
4.999999999998254e-06
4.999999999998256e-06

  243  0  1
4.999999999998254e-06
4.999999999998254e-06
4.999999999998255e-06

  244  0  0
4.999999999998256e-06
4.999999999998254e-06
4.999999999998256e-06

  244  0  1
4.999999999998254e-06
4.999999999998254e-06
4.999999999998255e-06

  245  0  0
4.999999999998256e-06
4.999999999998254e-06
4.999999999998256e-06

  245  0  1
4.999999999998254e-06
4.999999999998254e-06
4.999999999998255e-06

  246  0  0
4.999999999998256e-06
4.999999999998254e-06
4.999999999998256e-06

  246  0  1
4.999999999998254e-06
4.999999999998254e-06
4.999999999998255e-06

  247  0  0
4.999999999998256e-06
4.999999999998254e-06
4.999999999998256e-06

  247  0  1
4.999999999998254e-06
4.999999999998254e-06
4.999999999998255e-06

  248  0  0
4.999999999998256e-06
4.999999999998254e-06
4.999999999998256e-06

  248  0  1
4.999999999998254e-06
4.999999999998254e-06
4.999999999998255e-06

  249  0  0
4.999999999998256e-06
4.999999999998254e-06
4.999999999998256e-06

  249  0  1
4.999999999998254e-06
4.999999999998254e-06
4.999999999998255e-06

  250  0  0
4.999999999998256e-06
4.999999999998254e-06
4.999999999998256e-06

  250  0  1
4.999999999998254e-06
4.999999999998254e-06
4.999999999998255e-06

  251  0  0
4.999999999998256e-06
4.999999999998254e-06
4.999999999998256e-06

  251  0  1
4.999999999998254e-06
4.999999999998254e-06
4.999999999998255e-06

  252  0  0
4.999999999998256e-06
4.999999999998254e-06
4.999999999998256e-06

  252  0  1
4.999999999998254e-06
4.999999999998254e-06
4.999999999998255e-06

  253  0  0
4.999999999998256e-06
4.999999999998254e-06
4.999999999998256e-06

  253  0  1
4.999999999998254e-06
4.999999999998254e-06
4.999999999998255e-06

  254  0  0
4.999999999998256e-06
4.999999999998254e-06
4.999999999998256e-06

  254  0  1
4.999999999998254e-06
4.999999999998254e-06
4.999999999998255e-06

  255  0  0
4.999999999998256e-06
4.999999999998254e-06
4.999999999998256e-06

  255  0  1
4.999999999998254e-06
4.999999999998254e-06
4.999999999998255e-06

  256  0  0
4.999999999998256e-06
4.999999999998254e-06
4.999999999998256e-06

  256  0  1
4.999999999998254e-06
4.999999999998254e-06
4.999999999998255e-06

  257  0  0
4.999999999998256e-06
4.999999999998254e-06
4.999999999998256e-06

  257  0  1
4.999999999998254e-06
4.999999999998254e-06
4.999999999998255e-06

  258  0  0
4.999999999998256e-06
4.999999999998254e-06
4.999999999998256e-06

  258  0  1
4.999999999998254e-06
4.999999999998254e-06
4.999999999998255e-06

  259  0  0
4.999999999998256e-06
4.999999999998254e-06
4.999999999998256e-06

  259  0  1
4.999999999998254e-06
4.999999999998254e-06
4.999999999998255e-06

  260  0  0
4.999999999998256e-06
4.999999999998254e-06
4.999999999998256e-06

  260  0  1
4.999999999998254e-06
4.999999999998254e-06
4.999999999998255e-06

  261  0  0
4.999999999998256e-06
4.999999999998254e-06
4.999999999998256e-06

  261  0  1
4.999999999998254e-06
4.999999999998254e-06
4.999999999998255e-06

  262  0  0
4.999999999998256e-06
4.999999999998254e-06
4.999999999998256e-06

  262  0  1
4.999999999998254e-06
4.999999999998254e-06
4.999999999998255e-06

  263  0  0
4.999999999998256e-06
4.999999999998254e-06
4.999999999998256e-06

  263  0  1
4.999999999998254e-06
4.999999999998254e-06
4.999999999998255e-06

  264  0  0
4.999999999998256e-06
4.999999999998254e-06
4.999999999998256e-06

  264  0  1
4.999999999998254e-06
4.999999999998254e-06
4.999999999998255e-06

  265  0  0
4.999999999998256e-06
4.999999999998254e-06
4.999999999998256e-06

  265  0  1
4.999999999998254e-06
4.999999999998254e-06
4.999999999998255e-06

  266  0  0
4.999999999998256e-06
4.999999999998254e-06
4.999999999998256e-06

  266  0  1
4.999999999998254e-06
4.999999999998254e-06
4.999999999998255e-06

  267  0  0
4.999999999998256e-06
4.999999999998254e-06
4.999999999998256e-06

  267  0  1
4.999999999998254e-06
4.999999999998254e-06
4.999999999998255e-06

  268  0  0
4.999999999998256e-06
4.999999999998254e-06
4.999999999998256e-06

  268  0  1
4.999999999998254e-06
4.999999999998254e-06
4.999999999998255e-06

  269  0  0
4.999999999998256e-06
4.999999999998254e-06
4.999999999998256e-06

  269  0  1
4.999999999998254e-06
4.999999999998254e-06
4.999999999998255e-06

  270  0  0
4.999999999998256e-06
4.999999999998254e-06
4.999999999998256e-06

  270  0  1
4.999999999998254e-06
4.999999999998254e-06
4.999999999998255e-06

  271  0  0
4.999999999998256e-06
4.999999999998254e-06
4.999999999998256e-06

  271  0  1
4.999999999998254e-06
4.999999999998254e-06
4.999999999998255e-06

  272  0  0
4.999999999998256e-06
4.999999999998254e-06
4.999999999998256e-06

  272  0  1
4.999999999998254e-06
4.999999999998254e-06
4.999999999998255e-06

  273  0  0
4.999999999998256e-06
4.999999999998254e-06
4.999999999998256e-06

  273  0  1
4.999999999998254e-06
4.999999999998254e-06
4.999999999998255e-06

  274  0  0
4.999999999998256e-06
4.999999999998254e-06
4.999999999998256e-06

  274  0  1
4.999999999998254e-06
4.999999999998254e-06
4.999999999998255e-06

  275  0  0
4.999999999998256e-06
4.999999999998254e-06
4.999999999998256e-06

  275  0  1
4.999999999998254e-06
4.999999999998254e-06
4.999999999998255e-06

  276  0  0
4.999999999998256e-06
4.999999999998254e-06
4.999999999998256e-06

  276  0  1
4.999999999998254e-06
4.999999999998254e-06
4.999999999998255e-06

  277  0  0
4.999999999998256e-06
4.999999999998254e-06
4.999999999998256e-06

  277  0  1
4.999999999998254e-06
4.999999999998254e-06
4.999999999998255e-06

  278  0  0
4.999999999998256e-06
4.999999999998254e-06
4.999999999998256e-06

  278  0  1
4.999999999998254e-06
4.999999999998254e-06
4.999999999998255e-06

  279  0  0
4.999999999998256e-06
4.999999999998254e-06
4.999999999998256e-06

  279  0  1
4.999999999998254e-06
4.999999999998254e-06
4.999999999998255e-06

  280  0  0
4.999999999998256e-06
4.999999999998254e-06
4.999999999998256e-06

  280  0  1
4.999999999998254e-06
4.999999999998254e-06
4.999999999998255e-06

  281  0  0
4.999999999998256e-06
4.999999999998254e-06
4.999999999998256e-06

  281  0  1
4.999999999998254e-06
4.999999999998254e-06
4.999999999998255e-06

  282  0  0
4.999999999998256e-06
4.999999999998254e-06
4.999999999998256e-06

  282  0  1
4.999999999998254e-06
4.999999999998254e-06
4.999999999998255e-06

  283  0  0
4.999999999998256e-06
4.999999999998254e-06
4.999999999998256e-06

  283  0  1
4.999999999998254e-06
4.999999999998254e-06
4.999999999998255e-06

  284  0  0
4.999999999998256e-06
4.999999999998254e-06
4.999999999998256e-06

  284  0  1
4.999999999998254e-06
4.999999999998254e-06
4.999999999998255e-06

  285  0  0
4.999999999998256e-06
4.999999999998254e-06
4.999999999998256e-06

  285  0  1
4.999999999998254e-06
4.999999999998254e-06
4.999999999998255e-06

  286  0  0
4.999999999998256e-06
4.999999999998254e-06
4.999999999998256e-06

  286  0  1
4.999999999998254e-06
4.999999999998254e-06
4.999999999998255e-06

  287  0  0
4.999999999998256e-06
4.999999999998254e-06
4.999999999998256e-06

  287  0  1
4.999999999998254e-06
4.999999999998254e-06
4.999999999998255e-06

  288  0  0
4.999999999998256e-06
4.999999999998254e-06
4.999999999998256e-06

  288  0  1
4.999999999998254e-06
4.999999999998254e-06
4.999999999998255e-06

  289  0  0
4.999999999998256e-06
4.999999999998254e-06
4.999999999998256e-06

  289  0  1
4.999999999998254e-06
4.999999999998254e-06
4.999999999998255e-06

  290  0  0
4.999999999998256e-06
4.999999999998254e-06
4.999999999998256e-06

  290  0  1
4.999999999998254e-06
4.999999999998254e-06
4.999999999998255e-06

  291  0  0
4.999999999998256e-06
4.999999999998254e-06
4.999999999998256e-06

  291  0  1
4.999999999998254e-06
4.999999999998254e-06
4.999999999998255e-06

  292  0  0
4.999999999998256e-06
4.999999999998254e-06
4.999999999998256e-06

  292  0  1
4.999999999998254e-06
4.999999999998254e-06
4.999999999998255e-06

  293  0  0
4.999999999998256e-06
4.999999999998254e-06
4.999999999998256e-06

  293  0  1
4.999999999998254e-06
4.999999999998254e-06
4.999999999998255e-06

  294  0  0
4.999999999998256e-06
4.999999999998254e-06
4.999999999998256e-06

  294  0  1
4.999999999998254e-06
4.999999999998254e-06
4.999999999998255e-06

  295  0  0
4.999999999998256e-06
4.999999999998254e-06
4.999999999998256e-06

  295  0  1
4.999999999998254e-06
4.999999999998254e-06
4.999999999998255e-06

  296  0  0
4.999999999998256e-06
4.999999999998254e-06
4.999999999998256e-06

  296  0  1
4.999999999998254e-06
4.999999999998254e-06
4.999999999998255e-06

  297  0  0
4.999999999998256e-06
4.999999999998254e-06
4.999999999998256e-06

  297  0  1
4.999999999998254e-06
4.999999999998254e-06
4.999999999998255e-06

  298  0  0
4.999999999998256e-06
4.999999999998254e-06
4.999999999998256e-06

  298  0  1
4.999999999998254e-06
4.999999999998254e-06
4.999999999998255e-06

  299  0  0
4.999999999998256e-06
4.999999999998254e-06
4.999999999998256e-06

  299  0  1
4.999999999998254e-06
4.999999999998254e-06
4.999999999998255e-06

  300  0  0
4.999999999998256e-06
4.999999999998254e-06
4.999999999998256e-06

  300  0  1
4.999999999998254e-06
4.999999999998254e-06
4.999999999998255e-06

  301  0  0
4.999999999998256e-06
4.999999999998254e-06
4.999999999998256e-06

  301  0  1
4.999999999998254e-06
4.999999999998254e-06
4.999999999998255e-06

  302  0  0
4.999999999998256e-06
4.999999999998254e-06
4.999999999998256e-06

  302  0  1
4.999999999998254e-06
4.999999999998254e-06
4.999999999998255e-06

  303  0  0
4.999999999998256e-06
4.999999999998254e-06
4.999999999998256e-06

  303  0  1
4.999999999998254e-06
4.999999999998254e-06
4.999999999998255e-06

  304  0  0
4.999999999998256e-06
4.999999999998254e-06
4.999999999998256e-06

  304  0  1
4.999999999998254e-06
4.999999999998254e-06
4.999999999998255e-06

  305  0  0
4.999999999998256e-06
4.999999999998254e-06
4.999999999998256e-06

  305  0  1
4.999999999998254e-06
4.999999999998254e-06
4.999999999998255e-06

  306  0  0
4.999999999998256e-06
4.999999999998254e-06
4.999999999998256e-06

  306  0  1
4.999999999998254e-06
4.999999999998254e-06
4.999999999998255e-06

  307  0  0
4.999999999998256e-06
4.999999999998254e-06
4.999999999998256e-06

  307  0  1
4.999999999998254e-06
4.999999999998254e-06
4.999999999998255e-06

  308  0  0
4.999999999998256e-06
4.999999999998254e-06
4.999999999998256e-06

  308  0  1
4.999999999998254e-06
4.999999999998254e-06
4.999999999998255e-06

  309  0  0
4.999999999998256e-06
4.999999999998254e-06
4.999999999998256e-06

  309  0  1
4.999999999998254e-06
4.999999999998254e-06
4.999999999998255e-06

  310  0  0
4.999999999998256e-06
4.999999999998254e-06
4.999999999998256e-06

  310  0  1
4.999999999998254e-06
4.999999999998254e-06
4.999999999998255e-06

  311  0  0
4.999999999998256e-06
4.999999999998254e-06
4.999999999998256e-06

  311  0  1
4.999999999998254e-06
4.999999999998254e-06
4.999999999998255e-06

  312  0  0
4.999999999998254e-06
4.999999999998255e-06
4.999999999998265e-06

  312  0  1
4.999999999998254e-06
4.999999999998254e-06
4.999999999998255e-06

  313  0  0
4.999999999998311e-06
4.999999999998182e-06
4.999999999996119e-06

  313  0  1
4.999999999998234e-06
4.999999999998272e-06
4.999999999997670e-06

  314  0  0
4.999999999989568e-06
5.000000000011480e-06
5.000000000270993e-06

  314  0  1
4.999999999998922e-06
4.999999999998991e-06
5.000000000097816e-06

  315  0  0
5.000000000974330e-06
4.999999998496407e-06
4.999999970159763e-06

  315  0  1
4.999999999942534e-06
4.999999999891072e-06
4.999999988290787e-06

  316  0  0
4.999999897701577e-06
5.000000160532700e-06
5.000003086625115e-06

  316  0  1
5.000000006516689e-06
5.000000012774968e-06
5.000001316400418e-06

  317  0  0
5.000009998908052e-06
4.999983878904667e-06
4.999702927616699e-06

  317  0  1
4.999999271066307e-06
4.999998537822380e-06
4.999860049352756e-06

  318  0  0
4.999110963832006e-06
5.001491573958873e-06
5.025931193127349e-06

  318  0  1
5.000076727716093e-06
5.000159298828666e-06
5.013811097529019e-06

  319  0  0
5.068645133574023e-06
4.878375032568755e-06
3.033247801424245e-06

  319  0  1
4.990639279381754e-06
4.985427671158753e-06
3.739989912831160e-06

