#Cell    Group    L_mom 
# Element_0
# Element_1
    0  0  0
1.914288727358053e+00
1.896536014346105e+00

    1  0  0
1.896643799180679e+00
1.878662969409504e+00

    2  0  0
1.878784235260298e+00
1.860552171028757e+00

    3  0  0
1.860689036725443e+00
1.842178992892793e+00

    4  0  0
1.842333909442599e+00
1.823514922935425e+00

    5  0  0
1.823690742561862e+00
1.804526924519651e+00

    6  0  0
1.804726980118280e+00
1.785176668681191e+00

    7  0  0
1.785404870702612e+00
1.765419612345632e+00

    8  0  0
1.765680569419994e+00
1.745203886201456e+00

    9  0  0
1.745503057293583e+00
1.724468943765745e+00

   10  0  0
1.724812832383962e+00
1.703143907478025e+00

   11  0  0
1.703540312953228e+00
1.681145525847400e+00

   12  0  0
1.681603873252463e+00
1.658375623463406e+00

   13  0  0
1.658907397389077e+00
1.634717879148508e+00

   14  0  0
1.635337194752936e+00
1.610033727663129e+00

   15  0  0
1.610758148649164e+00
1.584157122416759e+00

   16  0  0
1.585008944306057e+00
1.556887551951563e+00

   17  0  0
1.557895457432841e+00
1.527980119971227e+00

   18  0  0
1.529180462455233e+00
1.497132321672754e+00

   19  0  0
1.498571738217627e+00
1.463969936323194e+00

   20  0  0
1.465716978292672e+00
1.428026801788943e+00

   21  0  0
1.430187968768855e+00
1.388688503377818e+00

   22  0  0
1.391390432421868e+00
1.345105977085543e+00

   23  0  0
1.348492705323240e+00
1.296211445594083e+00

   24  0  0
1.300728159007731e+00
1.240672878700409e+00

   25  0  0
1.247162780290308e+00
1.175761572058668e+00

   26  0  0
1.183713322900446e+00
1.097044279047674e+00

   27  0  0
1.108139946649519e+00
1.005635307813805e+00

   28  0  0
1.047256556015913e+00
8.920888353916749e-01

   29  0  0
9.786226902107832e-01
6.342318899625179e-01

   30  0  0
5.770243578665679e-01
1.556496235722000e-01

   31  0  0
2.811099604086160e-02
2.994065282491991e-04

   32  0  0
1.460919633184861e-05
1.003603919445350e-05

   33  0  0
1.000057219194651e-05
1.000000447341057e-05

   34  0  0
1.000000007101055e-05
1.000000000055164e-05

   35  0  0
1.000000000000531e-05
9.999999999996575e-06

   36  0  0
9.999999999996509e-06
9.999999999996508e-06

   37  0  0
9.999999999996508e-06
9.999999999996508e-06

   38  0  0
9.999999999996508e-06
9.999999999996508e-06

   39  0  0
9.999999999996508e-06
9.999999999996508e-06

   40  0  0
9.999999999996508e-06
9.999999999996508e-06

   41  0  0
9.999999999996508e-06
9.999999999996508e-06

   42  0  0
9.999999999996508e-06
9.999999999996508e-06

   43  0  0
9.999999999996508e-06
9.999999999996508e-06

   44  0  0
9.999999999996508e-06
9.999999999996508e-06

   45  0  0
9.999999999996508e-06
9.999999999996508e-06

   46  0  0
9.999999999996508e-06
9.999999999996508e-06

   47  0  0
9.999999999996508e-06
9.999999999996508e-06

   48  0  0
9.999999999996508e-06
9.999999999996508e-06

   49  0  0
9.999999999996508e-06
9.999999999996508e-06

   50  0  0
9.999999999996508e-06
9.999999999996508e-06

   51  0  0
9.999999999996508e-06
9.999999999996508e-06

   52  0  0
9.999999999996508e-06
9.999999999996508e-06

   53  0  0
9.999999999996508e-06
9.999999999996508e-06

   54  0  0
9.999999999996508e-06
9.999999999996508e-06

   55  0  0
9.999999999996508e-06
9.999999999996508e-06

   56  0  0
9.999999999996508e-06
9.999999999996508e-06

   57  0  0
9.999999999996508e-06
9.999999999996508e-06

   58  0  0
9.999999999996508e-06
9.999999999996508e-06

   59  0  0
9.999999999996508e-06
9.999999999996508e-06

   60  0  0
9.999999999996508e-06
9.999999999996508e-06

   61  0  0
9.999999999996508e-06
9.999999999996508e-06

   62  0  0
9.999999999996508e-06
9.999999999996508e-06

   63  0  0
9.999999999996508e-06
9.999999999996508e-06

   64  0  0
9.999999999996508e-06
9.999999999996508e-06

   65  0  0
9.999999999996508e-06
9.999999999996508e-06

   66  0  0
9.999999999996508e-06
9.999999999996508e-06

   67  0  0
9.999999999996508e-06
9.999999999996508e-06

   68  0  0
9.999999999996508e-06
9.999999999996508e-06

   69  0  0
9.999999999996508e-06
9.999999999996508e-06

   70  0  0
9.999999999996508e-06
9.999999999996508e-06

   71  0  0
9.999999999996508e-06
9.999999999996508e-06

   72  0  0
9.999999999996508e-06
9.999999999996508e-06

   73  0  0
9.999999999996508e-06
9.999999999996508e-06

   74  0  0
9.999999999996508e-06
9.999999999996508e-06

   75  0  0
9.999999999996508e-06
9.999999999996506e-06

   76  0  0
9.999999999996437e-06
9.999999999975410e-06

   77  0  0
9.999999999465882e-06
9.999999934865395e-06

   78  0  0
9.999998564419810e-06
9.999823835022178e-06

   79  0  0
9.996794003714151e-06
9.606533525255070e-06

