#Cell 
# Element_0
# Element_1
# Element_2
# Element_3
0
1.164164430813312e+00
1.163201136954749e+00
1.161925873661237e+00
1.160935367253343e+00

1
1.160400848774048e+00
1.159391681387121e+00
1.158052791776594e+00
1.157015324339573e+00

2
1.156457821572581e+00
1.155394581110847e+00
1.153988763583956e+00
1.152885717085481e+00

3
1.152292247438232e+00
1.151171096576815e+00
1.149687337330771e+00
1.148519599545180e+00

4
1.147887757956420e+00
1.146703144618949e+00
1.145127477196742e+00
1.143898931487650e+00

5
1.143234693209651e+00
1.141975129886540e+00
1.140300515152480e+00
1.138993078770544e+00

6
1.138286456688429e+00
1.136944642767054e+00
1.135158912805970e+00
1.133762448222956e+00

7
1.133008361420357e+00
1.131573922822376e+00
1.129662949900876e+00
1.128167057019197e+00

8
1.127358690794501e+00
1.125819994106871e+00
1.123767982563927e+00
1.122160019943794e+00

9
1.121290453349195e+00
1.119634090401836e+00
1.117422691716155e+00
1.115687840709360e+00

10
1.114749060396310e+00
1.112959516721753e+00
1.110567750346472e+00
1.108689396936718e+00

11
1.107672197154682e+00
1.105731802202484e+00
1.103135545744928e+00
1.101094282470121e+00

12
1.099988040553183e+00
1.097876119928737e+00
1.095047096047552e+00
1.092820309315267e+00

13
1.091612674019954e+00
1.089305359078258e+00
1.086211072219267e+00
1.083772558012532e+00

14
1.082449106485940e+00
1.079918492571883e+00
1.076520721315471e+00
1.073839341125958e+00

15
1.072382884944629e+00
1.069595986531251e+00
1.065849343332681e+00
1.062889437796908e+00

16
1.061280297522545e+00
1.058198341393467e+00
1.054049465093630e+00
1.050767400118798e+00

17
1.048981531045420e+00
1.045557900439525e+00
1.040942394797632e+00
1.037285874958328e+00

18
1.035294369180747e+00
1.031472766026166e+00
1.026312910520097e+00
1.022218711272100e+00

19
1.019986469098967e+00
1.015698305557896e+00
1.009898602608886e+00
1.005288612342774e+00

20
1.002772131989368e+00
9.979319347110575e-01
9.913729833850995e-01
9.861491951543401e-01

21
9.832938814170789e-01
9.777941885305127e-01
9.703249379895977e-01
9.643623237179895e-01

22
9.610980252546770e-01
9.548000718108590e-01
9.462238406414968e-01
9.393582530769359e-01

23
9.355923614512516e-01
9.283119627806056e-01
9.183657357500102e-01
9.103759967992427e-01

24
9.059829175767682e-01
8.974681742969197e-01
8.857871999645516e-01
8.763620558768869e-01

25
8.711634173771061e-01
8.610529688616245e-01
8.471054105871586e-01
8.357830610208759e-01

26
8.295110018115794e-01
8.172553581274301e-01
8.002148303759643e-01
7.862599236302907e-01

27
7.784797587449659e-01
7.631692278500126e-01
7.416196420728411e-01
7.237245489951728e-01

28
7.136426417431615e-01
6.935605692563512e-01
6.646816364071227e-01
6.400735648070444e-01

29
6.259158727878511e-01
5.970203403945193e-01
5.533877736753143e-01
5.137151245331969e-01

30
4.892558246235779e-01
4.366322511620323e-01
3.316821438748014e-01
1.794879903596722e-01

31
3.375060355784549e-02
6.294479252209009e-02
5.326854130871959e-02
5.735252091705359e-02

32
5.675722931415272e-02
5.610168872120760e-02
5.629545952756980e-02
5.621299152111143e-02

33
5.622164615728064e-02
5.623731262403250e-02
5.623265860352369e-02
5.623464999781105e-02

34
5.623442311382062e-02
5.623405828488632e-02
5.623416699535926e-02
5.623412019333868e-02

35
5.623412594685154e-02
5.623413420429973e-02
5.623413173435698e-02
5.623413280593949e-02

36
5.623413266211223e-02
5.623413248215360e-02
5.623413253625897e-02
5.623413251254002e-02

37
5.623413251608227e-02
5.623413251979550e-02
5.623413251867056e-02
5.623413251917137e-02

38
5.623413251908539e-02
5.623413251901546e-02
5.623413251903695e-02
5.623413251902711e-02

39
5.623413251902915e-02
5.623413251903023e-02
5.623413251902998e-02
5.623413251903009e-02

40
5.623413251902996e-02
5.623413251902999e-02
5.623413251903012e-02
5.623413251903000e-02

41
5.623413251903000e-02
5.623413251903000e-02
5.623413251903000e-02
5.623413251903000e-02

42
5.623413251903000e-02
5.623413251903000e-02
5.623413251903000e-02
5.623413251903000e-02

43
5.623413251903000e-02
5.623413251903000e-02
5.623413251903000e-02
5.623413251903000e-02

44
5.623413251903000e-02
5.623413251903000e-02
5.623413251903000e-02
5.623413251903000e-02

45
5.623413251903000e-02
5.623413251903000e-02
5.623413251903000e-02
5.623413251903000e-02

46
5.623413251903000e-02
5.623413251903000e-02
5.623413251903000e-02
5.623413251903000e-02

47
5.623413251903000e-02
5.623413251903000e-02
5.623413251903000e-02
5.623413251903000e-02

48
5.623413251903000e-02
5.623413251903000e-02
5.623413251903000e-02
5.623413251903000e-02

49
5.623413251903000e-02
5.623413251903000e-02
5.623413251903000e-02
5.623413251903000e-02

50
5.623413251903000e-02
5.623413251903000e-02
5.623413251903000e-02
5.623413251903000e-02

51
5.623413251903000e-02
5.623413251903000e-02
5.623413251903000e-02
5.623413251903000e-02

52
5.623413251903000e-02
5.623413251903000e-02
5.623413251903000e-02
5.623413251903000e-02

53
5.623413251903000e-02
5.623413251903000e-02
5.623413251903000e-02
5.623413251903000e-02

54
5.623413251903000e-02
5.623413251903000e-02
5.623413251903000e-02
5.623413251903000e-02

55
5.623413251903000e-02
5.623413251903000e-02
5.623413251903000e-02
5.623413251903000e-02

56
5.623413251903000e-02
5.623413251903000e-02
5.623413251903000e-02
5.623413251903000e-02

57
5.623413251903000e-02
5.623413251903000e-02
5.623413251903000e-02
5.623413251903000e-02

58
5.623413251903000e-02
5.623413251903000e-02
5.623413251903000e-02
5.623413251903000e-02

59
5.623413251903000e-02
5.623413251903000e-02
5.623413251903000e-02
5.623413251903000e-02

60
5.623413251903000e-02
5.623413251903000e-02
5.623413251903000e-02
5.623413251903000e-02

61
5.623413251903000e-02
5.623413251903000e-02
5.623413251903000e-02
5.623413251903000e-02

62
5.623413251903000e-02
5.623413251903000e-02
5.623413251903000e-02
5.623413251903000e-02

63
5.623413251903000e-02
5.623413251903000e-02
5.623413251903000e-02
5.623413251903000e-02

64
5.623413251903000e-02
5.623413251903000e-02
5.623413251903000e-02
5.623413251903000e-02

65
5.623413251903000e-02
5.623413251903000e-02
5.623413251903000e-02
5.623413251903000e-02

66
5.623413251903000e-02
5.623413251903000e-02
5.623413251903000e-02
5.623413251903000e-02

67
5.623413251903000e-02
5.623413251903000e-02
5.623413251903000e-02
5.623413251903000e-02

68
5.623413251903000e-02
5.623413251903000e-02
5.623413251903000e-02
5.623413251903000e-02

69
5.623413251903000e-02
5.623413251903000e-02
5.623413251903000e-02
5.623413251903000e-02

70
5.623413251903000e-02
5.623413251903000e-02
5.623413251903000e-02
5.623413251903000e-02

71
5.623413251903000e-02
5.623413251903000e-02
5.623413251903000e-02
5.623413251903000e-02

72
5.623413251903000e-02
5.623413251904929e-02
5.623413251898214e-02
5.623413251922724e-02

73
5.623413251917931e-02
5.623413251840720e-02
5.623413252041224e-02
5.623413251349267e-02

74
5.623413251501696e-02
5.623413253623146e-02
5.623413248079729e-02
5.623413267234392e-02

75
5.623413262459947e-02
5.623413205303063e-02
5.623413355653320e-02
5.623412835339350e-02

76
5.623412982643931e-02
5.623414485482826e-02
5.623410499768621e-02
5.623424318890282e-02

77
5.623419849306344e-02
5.623381508675847e-02
5.623484256425990e-02
5.623127174345330e-02

78
5.623260552497943e-02
5.624200777235140e-02
5.621645697437885e-02
5.630554763230675e-02

79
5.626811278021650e-02
5.604514361329397e-02
5.666059964811088e-02
5.451604685216649e-02

