#Cell  Group   Direction 
# Element_0
# Element_1
# Element_2
# Element_3
# Element_4
    0  0  0
1.822055888067919e-01
1.819286618360891e-01
1.814033383118614e-01
1.808779115403658e-01
1.806008906932097e-01

    0  0  1
1.732050805245078e+00
1.731569480377425e+00
1.730656095935810e+00
1.729741454861875e+00
1.729258445582708e+00

    1  0  0
1.806008774707999e-01
1.803239825829817e-01
1.797994561842748e-01
1.792751823037902e-01
1.789985629319782e-01

    1  0  1
1.729258444960537e+00
1.728775084363814e+00
1.727857823117418e+00
1.726939271716308e+00
1.726454187864890e+00

    2  0  0
1.789985725888150e-01
1.787218685063647e-01
1.781969051907028e-01
1.776712954453218e-01
1.773938102439359e-01

    2  0  1
1.726454188983148e+00
1.725968740673552e+00
1.725047502484966e+00
1.724124939425556e+00
1.723637727695935e+00

    3  0  0
1.773938159553034e-01
1.771162847524597e-01
1.765903204033038e-01
1.760648177157774e-01
1.757878174525828e-01

    3  0  1
1.723637727707013e+00
1.723150143692821e+00
1.722224828337813e+00
1.721298155267619e+00
1.720808760919693e+00

    4  0  0
1.757878076018154e-01
1.755108838166215e-01
1.749859786621751e-01
1.744608074668630e-01
1.741835382162760e-01

    4  0  1
1.720808760894530e+00
1.720318983979745e+00
1.719389484968681e+00
1.718458593170422e+00
1.717966959037851e+00

    5  0  0
1.741835437847733e-01
1.739060947413355e-01
1.733796930826976e-01
1.728529985360042e-01
1.725752361893395e-01

    5  0  1
1.717966959056720e+00
1.717474932326622e+00
1.716541141098247e+00
1.715605920597306e+00
1.715111988207878e+00

    6  0  0
1.725752266500410e-01
1.722975782679087e-01
1.717716583998968e-01
1.712461246423943e-01
1.709689088992450e-01

    6  0  1
1.715111988211296e+00
1.714617652904506e+00
1.713679456846787e+00
1.712739793814796e+00
1.712243502508224e+00

    7  0  0
1.709689175068153e-01
1.706916620805415e-01
1.701657512845367e-01
1.696392239029837e-01
1.693612064853139e-01

    7  0  1
1.712243502370623e+00
1.711746797663390e+00
1.710804079988534e+00
1.709859856448305e+00
1.709361143195198e+00

    8  0  0
1.693612140138005e-01
1.690830963275608e-01
1.685558681712550e-01
1.680289986339069e-01
1.677513049419620e-01

    8  0  1
1.709361143195266e+00
1.708862005434336e+00
1.707914645365942e+00
1.706965738643850e+00
1.706464538638635e+00

    9  0  0
1.677512897341457e-01
1.674737007162608e-01
1.669476604779855e-01
1.664215242829997e-01
1.661438016398205e-01

    9  0  1
1.706464538620008e+00
1.705962902448345e+00
1.705010774410758e+00
1.704057057694679e+00
1.703553303145493e+00

   10  0  0
1.661438076107084e-01
1.658659252863257e-01
1.653386611726930e-01
1.648109293608915e-01
1.645325216828174e-01

   10  0  1
1.703553303119903e+00
1.703049100524436e+00
1.702092074460786e+00
1.701133416118178e+00
1.700627036976610e+00

   11  0  0
1.645325187816974e-01
1.642541956548075e-01
1.637269865168243e-01
1.632002703807405e-01
1.629225033240551e-01

   11  0  1
1.700627036953106e+00
1.700120197412308e+00
1.699158138456190e+00
1.698194401994999e+00
1.697685325648151e+00

   12  0  0
1.629225087966258e-01
1.626447475334819e-01
1.621180048556123e-01
1.615907411208600e-01
1.613123210920637e-01

   12  0  1
1.697685325532644e+00
1.697175776133116e+00
1.696208544596493e+00
1.695239588419910e+00
1.694727739270864e+00

   13  0  0
1.613123277058592e-01
1.610337585903634e-01
1.605055016017966e-01
1.599774287077243e-01
1.596990975577586e-01

   13  0  1
1.694727739267028e+00
1.694215403447780e+00
1.693242853255348e+00
1.692268529975304e+00
1.691753829914226e+00

   14  0  0
1.596990791705943e-01
1.594208746487110e-01
1.588937864237220e-01
1.583667838140417e-01
1.580886708501965e-01

   14  0  1
1.691753829902706e+00
1.691238629507049e+00
1.690260610985800e+00
1.689280768938599e+00
1.688763137066016e+00

   15  0  0
1.580886786637612e-01
1.578104472137006e-01
1.572825441040687e-01
1.567540517508767e-01
1.564751338171689e-01

   15  0  1
1.688763137069550e+00
1.688244990542430e+00
1.687261347707122e+00
1.686275829016310e+00
1.685755181295284e+00

   16  0  0
1.564751382505327e-01
1.561962547233719e-01
1.556679110324738e-01
1.551401165949957e-01
1.548618550005519e-01

   16  0  1
1.685755181163105e+00
1.685234004120777e+00
1.684244575234333e+00
1.683253216110805e+00
1.682729465265371e+00

   17  0  0
1.548618541228300e-01
1.545836401073971e-01
1.540561825531876e-01
1.535283554927957e-01
1.532496644672657e-01

   17  0  1
1.682729465269540e+00
1.682205169372902e+00
1.681209785870256e+00
1.680212415916523e+00
1.679685471338194e+00

   18  0  0
1.532496684272825e-01
1.529707991644043e-01
1.524418108225873e-01
1.519127726477092e-01
1.516338850695579e-01

   18  0  1
1.679685471337946e+00
1.679157965926439e+00
1.678156454182756e+00
1.677152897573778e+00
1.676622665614565e+00

   19  0  0
1.516338680711548e-01
1.513551182779699e-01
1.508270954336661e-01
1.502993411106381e-01
1.500209029733227e-01

   19  0  1
1.676622665609913e+00
1.676091856262210e+00
1.675084035603716e+00
1.674074109492326e+00
1.673540492788872e+00

   20  0  0
1.500209133898723e-01
1.497424121202972e-01
1.492140869715041e-01
1.486851407737686e-01
1.484058889314266e-01

   20  0  1
1.673540492788350e+00
1.673006281520751e+00
1.671991964515087e+00
1.670975479175746e+00
1.670438376730008e+00

   21  0  0
1.484058985416146e-01
1.481266126503079e-01
1.475973624235098e-01
1.470686359629397e-01
1.467899511071318e-01

   21  0  1
1.670438376729938e+00
1.669900661890046e+00
1.668879654035458e+00
1.667856412602605e+00
1.667315719591419e+00

   22  0  0
1.467899410496093e-01
1.465113403966045e-01
1.459832978798183e-01
1.454550728805397e-01
1.451762327866137e-01

   22  0  1
1.667315719591114e+00
1.666774395690672e+00
1.665746495157565e+00
1.664716293340906e+00
1.664171900991529e+00

   23  0  0
1.451762346652157e-01
1.448972201046949e-01
1.443678477353382e-01
1.438381721622808e-01
1.435588496570502e-01

   23  0  1
1.664171900988941e+00
1.663626858559118e+00
1.662591855887720e+00
1.661554481663833e+00
1.661006277079327e+00

   24  0  0
1.435588398966231e-01
1.432796470550405e-01
1.427508421906731e-01
1.422224771828757e-01
1.419437920843710e-01

   24  0  1
1.661006277079222e+00
1.660457402490736e+00
1.659415080280754e+00
1.658370313573927e+00
1.657818179580821e+00

   25  0  0
1.419438033624991e-01
1.416651127764073e-01
1.411365690429836e-01
1.406074795050571e-01
1.403281025979280e-01

   25  0  1
1.657818179578972e+00
1.657265354900819e+00
1.656215487484764e+00
1.655163099855900e+00
1.654606914807063e+00

   26  0  0
1.403281124926537e-01
1.400486273098375e-01
1.395187945121616e-01
1.389893502601276e-01
1.387103303723529e-01

   26  0  1
1.654606914805323e+00
1.654050017604030e+00
1.652992370711916e+00
1.651932124993396e+00
1.651371762600703e+00

   27  0  0
1.387103114251898e-01
1.384314086853235e-01
1.379029395826675e-01
1.373744890021490e-01
1.370956080578778e-01

   27  0  1
1.651371762599389e+00
1.650810665762154e+00
1.649744996158814e+00
1.648676646102563e+00
1.648111975237278e+00

   28  0  0
1.370956111569674e-01
1.368165971226944e-01
1.362872101378822e-01
1.357573141436952e-01
1.354777375928152e-01

   28  0  1
1.648111975237194e+00
1.647546546777986e+00
1.646472601897394e+00
1.645395891796684e+00
1.644826776289060e+00

   29  0  0
1.354777392101772e-01
1.351982543817176e-01
1.346688810434108e-01
1.341400818727821e-01
1.338612516585306e-01

   29  0  1
1.644826776288490e+00
1.644256879146630e+00
1.643174396692405e+00
1.642089060979672e+00
1.641515359398576e+00

   30  0  0
1.338612585663211e-01
1.335824720615721e-01
1.330539093553637e-01
1.325249679293139e-01
1.322456853302105e-01

   30  0  1
1.641515359398781e+00
1.640940851214348e+00
1.639849558752674e+00
1.638755321582694e+00
1.638176887026315e+00

   31  0  0
1.322456903720801e-01
1.319662431157723e-01
1.314362597921779e-01
1.309064163655945e-01
1.306271755665557e-01

   31  0  1
1.638176887026056e+00
1.637597619928281e+00
1.636497234460354e+00
1.635393809279687e+00
1.634810489130696e+00

   32  0  0
1.306271532618526e-01
1.303480574729874e-01
1.298193605884074e-01
1.292908866149881e-01
1.290120700244661e-01

   32  0  1
1.634810489130440e+00
1.634226309491530e+00
1.633116536992193e+00
1.632003626062901e+00
1.631415261745665e+00

   33  0  0
1.290120783916154e-01
1.287331976758725e-01
1.282041539776144e-01
1.276745162950839e-01
1.273949384555707e-01

   33  0  1
1.631415261745660e+00
1.630826009934963e+00
1.629706544882850e+00
1.628583838816128e+00
1.627990265544240e+00

   34  0  0
1.273949502303642e-01
1.271153916359380e-01
1.265857597233884e-01
1.260567522903741e-01
1.257779055208588e-01

   34  0  1
1.627990265544853e+00
1.627395775674902e+00
1.626266300557340e+00
1.625133477795789e+00
1.624534524290316e+00

   35  0  0
1.257779011778397e-01
1.254991366911173e-01
1.249707771646790e-01
1.244422542199878e-01
1.241632683735572e-01

   35  0  1
1.624534524290227e+00
1.623934623933873e+00
1.622794808700631e+00
1.621651534978909e+00
1.621047023186378e+00

   36  0  0
1.241632673331980e-01
1.238841053601548e-01
1.233544962266941e-01
1.228247125545053e-01
1.225454136443304e-01

   36  0  1
1.621047023186953e+00
1.620441533092172e+00
1.619291034629718e+00
1.618136962429784e+00
1.617526707230885e+00

   37  0  0
1.225453980299689e-01
1.222662560992659e-01
1.217375815850307e-01
1.212093358052478e-01
1.209307108169557e-01

   37  0  1
1.617526707231343e+00
1.616915441023743e+00
1.615753902550883e+00
1.614588670482513e+00
1.613972479354251e+00

   38  0  0
1.209307247884034e-01
1.206521091237505e-01
1.201237371350572e-01
1.195948473998194e-01
1.193155837318837e-01

   38  0  1
1.613972479354459e+00
1.613355243202920e+00
1.612182293657509e+00
1.611005525854287e+00
1.610383198558565e+00

   39  0  0
1.193155978717087e-01
1.190362595831420e-01
1.185068202958132e-01
1.179779127424155e-01
1.176992006211037e-01

   39  0  1
1.610383198559082e+00
1.609759790857123e+00
1.608575044272833e+00
1.607386349732242e+00
1.606757677949827e+00

   40  0  0
1.176991818571445e-01
1.174205876210705e-01
1.168927068222490e-01
1.163648818851929e-01
1.160863651059345e-01

   40  0  1
1.606757677950444e+00
1.606127888944202e+00
1.604930943726269e+00
1.603729915589164e+00
1.603094682546625e+00

   41  0  0
1.160863632718931e-01
1.158077175246519e-01
1.152790506102552e-01
1.147499355887528e-01
1.144708267113454e-01

   41  0  1
1.603094682547451e+00
1.602458293967547e+00
1.601248732209445e+00
1.600034947070123e+00
1.599392927164293e+00

   42  0  0
1.144708267748870e-01
1.141918501999722e-01
1.136635226614959e-01
1.131358130458278e-01
1.128575535049726e-01

   42  0  1
1.599392927165088e+00
1.598749711839573e+00
1.597527098547982e+00
1.596300115635483e+00
1.595651073990891e+00

   43  0  0
1.128575659950548e-01
1.125793714235115e-01
1.120519894172459e-01
1.115243005163549e-01
1.112456897548248e-01

   43  0  1
1.595651073991830e+00
1.595000795402388e+00
1.593764677671578e+00
1.592524038049594e+00
1.591867730107185e+00

   44  0  0
1.112456962346616e-01
1.109669326509859e-01
1.104383091689151e-01
1.099099528506159e-01
1.096315528507656e-01

   44  0  1
1.591867730108177e+00
1.591210141978129e+00
1.589960048188771e+00
1.588705273907935e+00
1.588041444949141e+00

   45  0  0
1.096315260532402e-01
1.093532827882059e-01
1.088262270444894e-01
1.082994392466707e-01
1.080215546623796e-01

   45  0  1
1.588041444950059e+00
1.587376290754412e+00
1.586111729613933e+00
1.584842322739624e+00
1.584170707384088e+00

   46  0  0
1.080215607231854e-01
1.077436373127931e-01
1.072164597917850e-01
1.066887284343417e-01
1.064101733779962e-01

   46  0  1
1.584170707385010e+00
1.583497719855110e+00
1.582218179483295e+00
1.580933621190401e+00
1.580253942907176e+00

   47  0  0
1.064101889295683e-01
1.061316890901847e-01
1.056041613108422e-01
1.050773588488999e-01
1.047996888765304e-01

   47  0  1
1.580253942908448e+00
1.579572843529173e+00
1.578277790451401e+00
1.576977539945869e+00
1.576289510463661e+00

   48  0  0
1.047996877073026e-01
1.045221177774335e-01
1.039960904544917e-01
1.034700168754993e-01
1.031923676777383e-01

   48  0  1
1.576289510464812e+00
1.575600008880050e+00
1.574288886903224e+00
1.572972380333225e+00
1.572275699081040e+00

   49  0  0
1.031923631475126e-01
1.029145458214629e-01
1.023875127550694e-01
1.018603721503133e-01
1.015825222087515e-01

   49  0  1
1.572275699082512e+00
1.571577492538649e+00
1.570249721692557e+00
1.568916371035145e+00
1.568210724522132e+00

   50  0  0
1.015825031217758e-01
1.013048384693634e-01
1.007790283209736e-01
1.002537122744241e-01
9.997666648123923e-02

   50  0  1
1.568210724523549e+00
1.567503497227129e+00
1.566158472484736e+00
1.564807664230824e+00
1.564092725354448e+00

   51  0  0
9.997668323257874e-02
9.969968978230344e-02
9.917449779199915e-02
9.864887859687532e-02
9.837134487919140e-02

   51  0  1
1.564092725355944e+00
1.563376147790471e+00
1.562013237811435e+00
1.560644331734607e+00
1.559919759127444e+00

   52  0  0
9.837136331392421e-02
9.809377116026852e-02
9.756770483301271e-02
9.704228660868229e-02
9.676546203316172e-02

   52  0  1
1.559919759129200e+00
1.559193487386534e+00
1.557812033183181e+00
1.556424360906819e+00
1.555689798143911e+00

   53  0  0
9.676544042881126e-02
9.648875070935124e-02
9.596454829982924e-02
9.544053336239609e-02
9.516410205954828e-02

   53  0  1
1.555689798145469e+00
1.554953473120046e+00
1.553552786516642e+00
1.552145650001615e+00
1.551400724823307e+00

   54  0  0
9.516409569651314e-02
9.488756619128513e-02
9.436296158537091e-02
9.383793592072839e-02
9.356100182314468e-02

   54  0  1
1.551400724825052e+00
1.550653971444150e+00
1.549233333625703e+00
1.547806003668526e+00
1.547050327148985e+00

   55  0  0
9.356100481515296e-02
9.328423737409566e-02
9.276019156851403e-02
9.223687463358801e-02
9.196096422249497e-02

   55  0  1
1.547050327150960e+00
1.546292753512902e+00
1.544851413303407e+00
1.543403127740903e+00
1.542636293332025e+00

   56  0  0
9.196098064905699e-02
9.168517784588669e-02
9.116246596602889e-02
9.063962169603498e-02
9.036360812993843e-02

   56  0  1
1.542636293333870e+00
1.541867489757888e+00
1.540404661853449e+00
1.538934623837127e+00
1.538156206459392e+00

   57  0  0
9.036361321496623e-02
9.008745140428255e-02
8.956377352399614e-02
8.904042779523152e-02
8.876473260295949e-02

   57  0  1
1.538156206461582e+00
1.537375744564202e+00
1.535890607716259e+00
1.534397983768619e+00
1.533607538735346e+00

   58  0  0
8.876470063834291e-02
8.848919163819882e-02
8.796740764538617e-02
8.744602246786816e-02
8.717106311682805e-02

   58  0  1
1.533607538737480e+00
1.532814970331382e+00
1.531306665212604e+00
1.529790583098119e+00
1.528987645009059e+00

   59  0  0
8.717106990034092e-02
8.689613446650422e-02
8.637475215781415e-02
8.585289259416282e-02
8.557742239723434e-02

   59  0  1
1.528987645011253e+00
1.528182501010189e+00
1.526650128157736e+00
1.525109674784805e+00
1.524293756377672e+00

   60  0  0
8.557744511878922e-02
8.530204757524411e-02
8.478047327747917e-02
8.425976858146275e-02
8.398537459508579e-02

   60  0  1
1.524293756380259e+00
1.523475545612168e+00
1.521918163063810e+00
1.520352381999489e+00
1.519522972812504e+00

   61  0  0
8.398537122794840e-02
8.371111005588860e-02
8.319148643241543e-02
8.267203853581175e-02
8.239798503674738e-02

   61  0  1
1.519522972814866e+00
1.518691180681065e+00
1.517107801447903e+00
1.515515690431696e+00
1.514672255496202e+00

   62  0  0
8.239797411089601e-02
8.212377970328451e-02
8.160363739210715e-02
8.108338469673816e-02
8.080919439810180e-02

   62  0  1
1.514672255498829e+00
1.513826342654836e+00
1.512215932157130e+00
1.510596440388039e+00
1.509738418731612e+00

   63  0  0
8.080917679921917e-02
8.053521519481688e-02
8.001655135411820e-02
7.949854231644111e-02
7.922540984580134e-02

   63  0  1
1.509738418734297e+00
1.508877819552827e+00
1.507239292617894e+00
1.505591317710226e+00
1.504718120754561e+00

   64  0  0
7.922543222600954e-02
7.895242529875710e-02
7.843499404433654e-02
7.791734371908357e-02
7.764403413014949e-02

   64  0  1
1.504718120757362e+00
1.503842241734411e+00
1.502174459592571e+00
1.500496844536474e+00
1.499607854451348e+00

   65  0  0
7.764405443992918e-02
7.737068111584118e-02
7.685261540724431e-02
7.633529840881588e-02
7.606283897738296e-02

   65  0  1
1.499607854454450e+00
1.498716072519261e+00
1.497017839458959e+00
1.495309369100887e+00
1.494403936895398e+00

   66  0  0
7.606280863274169e-02
7.579052224952865e-02
7.527479977361991e-02
7.475947915459544e-02
7.448775693502495e-02

   66  0  1
1.494403936898311e+00
1.493495597484339e+00
1.491765657172467e+00
1.490025054544278e+00
1.489102498130912e+00

   67  0  0
7.448774840209053e-02
7.421600623333341e-02
7.370060717077537e-02
7.318481332245572e-02
7.291271738960617e-02

   67  0  1
1.489102498134049e+00
1.488176913230798e+00
1.486413944952058e+00
1.484639867343974e+00
1.483699469384244e+00

   68  0  0
7.291273131685701e-02
7.264083311905543e-02
7.212614136729070e-02
7.161239429854460e-02
7.134160796379312e-02

   68  0  1
1.483699469387625e+00
1.482755915330120e+00
1.480958529657231e+00
1.479149564172354e+00
1.478190569709167e+00

   69  0  0
7.134162482682817e-02
7.107100225571415e-02
7.055832078104073e-02
7.004582582603118e-02
6.977538581846646e-02

   69  0  1
1.478190569712541e+00
1.477228284808048e+00
1.475395019090847e+00
1.473549678082608e+00
1.472571292085480e+00

   70  0  0
6.977538243415045e-02
6.950480396521767e-02
6.899168606626489e-02
6.847888987095190e-02
6.820882607142724e-02

   70  0  1
1.472571292089083e+00
1.471589474111629e+00
1.469718787560769e+00
1.467835503479730e+00
1.466836888042520e+00

   71  0  0
6.820879053039094e-02
6.793897492303556e-02
6.742816263306835e-02
6.691797140989703e-02
6.664901102902743e-02

   71  0  1
1.466836888046047e+00
1.465834691389123e+00
1.463924959587133e+00
1.462002079423773e+00
1.460982350810216e+00

   72  0  0
6.664902576012031e-02
6.638020132419319e-02
6.587067227942529e-02
6.536087223599350e-02
6.509174143704417e-02

   72  0  1
1.460982350813938e+00
1.459958883514133e+00
1.458008392682940e+00
1.456044172039044e+00
1.455002397453652e+00

   73  0  0
6.509177292203099e-02
6.482270717949261e-02
6.431317005906460e-02
6.380470371262190e-02
6.353689834515054e-02

   73  0  1
1.455002397457654e+00
1.453956717889394e+00
1.451963658419646e+00
1.449956254816150e+00
1.448891448805817e+00

   74  0  0
6.353688274869131e-02
6.326925813708383e-02
6.276240224892676e-02
6.225604660219028e-02
6.198908168783580e-02

   74  0  1
1.448891448809753e+00
1.447822562051483e+00
1.445785021528439e+00
1.443732487308351e+00
1.442643607949969e+00

   75  0  0
6.198906235557494e-02
6.172203782548342e-02
6.121558125899447e-02
6.070897282188575e-02
6.044195402057757e-02

   75  0  1
1.442643607953946e+00
1.441550461911964e+00
1.439466417558858e+00
1.437366692013431e+00
1.436252636632259e+00

   76  0  0
6.044194918314472e-02
6.017522365018953e-02
5.967049305389958e-02
5.916672026369055e-02
5.890118410039403e-02

   76  0  1
1.436252636636420e+00
1.435134117681758e+00
1.433001427890853e+00
1.430852328575981e+00
1.429711929088320e+00

   77  0  0
5.890121379333776e-02
5.863589748309860e-02
5.813336223868389e-02
5.763102836924085e-02
5.736590220357426e-02

   77  0  1
1.429711929092527e+00
1.428566857351044e+00
1.426383252587890e+00
1.424182465955072e+00
1.423014483790151e+00

   78  0  0
5.736591473274716e-02
5.710070940567329e-02
5.659806897025279e-02
5.609622979996320e-02
5.583207806086014e-02

   78  0  1
1.423014483794437e+00
1.421841607963234e+00
1.419604680642177e+00
1.417349751531726e+00
1.416152871947164e+00

   79  0  0
5.583203446995428e-02
5.556813604893034e-02
5.506854483672864e-02
5.456965145924077e-02
5.430674878954807e-02

   79  0  1
1.416152871951365e+00
1.414950863524225e+00
1.412658056827926e+00
1.410346376989566e+00
1.409119202887582e+00

   80  0  0
5.430674756404628e-02
5.404398075810767e-02
5.354591654798387e-02
5.304761967615261e-02
5.278468265956240e-02

   80  0  1
1.409119202891654e+00
1.407886649876763e+00
1.405535245542871e+00
1.403164040966655e+00
1.401905086012735e+00

   81  0  0
5.278471575554319e-02
5.252199073392474e-02
5.202482130154073e-02
5.152895476651815e-02
5.126776535155423e-02

   81  0  1
1.401905086017120e+00
1.400640485916023e+00
1.398227590552489e+00
1.395793907309127e+00
1.394501588278238e+00

   82  0  0
5.126777075912978e-02
5.100680828180366e-02
5.051270750863994e-02
5.001927612491509e-02
4.975914067832282e-02

   82  0  1
1.394501588282312e+00
1.393203340312570e+00
1.390725870301002e+00
1.388226558964309e+00
1.386899187309160e+00

   83  0  0
4.975911988327882e-02
4.949891322234808e-02
4.900548851730652e-02
4.851230546285162e-02
4.825261770657732e-02

   83  0  1
1.386899187312923e+00
1.385565583813577e+00
1.383020248548142e+00
1.380451946773661e+00
1.379087719162761e+00

   84  0  0
4.825259098893687e-02
4.799326475814970e-02
4.750266661119618e-02
4.701307606232102e-02
4.675508609892367e-02

   84  0  1
1.379087719166467e+00
1.377716935947222e+00
1.375100219021705e+00
1.372459332060300e+00
1.371056319826772e+00

   85  0  0
4.675511784006653e-02
4.649741888858833e-02
4.600943977864570e-02
4.552170557833724e-02
4.526427967458760e-02

   85  0  1
1.371056319829997e+00
1.369646405431449e+00
1.366954543734436e+00
1.364237222761726e+00
1.362793360134953e+00

   86  0  0
4.526431007543520e-02
4.500691765076000e-02
4.451947241644629e-02
4.403331425611092e-02
4.377751908178468e-02

   86  0  1
1.362793360138033e+00
1.361342223813976e+00
1.358571184040893e+00
1.355773301701148e+00
1.354286372507332e+00

   87  0  0
4.377747855047966e-02
4.352195792753069e-02
4.303833105992417e-02
4.255561805534680e-02
4.230137847895900e-02

   87  0  1
1.354286372509479e+00
1.352791770652414e+00
1.349937222804787e+00
1.347054345710011e+00
1.345521968451822e+00

   88  0  0
4.230135976202355e-02
4.204725840776140e-02
4.156565130631155e-02
4.108398860048488e-02
4.083003312345079e-02

   88  0  1
1.345521968452950e+00
1.343981489374639e+00
1.341038777049803e+00
1.338066134835851e+00
1.336485745834905e+00

   89  0  0
4.083005822883527e-02
4.057646568486880e-02
4.009693597092212e-02
3.961891507200886e-02
3.936714539217127e-02

   89  0  1
1.336485745835601e+00
1.334896792522402e+00
1.331860899124432e+00
1.328793349185677e+00
1.327162183377621e+00

   90  0  0
3.936717127152473e-02
3.911571876362262e-02
3.863987198172895e-02
3.816493369764584e-02
3.791456978107828e-02

   90  0  1
1.327162183376599e+00
1.325521953871453e+00
1.322387464260473e+00
1.319219451841131e+00
1.317534521053932e+00

   91  0  0
3.791455640587396e-02
3.766415647609719e-02
3.718956040816340e-02
3.671573411636947e-02
3.646650716329901e-02

   91  0  1
1.317534521051260e+00
1.315839986235162e+00
1.312601043174409e+00
1.309326555780373e+00
1.307584623821035e+00

   92  0  0
3.646646116997761e-02
3.621765819004639e-02
3.574713659366423e-02
3.527779537409426e-02
3.503063445264153e-02

   92  0  1
1.307584623816117e+00
1.305832501880695e+00
1.302482755914548e+00
1.299095270903844e+00
1.297292824976097e+00

   93  0  0
3.503065917227023e-02
3.478387727895185e-02
3.431675829462838e-02
3.385001537982921e-02
3.360373609030060e-02

   93  0  1
1.297292824968270e+00
1.295479552173787e+00
1.292012104312423e+00
1.288504528928346e+00
1.286637746841419e+00

   94  0  0
3.360378165006363e-02
3.335769614946074e-02
3.289215062510890e-02
3.242840343654033e-02
3.218451030479262e-02

   94  0  1
1.286637746830806e+00
1.284759443862593e+00
1.281166779346277e+00
1.277531381093562e+00
1.275596093119278e+00

   95  0  0
3.218448092172496e-02
3.194092540622787e-02
3.148019387389628e-02
3.102075836914628e-02
3.077895889920355e-02

   95  0  1
1.275596093103474e+00
1.273648525936247e+00
1.269922437251948e+00
1.266150763163284e+00
1.264142407863920e+00

   96  0  0
3.077892531872213e-02
3.053729221699538e-02
3.007945595769182e-02
2.962192671993065e-02
2.938098417843311e-02

   96  0  1
1.264142407842240e+00
1.262120942410600e+00
1.258252440011796e+00
1.254335222598899e+00
1.252248795157468e+00

   97  0  0
2.938099460604032e-02
2.914057627108336e-02
2.868637671880275e-02
2.823397182792372e-02
2.799580058716624e-02

   97  0  1
1.252248795129084e+00
1.250148344170361e+00
1.246127551455849e+00
1.242054597909279e+00
1.239884589269991e+00

   98  0  0
2.799584265752659e-02
2.775813073797008e-02
2.730868509120255e-02
2.686051056906320e-02
2.662432509107098e-02

   98  0  1
1.239884589231861e+00
1.237699549716138e+00
1.233515579529703e+00
1.229275641430865e+00
1.227015966628694e+00

   99  0  0
2.662432525260351e-02
2.638820374012317e-02
2.594107530014801e-02
2.549540327053220e-02
2.526129829395547e-02

   99  0  1
1.227015966578592e+00
1.224740145873404e+00
1.220380954252851e+00
1.215961572519945e+00
1.213605485133533e+00

  100  0  0
2.526123881550485e-02
2.502765234034650e-02
2.458622056619155e-02
2.414635617392500e-02
2.391498834273988e-02

  100  0  1
1.213605485066978e+00
1.211232012694243e+00
1.206684223888375e+00
1.202071543232405e+00
1.199611533021314e+00

  101  0  0
2.391500161526938e-02
2.368414315613602e-02
2.324749166812092e-02
2.281153283811809e-02
2.258167433060905e-02

  101  0  1
1.199611532933971e+00
1.197132754951604e+00
1.192381451759818e+00
1.187559997669565e+00
1.184987667129730e+00

  102  0  0
2.258173114813355e-02
2.235228517965212e-02
2.191887003872905e-02
2.148789402544667e-02
2.126143636146265e-02

  102  0  1
1.184987667016011e+00
1.182395018330842e+00
1.177423487755677e+00
1.172375895029723e+00
1.169681808869512e+00

  103  0  0
2.126142087725971e-02
2.103543317485903e-02
2.060841846441633e-02
2.018333823663709e-02
1.995990713392333e-02

  103  0  1
1.169681808718064e+00
1.166965657268510e+00
1.161755079841981e+00
1.156461760542880e+00
1.153635261265179e+00

  104  0  0
1.995985951001894e-02
1.973667914019426e-02
1.931415393407343e-02
1.889258917986160e-02
1.867100732863380e-02

  104  0  1
1.153635261063698e+00
1.150784716591648e+00
1.145313783974190e+00
1.139752516826144e+00
1.136781495884673e+00

  105  0  0
1.867099675064296e-02
1.845013939113326e-02
1.803353683937104e-02
1.761928438316397e-02
1.740145638194588e-02

  105  0  1
1.136781495616367e+00
1.133784171860790e+00
1.128028609953183e+00
1.122174026787605e+00
1.119044637800320e+00

  106  0  0
1.740150894971661e-02
1.718436434638359e-02
1.677450930585777e-02
1.636658215327421e-02
1.615178763415917e-02

  106  0  1
1.119044637438145e+00
1.115886353712007e+00
1.109818322864145e+00
1.103641260395743e+00
1.100337555952926e+00

  107  0  0
1.615180807121160e-02
1.593729079601049e-02
1.553180201566088e-02
1.512875830930117e-02
1.491749056569519e-02

  107  0  1
1.100337555458940e+00
1.097001957737543e+00
1.090589288215420e+00
1.084055957609958e+00
1.080559422334505e+00

  108  0  0
1.491743212582620e-02
1.470690421269428e-02
1.430972701553875e-02
1.391488832133486e-02
1.370767246542099e-02

  108  0  1
1.080559421649776e+00
1.077027494301246e+00
1.070232697882602e+00
1.063303606676503e+00
1.059592549022415e+00

  109  0  0
1.370768478469563e-02
1.350125578937710e-02
1.311148502164186e-02
1.272310547727237e-02
1.251874090375733e-02

  109  0  1
1.059592548059799e+00
1.055841976276956e+00
1.048620950522289e+00
1.041249481238044e+00
1.037298227887112e+00

  110  0  0
1.251881150329701e-02
1.231521749658262e-02
1.193166926117760e-02
1.155161661267268e-02
1.135244330276960e-02

  110  0  1
1.037298226511034e+00
1.033302549022397e+00
1.025602846949823e+00
1.017733347164114e+00
1.013511155453507e+00

  111  0  0
1.135242992856287e-02
1.115397693818344e-02
1.077993489230933e-02
1.040907451458848e-02
1.021481675959201e-02

  111  0  1
1.013511153432717e+00
1.009238614932793e+00
1.000997089915682e+00
9.925622553413124e-01
9.880318150682443e-01

  112  0  0
1.021472324126588e-02
1.002086298484997e-02
9.654674857551256e-03
9.290852125423152e-03
9.100438653054134e-03

  112  0  1
9.880318120197960e-01
9.834437760242756e-01
9.745833046294414e-01
9.655005070436391e-01
9.606158243700327e-01

  113  0  0
9.100363139467002e-03
8.910917071202420e-03
8.554953684370536e-03
8.202817116887143e-03
8.018243380996427e-03

  113  0  1
9.606158196223764e-01
9.556645163405586e-01
9.460893154862520e-01
9.362553067372540e-01
9.309586299976446e-01

  114  0  0
8.018280950939607e-03
7.834765484719664e-03
7.490094727342998e-03
7.149005850403507e-03
6.969764606548343e-03

  114  0  1
9.309586222877615e-01
9.255838597252481e-01
9.151725927077642e-01
9.044556217849418e-01
8.986728249880986e-01

  115  0  0
6.969839592202004e-03
6.791447994088659e-03
6.456134324286599e-03
6.125208329347919e-03
5.952432322003647e-03

  115  0  1
8.986728118146133e-01
8.927970050881457e-01
8.813922582924526e-01
8.696198758014608e-01
8.632532401393392e-01

  116  0  0
5.952484517990336e-03
5.781328916809185e-03
5.460461210446674e-03
5.143656897702031e-03
4.978315762592042e-03

  116  0  1
8.632532161209612e-01
8.567735557310704e-01
8.441650592012720e-01
8.311043551798903e-01
8.240207194684462e-01

  117  0  0
4.978479279577122e-03
4.815087935704089e-03
4.508514578524521e-03
4.205027012436638e-03
4.046630367150699e-03

  117  0  1
8.240206718518296e-01
8.167961469353534e-01
8.026925523804667e-01
7.880162328998968e-01
7.800263147597646e-01

  118  0  0
4.046819653527247e-03
3.890392148284860e-03
3.598004741985527e-03
3.311743912199575e-03
3.164084276441818e-03

  118  0  1
7.800262090401431e-01
7.718546924961377e-01
7.558327594469481e-01
7.390564403254288e-01
7.298757850928145e-01

  119  0  0
3.163996640513449e-03
3.017751383519416e-03
2.744453269641217e-03
2.478429857310701e-03
2.342427458637308e-03

  119  0  1
7.298755091970238e-01
7.204498252959929e-01
7.018544105507980e-01
6.822087660371223e-01
6.713757650085399e-01

  120  0  0
2.341937618667595e-03
2.206287991463799e-03
1.952935595073079e-03
1.708041614038202e-03
1.583736322202216e-03

  120  0  1
6.713748296650774e-01
6.601887045586524e-01
6.379102296262689e-01
6.140417928080215e-01
6.007174820507045e-01

  121  0  0
1.583083435076034e-03
1.459603499015088e-03
1.233572638598059e-03
1.020413564703982e-03
9.122425232243791e-04

  121  0  1
6.007142480653281e-01
5.868247173869373e-01
5.587065748876722e-01
5.278139297036966e-01
5.101593206269813e-01

  122  0  0
9.117600010632092e-04
8.052094002002417e-04
6.159514999530956e-04
4.437386399287117e-04
3.556759173629365e-04

  122  0  1
5.099314300239974e-01
4.915027006573264e-01
4.519772244031514e-01
4.062645307939071e-01
3.787536535945787e-01

  123  0  0
3.559980488669629e-04
2.740539234342661e-04
1.394686182577428e-04
3.952477010537497e-05
3.460596158893226e-06

  123  0  1
4.057976111540356e-01
3.348943581601400e-01
2.844905985857832e-01
1.451399586546123e-01
2.852700473052415e-02

  124  0  0
5.940822741608984e-06
4.993625736705475e-06
4.997689857863907e-06
5.002390136350496e-06
4.993667336847541e-06

  124  0  1
1.154203165951996e-02
5.879572407306922e-04
-1.435561005906913e-04
1.028059792004723e-04
-1.254430368207477e-04

  125  0  0
4.999763668984558e-06
5.000173736264990e-06
4.999985983059150e-06
5.000003013004389e-06
5.000032577196105e-06

  125  0  1
-3.743011269189829e-05
2.930199185238140e-06
5.531813755305205e-06
4.650067234357686e-06
5.472481676678730e-06

  126  0  0
4.999976255003745e-06
4.999998697117763e-06
5.000000109719351e-06
4.999999973752525e-06
4.999999721606937e-06

  126  0  1
5.149243371267496e-06
5.007155278396155e-06
4.998163583883520e-06
5.001205158222049e-06
4.998376835454268e-06

  127  0  0
5.000000226860008e-06
5.000000008982763e-06
4.999999999218458e-06
5.000000000193184e-06
5.000000002003557e-06

  127  0  1
4.999492916666992e-06
4.999974007325766e-06
5.000006554894497e-06
4.999995755360874e-06
5.000005413107072e-06

  128  0  0
4.999999998306190e-06
4.999999999937629e-06
5.000000000003715e-06
4.999999999996809e-06
4.999999999984263e-06

  128  0  1
5.000001870277781e-06
5.000000121855143e-06
4.999999969616957e-06
5.000000019308523e-06
4.999999978388482e-06

  129  0  0
5.000000000010477e-06
4.999999999998661e-06
4.999999999998222e-06
4.999999999998256e-06
4.999999999998370e-06

  129  0  1
4.999999989894265e-06
4.999999999217691e-06
5.000000000204382e-06
4.999999999866014e-06
5.000000000143030e-06

  130  0  0
4.999999999998174e-06
4.999999999998255e-06
4.999999999998255e-06
4.999999999998248e-06
4.999999999998262e-06

  130  0  1
5.000000000076176e-06
5.000000000003252e-06
4.999999999996758e-06
4.999999999999242e-06
4.999999999997016e-06

  131  0  0
4.999999999998254e-06
4.999999999998254e-06
4.999999999998253e-06
4.999999999998253e-06
4.999999999998255e-06

  131  0  1
4.999999999997682e-06
4.999999999998232e-06
4.999999999998261e-06
4.999999999998247e-06
4.999999999998263e-06

  132  0  0
4.999999999998254e-06
4.999999999998254e-06
4.999999999998253e-06
4.999999999998253e-06
4.999999999998255e-06

  132  0  1
4.999999999998260e-06
4.999999999998252e-06
4.999999999998253e-06
4.999999999998253e-06
4.999999999998256e-06

  133  0  0
4.999999999998254e-06
4.999999999998254e-06
4.999999999998253e-06
4.999999999998253e-06
4.999999999998255e-06

  133  0  1
4.999999999998256e-06
4.999999999998253e-06
4.999999999998253e-06
4.999999999998253e-06
4.999999999998256e-06

  134  0  0
4.999999999998254e-06
4.999999999998254e-06
4.999999999998253e-06
4.999999999998253e-06
4.999999999998255e-06

  134  0  1
4.999999999998255e-06
4.999999999998253e-06
4.999999999998253e-06
4.999999999998253e-06
4.999999999998256e-06

  135  0  0
4.999999999998254e-06
4.999999999998254e-06
4.999999999998253e-06
4.999999999998253e-06
4.999999999998255e-06

  135  0  1
4.999999999998255e-06
4.999999999998253e-06
4.999999999998253e-06
4.999999999998253e-06
4.999999999998256e-06

  136  0  0
4.999999999998254e-06
4.999999999998254e-06
4.999999999998253e-06
4.999999999998253e-06
4.999999999998255e-06

  136  0  1
4.999999999998255e-06
4.999999999998253e-06
4.999999999998253e-06
4.999999999998253e-06
4.999999999998256e-06

  137  0  0
4.999999999998254e-06
4.999999999998254e-06
4.999999999998253e-06
4.999999999998253e-06
4.999999999998255e-06

  137  0  1
4.999999999998255e-06
4.999999999998253e-06
4.999999999998253e-06
4.999999999998253e-06
4.999999999998256e-06

  138  0  0
4.999999999998254e-06
4.999999999998254e-06
4.999999999998253e-06
4.999999999998253e-06
4.999999999998255e-06

  138  0  1
4.999999999998255e-06
4.999999999998253e-06
4.999999999998253e-06
4.999999999998253e-06
4.999999999998256e-06

  139  0  0
4.999999999998254e-06
4.999999999998254e-06
4.999999999998253e-06
4.999999999998253e-06
4.999999999998255e-06

  139  0  1
4.999999999998255e-06
4.999999999998253e-06
4.999999999998253e-06
4.999999999998253e-06
4.999999999998256e-06

  140  0  0
4.999999999998254e-06
4.999999999998254e-06
4.999999999998253e-06
4.999999999998253e-06
4.999999999998255e-06

  140  0  1
4.999999999998255e-06
4.999999999998253e-06
4.999999999998253e-06
4.999999999998253e-06
4.999999999998256e-06

  141  0  0
4.999999999998254e-06
4.999999999998254e-06
4.999999999998253e-06
4.999999999998253e-06
4.999999999998255e-06

  141  0  1
4.999999999998255e-06
4.999999999998253e-06
4.999999999998253e-06
4.999999999998253e-06
4.999999999998256e-06

  142  0  0
4.999999999998254e-06
4.999999999998254e-06
4.999999999998253e-06
4.999999999998253e-06
4.999999999998255e-06

  142  0  1
4.999999999998255e-06
4.999999999998253e-06
4.999999999998253e-06
4.999999999998253e-06
4.999999999998256e-06

  143  0  0
4.999999999998254e-06
4.999999999998254e-06
4.999999999998253e-06
4.999999999998253e-06
4.999999999998255e-06

  143  0  1
4.999999999998255e-06
4.999999999998253e-06
4.999999999998253e-06
4.999999999998253e-06
4.999999999998256e-06

  144  0  0
4.999999999998254e-06
4.999999999998254e-06
4.999999999998253e-06
4.999999999998253e-06
4.999999999998255e-06

  144  0  1
4.999999999998255e-06
4.999999999998253e-06
4.999999999998253e-06
4.999999999998253e-06
4.999999999998256e-06

  145  0  0
4.999999999998254e-06
4.999999999998254e-06
4.999999999998253e-06
4.999999999998253e-06
4.999999999998255e-06

  145  0  1
4.999999999998255e-06
4.999999999998253e-06
4.999999999998253e-06
4.999999999998253e-06
4.999999999998256e-06

  146  0  0
4.999999999998254e-06
4.999999999998254e-06
4.999999999998253e-06
4.999999999998253e-06
4.999999999998255e-06

  146  0  1
4.999999999998255e-06
4.999999999998253e-06
4.999999999998253e-06
4.999999999998253e-06
4.999999999998256e-06

  147  0  0
4.999999999998254e-06
4.999999999998254e-06
4.999999999998253e-06
4.999999999998253e-06
4.999999999998255e-06

  147  0  1
4.999999999998255e-06
4.999999999998253e-06
4.999999999998253e-06
4.999999999998253e-06
4.999999999998256e-06

  148  0  0
4.999999999998254e-06
4.999999999998254e-06
4.999999999998253e-06
4.999999999998253e-06
4.999999999998255e-06

  148  0  1
4.999999999998255e-06
4.999999999998253e-06
4.999999999998253e-06
4.999999999998253e-06
4.999999999998256e-06

  149  0  0
4.999999999998254e-06
4.999999999998254e-06
4.999999999998253e-06
4.999999999998253e-06
4.999999999998255e-06

  149  0  1
4.999999999998255e-06
4.999999999998253e-06
4.999999999998253e-06
4.999999999998253e-06
4.999999999998256e-06

  150  0  0
4.999999999998254e-06
4.999999999998254e-06
4.999999999998253e-06
4.999999999998253e-06
4.999999999998255e-06

  150  0  1
4.999999999998255e-06
4.999999999998253e-06
4.999999999998253e-06
4.999999999998253e-06
4.999999999998256e-06

  151  0  0
4.999999999998254e-06
4.999999999998254e-06
4.999999999998253e-06
4.999999999998253e-06
4.999999999998255e-06

  151  0  1
4.999999999998255e-06
4.999999999998253e-06
4.999999999998253e-06
4.999999999998253e-06
4.999999999998256e-06

  152  0  0
4.999999999998254e-06
4.999999999998254e-06
4.999999999998253e-06
4.999999999998253e-06
4.999999999998255e-06

  152  0  1
4.999999999998255e-06
4.999999999998253e-06
4.999999999998253e-06
4.999999999998253e-06
4.999999999998256e-06

  153  0  0
4.999999999998254e-06
4.999999999998254e-06
4.999999999998253e-06
4.999999999998253e-06
4.999999999998255e-06

  153  0  1
4.999999999998255e-06
4.999999999998253e-06
4.999999999998253e-06
4.999999999998253e-06
4.999999999998256e-06

  154  0  0
4.999999999998254e-06
4.999999999998254e-06
4.999999999998253e-06
4.999999999998253e-06
4.999999999998255e-06

  154  0  1
4.999999999998255e-06
4.999999999998253e-06
4.999999999998253e-06
4.999999999998253e-06
4.999999999998256e-06

  155  0  0
4.999999999998254e-06
4.999999999998254e-06
4.999999999998253e-06
4.999999999998253e-06
4.999999999998255e-06

  155  0  1
4.999999999998255e-06
4.999999999998253e-06
4.999999999998253e-06
4.999999999998253e-06
4.999999999998256e-06

  156  0  0
4.999999999998254e-06
4.999999999998254e-06
4.999999999998253e-06
4.999999999998253e-06
4.999999999998255e-06

  156  0  1
4.999999999998255e-06
4.999999999998253e-06
4.999999999998253e-06
4.999999999998253e-06
4.999999999998256e-06

  157  0  0
4.999999999998254e-06
4.999999999998254e-06
4.999999999998253e-06
4.999999999998253e-06
4.999999999998255e-06

  157  0  1
4.999999999998255e-06
4.999999999998253e-06
4.999999999998253e-06
4.999999999998253e-06
4.999999999998256e-06

  158  0  0
4.999999999998254e-06
4.999999999998254e-06
4.999999999998253e-06
4.999999999998253e-06
4.999999999998255e-06

  158  0  1
4.999999999998255e-06
4.999999999998253e-06
4.999999999998253e-06
4.999999999998253e-06
4.999999999998256e-06

  159  0  0
4.999999999998254e-06
4.999999999998254e-06
4.999999999998253e-06
4.999999999998253e-06
4.999999999998255e-06

  159  0  1
4.999999999998255e-06
4.999999999998253e-06
4.999999999998253e-06
4.999999999998253e-06
4.999999999998256e-06

  160  0  0
4.999999999998254e-06
4.999999999998254e-06
4.999999999998253e-06
4.999999999998253e-06
4.999999999998255e-06

  160  0  1
4.999999999998255e-06
4.999999999998253e-06
4.999999999998253e-06
4.999999999998253e-06
4.999999999998256e-06

  161  0  0
4.999999999998254e-06
4.999999999998254e-06
4.999999999998253e-06
4.999999999998253e-06
4.999999999998255e-06

  161  0  1
4.999999999998255e-06
4.999999999998253e-06
4.999999999998253e-06
4.999999999998253e-06
4.999999999998256e-06

  162  0  0
4.999999999998254e-06
4.999999999998254e-06
4.999999999998253e-06
4.999999999998253e-06
4.999999999998255e-06

  162  0  1
4.999999999998255e-06
4.999999999998253e-06
4.999999999998253e-06
4.999999999998253e-06
4.999999999998256e-06

  163  0  0
4.999999999998254e-06
4.999999999998254e-06
4.999999999998253e-06
4.999999999998253e-06
4.999999999998255e-06

  163  0  1
4.999999999998255e-06
4.999999999998253e-06
4.999999999998253e-06
4.999999999998253e-06
4.999999999998256e-06

  164  0  0
4.999999999998254e-06
4.999999999998254e-06
4.999999999998253e-06
4.999999999998253e-06
4.999999999998255e-06

  164  0  1
4.999999999998255e-06
4.999999999998253e-06
4.999999999998253e-06
4.999999999998253e-06
4.999999999998256e-06

  165  0  0
4.999999999998254e-06
4.999999999998254e-06
4.999999999998253e-06
4.999999999998253e-06
4.999999999998255e-06

  165  0  1
4.999999999998255e-06
4.999999999998253e-06
4.999999999998253e-06
4.999999999998253e-06
4.999999999998256e-06

  166  0  0
4.999999999998254e-06
4.999999999998254e-06
4.999999999998253e-06
4.999999999998253e-06
4.999999999998255e-06

  166  0  1
4.999999999998255e-06
4.999999999998253e-06
4.999999999998253e-06
4.999999999998253e-06
4.999999999998256e-06

  167  0  0
4.999999999998254e-06
4.999999999998254e-06
4.999999999998253e-06
4.999999999998253e-06
4.999999999998255e-06

  167  0  1
4.999999999998255e-06
4.999999999998253e-06
4.999999999998253e-06
4.999999999998253e-06
4.999999999998256e-06

  168  0  0
4.999999999998254e-06
4.999999999998254e-06
4.999999999998253e-06
4.999999999998253e-06
4.999999999998255e-06

  168  0  1
4.999999999998255e-06
4.999999999998253e-06
4.999999999998253e-06
4.999999999998253e-06
4.999999999998256e-06

  169  0  0
4.999999999998254e-06
4.999999999998254e-06
4.999999999998253e-06
4.999999999998253e-06
4.999999999998255e-06

  169  0  1
4.999999999998255e-06
4.999999999998253e-06
4.999999999998253e-06
4.999999999998253e-06
4.999999999998256e-06

  170  0  0
4.999999999998254e-06
4.999999999998254e-06
4.999999999998253e-06
4.999999999998253e-06
4.999999999998255e-06

  170  0  1
4.999999999998255e-06
4.999999999998253e-06
4.999999999998253e-06
4.999999999998253e-06
4.999999999998256e-06

  171  0  0
4.999999999998254e-06
4.999999999998254e-06
4.999999999998253e-06
4.999999999998253e-06
4.999999999998255e-06

  171  0  1
4.999999999998255e-06
4.999999999998253e-06
4.999999999998253e-06
4.999999999998253e-06
4.999999999998256e-06

  172  0  0
4.999999999998254e-06
4.999999999998254e-06
4.999999999998253e-06
4.999999999998253e-06
4.999999999998255e-06

  172  0  1
4.999999999998255e-06
4.999999999998253e-06
4.999999999998253e-06
4.999999999998253e-06
4.999999999998256e-06

  173  0  0
4.999999999998254e-06
4.999999999998254e-06
4.999999999998253e-06
4.999999999998253e-06
4.999999999998255e-06

  173  0  1
4.999999999998255e-06
4.999999999998253e-06
4.999999999998253e-06
4.999999999998253e-06
4.999999999998256e-06

  174  0  0
4.999999999998254e-06
4.999999999998254e-06
4.999999999998253e-06
4.999999999998253e-06
4.999999999998255e-06

  174  0  1
4.999999999998255e-06
4.999999999998253e-06
4.999999999998253e-06
4.999999999998253e-06
4.999999999998256e-06

  175  0  0
4.999999999998254e-06
4.999999999998254e-06
4.999999999998253e-06
4.999999999998253e-06
4.999999999998255e-06

  175  0  1
4.999999999998255e-06
4.999999999998253e-06
4.999999999998253e-06
4.999999999998253e-06
4.999999999998256e-06

  176  0  0
4.999999999998254e-06
4.999999999998254e-06
4.999999999998253e-06
4.999999999998253e-06
4.999999999998255e-06

  176  0  1
4.999999999998255e-06
4.999999999998253e-06
4.999999999998253e-06
4.999999999998253e-06
4.999999999998256e-06

  177  0  0
4.999999999998254e-06
4.999999999998254e-06
4.999999999998253e-06
4.999999999998253e-06
4.999999999998255e-06

  177  0  1
4.999999999998255e-06
4.999999999998253e-06
4.999999999998253e-06
4.999999999998253e-06
4.999999999998256e-06

  178  0  0
4.999999999998254e-06
4.999999999998254e-06
4.999999999998253e-06
4.999999999998253e-06
4.999999999998255e-06

  178  0  1
4.999999999998255e-06
4.999999999998253e-06
4.999999999998253e-06
4.999999999998253e-06
4.999999999998256e-06

  179  0  0
4.999999999998254e-06
4.999999999998254e-06
4.999999999998253e-06
4.999999999998253e-06
4.999999999998255e-06

  179  0  1
4.999999999998255e-06
4.999999999998253e-06
4.999999999998253e-06
4.999999999998253e-06
4.999999999998256e-06

  180  0  0
4.999999999998254e-06
4.999999999998254e-06
4.999999999998253e-06
4.999999999998253e-06
4.999999999998255e-06

  180  0  1
4.999999999998255e-06
4.999999999998253e-06
4.999999999998253e-06
4.999999999998253e-06
4.999999999998256e-06

  181  0  0
4.999999999998254e-06
4.999999999998254e-06
4.999999999998253e-06
4.999999999998253e-06
4.999999999998255e-06

  181  0  1
4.999999999998255e-06
4.999999999998253e-06
4.999999999998253e-06
4.999999999998253e-06
4.999999999998256e-06

  182  0  0
4.999999999998254e-06
4.999999999998254e-06
4.999999999998253e-06
4.999999999998253e-06
4.999999999998255e-06

  182  0  1
4.999999999998255e-06
4.999999999998253e-06
4.999999999998253e-06
4.999999999998253e-06
4.999999999998256e-06

  183  0  0
4.999999999998254e-06
4.999999999998254e-06
4.999999999998253e-06
4.999999999998253e-06
4.999999999998255e-06

  183  0  1
4.999999999998255e-06
4.999999999998253e-06
4.999999999998253e-06
4.999999999998253e-06
4.999999999998256e-06

  184  0  0
4.999999999998254e-06
4.999999999998254e-06
4.999999999998253e-06
4.999999999998253e-06
4.999999999998255e-06

  184  0  1
4.999999999998255e-06
4.999999999998253e-06
4.999999999998253e-06
4.999999999998253e-06
4.999999999998256e-06

  185  0  0
4.999999999998254e-06
4.999999999998254e-06
4.999999999998253e-06
4.999999999998253e-06
4.999999999998255e-06

  185  0  1
4.999999999998255e-06
4.999999999998253e-06
4.999999999998253e-06
4.999999999998253e-06
4.999999999998256e-06

  186  0  0
4.999999999998254e-06
4.999999999998254e-06
4.999999999998253e-06
4.999999999998253e-06
4.999999999998255e-06

  186  0  1
4.999999999998255e-06
4.999999999998253e-06
4.999999999998253e-06
4.999999999998253e-06
4.999999999998256e-06

  187  0  0
4.999999999998254e-06
4.999999999998254e-06
4.999999999998253e-06
4.999999999998253e-06
4.999999999998255e-06

  187  0  1
4.999999999998255e-06
4.999999999998253e-06
4.999999999998253e-06
4.999999999998253e-06
4.999999999998256e-06

  188  0  0
4.999999999998254e-06
4.999999999998254e-06
4.999999999998253e-06
4.999999999998253e-06
4.999999999998255e-06

  188  0  1
4.999999999998255e-06
4.999999999998253e-06
4.999999999998253e-06
4.999999999998253e-06
4.999999999998256e-06

  189  0  0
4.999999999998254e-06
4.999999999998254e-06
4.999999999998253e-06
4.999999999998253e-06
4.999999999998255e-06

  189  0  1
4.999999999998255e-06
4.999999999998253e-06
4.999999999998253e-06
4.999999999998253e-06
4.999999999998256e-06

  190  0  0
4.999999999998254e-06
4.999999999998254e-06
4.999999999998253e-06
4.999999999998253e-06
4.999999999998255e-06

  190  0  1
4.999999999998255e-06
4.999999999998253e-06
4.999999999998253e-06
4.999999999998253e-06
4.999999999998256e-06

  191  0  0
4.999999999998254e-06
4.999999999998254e-06
4.999999999998253e-06
4.999999999998253e-06
4.999999999998255e-06

  191  0  1
4.999999999998255e-06
4.999999999998253e-06
4.999999999998253e-06
4.999999999998253e-06
4.999999999998256e-06

  192  0  0
4.999999999998254e-06
4.999999999998254e-06
4.999999999998253e-06
4.999999999998253e-06
4.999999999998255e-06

  192  0  1
4.999999999998255e-06
4.999999999998253e-06
4.999999999998253e-06
4.999999999998253e-06
4.999999999998256e-06

  193  0  0
4.999999999998254e-06
4.999999999998254e-06
4.999999999998253e-06
4.999999999998253e-06
4.999999999998255e-06

  193  0  1
4.999999999998255e-06
4.999999999998253e-06
4.999999999998253e-06
4.999999999998253e-06
4.999999999998256e-06

  194  0  0
4.999999999998254e-06
4.999999999998254e-06
4.999999999998253e-06
4.999999999998253e-06
4.999999999998255e-06

  194  0  1
4.999999999998255e-06
4.999999999998253e-06
4.999999999998253e-06
4.999999999998253e-06
4.999999999998256e-06

  195  0  0
4.999999999998254e-06
4.999999999998254e-06
4.999999999998253e-06
4.999999999998253e-06
4.999999999998255e-06

  195  0  1
4.999999999998255e-06
4.999999999998253e-06
4.999999999998253e-06
4.999999999998253e-06
4.999999999998256e-06

  196  0  0
4.999999999998254e-06
4.999999999998254e-06
4.999999999998253e-06
4.999999999998253e-06
4.999999999998255e-06

  196  0  1
4.999999999998255e-06
4.999999999998253e-06
4.999999999998253e-06
4.999999999998253e-06
4.999999999998256e-06

  197  0  0
4.999999999998254e-06
4.999999999998254e-06
4.999999999998253e-06
4.999999999998253e-06
4.999999999998255e-06

  197  0  1
4.999999999998255e-06
4.999999999998253e-06
4.999999999998253e-06
4.999999999998253e-06
4.999999999998256e-06

  198  0  0
4.999999999998254e-06
4.999999999998254e-06
4.999999999998253e-06
4.999999999998253e-06
4.999999999998255e-06

  198  0  1
4.999999999998255e-06
4.999999999998253e-06
4.999999999998253e-06
4.999999999998253e-06
4.999999999998256e-06

  199  0  0
4.999999999998254e-06
4.999999999998254e-06
4.999999999998253e-06
4.999999999998253e-06
4.999999999998255e-06

  199  0  1
4.999999999998255e-06
4.999999999998253e-06
4.999999999998253e-06
4.999999999998253e-06
4.999999999998256e-06

  200  0  0
4.999999999998254e-06
4.999999999998254e-06
4.999999999998253e-06
4.999999999998253e-06
4.999999999998255e-06

  200  0  1
4.999999999998255e-06
4.999999999998253e-06
4.999999999998253e-06
4.999999999998253e-06
4.999999999998256e-06

  201  0  0
4.999999999998254e-06
4.999999999998254e-06
4.999999999998253e-06
4.999999999998253e-06
4.999999999998255e-06

  201  0  1
4.999999999998255e-06
4.999999999998253e-06
4.999999999998253e-06
4.999999999998253e-06
4.999999999998256e-06

  202  0  0
4.999999999998254e-06
4.999999999998254e-06
4.999999999998253e-06
4.999999999998253e-06
4.999999999998255e-06

  202  0  1
4.999999999998255e-06
4.999999999998253e-06
4.999999999998253e-06
4.999999999998253e-06
4.999999999998256e-06

  203  0  0
4.999999999998254e-06
4.999999999998254e-06
4.999999999998253e-06
4.999999999998253e-06
4.999999999998255e-06

  203  0  1
4.999999999998255e-06
4.999999999998253e-06
4.999999999998253e-06
4.999999999998253e-06
4.999999999998256e-06

  204  0  0
4.999999999998254e-06
4.999999999998254e-06
4.999999999998253e-06
4.999999999998253e-06
4.999999999998255e-06

  204  0  1
4.999999999998255e-06
4.999999999998253e-06
4.999999999998253e-06
4.999999999998253e-06
4.999999999998256e-06

  205  0  0
4.999999999998254e-06
4.999999999998254e-06
4.999999999998253e-06
4.999999999998253e-06
4.999999999998255e-06

  205  0  1
4.999999999998255e-06
4.999999999998253e-06
4.999999999998253e-06
4.999999999998253e-06
4.999999999998256e-06

  206  0  0
4.999999999998254e-06
4.999999999998254e-06
4.999999999998253e-06
4.999999999998253e-06
4.999999999998255e-06

  206  0  1
4.999999999998255e-06
4.999999999998253e-06
4.999999999998253e-06
4.999999999998253e-06
4.999999999998256e-06

  207  0  0
4.999999999998254e-06
4.999999999998254e-06
4.999999999998253e-06
4.999999999998253e-06
4.999999999998255e-06

  207  0  1
4.999999999998255e-06
4.999999999998253e-06
4.999999999998253e-06
4.999999999998253e-06
4.999999999998256e-06

  208  0  0
4.999999999998254e-06
4.999999999998254e-06
4.999999999998253e-06
4.999999999998253e-06
4.999999999998255e-06

  208  0  1
4.999999999998255e-06
4.999999999998253e-06
4.999999999998253e-06
4.999999999998253e-06
4.999999999998256e-06

  209  0  0
4.999999999998254e-06
4.999999999998254e-06
4.999999999998253e-06
4.999999999998253e-06
4.999999999998255e-06

  209  0  1
4.999999999998255e-06
4.999999999998253e-06
4.999999999998253e-06
4.999999999998253e-06
4.999999999998256e-06

  210  0  0
4.999999999998254e-06
4.999999999998254e-06
4.999999999998253e-06
4.999999999998253e-06
4.999999999998255e-06

  210  0  1
4.999999999998255e-06
4.999999999998253e-06
4.999999999998253e-06
4.999999999998253e-06
4.999999999998256e-06

  211  0  0
4.999999999998254e-06
4.999999999998254e-06
4.999999999998253e-06
4.999999999998253e-06
4.999999999998255e-06

  211  0  1
4.999999999998255e-06
4.999999999998253e-06
4.999999999998253e-06
4.999999999998253e-06
4.999999999998256e-06

  212  0  0
4.999999999998254e-06
4.999999999998254e-06
4.999999999998253e-06
4.999999999998253e-06
4.999999999998255e-06

  212  0  1
4.999999999998255e-06
4.999999999998253e-06
4.999999999998253e-06
4.999999999998253e-06
4.999999999998256e-06

  213  0  0
4.999999999998254e-06
4.999999999998254e-06
4.999999999998253e-06
4.999999999998253e-06
4.999999999998255e-06

  213  0  1
4.999999999998255e-06
4.999999999998253e-06
4.999999999998253e-06
4.999999999998253e-06
4.999999999998256e-06

  214  0  0
4.999999999998254e-06
4.999999999998254e-06
4.999999999998253e-06
4.999999999998253e-06
4.999999999998255e-06

  214  0  1
4.999999999998255e-06
4.999999999998253e-06
4.999999999998253e-06
4.999999999998253e-06
4.999999999998256e-06

  215  0  0
4.999999999998254e-06
4.999999999998254e-06
4.999999999998253e-06
4.999999999998253e-06
4.999999999998255e-06

  215  0  1
4.999999999998255e-06
4.999999999998253e-06
4.999999999998253e-06
4.999999999998253e-06
4.999999999998256e-06

  216  0  0
4.999999999998254e-06
4.999999999998254e-06
4.999999999998253e-06
4.999999999998253e-06
4.999999999998255e-06

  216  0  1
4.999999999998255e-06
4.999999999998253e-06
4.999999999998253e-06
4.999999999998253e-06
4.999999999998256e-06

  217  0  0
4.999999999998254e-06
4.999999999998254e-06
4.999999999998253e-06
4.999999999998253e-06
4.999999999998255e-06

  217  0  1
4.999999999998255e-06
4.999999999998253e-06
4.999999999998253e-06
4.999999999998253e-06
4.999999999998256e-06

  218  0  0
4.999999999998254e-06
4.999999999998254e-06
4.999999999998253e-06
4.999999999998253e-06
4.999999999998255e-06

  218  0  1
4.999999999998255e-06
4.999999999998253e-06
4.999999999998253e-06
4.999999999998253e-06
4.999999999998256e-06

  219  0  0
4.999999999998254e-06
4.999999999998254e-06
4.999999999998253e-06
4.999999999998253e-06
4.999999999998255e-06

  219  0  1
4.999999999998255e-06
4.999999999998253e-06
4.999999999998253e-06
4.999999999998253e-06
4.999999999998256e-06

  220  0  0
4.999999999998254e-06
4.999999999998254e-06
4.999999999998253e-06
4.999999999998253e-06
4.999999999998255e-06

  220  0  1
4.999999999998255e-06
4.999999999998253e-06
4.999999999998253e-06
4.999999999998253e-06
4.999999999998256e-06

  221  0  0
4.999999999998254e-06
4.999999999998254e-06
4.999999999998253e-06
4.999999999998253e-06
4.999999999998255e-06

  221  0  1
4.999999999998255e-06
4.999999999998253e-06
4.999999999998253e-06
4.999999999998253e-06
4.999999999998256e-06

  222  0  0
4.999999999998254e-06
4.999999999998254e-06
4.999999999998253e-06
4.999999999998253e-06
4.999999999998255e-06

  222  0  1
4.999999999998255e-06
4.999999999998253e-06
4.999999999998253e-06
4.999999999998253e-06
4.999999999998256e-06

  223  0  0
4.999999999998254e-06
4.999999999998254e-06
4.999999999998253e-06
4.999999999998253e-06
4.999999999998255e-06

  223  0  1
4.999999999998255e-06
4.999999999998253e-06
4.999999999998253e-06
4.999999999998253e-06
4.999999999998256e-06

  224  0  0
4.999999999998254e-06
4.999999999998254e-06
4.999999999998253e-06
4.999999999998253e-06
4.999999999998255e-06

  224  0  1
4.999999999998255e-06
4.999999999998253e-06
4.999999999998253e-06
4.999999999998253e-06
4.999999999998256e-06

  225  0  0
4.999999999998254e-06
4.999999999998254e-06
4.999999999998253e-06
4.999999999998253e-06
4.999999999998255e-06

  225  0  1
4.999999999998255e-06
4.999999999998253e-06
4.999999999998253e-06
4.999999999998253e-06
4.999999999998256e-06

  226  0  0
4.999999999998254e-06
4.999999999998254e-06
4.999999999998253e-06
4.999999999998253e-06
4.999999999998255e-06

  226  0  1
4.999999999998255e-06
4.999999999998253e-06
4.999999999998253e-06
4.999999999998253e-06
4.999999999998256e-06

  227  0  0
4.999999999998254e-06
4.999999999998254e-06
4.999999999998253e-06
4.999999999998253e-06
4.999999999998255e-06

  227  0  1
4.999999999998255e-06
4.999999999998253e-06
4.999999999998253e-06
4.999999999998253e-06
4.999999999998256e-06

  228  0  0
4.999999999998254e-06
4.999999999998254e-06
4.999999999998253e-06
4.999999999998253e-06
4.999999999998255e-06

  228  0  1
4.999999999998255e-06
4.999999999998253e-06
4.999999999998253e-06
4.999999999998253e-06
4.999999999998256e-06

  229  0  0
4.999999999998254e-06
4.999999999998254e-06
4.999999999998253e-06
4.999999999998253e-06
4.999999999998255e-06

  229  0  1
4.999999999998255e-06
4.999999999998253e-06
4.999999999998253e-06
4.999999999998253e-06
4.999999999998256e-06

  230  0  0
4.999999999998254e-06
4.999999999998254e-06
4.999999999998253e-06
4.999999999998253e-06
4.999999999998255e-06

  230  0  1
4.999999999998255e-06
4.999999999998253e-06
4.999999999998253e-06
4.999999999998253e-06
4.999999999998256e-06

  231  0  0
4.999999999998254e-06
4.999999999998254e-06
4.999999999998253e-06
4.999999999998253e-06
4.999999999998255e-06

  231  0  1
4.999999999998255e-06
4.999999999998253e-06
4.999999999998253e-06
4.999999999998253e-06
4.999999999998256e-06

  232  0  0
4.999999999998254e-06
4.999999999998254e-06
4.999999999998253e-06
4.999999999998253e-06
4.999999999998255e-06

  232  0  1
4.999999999998255e-06
4.999999999998253e-06
4.999999999998253e-06
4.999999999998253e-06
4.999999999998256e-06

  233  0  0
4.999999999998254e-06
4.999999999998254e-06
4.999999999998253e-06
4.999999999998253e-06
4.999999999998255e-06

  233  0  1
4.999999999998255e-06
4.999999999998253e-06
4.999999999998253e-06
4.999999999998253e-06
4.999999999998256e-06

  234  0  0
4.999999999998254e-06
4.999999999998254e-06
4.999999999998253e-06
4.999999999998253e-06
4.999999999998255e-06

  234  0  1
4.999999999998255e-06
4.999999999998253e-06
4.999999999998253e-06
4.999999999998253e-06
4.999999999998256e-06

  235  0  0
4.999999999998254e-06
4.999999999998254e-06
4.999999999998253e-06
4.999999999998253e-06
4.999999999998255e-06

  235  0  1
4.999999999998255e-06
4.999999999998253e-06
4.999999999998253e-06
4.999999999998253e-06
4.999999999998256e-06

  236  0  0
4.999999999998254e-06
4.999999999998254e-06
4.999999999998253e-06
4.999999999998253e-06
4.999999999998255e-06

  236  0  1
4.999999999998255e-06
4.999999999998253e-06
4.999999999998253e-06
4.999999999998253e-06
4.999999999998256e-06

  237  0  0
4.999999999998254e-06
4.999999999998254e-06
4.999999999998253e-06
4.999999999998253e-06
4.999999999998255e-06

  237  0  1
4.999999999998255e-06
4.999999999998253e-06
4.999999999998253e-06
4.999999999998253e-06
4.999999999998256e-06

  238  0  0
4.999999999998254e-06
4.999999999998254e-06
4.999999999998253e-06
4.999999999998253e-06
4.999999999998255e-06

  238  0  1
4.999999999998255e-06
4.999999999998253e-06
4.999999999998253e-06
4.999999999998253e-06
4.999999999998256e-06

  239  0  0
4.999999999998254e-06
4.999999999998254e-06
4.999999999998253e-06
4.999999999998253e-06
4.999999999998255e-06

  239  0  1
4.999999999998255e-06
4.999999999998253e-06
4.999999999998253e-06
4.999999999998253e-06
4.999999999998256e-06

  240  0  0
4.999999999998254e-06
4.999999999998254e-06
4.999999999998253e-06
4.999999999998253e-06
4.999999999998255e-06

  240  0  1
4.999999999998255e-06
4.999999999998253e-06
4.999999999998253e-06
4.999999999998253e-06
4.999999999998256e-06

  241  0  0
4.999999999998254e-06
4.999999999998254e-06
4.999999999998253e-06
4.999999999998253e-06
4.999999999998255e-06

  241  0  1
4.999999999998255e-06
4.999999999998253e-06
4.999999999998253e-06
4.999999999998253e-06
4.999999999998256e-06

  242  0  0
4.999999999998254e-06
4.999999999998254e-06
4.999999999998253e-06
4.999999999998253e-06
4.999999999998255e-06

  242  0  1
4.999999999998255e-06
4.999999999998253e-06
4.999999999998253e-06
4.999999999998253e-06
4.999999999998256e-06

  243  0  0
4.999999999998254e-06
4.999999999998254e-06
4.999999999998253e-06
4.999999999998253e-06
4.999999999998255e-06

  243  0  1
4.999999999998255e-06
4.999999999998253e-06
4.999999999998253e-06
4.999999999998253e-06
4.999999999998256e-06

  244  0  0
4.999999999998254e-06
4.999999999998254e-06
4.999999999998253e-06
4.999999999998253e-06
4.999999999998255e-06

  244  0  1
4.999999999998255e-06
4.999999999998253e-06
4.999999999998253e-06
4.999999999998253e-06
4.999999999998256e-06

  245  0  0
4.999999999998254e-06
4.999999999998254e-06
4.999999999998253e-06
4.999999999998253e-06
4.999999999998255e-06

  245  0  1
4.999999999998255e-06
4.999999999998253e-06
4.999999999998253e-06
4.999999999998253e-06
4.999999999998256e-06

  246  0  0
4.999999999998254e-06
4.999999999998254e-06
4.999999999998253e-06
4.999999999998253e-06
4.999999999998255e-06

  246  0  1
4.999999999998255e-06
4.999999999998253e-06
4.999999999998253e-06
4.999999999998253e-06
4.999999999998256e-06

  247  0  0
4.999999999998254e-06
4.999999999998254e-06
4.999999999998253e-06
4.999999999998253e-06
4.999999999998255e-06

  247  0  1
4.999999999998255e-06
4.999999999998253e-06
4.999999999998253e-06
4.999999999998253e-06
4.999999999998256e-06

  248  0  0
4.999999999998254e-06
4.999999999998254e-06
4.999999999998253e-06
4.999999999998253e-06
4.999999999998255e-06

  248  0  1
4.999999999998255e-06
4.999999999998253e-06
4.999999999998253e-06
4.999999999998253e-06
4.999999999998256e-06

  249  0  0
4.999999999998254e-06
4.999999999998254e-06
4.999999999998253e-06
4.999999999998253e-06
4.999999999998255e-06

  249  0  1
4.999999999998255e-06
4.999999999998253e-06
4.999999999998253e-06
4.999999999998253e-06
4.999999999998256e-06

  250  0  0
4.999999999998254e-06
4.999999999998254e-06
4.999999999998253e-06
4.999999999998253e-06
4.999999999998255e-06

  250  0  1
4.999999999998255e-06
4.999999999998253e-06
4.999999999998253e-06
4.999999999998253e-06
4.999999999998256e-06

  251  0  0
4.999999999998254e-06
4.999999999998254e-06
4.999999999998253e-06
4.999999999998253e-06
4.999999999998255e-06

  251  0  1
4.999999999998255e-06
4.999999999998253e-06
4.999999999998253e-06
4.999999999998253e-06
4.999999999998256e-06

  252  0  0
4.999999999998254e-06
4.999999999998254e-06
4.999999999998253e-06
4.999999999998253e-06
4.999999999998255e-06

  252  0  1
4.999999999998255e-06
4.999999999998253e-06
4.999999999998253e-06
4.999999999998253e-06
4.999999999998256e-06

  253  0  0
4.999999999998254e-06
4.999999999998254e-06
4.999999999998253e-06
4.999999999998253e-06
4.999999999998255e-06

  253  0  1
4.999999999998255e-06
4.999999999998253e-06
4.999999999998253e-06
4.999999999998253e-06
4.999999999998256e-06

  254  0  0
4.999999999998254e-06
4.999999999998254e-06
4.999999999998253e-06
4.999999999998253e-06
4.999999999998255e-06

  254  0  1
4.999999999998255e-06
4.999999999998253e-06
4.999999999998253e-06
4.999999999998253e-06
4.999999999998256e-06

  255  0  0
4.999999999998254e-06
4.999999999998254e-06
4.999999999998253e-06
4.999999999998253e-06
4.999999999998255e-06

  255  0  1
4.999999999998255e-06
4.999999999998253e-06
4.999999999998253e-06
4.999999999998253e-06
4.999999999998256e-06

  256  0  0
4.999999999998254e-06
4.999999999998254e-06
4.999999999998253e-06
4.999999999998253e-06
4.999999999998255e-06

  256  0  1
4.999999999998255e-06
4.999999999998253e-06
4.999999999998253e-06
4.999999999998253e-06
4.999999999998256e-06

  257  0  0
4.999999999998254e-06
4.999999999998254e-06
4.999999999998253e-06
4.999999999998253e-06
4.999999999998255e-06

  257  0  1
4.999999999998255e-06
4.999999999998253e-06
4.999999999998253e-06
4.999999999998253e-06
4.999999999998256e-06

  258  0  0
4.999999999998254e-06
4.999999999998254e-06
4.999999999998253e-06
4.999999999998253e-06
4.999999999998255e-06

  258  0  1
4.999999999998255e-06
4.999999999998253e-06
4.999999999998253e-06
4.999999999998253e-06
4.999999999998256e-06

  259  0  0
4.999999999998254e-06
4.999999999998254e-06
4.999999999998253e-06
4.999999999998253e-06
4.999999999998255e-06

  259  0  1
4.999999999998255e-06
4.999999999998253e-06
4.999999999998253e-06
4.999999999998253e-06
4.999999999998256e-06

  260  0  0
4.999999999998254e-06
4.999999999998254e-06
4.999999999998253e-06
4.999999999998253e-06
4.999999999998255e-06

  260  0  1
4.999999999998255e-06
4.999999999998253e-06
4.999999999998253e-06
4.999999999998253e-06
4.999999999998256e-06

  261  0  0
4.999999999998254e-06
4.999999999998254e-06
4.999999999998253e-06
4.999999999998253e-06
4.999999999998255e-06

  261  0  1
4.999999999998255e-06
4.999999999998253e-06
4.999999999998253e-06
4.999999999998253e-06
4.999999999998256e-06

  262  0  0
4.999999999998254e-06
4.999999999998254e-06
4.999999999998253e-06
4.999999999998253e-06
4.999999999998255e-06

  262  0  1
4.999999999998255e-06
4.999999999998253e-06
4.999999999998253e-06
4.999999999998253e-06
4.999999999998256e-06

  263  0  0
4.999999999998254e-06
4.999999999998254e-06
4.999999999998253e-06
4.999999999998253e-06
4.999999999998255e-06

  263  0  1
4.999999999998255e-06
4.999999999998253e-06
4.999999999998253e-06
4.999999999998253e-06
4.999999999998256e-06

  264  0  0
4.999999999998254e-06
4.999999999998254e-06
4.999999999998253e-06
4.999999999998253e-06
4.999999999998255e-06

  264  0  1
4.999999999998255e-06
4.999999999998253e-06
4.999999999998253e-06
4.999999999998253e-06
4.999999999998256e-06

  265  0  0
4.999999999998254e-06
4.999999999998254e-06
4.999999999998253e-06
4.999999999998253e-06
4.999999999998255e-06

  265  0  1
4.999999999998255e-06
4.999999999998253e-06
4.999999999998253e-06
4.999999999998253e-06
4.999999999998256e-06

  266  0  0
4.999999999998254e-06
4.999999999998254e-06
4.999999999998253e-06
4.999999999998253e-06
4.999999999998255e-06

  266  0  1
4.999999999998255e-06
4.999999999998253e-06
4.999999999998253e-06
4.999999999998253e-06
4.999999999998256e-06

  267  0  0
4.999999999998254e-06
4.999999999998254e-06
4.999999999998253e-06
4.999999999998253e-06
4.999999999998255e-06

  267  0  1
4.999999999998255e-06
4.999999999998253e-06
4.999999999998253e-06
4.999999999998253e-06
4.999999999998256e-06

  268  0  0
4.999999999998254e-06
4.999999999998254e-06
4.999999999998253e-06
4.999999999998253e-06
4.999999999998255e-06

  268  0  1
4.999999999998255e-06
4.999999999998253e-06
4.999999999998253e-06
4.999999999998253e-06
4.999999999998256e-06

  269  0  0
4.999999999998254e-06
4.999999999998254e-06
4.999999999998253e-06
4.999999999998253e-06
4.999999999998255e-06

  269  0  1
4.999999999998255e-06
4.999999999998253e-06
4.999999999998253e-06
4.999999999998253e-06
4.999999999998256e-06

  270  0  0
4.999999999998254e-06
4.999999999998254e-06
4.999999999998253e-06
4.999999999998253e-06
4.999999999998255e-06

  270  0  1
4.999999999998255e-06
4.999999999998253e-06
4.999999999998253e-06
4.999999999998253e-06
4.999999999998256e-06

  271  0  0
4.999999999998254e-06
4.999999999998254e-06
4.999999999998253e-06
4.999999999998253e-06
4.999999999998255e-06

  271  0  1
4.999999999998255e-06
4.999999999998253e-06
4.999999999998253e-06
4.999999999998253e-06
4.999999999998256e-06

  272  0  0
4.999999999998254e-06
4.999999999998254e-06
4.999999999998253e-06
4.999999999998253e-06
4.999999999998255e-06

  272  0  1
4.999999999998255e-06
4.999999999998253e-06
4.999999999998253e-06
4.999999999998253e-06
4.999999999998256e-06

  273  0  0
4.999999999998254e-06
4.999999999998254e-06
4.999999999998253e-06
4.999999999998253e-06
4.999999999998255e-06

  273  0  1
4.999999999998255e-06
4.999999999998253e-06
4.999999999998253e-06
4.999999999998253e-06
4.999999999998256e-06

  274  0  0
4.999999999998254e-06
4.999999999998254e-06
4.999999999998253e-06
4.999999999998253e-06
4.999999999998255e-06

  274  0  1
4.999999999998255e-06
4.999999999998253e-06
4.999999999998253e-06
4.999999999998253e-06
4.999999999998256e-06

  275  0  0
4.999999999998254e-06
4.999999999998254e-06
4.999999999998253e-06
4.999999999998253e-06
4.999999999998255e-06

  275  0  1
4.999999999998255e-06
4.999999999998253e-06
4.999999999998253e-06
4.999999999998253e-06
4.999999999998256e-06

  276  0  0
4.999999999998254e-06
4.999999999998254e-06
4.999999999998253e-06
4.999999999998253e-06
4.999999999998255e-06

  276  0  1
4.999999999998255e-06
4.999999999998253e-06
4.999999999998253e-06
4.999999999998253e-06
4.999999999998256e-06

  277  0  0
4.999999999998254e-06
4.999999999998254e-06
4.999999999998253e-06
4.999999999998253e-06
4.999999999998255e-06

  277  0  1
4.999999999998255e-06
4.999999999998253e-06
4.999999999998253e-06
4.999999999998253e-06
4.999999999998256e-06

  278  0  0
4.999999999998254e-06
4.999999999998254e-06
4.999999999998253e-06
4.999999999998253e-06
4.999999999998255e-06

  278  0  1
4.999999999998255e-06
4.999999999998253e-06
4.999999999998253e-06
4.999999999998253e-06
4.999999999998256e-06

  279  0  0
4.999999999998254e-06
4.999999999998254e-06
4.999999999998253e-06
4.999999999998253e-06
4.999999999998255e-06

  279  0  1
4.999999999998255e-06
4.999999999998253e-06
4.999999999998253e-06
4.999999999998253e-06
4.999999999998256e-06

  280  0  0
4.999999999998254e-06
4.999999999998254e-06
4.999999999998253e-06
4.999999999998253e-06
4.999999999998255e-06

  280  0  1
4.999999999998255e-06
4.999999999998253e-06
4.999999999998253e-06
4.999999999998253e-06
4.999999999998256e-06

  281  0  0
4.999999999998254e-06
4.999999999998254e-06
4.999999999998253e-06
4.999999999998253e-06
4.999999999998255e-06

  281  0  1
4.999999999998255e-06
4.999999999998253e-06
4.999999999998253e-06
4.999999999998253e-06
4.999999999998256e-06

  282  0  0
4.999999999998254e-06
4.999999999998254e-06
4.999999999998253e-06
4.999999999998253e-06
4.999999999998255e-06

  282  0  1
4.999999999998255e-06
4.999999999998253e-06
4.999999999998253e-06
4.999999999998253e-06
4.999999999998256e-06

  283  0  0
4.999999999998254e-06
4.999999999998254e-06
4.999999999998253e-06
4.999999999998253e-06
4.999999999998255e-06

  283  0  1
4.999999999998255e-06
4.999999999998253e-06
4.999999999998253e-06
4.999999999998253e-06
4.999999999998256e-06

  284  0  0
4.999999999998254e-06
4.999999999998254e-06
4.999999999998253e-06
4.999999999998253e-06
4.999999999998255e-06

  284  0  1
4.999999999998255e-06
4.999999999998253e-06
4.999999999998253e-06
4.999999999998253e-06
4.999999999998256e-06

  285  0  0
4.999999999998254e-06
4.999999999998254e-06
4.999999999998253e-06
4.999999999998253e-06
4.999999999998255e-06

  285  0  1
4.999999999998255e-06
4.999999999998253e-06
4.999999999998253e-06
4.999999999998253e-06
4.999999999998256e-06

  286  0  0
4.999999999998254e-06
4.999999999998254e-06
4.999999999998253e-06
4.999999999998253e-06
4.999999999998255e-06

  286  0  1
4.999999999998255e-06
4.999999999998253e-06
4.999999999998253e-06
4.999999999998253e-06
4.999999999998256e-06

  287  0  0
4.999999999998254e-06
4.999999999998254e-06
4.999999999998253e-06
4.999999999998253e-06
4.999999999998255e-06

  287  0  1
4.999999999998255e-06
4.999999999998253e-06
4.999999999998253e-06
4.999999999998253e-06
4.999999999998256e-06

  288  0  0
4.999999999998254e-06
4.999999999998254e-06
4.999999999998253e-06
4.999999999998253e-06
4.999999999998255e-06

  288  0  1
4.999999999998255e-06
4.999999999998253e-06
4.999999999998253e-06
4.999999999998253e-06
4.999999999998256e-06

  289  0  0
4.999999999998254e-06
4.999999999998254e-06
4.999999999998253e-06
4.999999999998253e-06
4.999999999998255e-06

  289  0  1
4.999999999998255e-06
4.999999999998253e-06
4.999999999998253e-06
4.999999999998253e-06
4.999999999998256e-06

  290  0  0
4.999999999998254e-06
4.999999999998254e-06
4.999999999998253e-06
4.999999999998253e-06
4.999999999998255e-06

  290  0  1
4.999999999998255e-06
4.999999999998253e-06
4.999999999998253e-06
4.999999999998253e-06
4.999999999998256e-06

  291  0  0
4.999999999998254e-06
4.999999999998254e-06
4.999999999998253e-06
4.999999999998253e-06
4.999999999998255e-06

  291  0  1
4.999999999998255e-06
4.999999999998253e-06
4.999999999998253e-06
4.999999999998253e-06
4.999999999998256e-06

  292  0  0
4.999999999998254e-06
4.999999999998254e-06
4.999999999998253e-06
4.999999999998253e-06
4.999999999998255e-06

  292  0  1
4.999999999998255e-06
4.999999999998253e-06
4.999999999998253e-06
4.999999999998253e-06
4.999999999998256e-06

  293  0  0
4.999999999998254e-06
4.999999999998254e-06
4.999999999998253e-06
4.999999999998253e-06
4.999999999998255e-06

  293  0  1
4.999999999998255e-06
4.999999999998253e-06
4.999999999998253e-06
4.999999999998253e-06
4.999999999998256e-06

  294  0  0
4.999999999998254e-06
4.999999999998254e-06
4.999999999998253e-06
4.999999999998253e-06
4.999999999998255e-06

  294  0  1
4.999999999998255e-06
4.999999999998253e-06
4.999999999998253e-06
4.999999999998253e-06
4.999999999998256e-06

  295  0  0
4.999999999998254e-06
4.999999999998254e-06
4.999999999998253e-06
4.999999999998253e-06
4.999999999998255e-06

  295  0  1
4.999999999998255e-06
4.999999999998253e-06
4.999999999998253e-06
4.999999999998253e-06
4.999999999998256e-06

  296  0  0
4.999999999998254e-06
4.999999999998254e-06
4.999999999998253e-06
4.999999999998253e-06
4.999999999998255e-06

  296  0  1
4.999999999998255e-06
4.999999999998253e-06
4.999999999998253e-06
4.999999999998253e-06
4.999999999998256e-06

  297  0  0
4.999999999998254e-06
4.999999999998254e-06
4.999999999998253e-06
4.999999999998253e-06
4.999999999998255e-06

  297  0  1
4.999999999998255e-06
4.999999999998253e-06
4.999999999998253e-06
4.999999999998253e-06
4.999999999998256e-06

  298  0  0
4.999999999998254e-06
4.999999999998254e-06
4.999999999998253e-06
4.999999999998253e-06
4.999999999998255e-06

  298  0  1
4.999999999998255e-06
4.999999999998253e-06
4.999999999998253e-06
4.999999999998253e-06
4.999999999998256e-06

  299  0  0
4.999999999998254e-06
4.999999999998254e-06
4.999999999998253e-06
4.999999999998253e-06
4.999999999998255e-06

  299  0  1
4.999999999998255e-06
4.999999999998253e-06
4.999999999998253e-06
4.999999999998253e-06
4.999999999998256e-06

  300  0  0
4.999999999998254e-06
4.999999999998254e-06
4.999999999998253e-06
4.999999999998253e-06
4.999999999998255e-06

  300  0  1
4.999999999998255e-06
4.999999999998253e-06
4.999999999998253e-06
4.999999999998253e-06
4.999999999998256e-06

  301  0  0
4.999999999998254e-06
4.999999999998254e-06
4.999999999998253e-06
4.999999999998253e-06
4.999999999998255e-06

  301  0  1
4.999999999998255e-06
4.999999999998253e-06
4.999999999998253e-06
4.999999999998253e-06
4.999999999998256e-06

  302  0  0
4.999999999998254e-06
4.999999999998254e-06
4.999999999998253e-06
4.999999999998253e-06
4.999999999998255e-06

  302  0  1
4.999999999998255e-06
4.999999999998253e-06
4.999999999998253e-06
4.999999999998253e-06
4.999999999998256e-06

  303  0  0
4.999999999998254e-06
4.999999999998254e-06
4.999999999998253e-06
4.999999999998253e-06
4.999999999998255e-06

  303  0  1
4.999999999998255e-06
4.999999999998253e-06
4.999999999998253e-06
4.999999999998253e-06
4.999999999998256e-06

  304  0  0
4.999999999998254e-06
4.999999999998254e-06
4.999999999998253e-06
4.999999999998253e-06
4.999999999998255e-06

  304  0  1
4.999999999998255e-06
4.999999999998253e-06
4.999999999998253e-06
4.999999999998253e-06
4.999999999998256e-06

  305  0  0
4.999999999998254e-06
4.999999999998254e-06
4.999999999998253e-06
4.999999999998253e-06
4.999999999998255e-06

  305  0  1
4.999999999998255e-06
4.999999999998253e-06
4.999999999998253e-06
4.999999999998253e-06
4.999999999998256e-06

  306  0  0
4.999999999998254e-06
4.999999999998254e-06
4.999999999998253e-06
4.999999999998253e-06
4.999999999998255e-06

  306  0  1
4.999999999998255e-06
4.999999999998253e-06
4.999999999998253e-06
4.999999999998253e-06
4.999999999998256e-06

  307  0  0
4.999999999998254e-06
4.999999999998254e-06
4.999999999998253e-06
4.999999999998253e-06
4.999999999998255e-06

  307  0  1
4.999999999998255e-06
4.999999999998253e-06
4.999999999998253e-06
4.999999999998253e-06
4.999999999998256e-06

  308  0  0
4.999999999998254e-06
4.999999999998254e-06
4.999999999998253e-06
4.999999999998253e-06
4.999999999998255e-06

  308  0  1
4.999999999998255e-06
4.999999999998253e-06
4.999999999998253e-06
4.999999999998253e-06
4.999999999998256e-06

  309  0  0
4.999999999998254e-06
4.999999999998254e-06
4.999999999998253e-06
4.999999999998253e-06
4.999999999998255e-06

  309  0  1
4.999999999998255e-06
4.999999999998253e-06
4.999999999998253e-06
4.999999999998253e-06
4.999999999998256e-06

  310  0  0
4.999999999998254e-06
4.999999999998254e-06
4.999999999998253e-06
4.999999999998253e-06
4.999999999998255e-06

  310  0  1
4.999999999998255e-06
4.999999999998253e-06
4.999999999998253e-06
4.999999999998253e-06
4.999999999998256e-06

  311  0  0
4.999999999998254e-06
4.999999999998254e-06
4.999999999998253e-06
4.999999999998253e-06
4.999999999998255e-06

  311  0  1
4.999999999998255e-06
4.999999999998253e-06
4.999999999998253e-06
4.999999999998253e-06
4.999999999998256e-06

  312  0  0
4.999999999998254e-06
4.999999999998254e-06
4.999999999998253e-06
4.999999999998253e-06
4.999999999998259e-06

  312  0  1
4.999999999998255e-06
4.999999999998253e-06
4.999999999998253e-06
4.999999999998253e-06
4.999999999998256e-06

  313  0  0
4.999999999998256e-06
4.999999999998251e-06
4.999999999998255e-06
4.999999999998242e-06
4.999999999998130e-06

  313  0  1
4.999999999998255e-06
4.999999999998253e-06
4.999999999998253e-06
4.999999999998253e-06
4.999999999998256e-06

  314  0  0
4.999999999997991e-06
4.999999999998499e-06
4.999999999997862e-06
5.000000000000033e-06
5.000000000019307e-06

  314  0  1
4.999999999999247e-06
4.999999999997747e-06
4.999999999998946e-06
4.999999999996395e-06
5.000000000022531e-06

  315  0  0
4.999999999991494e-06
4.999999999953896e-06
5.000000000086715e-06
4.999999998958040e-06
4.999999996144516e-06

  315  0  1
4.999999999943150e-06
4.999999999995469e-06
5.000000000020069e-06
4.999999999601571e-06
4.999999996135116e-06

  316  0  0
4.999999999017248e-06
5.000000008254179e-06
4.999999984291357e-06
5.000000163938578e-06
5.000000701831505e-06

  316  0  1
5.000000007791555e-06
5.000000000398796e-06
4.999999996837283e-06
5.000000057526977e-06
5.000000572306968e-06

  317  0  0
5.000000417020356e-06
4.999998532581066e-06
5.000002710713102e-06
4.999974234275594e-06
4.999876975138052e-06

  317  0  1
4.999998860255881e-06
4.999999940663293e-06
5.000000461079279e-06
4.999991640339804e-06
4.999914849467689e-06

  318  0  0
4.999899380086392e-06
5.000252863970459e-06
4.999542597250302e-06
5.004038145396087e-06
5.020968049653125e-06

  318  0  1
5.000166542898644e-06
5.000009170873545e-06
4.999932100930942e-06
5.001218863320186e-06
5.012706248214760e-06

  319  0  0
5.020395971725674e-06
4.957491610161490e-06
5.078041202987149e-06
4.393972799660358e-06
1.372739153037832e-06

  319  0  1
4.956465338962575e-06
5.008235564910147e-06
4.997567053205618e-06
4.855781587184849e-06
2.804486035396801e-06

