#Cell    Group    L_mom 
# Element_0
# Element_1
    0  0  0
1.914288491996849e+00
1.896535804883411e+00

    1  0  0
1.896643591769538e+00
1.878662788893340e+00

    2  0  0
1.878784054390301e+00
1.860552023283283e+00

    3  0  0
1.860688887466653e+00
1.842178883919448e+00

    4  0  0
1.842333798350564e+00
1.823514860646490e+00

    5  0  0
1.823690677615666e+00
1.804526918414807e+00

    6  0  0
1.804726970801202e+00
1.785176729983780e+00

    7  0  0
1.785404928180454e+00
1.765419754235311e+00

    8  0  0
1.765680706783649e+00
1.745204124118401e+00

    9  0  0
1.745503289862326e+00
1.724469295787559e+00

   10  0  0
1.724813178071978e+00
1.703144394789048e+00

   11  0  0
1.703540792736200e+00
1.681146173348100e+00

   12  0  0
1.681604511827503e+00
1.658376460503498e+00

   13  0  0
1.658908223874862e+00
1.634718940170847e+00

   14  0  0
1.635338242547945e+00
1.610035052983553e+00

   15  0  0
1.610759455940652e+00
1.584158762390375e+00

   16  0  0
1.585010564038888e+00
1.556889574058224e+00

   17  0  0
1.557897469159302e+00
1.527982595987684e+00

   18  0  0
1.529182925444805e+00
1.497135288421646e+00

   19  0  0
1.498574603362749e+00
1.463973459519364e+00

   20  0  0
1.465720321234826e+00
1.428031259000409e+00

   21  0  0
1.430192561224340e+00
1.388694397404641e+00

   22  0  0
1.391396746197782e+00
1.345112646050837e+00

   23  0  0
1.348498378320226e+00
1.296218090849922e+00

   24  0  0
1.300733442935297e+00
1.240683850912460e+00

   25  0  0
1.247179348142295e+00
1.175777747212720e+00

   26  0  0
1.183726643592925e+00
1.097043659272465e+00

   27  0  0
1.108100750663649e+00
1.005650231980815e+00

   28  0  0
1.047324923475487e+00
8.922279822307949e-01

   29  0  0
9.788866558684014e-01
6.342153829653134e-01

   30  0  0
5.767503279583288e-01
1.554304526315405e-01

   31  0  0
2.803400600870126e-02
2.988546673625740e-04

   32  0  0
1.460039011854920e-05
1.003597156795004e-05

   33  0  0
1.000057132276436e-05
1.000000446778243e-05

   34  0  0
1.000000007095760e-05
1.000000000055142e-05

   35  0  0
1.000000000000532e-05
9.999999999996577e-06

   36  0  0
9.999999999996509e-06
9.999999999996508e-06

   37  0  0
9.999999999996508e-06
9.999999999996508e-06

   38  0  0
9.999999999996508e-06
9.999999999996508e-06

   39  0  0
9.999999999996508e-06
9.999999999996508e-06

   40  0  0
9.999999999996508e-06
9.999999999996508e-06

   41  0  0
9.999999999996508e-06
9.999999999996508e-06

   42  0  0
9.999999999996508e-06
9.999999999996508e-06

   43  0  0
9.999999999996508e-06
9.999999999996508e-06

   44  0  0
9.999999999996508e-06
9.999999999996508e-06

   45  0  0
9.999999999996508e-06
9.999999999996508e-06

   46  0  0
9.999999999996508e-06
9.999999999996508e-06

   47  0  0
9.999999999996508e-06
9.999999999996508e-06

   48  0  0
9.999999999996508e-06
9.999999999996508e-06

   49  0  0
9.999999999996508e-06
9.999999999996508e-06

   50  0  0
9.999999999996508e-06
9.999999999996508e-06

   51  0  0
9.999999999996508e-06
9.999999999996508e-06

   52  0  0
9.999999999996508e-06
9.999999999996508e-06

   53  0  0
9.999999999996508e-06
9.999999999996508e-06

   54  0  0
9.999999999996508e-06
9.999999999996508e-06

   55  0  0
9.999999999996508e-06
9.999999999996508e-06

   56  0  0
9.999999999996508e-06
9.999999999996508e-06

   57  0  0
9.999999999996508e-06
9.999999999996508e-06

   58  0  0
9.999999999996508e-06
9.999999999996508e-06

   59  0  0
9.999999999996508e-06
9.999999999996508e-06

   60  0  0
9.999999999996508e-06
9.999999999996508e-06

   61  0  0
9.999999999996508e-06
9.999999999996508e-06

   62  0  0
9.999999999996508e-06
9.999999999996508e-06

   63  0  0
9.999999999996508e-06
9.999999999996508e-06

   64  0  0
9.999999999996508e-06
9.999999999996508e-06

   65  0  0
9.999999999996508e-06
9.999999999996508e-06

   66  0  0
9.999999999996508e-06
9.999999999996508e-06

   67  0  0
9.999999999996508e-06
9.999999999996508e-06

   68  0  0
9.999999999996508e-06
9.999999999996508e-06

   69  0  0
9.999999999996508e-06
9.999999999996508e-06

   70  0  0
9.999999999996508e-06
9.999999999996508e-06

   71  0  0
9.999999999996508e-06
9.999999999996508e-06

   72  0  0
9.999999999996508e-06
9.999999999996508e-06

   73  0  0
9.999999999996508e-06
9.999999999996508e-06

   74  0  0
9.999999999996508e-06
9.999999999996508e-06

   75  0  0
9.999999999996508e-06
9.999999999996504e-06

   76  0  0
9.999999999996435e-06
9.999999999975174e-06

   77  0  0
9.999999999465864e-06
9.999999934865327e-06

   78  0  0
9.999998564419920e-06
9.999823835025022e-06

   79  0  0
9.996794003711596e-06
9.606533524682003e-06

