#Cell    Group    L_mom 
# Element_0
# Element_1
# Element_2
    0  0  0
1.913738473946204e+00
1.912037324297112e+00
1.910334772469011e+00

    1  0  0
1.909343001213094e+00
1.907636942129497e+00
1.905928367456736e+00

    2  0  0
1.904932851977490e+00
1.903221031590421e+00
1.901507675334129e+00

    3  0  0
1.900510045070319e+00
1.898794328278105e+00
1.897076557799095e+00

    4  0  0
1.896075487454072e+00
1.894353450856407e+00
1.892628978586688e+00

    5  0  0
1.891624592490932e+00
1.889897647632417e+00
1.888169212085137e+00

    6  0  0
1.887162432922902e+00
1.885430443084667e+00
1.883695713689074e+00

    7  0  0
1.882684722415447e+00
1.880945979641214e+00
1.879205278067315e+00

    8  0  0
1.878191668437045e+00
1.876448493647712e+00
1.874703246068564e+00

    9  0  0
1.873686145207027e+00
1.871936218947208e+00
1.870183402285709e+00

   10  0  0
1.869162232961441e+00
1.867406259640306e+00
1.865648583059698e+00

   11  0  0
1.864624845501865e+00
1.862863617506251e+00
1.861099483462591e+00

   12  0  0
1.860071140457470e+00
1.858302158848310e+00
1.856530684961604e+00

   13  0  0
1.855499010344673e+00
1.853724753408922e+00
1.851948383744038e+00

   14  0  0
1.850913179966873e+00
1.849131820012886e+00
1.847347100551775e+00

   15  0  0
1.846307006192672e+00
1.844518190263799e+00
1.842727298734818e+00

   16  0  0
1.841684247489372e+00
1.839889768008576e+00
1.838092269970065e+00

   17  0  0
1.837044312943987e+00
1.835241125879454e+00
1.833434792027673e+00

   18  0  0
1.832382552785413e+00
1.830572832311016e+00
1.828760870934037e+00

   19  0  0
1.827705005045383e+00
1.825887856657300e+00
1.824066927784101e+00

   20  0  0
1.823005365257454e+00
1.821179189859873e+00
1.819350373079486e+00

   21  0  0
1.818285182880187e+00
1.816452604176684e+00
1.814616929390636e+00

   22  0  0
1.813546626842144e+00
1.811704495812526e+00
1.809858479015905e+00

   23  0  0
1.808782736159741e+00
1.806932357316719e+00
1.805079440973892e+00

   24  0  0
1.803999798899510e+00
1.802141571334519e+00
1.800279217662930e+00

   25  0  0
1.799193154516575e+00
1.797324250428948e+00
1.795451918513091e+00

   26  0  0
1.794361190434197e+00
1.792484633226545e+00
1.790604861009591e+00

   27  0  0
1.789508847421744e+00
1.787621995521941e+00
1.785730506435381e+00

   28  0  0
1.784627779630623e+00
1.782730566430418e+00
1.780830275489484e+00

   29  0  0
1.779723068380594e+00
1.777817303775470e+00
1.775907145289596e+00

   30  0  0
1.774792920585410e+00
1.772874863239267e+00
1.770952390742731e+00

   31  0  0
1.769832084884416e+00
1.767904476901141e+00
1.765973406341048e+00

   32  0  0
1.764847555826181e+00
1.762908945031010e+00
1.760964991504233e+00

   33  0  0
1.759831137820008e+00
1.757879729050696e+00
1.755924384233970e+00

   34  0  0
1.754785008210056e+00
1.752823803627758e+00
1.750857974305908e+00

   35  0  0
1.749711108997475e+00
1.747736125593710e+00
1.745755604725959e+00

   36  0  0
1.744600918292815e+00
1.742613784061273e+00
1.740622678454884e+00

   37  0  0
1.739461910885785e+00
1.737462888293408e+00
1.735457911876364e+00

   38  0  0
1.734287946313724e+00
1.732273529876535e+00
1.730253977018895e+00

   39  0  0
1.729076885651295e+00
1.727050626349163e+00
1.725019441797341e+00

   40  0  0
1.723834411153529e+00
1.721793001948454e+00
1.719744888557072e+00

   41  0  0
1.718550090279141e+00
1.716493267500667e+00
1.714431570730390e+00

   42  0  0
1.713229647252165e+00
1.711159549555284e+00
1.709082977752628e+00

   43  0  0
1.707870820985537e+00
1.705782743256245e+00
1.703688017668502e+00

   44  0  0
1.702466542449671e+00
1.700363546964722e+00
1.698255081863302e+00

   45  0  0
1.697025016735474e+00
1.694905439506047e+00
1.692778044627609e+00

   46  0  0
1.691536227093865e+00
1.689397468932907e+00
1.687252433858964e+00

   47  0  0
1.686001704645141e+00
1.683847352040051e+00
1.681686001849940e+00

   48  0  0
1.680424116163208e+00
1.678249312674455e+00
1.676066151851050e+00

   49  0  0
1.674792277605308e+00
1.672598398031878e+00
1.670398051941084e+00

   50  0  0
1.669114412942672e+00
1.666902067042036e+00
1.664680885053015e+00

   51  0  0
1.663383607903077e+00
1.661148041572104e+00
1.658904276292331e+00

   52  0  0
1.657595428889245e+00
1.655340615499381e+00
1.653078073294128e+00

   53  0  0
1.651757026941996e+00
1.649479265501337e+00
1.647191356341583e+00

   54  0  0
1.645855340311656e+00
1.643553325077467e+00
1.641243194017239e+00

   55  0  0
1.639895350222890e+00
1.637571969785148e+00
1.635238769790246e+00

   56  0  0
1.633875524118063e+00
1.631524790076498e+00
1.629163478756195e+00

   57  0  0
1.627785124012181e+00
1.625409848548265e+00
1.623025611644091e+00

   58  0  0
1.621633491746072e+00
1.619232340889143e+00
1.616819277906468e+00

   59  0  0
1.615409116154863e+00
1.612977759478609e+00
1.610535855597844e+00

   60  0  0
1.609110593271361e+00
1.606653277670379e+00
1.604184970297709e+00

   61  0  0
1.602742459414572e+00
1.600253530209118e+00
1.597751340304016e+00

   62  0  0
1.596289469848149e+00
1.593768994539995e+00
1.591237492212439e+00

   63  0  0
1.589759221677804e+00
1.587208756065356e+00
1.584644607461076e+00

   64  0  0
1.583145216136706e+00
1.580558037560268e+00
1.577957081110247e+00

   65  0  0
1.576437930939542e+00
1.573817874116881e+00
1.571185074081600e+00

   66  0  0
1.569646249140334e+00
1.566989738335648e+00
1.564317111833642e+00

   67  0  0
1.562754195132020e+00
1.560057545885954e+00
1.557346684559010e+00

   68  0  0
1.555763099688254e+00
1.553030149360488e+00
1.550281495264715e+00

   69  0  0
1.548673515236354e+00
1.545896789312728e+00
1.543102360489085e+00

   70  0  0
1.541468619869815e+00
1.538649366018405e+00
1.535814530154313e+00

   71  0  0
1.534157337777826e+00
1.531295209480822e+00
1.528413918443519e+00

   72  0  0
1.526727529049619e+00
1.523815231217007e+00
1.520884244396240e+00

   73  0  0
1.519170833035135e+00
1.516212616936571e+00
1.513235908587103e+00

   74  0  0
1.511494009074274e+00
1.508483826481155e+00
1.505451429515505e+00

   75  0  0
1.503676570197354e+00
1.500611285208169e+00
1.497525959537007e+00

   76  0  0
1.495721591186171e+00
1.492603916639639e+00
1.489463528110555e+00

   77  0  0
1.487624238924862e+00
1.484444789782454e+00
1.481240835613106e+00

   78  0  0
1.479365829934679e+00
1.476126509272373e+00
1.472864362113020e+00

   79  0  0
1.470954840069148e+00
1.467652811276071e+00
1.464323391670564e+00

   80  0  0
1.462372527263059e+00
1.458999712938305e+00
1.455600305754152e+00

   81  0  0
1.453610648718723e+00
1.450170895761377e+00
1.446703615994351e+00

   82  0  0
1.444671788991344e+00
1.441156102814300e+00
1.437608689056214e+00

   83  0  0
1.435529936809239e+00
1.431935135520332e+00
1.428310661774090e+00

   84  0  0
1.426187869782712e+00
1.422514612711147e+00
1.418807575911662e+00

   85  0  0
1.416633324423988e+00
1.412869745202914e+00
1.409070494246341e+00

   86  0  0
1.406844036970909e+00
1.402991665105283e+00
1.399104403875045e+00

   87  0  0
1.396825196555427e+00
1.392877727450341e+00
1.388889501730935e+00

   88  0  0
1.386549161434167e+00
1.382496772780072e+00
1.378404231191647e+00

   89  0  0
1.376004878731564e+00
1.371849623368960e+00
1.367651641783593e+00

   90  0  0
1.365187278730362e+00
1.360916000721271e+00
1.356596795704982e+00

   91  0  0
1.354061568400203e+00
1.349669489976003e+00
1.345230700327832e+00

   92  0  0
1.342625876448756e+00
1.338109837682971e+00
1.333540883745242e+00

   93  0  0
1.330856060222375e+00
1.326199907508458e+00
1.321488011180886e+00

   94  0  0
1.318721218249252e+00
1.313923833712279e+00
1.309069638503111e+00

   95  0  0
1.306217216501473e+00
1.301266443286730e+00
1.296250676624331e+00

   96  0  0
1.293301151360494e+00
1.288182604207196e+00
1.282998230282852e+00

   97  0  0
1.279951453540226e+00
1.274662147764627e+00
1.269301457035410e+00

   98  0  0
1.266146839785962e+00
1.260665891778824e+00
1.255105719893591e+00

   99  0  0
1.251833863558342e+00
1.246150545166470e+00
1.240386561312716e+00

  100  0  0
1.236994425358548e+00
1.231096926402507e+00
1.225108369447685e+00

  101  0  0
1.221579454936943e+00
1.215441618084170e+00
1.209206344324950e+00

  102  0  0
1.205533638872235e+00
1.199144990489461e+00
1.192653107628278e+00

  103  0  0
1.188825543527779e+00
1.182160260585937e+00
1.175377793694691e+00

  104  0  0
1.171375637393802e+00
1.164405261456003e+00
1.157311194600558e+00

  105  0  0
1.153125911798516e+00
1.145831489055875e+00
1.138399806877440e+00

  106  0  0
1.134008758072767e+00
1.126348169460156e+00
1.118533826720407e+00

  107  0  0
1.113915035800169e+00
1.105855026892343e+00
1.097629883968830e+00

  108  0  0
1.092765429545856e+00
1.084265960019601e+00
1.075577318588241e+00

  109  0  0
1.070430795585137e+00
1.061430820934163e+00
1.052220228412575e+00

  110  0  0
1.046762424578244e+00
1.037210750030984e+00
1.027423992653199e+00

  111  0  0
1.021615810014278e+00
1.011433661092639e+00
1.000977537240434e+00

  112  0  0
9.947633506695002e-01
9.838575857805819e-01
9.726407455840481e-01

  113  0  0
9.659671006191699e-01
9.542359164390470e-01
9.421405128233931e-01

  114  0  0
9.349255944762219e-01
9.222151470721723e-01
9.090709251244047e-01

  115  0  0
9.012161291937237e-01
8.873488422835307e-01
8.729625006286711e-01

  116  0  0
8.643428217219538e-01
8.490778373673471e-01
8.331657923370974e-01

  117  0  0
8.235916419959282e-01
8.065757390054111e-01
7.887409028591276e-01

  118  0  0
7.779644008229527e-01
7.587167461571385e-01
7.383833102994434e-01

  119  0  0
7.260171626131594e-01
7.037748093123583e-01
6.799944295244854e-01

  120  0  0
6.653850681791947e-01
6.388616306062962e-01
6.099853652430591e-01

  121  0  0
5.919462241544644e-01
5.586976930972979e-01
5.212158687327565e-01

  122  0  0
4.969276444750718e-01
4.509798838921413e-01
3.945071064419007e-01

  123  0  0
3.586438591724802e-01
2.712524129760319e-01
1.019978973828713e-01

  124  0  0
2.617615658311418e-03
-1.141869966368298e-03
3.055924074655573e-04

  125  0  0
1.763437337262577e-04
-3.131217856788016e-05
2.190216859959704e-05

  126  0  0
1.690463122245370e-05
8.236031666087569e-06
1.056135901199086e-05

  127  0  0
1.025620483155662e-05
9.928473529708206e-06
1.002608438235808e-05

  128  0  0
1.000779755085222e-05
9.997345752858848e-06
1.000119892522428e-05

  129  0  0
1.000011187235987e-05
9.999916449382742e-06
1.000005576545683e-05

  130  0  0
9.999989743022272e-06
9.999998483674709e-06
1.000000268760042e-05

  131  0  0
9.999998528801836e-06
1.000000007914447e-05
1.000000013503202e-05

  132  0  0
9.999999865005878e-06
1.000000001384991e-05
1.000000000692101e-05

  133  0  0
9.999999989180712e-06
1.000000000136073e-05
1.000000000034400e-05

  134  0  0
9.999999999185950e-06
1.000000000011096e-05
1.000000000001261e-05

  135  0  0
9.999999999938386e-06
1.000000000000535e-05
9.999999999997106e-06

  136  0  0
9.999999999992472e-06
9.999999999997153e-06
9.999999999996521e-06

  137  0  0
9.999999999996238e-06
9.999999999996553e-06
9.999999999996506e-06

  138  0  0
9.999999999996492e-06
9.999999999996511e-06
9.999999999996506e-06

  139  0  0
9.999999999996508e-06
9.999999999996509e-06
9.999999999996506e-06

  140  0  0
9.999999999996509e-06
9.999999999996508e-06
9.999999999996506e-06

  141  0  0
9.999999999996509e-06
9.999999999996508e-06
9.999999999996506e-06

  142  0  0
9.999999999996509e-06
9.999999999996508e-06
9.999999999996506e-06

  143  0  0
9.999999999996509e-06
9.999999999996508e-06
9.999999999996506e-06

  144  0  0
9.999999999996509e-06
9.999999999996508e-06
9.999999999996506e-06

  145  0  0
9.999999999996509e-06
9.999999999996508e-06
9.999999999996506e-06

  146  0  0
9.999999999996509e-06
9.999999999996508e-06
9.999999999996506e-06

  147  0  0
9.999999999996509e-06
9.999999999996508e-06
9.999999999996506e-06

  148  0  0
9.999999999996509e-06
9.999999999996508e-06
9.999999999996506e-06

  149  0  0
9.999999999996509e-06
9.999999999996508e-06
9.999999999996506e-06

  150  0  0
9.999999999996509e-06
9.999999999996508e-06
9.999999999996506e-06

  151  0  0
9.999999999996509e-06
9.999999999996508e-06
9.999999999996506e-06

  152  0  0
9.999999999996509e-06
9.999999999996508e-06
9.999999999996506e-06

  153  0  0
9.999999999996509e-06
9.999999999996508e-06
9.999999999996506e-06

  154  0  0
9.999999999996509e-06
9.999999999996508e-06
9.999999999996506e-06

  155  0  0
9.999999999996509e-06
9.999999999996508e-06
9.999999999996508e-06

  156  0  0
9.999999999996509e-06
9.999999999996508e-06
9.999999999996508e-06

  157  0  0
9.999999999996509e-06
9.999999999996508e-06
9.999999999996508e-06

  158  0  0
9.999999999996509e-06
9.999999999996508e-06
9.999999999996508e-06

  159  0  0
9.999999999996509e-06
9.999999999996508e-06
9.999999999996508e-06

  160  0  0
9.999999999996509e-06
9.999999999996508e-06
9.999999999996508e-06

  161  0  0
9.999999999996509e-06
9.999999999996508e-06
9.999999999996508e-06

  162  0  0
9.999999999996509e-06
9.999999999996508e-06
9.999999999996508e-06

  163  0  0
9.999999999996509e-06
9.999999999996508e-06
9.999999999996508e-06

  164  0  0
9.999999999996509e-06
9.999999999996508e-06
9.999999999996508e-06

  165  0  0
9.999999999996509e-06
9.999999999996508e-06
9.999999999996508e-06

  166  0  0
9.999999999996509e-06
9.999999999996508e-06
9.999999999996508e-06

  167  0  0
9.999999999996509e-06
9.999999999996508e-06
9.999999999996508e-06

  168  0  0
9.999999999996509e-06
9.999999999996508e-06
9.999999999996508e-06

  169  0  0
9.999999999996509e-06
9.999999999996508e-06
9.999999999996508e-06

  170  0  0
9.999999999996509e-06
9.999999999996508e-06
9.999999999996508e-06

  171  0  0
9.999999999996509e-06
9.999999999996508e-06
9.999999999996508e-06

  172  0  0
9.999999999996509e-06
9.999999999996508e-06
9.999999999996508e-06

  173  0  0
9.999999999996509e-06
9.999999999996508e-06
9.999999999996508e-06

  174  0  0
9.999999999996509e-06
9.999999999996508e-06
9.999999999996508e-06

  175  0  0
9.999999999996509e-06
9.999999999996508e-06
9.999999999996508e-06

  176  0  0
9.999999999996509e-06
9.999999999996508e-06
9.999999999996508e-06

  177  0  0
9.999999999996509e-06
9.999999999996508e-06
9.999999999996508e-06

  178  0  0
9.999999999996509e-06
9.999999999996508e-06
9.999999999996508e-06

  179  0  0
9.999999999996509e-06
9.999999999996508e-06
9.999999999996508e-06

  180  0  0
9.999999999996509e-06
9.999999999996508e-06
9.999999999996508e-06

  181  0  0
9.999999999996509e-06
9.999999999996508e-06
9.999999999996508e-06

  182  0  0
9.999999999996509e-06
9.999999999996508e-06
9.999999999996508e-06

  183  0  0
9.999999999996509e-06
9.999999999996508e-06
9.999999999996508e-06

  184  0  0
9.999999999996509e-06
9.999999999996508e-06
9.999999999996508e-06

  185  0  0
9.999999999996509e-06
9.999999999996508e-06
9.999999999996508e-06

  186  0  0
9.999999999996509e-06
9.999999999996508e-06
9.999999999996508e-06

  187  0  0
9.999999999996509e-06
9.999999999996508e-06
9.999999999996508e-06

  188  0  0
9.999999999996509e-06
9.999999999996508e-06
9.999999999996508e-06

  189  0  0
9.999999999996509e-06
9.999999999996508e-06
9.999999999996508e-06

  190  0  0
9.999999999996509e-06
9.999999999996508e-06
9.999999999996508e-06

  191  0  0
9.999999999996509e-06
9.999999999996508e-06
9.999999999996508e-06

  192  0  0
9.999999999996509e-06
9.999999999996508e-06
9.999999999996508e-06

  193  0  0
9.999999999996509e-06
9.999999999996508e-06
9.999999999996508e-06

  194  0  0
9.999999999996509e-06
9.999999999996508e-06
9.999999999996508e-06

  195  0  0
9.999999999996509e-06
9.999999999996508e-06
9.999999999996508e-06

  196  0  0
9.999999999996509e-06
9.999999999996508e-06
9.999999999996508e-06

  197  0  0
9.999999999996509e-06
9.999999999996508e-06
9.999999999996508e-06

  198  0  0
9.999999999996509e-06
9.999999999996508e-06
9.999999999996508e-06

  199  0  0
9.999999999996509e-06
9.999999999996508e-06
9.999999999996508e-06

  200  0  0
9.999999999996509e-06
9.999999999996508e-06
9.999999999996508e-06

  201  0  0
9.999999999996509e-06
9.999999999996508e-06
9.999999999996508e-06

  202  0  0
9.999999999996509e-06
9.999999999996508e-06
9.999999999996508e-06

  203  0  0
9.999999999996509e-06
9.999999999996508e-06
9.999999999996508e-06

  204  0  0
9.999999999996509e-06
9.999999999996508e-06
9.999999999996508e-06

  205  0  0
9.999999999996509e-06
9.999999999996508e-06
9.999999999996508e-06

  206  0  0
9.999999999996509e-06
9.999999999996508e-06
9.999999999996508e-06

  207  0  0
9.999999999996509e-06
9.999999999996508e-06
9.999999999996508e-06

  208  0  0
9.999999999996509e-06
9.999999999996508e-06
9.999999999996508e-06

  209  0  0
9.999999999996509e-06
9.999999999996508e-06
9.999999999996508e-06

  210  0  0
9.999999999996509e-06
9.999999999996508e-06
9.999999999996508e-06

  211  0  0
9.999999999996509e-06
9.999999999996508e-06
9.999999999996508e-06

  212  0  0
9.999999999996509e-06
9.999999999996508e-06
9.999999999996508e-06

  213  0  0
9.999999999996509e-06
9.999999999996508e-06
9.999999999996508e-06

  214  0  0
9.999999999996509e-06
9.999999999996508e-06
9.999999999996508e-06

  215  0  0
9.999999999996509e-06
9.999999999996508e-06
9.999999999996508e-06

  216  0  0
9.999999999996509e-06
9.999999999996508e-06
9.999999999996508e-06

  217  0  0
9.999999999996509e-06
9.999999999996508e-06
9.999999999996508e-06

  218  0  0
9.999999999996509e-06
9.999999999996508e-06
9.999999999996508e-06

  219  0  0
9.999999999996509e-06
9.999999999996508e-06
9.999999999996508e-06

  220  0  0
9.999999999996509e-06
9.999999999996508e-06
9.999999999996508e-06

  221  0  0
9.999999999996509e-06
9.999999999996508e-06
9.999999999996508e-06

  222  0  0
9.999999999996509e-06
9.999999999996508e-06
9.999999999996508e-06

  223  0  0
9.999999999996509e-06
9.999999999996508e-06
9.999999999996508e-06

  224  0  0
9.999999999996509e-06
9.999999999996508e-06
9.999999999996508e-06

  225  0  0
9.999999999996509e-06
9.999999999996508e-06
9.999999999996508e-06

  226  0  0
9.999999999996509e-06
9.999999999996508e-06
9.999999999996508e-06

  227  0  0
9.999999999996509e-06
9.999999999996508e-06
9.999999999996508e-06

  228  0  0
9.999999999996509e-06
9.999999999996508e-06
9.999999999996508e-06

  229  0  0
9.999999999996509e-06
9.999999999996508e-06
9.999999999996508e-06

  230  0  0
9.999999999996509e-06
9.999999999996508e-06
9.999999999996508e-06

  231  0  0
9.999999999996509e-06
9.999999999996508e-06
9.999999999996508e-06

  232  0  0
9.999999999996509e-06
9.999999999996508e-06
9.999999999996508e-06

  233  0  0
9.999999999996509e-06
9.999999999996508e-06
9.999999999996508e-06

  234  0  0
9.999999999996509e-06
9.999999999996508e-06
9.999999999996508e-06

  235  0  0
9.999999999996509e-06
9.999999999996508e-06
9.999999999996508e-06

  236  0  0
9.999999999996509e-06
9.999999999996508e-06
9.999999999996508e-06

  237  0  0
9.999999999996509e-06
9.999999999996508e-06
9.999999999996508e-06

  238  0  0
9.999999999996509e-06
9.999999999996508e-06
9.999999999996508e-06

  239  0  0
9.999999999996509e-06
9.999999999996508e-06
9.999999999996508e-06

  240  0  0
9.999999999996509e-06
9.999999999996508e-06
9.999999999996508e-06

  241  0  0
9.999999999996509e-06
9.999999999996508e-06
9.999999999996508e-06

  242  0  0
9.999999999996509e-06
9.999999999996508e-06
9.999999999996508e-06

  243  0  0
9.999999999996509e-06
9.999999999996508e-06
9.999999999996508e-06

  244  0  0
9.999999999996509e-06
9.999999999996508e-06
9.999999999996508e-06

  245  0  0
9.999999999996509e-06
9.999999999996508e-06
9.999999999996508e-06

  246  0  0
9.999999999996509e-06
9.999999999996508e-06
9.999999999996508e-06

  247  0  0
9.999999999996509e-06
9.999999999996508e-06
9.999999999996508e-06

  248  0  0
9.999999999996509e-06
9.999999999996508e-06
9.999999999996508e-06

  249  0  0
9.999999999996509e-06
9.999999999996508e-06
9.999999999996508e-06

  250  0  0
9.999999999996509e-06
9.999999999996508e-06
9.999999999996508e-06

  251  0  0
9.999999999996509e-06
9.999999999996508e-06
9.999999999996508e-06

  252  0  0
9.999999999996509e-06
9.999999999996508e-06
9.999999999996508e-06

  253  0  0
9.999999999996509e-06
9.999999999996508e-06
9.999999999996508e-06

  254  0  0
9.999999999996509e-06
9.999999999996508e-06
9.999999999996508e-06

  255  0  0
9.999999999996509e-06
9.999999999996508e-06
9.999999999996508e-06

  256  0  0
9.999999999996509e-06
9.999999999996508e-06
9.999999999996508e-06

  257  0  0
9.999999999996509e-06
9.999999999996508e-06
9.999999999996508e-06

  258  0  0
9.999999999996509e-06
9.999999999996508e-06
9.999999999996508e-06

  259  0  0
9.999999999996509e-06
9.999999999996508e-06
9.999999999996508e-06

  260  0  0
9.999999999996509e-06
9.999999999996508e-06
9.999999999996508e-06

  261  0  0
9.999999999996509e-06
9.999999999996508e-06
9.999999999996508e-06

  262  0  0
9.999999999996509e-06
9.999999999996508e-06
9.999999999996508e-06

  263  0  0
9.999999999996509e-06
9.999999999996508e-06
9.999999999996508e-06

  264  0  0
9.999999999996509e-06
9.999999999996508e-06
9.999999999996508e-06

  265  0  0
9.999999999996509e-06
9.999999999996508e-06
9.999999999996508e-06

  266  0  0
9.999999999996509e-06
9.999999999996508e-06
9.999999999996508e-06

  267  0  0
9.999999999996509e-06
9.999999999996508e-06
9.999999999996508e-06

  268  0  0
9.999999999996509e-06
9.999999999996508e-06
9.999999999996508e-06

  269  0  0
9.999999999996509e-06
9.999999999996508e-06
9.999999999996508e-06

  270  0  0
9.999999999996509e-06
9.999999999996508e-06
9.999999999996508e-06

  271  0  0
9.999999999996509e-06
9.999999999996508e-06
9.999999999996508e-06

  272  0  0
9.999999999996509e-06
9.999999999996508e-06
9.999999999996508e-06

  273  0  0
9.999999999996509e-06
9.999999999996508e-06
9.999999999996508e-06

  274  0  0
9.999999999996509e-06
9.999999999996508e-06
9.999999999996508e-06

  275  0  0
9.999999999996509e-06
9.999999999996508e-06
9.999999999996508e-06

  276  0  0
9.999999999996509e-06
9.999999999996508e-06
9.999999999996508e-06

  277  0  0
9.999999999996509e-06
9.999999999996508e-06
9.999999999996508e-06

  278  0  0
9.999999999996509e-06
9.999999999996508e-06
9.999999999996508e-06

  279  0  0
9.999999999996509e-06
9.999999999996508e-06
9.999999999996508e-06

  280  0  0
9.999999999996509e-06
9.999999999996508e-06
9.999999999996508e-06

  281  0  0
9.999999999996509e-06
9.999999999996508e-06
9.999999999996508e-06

  282  0  0
9.999999999996509e-06
9.999999999996508e-06
9.999999999996508e-06

  283  0  0
9.999999999996509e-06
9.999999999996508e-06
9.999999999996508e-06

  284  0  0
9.999999999996509e-06
9.999999999996508e-06
9.999999999996508e-06

  285  0  0
9.999999999996509e-06
9.999999999996508e-06
9.999999999996508e-06

  286  0  0
9.999999999996509e-06
9.999999999996508e-06
9.999999999996508e-06

  287  0  0
9.999999999996509e-06
9.999999999996508e-06
9.999999999996508e-06

  288  0  0
9.999999999996509e-06
9.999999999996508e-06
9.999999999996508e-06

  289  0  0
9.999999999996509e-06
9.999999999996508e-06
9.999999999996508e-06

  290  0  0
9.999999999996509e-06
9.999999999996508e-06
9.999999999996508e-06

  291  0  0
9.999999999996509e-06
9.999999999996508e-06
9.999999999996508e-06

  292  0  0
9.999999999996509e-06
9.999999999996508e-06
9.999999999996508e-06

  293  0  0
9.999999999996509e-06
9.999999999996508e-06
9.999999999996508e-06

  294  0  0
9.999999999996509e-06
9.999999999996508e-06
9.999999999996508e-06

  295  0  0
9.999999999996509e-06
9.999999999996508e-06
9.999999999996508e-06

  296  0  0
9.999999999996509e-06
9.999999999996508e-06
9.999999999996508e-06

  297  0  0
9.999999999996509e-06
9.999999999996508e-06
9.999999999996508e-06

  298  0  0
9.999999999996509e-06
9.999999999996508e-06
9.999999999996508e-06

  299  0  0
9.999999999996509e-06
9.999999999996508e-06
9.999999999996508e-06

  300  0  0
9.999999999996509e-06
9.999999999996508e-06
9.999999999996508e-06

  301  0  0
9.999999999996509e-06
9.999999999996508e-06
9.999999999996508e-06

  302  0  0
9.999999999996509e-06
9.999999999996508e-06
9.999999999996508e-06

  303  0  0
9.999999999996509e-06
9.999999999996508e-06
9.999999999996508e-06

  304  0  0
9.999999999996509e-06
9.999999999996508e-06
9.999999999996508e-06

  305  0  0
9.999999999996509e-06
9.999999999996508e-06
9.999999999996508e-06

  306  0  0
9.999999999996508e-06
9.999999999996508e-06
9.999999999996506e-06

  307  0  0
9.999999999996508e-06
9.999999999996509e-06
9.999999999996496e-06

  308  0  0
9.999999999996503e-06
9.999999999996548e-06
9.999999999996296e-06

  309  0  0
9.999999999996404e-06
9.999999999997248e-06
9.999999999992711e-06

  310  0  0
9.999999999997521e-06
1.000000000001950e-05
9.999999999863105e-06

  311  0  0
1.000000000000338e-05
1.000000000032041e-05
9.999999998050509e-06

  312  0  0
1.000000000006248e-05
1.000000000461451e-05
9.999999972021486e-06

  313  0  0
1.000000000139888e-05
1.000000006549899e-05
9.999999600090827e-06

  314  0  0
1.000000002690508e-05
1.000000092234696e-05
9.999994319534986e-06

  315  0  0
1.000000048799824e-05
1.000001288593625e-05
9.999919861057459e-06

  316  0  0
1.000000850737950e-05
1.000017849637806e-05
9.998877712649133e-06

  317  0  0
1.000014359628548e-05
1.000245077092254e-05
9.984413042589312e-06

  318  0  0
1.000229990964671e-05
1.003354617043843e-05
9.786569264990479e-06

  319  0  0
1.002427385397380e-05
1.049908094433549e-05
7.332049626848428e-06

