#Cell    Group    L_mom 
# Element_0
# Element_1
    0  0  0
1.924966929321179e+00
1.920478184351296e+00

    1  0  0
1.920590319702748e+00
1.916096190671312e+00

    2  0  0
1.916205109574608e+00
1.911698381795633e+00

    3  0  0
1.911808027441073e+00
1.907286603838555e+00

    4  0  0
1.907398126328324e+00
1.902860976781518e+00

    5  0  0
1.902974885678506e+00
1.898421299136058e+00

    6  0  0
1.898537891703962e+00
1.893967279453346e+00

    7  0  0
1.894086762670551e+00
1.889498586608253e+00

    8  0  0
1.889621123954795e+00
1.885014865115274e+00

    9  0  0
1.885140597791199e+00
1.880515740580555e+00

   10  0  0
1.880644798322984e+00
1.876000821734658e+00

   11  0  0
1.876133328847927e+00
1.871469701093246e+00

   12  0  0
1.871605780065694e+00
1.866921954999315e+00

   13  0  0
1.867061728814202e+00
1.862357143356719e+00

   14  0  0
1.862500737054787e+00
1.857774809193653e+00

   15  0  0
1.857922350985170e+00
1.853174478122426e+00

   16  0  0
1.853326100215443e+00
1.848555657728882e+00

   17  0  0
1.848711496970504e+00
1.843917836908809e+00

   18  0  0
1.844078035297260e+00
1.839260485160427e+00

   19  0  0
1.839425190263160e+00
1.834583051837518e+00

   20  0  0
1.834752417137337e+00
1.829884965365130e+00

   21  0  0
1.830059150548448e+00
1.825165632418114e+00

   22  0  0
1.825344803614908e+00
1.820424437061631e+00

   23  0  0
1.820608767044317e+00
1.815660739851908e+00

   24  0  0
1.815850408199331e+00
1.810873876894837e+00

   25  0  0
1.811069070127511e+00
1.806063158859525e+00

   26  0  0
1.806264070552709e+00
1.801227869943358e+00

   27  0  0
1.801434700825302e+00
1.796367266784917e+00

   28  0  0
1.796580224828342e+00
1.791480577320756e+00

   29  0  0
1.791699877836196e+00
1.786566999581965e+00

   30  0  0
1.786792865321794e+00
1.781625700426346e+00

   31  0  0
1.781858361708082e+00
1.776655814202087e+00

   32  0  0
1.776895509058771e+00
1.771656441338769e+00

   33  0  0
1.771903415703037e+00
1.766626646861679e+00

   34  0  0
1.766881154788473e+00
1.761565458825309e+00

   35  0  0
1.761827762756299e+00
1.756471866661841e+00

   36  0  0
1.756742237732663e+00
1.751344819440280e+00

   37  0  0
1.751623537829736e+00
1.746183224031499e+00

   38  0  0
1.746470579350207e+00
1.740985943174043e+00

   39  0  0
1.741282234888677e+00
1.735751793435022e+00

   40  0  0
1.736057331323378e+00
1.730479543059621e+00

   41  0  0
1.730794647691345e+00
1.725167909702092e+00

   42  0  0
1.725492912939944e+00
1.719815558030120e+00

   43  0  0
1.720150803547168e+00
1.714421097193565e+00

   44  0  0
1.714766941002523e+00
1.708983078147533e+00

   45  0  0
1.709339889139617e+00
1.703499990818728e+00

   46  0  0
1.703868151310646e+00
1.697970261102842e+00

   47  0  0
1.698350167391917e+00
1.692392247679622e+00

   48  0  0
1.692784310608326e+00
1.686764238631031e+00

   49  0  0
1.687168884163375e+00
1.681084447846593e+00

   50  0  0
1.681502117659814e+00
1.675351011198599e+00

   51  0  0
1.675782163294285e+00
1.669561982468394e+00

   52  0  0
1.670007091807680e+00
1.663715329003262e+00

   53  0  0
1.664174888170872e+00
1.657808927081564e+00

   54  0  0
1.658283446983488e+00
1.651840556961778e+00

   55  0  0
1.652330567561097e+00
1.645807897588695e+00

   56  0  0
1.646313948683722e+00
1.639708520927415e+00

   57  0  0
1.640231182975890e+00
1.633539885892782e+00

   58  0  0
1.634079750885469e+00
1.627299331838473e+00

   59  0  0
1.627857014225181e+00
1.620984071566080e+00

   60  0  0
1.621560209236964e+00
1.614591183810132e+00

   61  0  0
1.615186439135123e+00
1.608117605149991e+00

   62  0  0
1.608732666079432e+00
1.601560121293885e+00

   63  0  0
1.602195702523893e+00
1.594915357673957e+00

   64  0  0
1.595572201880666e+00
1.588179769283875e+00

   65  0  0
1.588858648431577e+00
1.581349629682288e+00

   66  0  0
1.582051346411489e+00
1.574421019075986e+00

   67  0  0
1.575146408178582e+00
1.567389811385889e+00

   68  0  0
1.568139741375951e+00
1.560251660186647e+00

   69  0  0
1.561027034976744e+00
1.553001983396578e+00

   70  0  0
1.553803744091070e+00
1.545635946578392e+00

   71  0  0
1.546465073396820e+00
1.538148444692384e+00

   72  0  0
1.539005959037950e+00
1.530534082122129e+00

   73  0  0
1.531421048812277e+00
1.522787150767405e+00

   74  0  0
1.523704680445920e+00
1.514901605969689e+00

   75  0  0
1.515850857722466e+00
1.506871040001197e+00

   76  0  0
1.507853224201050e+00
1.498688652808048e+00

   77  0  0
1.499705034217822e+00
1.490347219650667e+00

   78  0  0
1.491399120818510e+00
1.481839055228396e+00

   79  0  0
1.482927860214657e+00
1.473155973808815e+00

   80  0  0
1.474283132290758e+00
1.464289244802998e+00

   81  0  0
1.465456276611747e+00
1.455229543133443e+00

   82  0  0
1.456438043287463e+00
1.445966893627743e+00

   83  0  0
1.447218537939348e+00
1.436490608534250e+00

   84  0  0
1.437787159880387e+00
1.426789217090184e+00

   85  0  0
1.428132532457031e+00
1.416850385870827e+00

   86  0  0
1.418242424304160e+00
1.406660828401460e+00

   87  0  0
1.408103660022743e+00
1.396206202209917e+00

   88  0  0
1.397702018492963e+00
1.385470991121444e+00

   89  0  0
1.387022116668413e+00
1.374438370129133e+00

   90  0  0
1.376047276240594e+00
1.363090049586438e+00

   91  0  0
1.364759369991122e+00
1.351406094725756e+00

   92  0  0
1.353138643928000e+00
1.339364715566733e+00

   93  0  0
1.341163510389572e+00
1.326942021067017e+00

   94  0  0
1.328810306122431e+00
1.314111729803002e+00

   95  0  0
1.316053007840751e+00
1.300844827453215e+00

   96  0  0
1.302862895794621e+00
1.287109158601913e+00

   97  0  0
1.289208153280696e+00
1.272868936955673e+00

   98  0  0
1.275053386700645e+00
1.258084153055817e+00

   99  0  0
1.260359045838912e+00
1.242709852028247e+00

  100  0  0
1.245080718501452e+00
1.226695245805682e+00

  101  0  0
1.229168264039624e+00
1.209982608047991e+00

  102  0  0
1.212564738513193e+00
1.192505890338749e+00

  103  0  0
1.195205051489793e+00
1.174188958653460e+00

  104  0  0
1.177014254168500e+00
1.154943319290642e+00

  105  0  0
1.157905360433672e+00
1.134665177427764e+00

  106  0  0
1.137776483918191e+00
1.113231423463599e+00

  107  0  0
1.116507063027032e+00
1.090494438661495e+00

  108  0  0
1.093952908641680e+00
1.066274501233797e+00

  109  0  0
1.069938729505579e+00
1.040349190198145e+00

  110  0  0
1.044249260660967e+00
1.012439705411303e+00

  111  0  0
1.016616002690827e+00
9.821832648491191e-01

  112  0  0
9.866899964204456e-01
9.490995660478520e-01

  113  0  0
9.540057152896907e-01
9.125393588083373e-01

  114  0  0
9.180087632405439e-01
8.716061366749378e-01

  115  0  0
8.779512655232937e-01
8.246905407083629e-01

  116  0  0
8.315318342518135e-01
7.691122602104469e-01

  117  0  0
7.777253063585561e-01
7.043872724468186e-01

  118  0  0
7.286978747747614e-01
6.175982226896021e-01

  119  0  0
6.466299140887990e-01
4.263424843000951e-01

  120  0  0
3.356193044877979e-01
1.181322436277076e-01

  121  0  0
2.439443011694525e-02
2.216257119542556e-03

  122  0  0
1.400169451454738e-04
1.378265478790501e-05

  123  0  0
1.021573349193202e-05
1.000612402638173e-05

  124  0  0
1.000034890409011e-05
1.000000989502818e-05

  125  0  0
1.000000056324665e-05
1.000000001595722e-05

  126  0  0
1.000000000090433e-05
1.000000000002221e-05

  127  0  0
9.999999999997965e-06
9.999999999996550e-06

  128  0  0
9.999999999996509e-06
9.999999999996508e-06

  129  0  0
9.999999999996508e-06
9.999999999996508e-06

  130  0  0
9.999999999996508e-06
9.999999999996508e-06

  131  0  0
9.999999999996508e-06
9.999999999996508e-06

  132  0  0
9.999999999996508e-06
9.999999999996508e-06

  133  0  0
9.999999999996508e-06
9.999999999996508e-06

  134  0  0
9.999999999996508e-06
9.999999999996508e-06

  135  0  0
9.999999999996508e-06
9.999999999996508e-06

  136  0  0
9.999999999996508e-06
9.999999999996508e-06

  137  0  0
9.999999999996508e-06
9.999999999996508e-06

  138  0  0
9.999999999996508e-06
9.999999999996508e-06

  139  0  0
9.999999999996508e-06
9.999999999996508e-06

  140  0  0
9.999999999996508e-06
9.999999999996508e-06

  141  0  0
9.999999999996508e-06
9.999999999996508e-06

  142  0  0
9.999999999996508e-06
9.999999999996508e-06

  143  0  0
9.999999999996508e-06
9.999999999996508e-06

  144  0  0
9.999999999996508e-06
9.999999999996508e-06

  145  0  0
9.999999999996508e-06
9.999999999996508e-06

  146  0  0
9.999999999996508e-06
9.999999999996508e-06

  147  0  0
9.999999999996508e-06
9.999999999996508e-06

  148  0  0
9.999999999996508e-06
9.999999999996508e-06

  149  0  0
9.999999999996508e-06
9.999999999996508e-06

  150  0  0
9.999999999996508e-06
9.999999999996508e-06

  151  0  0
9.999999999996508e-06
9.999999999996508e-06

  152  0  0
9.999999999996508e-06
9.999999999996508e-06

  153  0  0
9.999999999996508e-06
9.999999999996508e-06

  154  0  0
9.999999999996508e-06
9.999999999996508e-06

  155  0  0
9.999999999996508e-06
9.999999999996508e-06

  156  0  0
9.999999999996508e-06
9.999999999996508e-06

  157  0  0
9.999999999996508e-06
9.999999999996508e-06

  158  0  0
9.999999999996508e-06
9.999999999996508e-06

  159  0  0
9.999999999996508e-06
9.999999999996508e-06

  160  0  0
9.999999999996508e-06
9.999999999996508e-06

  161  0  0
9.999999999996508e-06
9.999999999996508e-06

  162  0  0
9.999999999996508e-06
9.999999999996508e-06

  163  0  0
9.999999999996508e-06
9.999999999996508e-06

  164  0  0
9.999999999996508e-06
9.999999999996508e-06

  165  0  0
9.999999999996508e-06
9.999999999996508e-06

  166  0  0
9.999999999996508e-06
9.999999999996508e-06

  167  0  0
9.999999999996508e-06
9.999999999996508e-06

  168  0  0
9.999999999996508e-06
9.999999999996508e-06

  169  0  0
9.999999999996508e-06
9.999999999996508e-06

  170  0  0
9.999999999996508e-06
9.999999999996508e-06

  171  0  0
9.999999999996508e-06
9.999999999996508e-06

  172  0  0
9.999999999996508e-06
9.999999999996508e-06

  173  0  0
9.999999999996508e-06
9.999999999996508e-06

  174  0  0
9.999999999996508e-06
9.999999999996508e-06

  175  0  0
9.999999999996508e-06
9.999999999996508e-06

  176  0  0
9.999999999996508e-06
9.999999999996508e-06

  177  0  0
9.999999999996508e-06
9.999999999996508e-06

  178  0  0
9.999999999996508e-06
9.999999999996508e-06

  179  0  0
9.999999999996508e-06
9.999999999996508e-06

  180  0  0
9.999999999996508e-06
9.999999999996508e-06

  181  0  0
9.999999999996508e-06
9.999999999996508e-06

  182  0  0
9.999999999996508e-06
9.999999999996508e-06

  183  0  0
9.999999999996508e-06
9.999999999996508e-06

  184  0  0
9.999999999996508e-06
9.999999999996508e-06

  185  0  0
9.999999999996508e-06
9.999999999996508e-06

  186  0  0
9.999999999996508e-06
9.999999999996508e-06

  187  0  0
9.999999999996508e-06
9.999999999996508e-06

  188  0  0
9.999999999996508e-06
9.999999999996508e-06

  189  0  0
9.999999999996508e-06
9.999999999996508e-06

  190  0  0
9.999999999996508e-06
9.999999999996508e-06

  191  0  0
9.999999999996508e-06
9.999999999996508e-06

  192  0  0
9.999999999996508e-06
9.999999999996508e-06

  193  0  0
9.999999999996508e-06
9.999999999996508e-06

  194  0  0
9.999999999996508e-06
9.999999999996508e-06

  195  0  0
9.999999999996508e-06
9.999999999996508e-06

  196  0  0
9.999999999996508e-06
9.999999999996508e-06

  197  0  0
9.999999999996508e-06
9.999999999996508e-06

  198  0  0
9.999999999996508e-06
9.999999999996508e-06

  199  0  0
9.999999999996508e-06
9.999999999996508e-06

  200  0  0
9.999999999996508e-06
9.999999999996508e-06

  201  0  0
9.999999999996508e-06
9.999999999996508e-06

  202  0  0
9.999999999996508e-06
9.999999999996508e-06

  203  0  0
9.999999999996508e-06
9.999999999996508e-06

  204  0  0
9.999999999996508e-06
9.999999999996508e-06

  205  0  0
9.999999999996508e-06
9.999999999996508e-06

  206  0  0
9.999999999996508e-06
9.999999999996508e-06

  207  0  0
9.999999999996508e-06
9.999999999996508e-06

  208  0  0
9.999999999996508e-06
9.999999999996508e-06

  209  0  0
9.999999999996508e-06
9.999999999996508e-06

  210  0  0
9.999999999996508e-06
9.999999999996508e-06

  211  0  0
9.999999999996508e-06
9.999999999996508e-06

  212  0  0
9.999999999996508e-06
9.999999999996508e-06

  213  0  0
9.999999999996508e-06
9.999999999996508e-06

  214  0  0
9.999999999996508e-06
9.999999999996508e-06

  215  0  0
9.999999999996508e-06
9.999999999996508e-06

  216  0  0
9.999999999996508e-06
9.999999999996508e-06

  217  0  0
9.999999999996508e-06
9.999999999996508e-06

  218  0  0
9.999999999996508e-06
9.999999999996508e-06

  219  0  0
9.999999999996508e-06
9.999999999996508e-06

  220  0  0
9.999999999996508e-06
9.999999999996508e-06

  221  0  0
9.999999999996508e-06
9.999999999996508e-06

  222  0  0
9.999999999996508e-06
9.999999999996508e-06

  223  0  0
9.999999999996508e-06
9.999999999996508e-06

  224  0  0
9.999999999996508e-06
9.999999999996508e-06

  225  0  0
9.999999999996508e-06
9.999999999996508e-06

  226  0  0
9.999999999996508e-06
9.999999999996508e-06

  227  0  0
9.999999999996508e-06
9.999999999996508e-06

  228  0  0
9.999999999996508e-06
9.999999999996508e-06

  229  0  0
9.999999999996508e-06
9.999999999996508e-06

  230  0  0
9.999999999996508e-06
9.999999999996508e-06

  231  0  0
9.999999999996508e-06
9.999999999996508e-06

  232  0  0
9.999999999996508e-06
9.999999999996508e-06

  233  0  0
9.999999999996508e-06
9.999999999996508e-06

  234  0  0
9.999999999996508e-06
9.999999999996508e-06

  235  0  0
9.999999999996508e-06
9.999999999996508e-06

  236  0  0
9.999999999996508e-06
9.999999999996508e-06

  237  0  0
9.999999999996508e-06
9.999999999996508e-06

  238  0  0
9.999999999996508e-06
9.999999999996508e-06

  239  0  0
9.999999999996508e-06
9.999999999996508e-06

  240  0  0
9.999999999996508e-06
9.999999999996508e-06

  241  0  0
9.999999999996508e-06
9.999999999996508e-06

  242  0  0
9.999999999996508e-06
9.999999999996508e-06

  243  0  0
9.999999999996508e-06
9.999999999996508e-06

  244  0  0
9.999999999996508e-06
9.999999999996508e-06

  245  0  0
9.999999999996508e-06
9.999999999996508e-06

  246  0  0
9.999999999996508e-06
9.999999999996508e-06

  247  0  0
9.999999999996508e-06
9.999999999996508e-06

  248  0  0
9.999999999996508e-06
9.999999999996508e-06

  249  0  0
9.999999999996508e-06
9.999999999996508e-06

  250  0  0
9.999999999996508e-06
9.999999999996508e-06

  251  0  0
9.999999999996508e-06
9.999999999996508e-06

  252  0  0
9.999999999996508e-06
9.999999999996508e-06

  253  0  0
9.999999999996508e-06
9.999999999996508e-06

  254  0  0
9.999999999996508e-06
9.999999999996508e-06

  255  0  0
9.999999999996508e-06
9.999999999996508e-06

  256  0  0
9.999999999996508e-06
9.999999999996508e-06

  257  0  0
9.999999999996508e-06
9.999999999996508e-06

  258  0  0
9.999999999996508e-06
9.999999999996508e-06

  259  0  0
9.999999999996508e-06
9.999999999996508e-06

  260  0  0
9.999999999996508e-06
9.999999999996508e-06

  261  0  0
9.999999999996508e-06
9.999999999996508e-06

  262  0  0
9.999999999996508e-06
9.999999999996508e-06

  263  0  0
9.999999999996508e-06
9.999999999996508e-06

  264  0  0
9.999999999996508e-06
9.999999999996508e-06

  265  0  0
9.999999999996508e-06
9.999999999996508e-06

  266  0  0
9.999999999996508e-06
9.999999999996508e-06

  267  0  0
9.999999999996508e-06
9.999999999996508e-06

  268  0  0
9.999999999996508e-06
9.999999999996508e-06

  269  0  0
9.999999999996508e-06
9.999999999996508e-06

  270  0  0
9.999999999996508e-06
9.999999999996508e-06

  271  0  0
9.999999999996508e-06
9.999999999996508e-06

  272  0  0
9.999999999996508e-06
9.999999999996508e-06

  273  0  0
9.999999999996508e-06
9.999999999996508e-06

  274  0  0
9.999999999996508e-06
9.999999999996508e-06

  275  0  0
9.999999999996508e-06
9.999999999996508e-06

  276  0  0
9.999999999996508e-06
9.999999999996508e-06

  277  0  0
9.999999999996508e-06
9.999999999996508e-06

  278  0  0
9.999999999996508e-06
9.999999999996508e-06

  279  0  0
9.999999999996508e-06
9.999999999996508e-06

  280  0  0
9.999999999996508e-06
9.999999999996508e-06

  281  0  0
9.999999999996508e-06
9.999999999996508e-06

  282  0  0
9.999999999996508e-06
9.999999999996508e-06

  283  0  0
9.999999999996508e-06
9.999999999996508e-06

  284  0  0
9.999999999996508e-06
9.999999999996508e-06

  285  0  0
9.999999999996508e-06
9.999999999996508e-06

  286  0  0
9.999999999996508e-06
9.999999999996508e-06

  287  0  0
9.999999999996508e-06
9.999999999996508e-06

  288  0  0
9.999999999996508e-06
9.999999999996508e-06

  289  0  0
9.999999999996508e-06
9.999999999996508e-06

  290  0  0
9.999999999996508e-06
9.999999999996508e-06

  291  0  0
9.999999999996508e-06
9.999999999996508e-06

  292  0  0
9.999999999996508e-06
9.999999999996508e-06

  293  0  0
9.999999999996508e-06
9.999999999996508e-06

  294  0  0
9.999999999996508e-06
9.999999999996508e-06

  295  0  0
9.999999999996508e-06
9.999999999996508e-06

  296  0  0
9.999999999996508e-06
9.999999999996508e-06

  297  0  0
9.999999999996508e-06
9.999999999996508e-06

  298  0  0
9.999999999996508e-06
9.999999999996508e-06

  299  0  0
9.999999999996508e-06
9.999999999996508e-06

  300  0  0
9.999999999996508e-06
9.999999999996508e-06

  301  0  0
9.999999999996508e-06
9.999999999996508e-06

  302  0  0
9.999999999996508e-06
9.999999999996508e-06

  303  0  0
9.999999999996508e-06
9.999999999996508e-06

  304  0  0
9.999999999996508e-06
9.999999999996508e-06

  305  0  0
9.999999999996508e-06
9.999999999996508e-06

  306  0  0
9.999999999996508e-06
9.999999999996508e-06

  307  0  0
9.999999999996508e-06
9.999999999996508e-06

  308  0  0
9.999999999996508e-06
9.999999999996508e-06

  309  0  0
9.999999999996508e-06
9.999999999996508e-06

  310  0  0
9.999999999996508e-06
9.999999999996508e-06

  311  0  0
9.999999999996508e-06
9.999999999996508e-06

  312  0  0
9.999999999996508e-06
9.999999999996508e-06

  313  0  0
9.999999999996508e-06
9.999999999996499e-06

  314  0  0
9.999999999996435e-06
9.999999999992010e-06

  315  0  0
9.999999999959999e-06
9.999999998847299e-06

  316  0  0
9.999999991888059e-06
9.999999746252770e-06

  317  0  0
9.999998353084461e-06
9.999948523290987e-06

  318  0  0
9.999702954017561e-06
9.990733382201557e-06

  319  0  0
9.954467892587539e-06
8.590955412301551e-06

