#Cell 
# Element_0
# Element_1
# Element_2
0
1.164324291273982e+00
1.163969609398352e+00
1.163610875095284e+00

1
1.163395845132106e+00
1.163037881807147e+00
1.162677119404512e+00

2
1.162464803967546e+00
1.162101492997728e+00
1.161733972839424e+00

3
1.161520064076487e+00
1.161152391265654e+00
1.160784779145920e+00

4
1.160566039349534e+00
1.160193388547238e+00
1.159820721542930e+00

5
1.159601612913442e+00
1.159224996601744e+00
1.158845838444515e+00

6
1.158623522427172e+00
1.158241879207853e+00
1.157857280582582e+00

7
1.157632282382784e+00
1.157245566759991e+00
1.156858757076424e+00

8
1.156633679118670e+00
1.156241469765634e+00
1.155851313706667e+00

9
1.155619715695201e+00
1.155222755509927e+00
1.154824572353177e+00

10
1.154591471180802e+00
1.154189943090246e+00
1.153786747427658e+00

11
1.153550062541204e+00
1.153143141044497e+00
1.152731803948842e+00

12
1.152491938675598e+00
1.152079514781075e+00
1.151665982005600e+00

13
1.151423245469228e+00
1.151005460499129e+00
1.150586152554714e+00

14
1.150339751640509e+00
1.149919909919155e+00
1.149499184770628e+00

15
1.149251414403632e+00
1.148819771998892e+00
1.148599252562834e+00

16
1.148286031632379e+00
1.147743178672729e+00
1.147231148726750e+00

17
1.146979287782182e+00
1.146534799490742e+00
1.146089061587832e+00

18
1.145828290811156e+00
1.145378970029816e+00
1.144927414448576e+00

19
1.144662679262758e+00
1.144206138953621e+00
1.143744526750780e+00

20
1.143475067846735e+00
1.143011250457903e+00
1.142542529418779e+00

21
1.142268597974693e+00
1.141798177181100e+00
1.141325720018912e+00

22
1.141048628467917e+00
1.140571330894272e+00
1.140092305764419e+00

23
1.139810951809985e+00
1.139329698246891e+00
1.138845315482381e+00

24
1.138563433297206e+00
1.138055767558604e+00
1.137547624306697e+00

25
1.137255274242096e+00
1.136755341488956e+00
1.136243607661331e+00

26
1.135946118464743e+00
1.135437362370109e+00
1.134924999885568e+00

27
1.134624543425549e+00
1.134101527383215e+00
1.133580988210097e+00

28
1.133278335198932e+00
1.132744802493092e+00
1.132214716757955e+00

29
1.131903658056654e+00
1.131367561035072e+00
1.130828961033160e+00

30
1.130512099474713e+00
1.129967103484841e+00
1.129420370690799e+00

31
1.129099924326885e+00
1.128546633144092e+00
1.127985561627134e+00

32
1.127663899269857e+00
1.127090239437849e+00
1.126522654978028e+00

33
1.126190075369301e+00
1.125618630689830e+00
1.125044774913223e+00

34
1.124708227679510e+00
1.124142777455395e+00
1.123565984957773e+00

35
1.123318220340215e+00
1.122545572693129e+00
1.121964113145687e+00

36
1.121603252628758e+00
1.120988582008774e+00
1.120376592615448e+00

37
1.120020055244669e+00
1.119389605877446e+00
1.118767609576840e+00

38
1.118403496366878e+00
1.117773681057391e+00
1.117134799463232e+00

39
1.116766093399820e+00
1.116115347937091e+00
1.115466915088047e+00

40
1.115087343594716e+00
1.114423343885189e+00
1.113763109452916e+00

41
1.113375035042565e+00
1.112706085970431e+00
1.112034388829040e+00

42
1.111637481884528e+00
1.110955255582398e+00
1.110272439163243e+00

43
1.109872631899660e+00
1.109179344476656e+00
1.108509734715107e+00

44
1.108269345822154e+00
1.107468705835171e+00
1.106584160630215e+00

45
1.106191595384407e+00
1.105459168454824e+00
1.104730824925440e+00

46
1.104304484900642e+00
1.103558162279757e+00
1.102785924045393e+00

47
1.102344109539238e+00
1.101582187698892e+00
1.100817336376148e+00

48
1.100367413106353e+00
1.099594436801440e+00
1.098813972057062e+00

49
1.098354948019283e+00
1.097562325890960e+00
1.096759795406250e+00

50
1.096290502309911e+00
1.095481077417929e+00
1.094666848235799e+00

51
1.094187040642101e+00
1.093366274975798e+00
1.092541292714991e+00

52
1.092057245908250e+00
1.091197745052451e+00
1.090313966107783e+00

53
1.089810753939776e+00
1.088941922607185e+00
1.088068842726269e+00

54
1.087556823362542e+00
1.086665139708376e+00
1.085773625397013e+00

55
1.085249904036174e+00
1.084343706011603e+00
1.083431904958844e+00

56
1.082897168260699e+00
1.081966963961055e+00
1.081030081889769e+00

57
1.080477874735276e+00
1.079526504334998e+00
1.078571070480215e+00

58
1.078009918242115e+00
1.077035429074513e+00
1.076046835188996e+00

59
1.075469448836509e+00
1.074459094984259e+00
1.073455384884084e+00

60
1.072865187106401e+00
1.071844491007539e+00
1.070816041773100e+00

61
1.070211816355645e+00
1.069167169318819e+00
1.068111432785213e+00

62
1.067496283074058e+00
1.066408618055259e+00
1.065331786745483e+00

63
1.064697993146016e+00
1.063583103619187e+00
1.062475992464045e+00

64
1.061826157627898e+00
1.060699673008022e+00
1.059561005800363e+00

65
1.058897555170238e+00
1.057723270843214e+00
1.056558980851659e+00

66
1.055876958900119e+00
1.054694872168433e+00
1.053493730353191e+00

67
1.052779404186585e+00
1.051545413811185e+00
1.050314763664727e+00

68
1.049593797897282e+00
1.048328143910544e+00
1.047066158186879e+00

69
1.046322011463607e+00
1.045034034925638e+00
1.043727885895519e+00

70
1.042961068385485e+00
1.041634968035794e+00
1.040299355011920e+00

71
1.039509909141437e+00
1.038151952039436e+00
1.036786566179176e+00

72
1.035978873044051e+00
1.034581742478956e+00
1.033178458833560e+00

73
1.032351612287568e+00
1.030925559929309e+00
1.029492994430942e+00

74
1.028568396651141e+00
1.027082705422071e+00
1.025593700526652e+00

75
1.024715051955551e+00
1.023181884679762e+00
1.021646763299343e+00

76
1.020742997902534e+00
1.019175404457223e+00
1.017592979119957e+00

77
1.016660541110818e+00
1.015046280756509e+00
1.013419537547882e+00

78
1.012451423258691e+00
1.010789805916767e+00
1.009116414887274e+00

79
1.008133964692490e+00
1.006431173626050e+00
1.004700887458937e+00

80
1.003704054055104e+00
1.001926643532364e+00
1.000109713856903e+00

81
9.990397506687613e-01
9.972141722939942e-01
9.953844689967201e-01

82
9.943077231448328e-01
9.924394355252517e-01
9.905913020462428e-01

83
9.893451321941027e-01
9.874158792356250e-01
9.854638433010743e-01

84
9.843047216889399e-01
9.823055141407380e-01
9.802969349356071e-01

85
9.791172299993951e-01
9.770868830817173e-01
9.750507392910135e-01

86
9.737014750838433e-01
9.714357744541426e-01
9.692972476146249e-01

87
9.680202223160153e-01
9.657601599060631e-01
9.635260088149163e-01

88
9.622090934816634e-01
9.599225061816213e-01
9.576007711328883e-01

89
9.562482577819283e-01
9.538258061586816e-01
9.514320332364832e-01

90
9.500154101244871e-01
9.475367128642771e-01
9.450520376315422e-01

91
9.435819783523547e-01
9.410241004552738e-01
9.384520298357419e-01

92
9.369325642264882e-01
9.343256969167901e-01
9.317018617327666e-01

93
9.301743951579982e-01
9.272467822245534e-01
9.243871149059919e-01

94
9.228105119097056e-01
9.199387119407557e-01
9.170454139053034e-01

95
9.153354217198332e-01
9.123748953970412e-01
9.093697838127542e-01

96
9.075930158915880e-01
9.045096406798190e-01
9.013770780976824e-01

97
8.995404938200046e-01
8.963173351268284e-01
8.930285844239643e-01

98
8.910915505393892e-01
8.877851694823796e-01
8.844688178881650e-01

99
8.825522900446688e-01
8.787650556747337e-01
8.751577361187985e-01

100
8.731640610507059e-01
8.694638528076776e-01
8.657581745550826e-01

101
8.635636836514539e-01
8.597274038904340e-01
8.558005441696297e-01

102
8.534914016687692e-01
8.495031744414102e-01
8.454577645254724e-01

103
8.430762603418778e-01
8.390572277981507e-01
8.349125798891630e-01

104
8.327781211605543e-01
8.272268473108980e-01
8.228137604679924e-01

105
8.201413785235097e-01
8.153521307714036e-01
8.106279486524111e-01

106
8.078227876831832e-01
8.029055708825767e-01
7.979211376349090e-01

107
7.949376453044374e-01
7.897344062514974e-01
7.844740399119613e-01

108
7.812608518890177e-01
7.757920271970727e-01
7.702306117399264e-01

109
7.669849280165429e-01
7.608493940034903e-01
7.549031610641727e-01

110
7.513542337885536e-01
7.450505381671336e-01
7.386695696147488e-01

111
7.348841214801083e-01
7.282282213863572e-01
7.213950842397842e-01

112
7.173209929129392e-01
7.101585407015101e-01
7.028192898688586e-01

113
6.983938214770341e-01
6.908072229749950e-01
6.829048530882711e-01

114
6.782383423388306e-01
6.698479514083142e-01
6.614934029446600e-01

115
6.567158610205885e-01
6.459758489397852e-01
6.365732099835839e-01

116
6.308300305486120e-01
6.207328314026075e-01
6.101958798663283e-01

117
6.037831858346371e-01
5.924755743030963e-01
5.804540801004159e-01

118
5.732857594798465e-01
5.603838434391758e-01
5.468567088845857e-01

119
5.385085704321030e-01
5.237342173652684e-01
5.079623197034241e-01

120
4.981749571592075e-01
4.802850165925742e-01
4.609520644964415e-01

121
4.483411890734967e-01
4.268085013312198e-01
4.021636159054769e-01

122
3.861133816522043e-01
3.527842339561764e-01
3.154947244238340e-01

123
2.893923117130432e-01
2.265214412430631e-01
1.296402664622879e-01

124
3.957899822592018e-02
6.044658483738475e-02
5.529342681416990e-02

125
5.546888116606177e-02
5.639716662565323e-02
5.620316362828073e-02

126
5.619319192173014e-02
5.624309169164438e-02
5.623224824383085e-02

127
5.623201775405444e-02
5.623461222779614e-02
5.623402017220923e-02

128
5.623402836843356e-02
5.623415725182885e-02
5.623412601183074e-02

129
5.623412771640349e-02
5.623413373552876e-02
5.623413215255632e-02

130
5.623413231950825e-02
5.623413257516491e-02
5.623413249894157e-02

131
5.623413251232714e-02
5.623413252137405e-02
5.623413251795829e-02

132
5.623413251893315e-02
5.623413251911019e-02
5.623413251897444e-02

133
5.623413251904150e-02
5.623413251903133e-02
5.623413251902722e-02

134
5.623413251903165e-02
5.623413251902989e-02
5.623413251902985e-02

135
5.623413251903015e-02
5.623413251902998e-02
5.623413251902998e-02

136
5.623413251903001e-02
5.623413251902999e-02
5.623413251903000e-02

137
5.623413251903000e-02
5.623413251903000e-02
5.623413251903000e-02

138
5.623413251903000e-02
5.623413251903000e-02
5.623413251903000e-02

139
5.623413251903000e-02
5.623413251903000e-02
5.623413251903000e-02

140
5.623413251903000e-02
5.623413251903000e-02
5.623413251903000e-02

141
5.623413251903000e-02
5.623413251903000e-02
5.623413251903000e-02

142
5.623413251903000e-02
5.623413251903000e-02
5.623413251903000e-02

143
5.623413251903000e-02
5.623413251903000e-02
5.623413251903000e-02

144
5.623413251903000e-02
5.623413251903000e-02
5.623413251903000e-02

145
5.623413251903000e-02
5.623413251903000e-02
5.623413251903000e-02

146
5.623413251903000e-02
5.623413251903000e-02
5.623413251903000e-02

147
5.623413251903000e-02
5.623413251903000e-02
5.623413251903000e-02

148
5.623413251903000e-02
5.623413251903000e-02
5.623413251903000e-02

149
5.623413251903000e-02
5.623413251903000e-02
5.623413251903000e-02

150
5.623413251903000e-02
5.623413251903000e-02
5.623413251903000e-02

151
5.623413251903000e-02
5.623413251903000e-02
5.623413251903000e-02

152
5.623413251903000e-02
5.623413251903000e-02
5.623413251903000e-02

153
5.623413251903000e-02
5.623413251903000e-02
5.623413251903000e-02

154
5.623413251903000e-02
5.623413251903000e-02
5.623413251903000e-02

155
5.623413251903000e-02
5.623413251903000e-02
5.623413251903000e-02

156
5.623413251903000e-02
5.623413251903000e-02
5.623413251903000e-02

157
5.623413251903000e-02
5.623413251903000e-02
5.623413251903000e-02

158
5.623413251903000e-02
5.623413251903000e-02
5.623413251903000e-02

159
5.623413251903000e-02
5.623413251903000e-02
5.623413251903000e-02

160
5.623413251903000e-02
5.623413251903000e-02
5.623413251903000e-02

161
5.623413251903000e-02
5.623413251903000e-02
5.623413251903000e-02

162
5.623413251903000e-02
5.623413251903000e-02
5.623413251903000e-02

163
5.623413251903000e-02
5.623413251903000e-02
5.623413251903000e-02

164
5.623413251903000e-02
5.623413251903000e-02
5.623413251903000e-02

165
5.623413251903000e-02
5.623413251903000e-02
5.623413251903000e-02

166
5.623413251903000e-02
5.623413251903000e-02
5.623413251903000e-02

167
5.623413251903000e-02
5.623413251903000e-02
5.623413251903000e-02

168
5.623413251903000e-02
5.623413251903000e-02
5.623413251903000e-02

169
5.623413251903000e-02
5.623413251903000e-02
5.623413251903000e-02

170
5.623413251903000e-02
5.623413251903000e-02
5.623413251903000e-02

171
5.623413251903000e-02
5.623413251903000e-02
5.623413251903000e-02

172
5.623413251903000e-02
5.623413251903000e-02
5.623413251903000e-02

173
5.623413251903000e-02
5.623413251903000e-02
5.623413251903000e-02

174
5.623413251903000e-02
5.623413251903000e-02
5.623413251903000e-02

175
5.623413251903000e-02
5.623413251903000e-02
5.623413251903000e-02

176
5.623413251903000e-02
5.623413251903000e-02
5.623413251903000e-02

177
5.623413251903000e-02
5.623413251903000e-02
5.623413251903000e-02

178
5.623413251903000e-02
5.623413251903000e-02
5.623413251903000e-02

179
5.623413251903000e-02
5.623413251903000e-02
5.623413251903000e-02

180
5.623413251903000e-02
5.623413251903000e-02
5.623413251903000e-02

181
5.623413251903000e-02
5.623413251903000e-02
5.623413251903000e-02

182
5.623413251903000e-02
5.623413251903000e-02
5.623413251903000e-02

183
5.623413251903000e-02
5.623413251903000e-02
5.623413251903000e-02

184
5.623413251903000e-02
5.623413251903000e-02
5.623413251903000e-02

185
5.623413251903000e-02
5.623413251903000e-02
5.623413251903000e-02

186
5.623413251903000e-02
5.623413251903000e-02
5.623413251903000e-02

187
5.623413251903000e-02
5.623413251903000e-02
5.623413251903000e-02

188
5.623413251903000e-02
5.623413251903000e-02
5.623413251903000e-02

189
5.623413251903000e-02
5.623413251903000e-02
5.623413251903000e-02

190
5.623413251903000e-02
5.623413251903000e-02
5.623413251903000e-02

191
5.623413251903000e-02
5.623413251903000e-02
5.623413251903000e-02

192
5.623413251903000e-02
5.623413251903000e-02
5.623413251903000e-02

193
5.623413251903000e-02
5.623413251903000e-02
5.623413251903000e-02

194
5.623413251903000e-02
5.623413251903000e-02
5.623413251903000e-02

195
5.623413251903000e-02
5.623413251903000e-02
5.623413251903000e-02

196
5.623413251903000e-02
5.623413251903000e-02
5.623413251903000e-02

197
5.623413251903000e-02
5.623413251903000e-02
5.623413251903000e-02

198
5.623413251903000e-02
5.623413251903000e-02
5.623413251903000e-02

199
5.623413251903000e-02
5.623413251903000e-02
5.623413251903000e-02

200
5.623413251903000e-02
5.623413251903000e-02
5.623413251903000e-02

201
5.623413251903000e-02
5.623413251903000e-02
5.623413251903000e-02

202
5.623413251903000e-02
5.623413251903000e-02
5.623413251903000e-02

203
5.623413251903000e-02
5.623413251903000e-02
5.623413251903000e-02

204
5.623413251903000e-02
5.623413251903000e-02
5.623413251903000e-02

205
5.623413251903000e-02
5.623413251903000e-02
5.623413251903000e-02

206
5.623413251903000e-02
5.623413251903000e-02
5.623413251903000e-02

207
5.623413251903000e-02
5.623413251903000e-02
5.623413251903000e-02

208
5.623413251903000e-02
5.623413251903000e-02
5.623413251903000e-02

209
5.623413251903000e-02
5.623413251903000e-02
5.623413251903000e-02

210
5.623413251903000e-02
5.623413251903000e-02
5.623413251903000e-02

211
5.623413251903000e-02
5.623413251903000e-02
5.623413251903000e-02

212
5.623413251903000e-02
5.623413251903000e-02
5.623413251903000e-02

213
5.623413251903000e-02
5.623413251903000e-02
5.623413251903000e-02

214
5.623413251903000e-02
5.623413251903000e-02
5.623413251903000e-02

215
5.623413251903000e-02
5.623413251903000e-02
5.623413251903000e-02

216
5.623413251903000e-02
5.623413251903000e-02
5.623413251903000e-02

217
5.623413251903000e-02
5.623413251903000e-02
5.623413251903000e-02

218
5.623413251903000e-02
5.623413251903000e-02
5.623413251903000e-02

219
5.623413251903000e-02
5.623413251903000e-02
5.623413251903000e-02

220
5.623413251903000e-02
5.623413251903000e-02
5.623413251903000e-02

221
5.623413251903000e-02
5.623413251903000e-02
5.623413251903000e-02

222
5.623413251903000e-02
5.623413251903000e-02
5.623413251903000e-02

223
5.623413251903000e-02
5.623413251903000e-02
5.623413251903000e-02

224
5.623413251903000e-02
5.623413251903000e-02
5.623413251903000e-02

225
5.623413251903000e-02
5.623413251903000e-02
5.623413251903000e-02

226
5.623413251903000e-02
5.623413251903000e-02
5.623413251903000e-02

227
5.623413251903000e-02
5.623413251903000e-02
5.623413251903000e-02

228
5.623413251903000e-02
5.623413251903000e-02
5.623413251903000e-02

229
5.623413251903000e-02
5.623413251903000e-02
5.623413251903000e-02

230
5.623413251903000e-02
5.623413251903000e-02
5.623413251903000e-02

231
5.623413251903000e-02
5.623413251903000e-02
5.623413251903000e-02

232
5.623413251903000e-02
5.623413251903000e-02
5.623413251903000e-02

233
5.623413251903000e-02
5.623413251903000e-02
5.623413251903000e-02

234
5.623413251903000e-02
5.623413251903000e-02
5.623413251903000e-02

235
5.623413251903000e-02
5.623413251903000e-02
5.623413251903000e-02

236
5.623413251903000e-02
5.623413251903000e-02
5.623413251903000e-02

237
5.623413251903000e-02
5.623413251903000e-02
5.623413251903000e-02

238
5.623413251903000e-02
5.623413251903000e-02
5.623413251903000e-02

239
5.623413251903000e-02
5.623413251903000e-02
5.623413251903000e-02

240
5.623413251903000e-02
5.623413251903000e-02
5.623413251903000e-02

241
5.623413251903000e-02
5.623413251903000e-02
5.623413251903000e-02

242
5.623413251903000e-02
5.623413251903000e-02
5.623413251903000e-02

243
5.623413251903000e-02
5.623413251903000e-02
5.623413251903000e-02

244
5.623413251903000e-02
5.623413251903000e-02
5.623413251903000e-02

245
5.623413251903000e-02
5.623413251903000e-02
5.623413251903000e-02

246
5.623413251903000e-02
5.623413251903000e-02
5.623413251903000e-02

247
5.623413251903000e-02
5.623413251903000e-02
5.623413251903000e-02

248
5.623413251903000e-02
5.623413251903000e-02
5.623413251903000e-02

249
5.623413251903000e-02
5.623413251903000e-02
5.623413251903000e-02

250
5.623413251903000e-02
5.623413251903000e-02
5.623413251903000e-02

251
5.623413251903000e-02
5.623413251903000e-02
5.623413251903000e-02

252
5.623413251903000e-02
5.623413251903000e-02
5.623413251903000e-02

253
5.623413251903000e-02
5.623413251903000e-02
5.623413251903000e-02

254
5.623413251903000e-02
5.623413251903000e-02
5.623413251903000e-02

255
5.623413251903000e-02
5.623413251903000e-02
5.623413251903000e-02

256
5.623413251903000e-02
5.623413251903000e-02
5.623413251903000e-02

257
5.623413251903000e-02
5.623413251903000e-02
5.623413251903000e-02

258
5.623413251903000e-02
5.623413251903000e-02
5.623413251903000e-02

259
5.623413251903000e-02
5.623413251903000e-02
5.623413251903000e-02

260
5.623413251903000e-02
5.623413251903000e-02
5.623413251903000e-02

261
5.623413251903000e-02
5.623413251903000e-02
5.623413251903000e-02

262
5.623413251903000e-02
5.623413251903000e-02
5.623413251903000e-02

263
5.623413251903000e-02
5.623413251903000e-02
5.623413251903000e-02

264
5.623413251903000e-02
5.623413251903000e-02
5.623413251903000e-02

265
5.623413251903000e-02
5.623413251903000e-02
5.623413251903000e-02

266
5.623413251903000e-02
5.623413251903000e-02
5.623413251903000e-02

267
5.623413251903000e-02
5.623413251903000e-02
5.623413251903000e-02

268
5.623413251903000e-02
5.623413251903000e-02
5.623413251903000e-02

269
5.623413251903000e-02
5.623413251903000e-02
5.623413251903000e-02

270
5.623413251903000e-02
5.623413251903000e-02
5.623413251903000e-02

271
5.623413251903000e-02
5.623413251903000e-02
5.623413251903000e-02

272
5.623413251903000e-02
5.623413251903000e-02
5.623413251903000e-02

273
5.623413251903000e-02
5.623413251903000e-02
5.623413251903000e-02

274
5.623413251903000e-02
5.623413251903000e-02
5.623413251903000e-02

275
5.623413251903000e-02
5.623413251903000e-02
5.623413251903000e-02

276
5.623413251903000e-02
5.623413251903000e-02
5.623413251903000e-02

277
5.623413251903000e-02
5.623413251903000e-02
5.623413251903000e-02

278
5.623413251903000e-02
5.623413251903000e-02
5.623413251903000e-02

279
5.623413251903000e-02
5.623413251903000e-02
5.623413251903000e-02

280
5.623413251903000e-02
5.623413251903000e-02
5.623413251903000e-02

281
5.623413251903000e-02
5.623413251903000e-02
5.623413251903000e-02

282
5.623413251903000e-02
5.623413251903000e-02
5.623413251903000e-02

283
5.623413251903000e-02
5.623413251903000e-02
5.623413251903000e-02

284
5.623413251903000e-02
5.623413251903000e-02
5.623413251903000e-02

285
5.623413251903000e-02
5.623413251903000e-02
5.623413251903000e-02

286
5.623413251903000e-02
5.623413251903000e-02
5.623413251903000e-02

287
5.623413251903000e-02
5.623413251903000e-02
5.623413251903000e-02

288
5.623413251903000e-02
5.623413251903000e-02
5.623413251903000e-02

289
5.623413251903000e-02
5.623413251903000e-02
5.623413251903000e-02

290
5.623413251903000e-02
5.623413251903000e-02
5.623413251903000e-02

291
5.623413251903000e-02
5.623413251903000e-02
5.623413251903000e-02

292
5.623413251903000e-02
5.623413251903000e-02
5.623413251903000e-02

293
5.623413251903000e-02
5.623413251903000e-02
5.623413251903000e-02

294
5.623413251903000e-02
5.623413251903000e-02
5.623413251903000e-02

295
5.623413251903000e-02
5.623413251903000e-02
5.623413251903000e-02

296
5.623413251903000e-02
5.623413251903000e-02
5.623413251903000e-02

297
5.623413251903000e-02
5.623413251903000e-02
5.623413251903000e-02

298
5.623413251903000e-02
5.623413251903000e-02
5.623413251903000e-02

299
5.623413251903000e-02
5.623413251903000e-02
5.623413251903000e-02

300
5.623413251903000e-02
5.623413251903000e-02
5.623413251903000e-02

301
5.623413251903000e-02
5.623413251903000e-02
5.623413251903000e-02

302
5.623413251903000e-02
5.623413251903000e-02
5.623413251903000e-02

303
5.623413251903000e-02
5.623413251903000e-02
5.623413251903000e-02

304
5.623413251903000e-02
5.623413251903000e-02
5.623413251903000e-02

305
5.623413251903000e-02
5.623413251903000e-02
5.623413251903000e-02

306
5.623413251903000e-02
5.623413251903000e-02
5.623413251903000e-02

307
5.623413251903000e-02
5.623413251903000e-02
5.623413251903000e-02

308
5.623413251903000e-02
5.623413251903000e-02
5.623413251902996e-02

309
5.623413251903000e-02
5.623413251903103e-02
5.623413251902150e-02

310
5.623413251903003e-02
5.623413251905205e-02
5.623413251890013e-02

311
5.623413251902595e-02
5.623413251935583e-02
5.623413251711583e-02

312
5.623413251899289e-02
5.623413252378374e-02
5.623413249096045e-02

313
5.623413251885807e-02
5.623413258797476e-02
5.623413210953249e-02

314
5.623413252238651e-02
5.623413351274603e-02
5.623412657837298e-02

315
5.623413266026420e-02
5.623414674446350e-02
5.623404685768715e-02

316
5.623413601161405e-02
5.623433465014972e-02
5.623290542742188e-02

317
5.623420512040708e-02
5.623698200065232e-02
5.621667919493204e-02

318
5.623545563615137e-02
5.627412746938410e-02
5.598761269287440e-02

319
5.624539767281223e-02
5.682638675168140e-02
5.274252010295004e-02

