#Cell    Group    L_mom 
# Element_0
# Element_1
# Element_2
# Element_3
    0  0  0
1.913020339215428e+00
1.908431189427905e+00
1.902430958075390e+00
1.897827729428069e+00

    1  0  0
1.895370935896154e+00
1.890741160440803e+00
1.884657414690896e+00
1.879961305122093e+00

    2  0  0
1.877452780823117e+00
1.872736898378920e+00
1.866570044356727e+00
1.861832248250052e+00

    3  0  0
1.859302112436165e+00
1.854543374084524e+00
1.848304230616420e+00
1.843492131074109e+00

    4  0  0
1.840916240626078e+00
1.836066827106239e+00
1.829713125798148e+00
1.824824968301737e+00

    5  0  0
1.822210955320486e+00
1.817288321988211e+00
1.810833268120592e+00
1.805862696690279e+00

    6  0  0
1.803205088625850e+00
1.798193760956887e+00
1.791606533333572e+00
1.786521121094843e+00

    7  0  0
1.783802022709383e+00
1.778682098074736e+00
1.771963281254469e+00
1.766779032125714e+00

    8  0  0
1.764003229469110e+00
1.758773611216803e+00
1.751904116606879e+00
1.746597842624739e+00

    9  0  0
1.743752052017185e+00
1.738381923837614e+00
1.731321811510016e+00
1.725873666383613e+00

   10  0  0
1.722955498593353e+00
1.717445096996849e+00
1.710188475643691e+00
1.704577005826738e+00

   11  0  0
1.701571672503624e+00
1.695896025896547e+00
1.688410567382492e+00
1.682604219289346e+00

   12  0  0
1.679487539791101e+00
1.673603823272278e+00
1.665853862317212e+00
1.659851395659659e+00

   13  0  0
1.656625312729513e+00
1.650525123163708e+00
1.642474377764051e+00
1.636232780386098e+00

   14  0  0
1.632877048965713e+00
1.626516225629401e+00
1.618095554166666e+00
1.611553705158925e+00

   15  0  0
1.608040511432631e+00
1.601387578432738e+00
1.592577930526250e+00
1.585716857618802e+00

   16  0  0
1.582023148243378e+00
1.575023536373584e+00
1.565741921686919e+00
1.558498748397863e+00

   17  0  0
1.554587350541405e+00
1.547159650763828e+00
1.537298023444261e+00
1.529608808009160e+00

   18  0  0
1.525458510850540e+00
1.517562511193043e+00
1.507045186701214e+00
1.498817072150475e+00

   19  0  0
1.494373317805104e+00
1.485906123093641e+00
1.474592842346829e+00
1.465704779959615e+00

   20  0  0
1.460894193189456e+00
1.451727222426956e+00
1.439470031007522e+00
1.429823395421621e+00

   21  0  0
1.424584685784974e+00
1.414574805923657e+00
1.401146597062284e+00
1.390553859487893e+00

   22  0  0
1.384789902277729e+00
1.373736263484172e+00
1.358836226623163e+00
1.347040557703130e+00

   23  0  0
1.340619419815246e+00
1.328285343862041e+00
1.311592173216644e+00
1.298297287204429e+00

   24  0  0
1.291030643805983e+00
1.277033189271232e+00
1.257998075333020e+00
1.242750007257795e+00

   25  0  0
1.234372001360774e+00
1.218159290886824e+00
1.195979618898640e+00
1.178118064933083e+00

   26  0  0
1.168261430206764e+00
1.149065597999710e+00
1.122540058905156e+00
1.100950948245419e+00

   27  0  0
1.088961443131239e+00
1.065422773113778e+00
1.032453683004283e+00
1.005177868921019e+00

   28  0  0
9.898584520275838e-01
9.593963801677848e-01
9.158281128078442e-01
8.787873556577253e-01

   29  0  0
8.576038598971251e-01
8.140242526958543e-01
7.490905402345152e-01
6.899439521368795e-01

   30  0  0
6.490265860654658e-01
5.761806752743822e-01
4.369316531479023e-01
1.664936243061693e-01

   31  0  0
1.282794593624374e-03
-1.129583340829927e-03
3.826692290774065e-04
-1.620220734001930e-04

   32  0  0
-5.581869268391941e-05
2.680550504563149e-05
2.070083810366598e-06
1.299492389925131e-05

   33  0  0
1.134959793436814e-05
9.644972392614001e-06
1.016697224945576e-05
9.934919658181880e-06

   34  0  0
9.973369780977788e-06
1.000706963664196e-05
9.996656807056277e-06
1.000135550210093e-05

   35  0  0
1.000047965817663e-05
9.999870720642945e-06
1.000006163732100e-05
9.999973530234607e-06

   36  0  0
9.999992665410810e-06
1.000000203660572e-05
9.999999013948876e-06
1.000000046716761e-05

   37  0  0
1.000000007305382e-05
9.999999977465833e-06
1.000000001144673e-05
9.999999993030732e-06

   38  0  0
1.000000000069495e-05
9.999999999912706e-06
1.000000000001063e-05
1.000000000006478e-05

   39  0  0
9.999999999920512e-06
1.000000000001344e-05
9.999999999989313e-06
9.999999999997077e-06

   40  0  0
9.999999999999850e-06
9.999999999995733e-06
9.999999999996848e-06
9.999999999996448e-06

   41  0  0
9.999999999996370e-06
9.999999999996538e-06
9.999999999996496e-06
9.999999999996509e-06

   42  0  0
9.999999999996513e-06
9.999999999996508e-06
9.999999999996509e-06
9.999999999996506e-06

   43  0  0
9.999999999996506e-06
9.999999999996508e-06
9.999999999996506e-06
9.999999999996506e-06

   44  0  0
9.999999999996506e-06
9.999999999996508e-06
9.999999999996506e-06
9.999999999996506e-06

   45  0  0
9.999999999996506e-06
9.999999999996508e-06
9.999999999996506e-06
9.999999999996506e-06

   46  0  0
9.999999999996506e-06
9.999999999996508e-06
9.999999999996506e-06
9.999999999996506e-06

   47  0  0
9.999999999996506e-06
9.999999999996508e-06
9.999999999996506e-06
9.999999999996506e-06

   48  0  0
9.999999999996506e-06
9.999999999996508e-06
9.999999999996506e-06
9.999999999996506e-06

   49  0  0
9.999999999996506e-06
9.999999999996508e-06
9.999999999996506e-06
9.999999999996506e-06

   50  0  0
9.999999999996506e-06
9.999999999996508e-06
9.999999999996506e-06
9.999999999996506e-06

   51  0  0
9.999999999996506e-06
9.999999999996508e-06
9.999999999996506e-06
9.999999999996506e-06

   52  0  0
9.999999999996506e-06
9.999999999996508e-06
9.999999999996506e-06
9.999999999996506e-06

   53  0  0
9.999999999996506e-06
9.999999999996508e-06
9.999999999996506e-06
9.999999999996506e-06

   54  0  0
9.999999999996506e-06
9.999999999996508e-06
9.999999999996506e-06
9.999999999996506e-06

   55  0  0
9.999999999996506e-06
9.999999999996508e-06
9.999999999996506e-06
9.999999999996506e-06

   56  0  0
9.999999999996506e-06
9.999999999996508e-06
9.999999999996506e-06
9.999999999996506e-06

   57  0  0
9.999999999996506e-06
9.999999999996508e-06
9.999999999996506e-06
9.999999999996506e-06

   58  0  0
9.999999999996506e-06
9.999999999996508e-06
9.999999999996506e-06
9.999999999996506e-06

   59  0  0
9.999999999996506e-06
9.999999999996508e-06
9.999999999996506e-06
9.999999999996506e-06

   60  0  0
9.999999999996506e-06
9.999999999996508e-06
9.999999999996506e-06
9.999999999996506e-06

   61  0  0
9.999999999996506e-06
9.999999999996508e-06
9.999999999996506e-06
9.999999999996506e-06

   62  0  0
9.999999999996506e-06
9.999999999996508e-06
9.999999999996506e-06
9.999999999996506e-06

   63  0  0
9.999999999996506e-06
9.999999999996508e-06
9.999999999996506e-06
9.999999999996506e-06

   64  0  0
9.999999999996506e-06
9.999999999996508e-06
9.999999999996506e-06
9.999999999996506e-06

   65  0  0
9.999999999996506e-06
9.999999999996508e-06
9.999999999996506e-06
9.999999999996506e-06

   66  0  0
9.999999999996506e-06
9.999999999996508e-06
9.999999999996506e-06
9.999999999996506e-06

   67  0  0
9.999999999996506e-06
9.999999999996508e-06
9.999999999996506e-06
9.999999999996506e-06

   68  0  0
9.999999999996506e-06
9.999999999996508e-06
9.999999999996506e-06
9.999999999996506e-06

   69  0  0
9.999999999996506e-06
9.999999999996506e-06
9.999999999996508e-06
9.999999999996504e-06

   70  0  0
9.999999999996503e-06
9.999999999996520e-06
9.999999999996479e-06
9.999999999996611e-06

   71  0  0
9.999999999996630e-06
9.999999999996096e-06
9.999999999997404e-06
9.999999999988510e-06

   72  0  0
9.999999999990848e-06
1.000000000002256e-05
9.999999999938383e-06
1.000000000023043e-05

   73  0  0
1.000000000015933e-05
9.999999999282337e-06
1.000000000158596e-05
9.999999993616139e-06

   74  0  0
9.999999995784143e-06
1.000000001905554e-05
9.999999957504363e-06
1.000000017078878e-05

   75  0  0
1.000000010566133e-05
9.999999502943569e-06
1.000000111051343e-05
9.999995529345680e-06

   76  0  0
9.999997452203351e-06
1.000001260746761e-05
9.999971758547135e-06
1.000011391718737e-05

   77  0  0
1.000005825977163e-05
9.999691063299250e-06
1.000069439368717e-05
9.997192325465503e-06

   78  0  0
9.998769541461366e-06
1.000723727597388e-05
9.983673840153945e-06
1.006646249070707e-05

   79  0  0
1.002442124063476e-05
9.838629108456948e-06
1.037411780494143e-05
8.585242465209968e-06

