#Cell 
# Element_0
# Element_1
# Element_2
# Element_3
0
1.164436976904745e+00
1.163417672910206e+00
1.161741483539477e+00
1.160687214599288e+00

1
1.160686512003545e+00
1.159618994124529e+00
1.157859643065873e+00
1.156752322721119e+00

2
1.156752117509011e+00
1.155629607398131e+00
1.153777626010509e+00
1.152611059465166e+00

3
1.152610146708046e+00
1.151426924242917e+00
1.149471320959144e+00
1.148238573891602e+00

4
1.148238318294043e+00
1.146985910040773e+00
1.144914774492871e+00
1.143606722549520e+00

5
1.143606448690734e+00
1.142276981629149e+00
1.140075868067079e+00
1.138684125254666e+00

6
1.138682728328514e+00
1.137268533562721e+00
1.134920513940356e+00
1.133436123267162e+00

7
1.133435819900953e+00
1.131922783403461e+00
1.129411323387508e+00
1.127819276153194e+00

8
1.127819044367059e+00
1.126196347674534e+00
1.123499809979641e+00
1.121788111193445e+00

9
1.121787749088112e+00
1.120041648988166e+00
1.117135743729114e+00
1.115288838778263e+00

10
1.115288425836732e+00
1.113402442572492e+00
1.110259624822696e+00
1.108259630687917e+00

11
1.108259147797250e+00
1.106214875773535e+00
1.102803623731824e+00
1.100629798535359e+00

12
1.100629246671945e+00
1.098404995038840e+00
1.094688108982602e+00
1.092316243574597e+00

13
1.092315618697013e+00
1.089886342739737e+00
1.085821198376734e+00
1.083223537219885e+00

14
1.083222791738199e+00
1.080559414516328e+00
1.076095761880019e+00
1.073239136271377e+00

15
1.073238278895839e+00
1.070306182007618e+00
1.065384581237553e+00
1.062230166910012e+00

16
1.062229168297061e+00
1.058987824646454e+00
1.053538394099773e+00
1.050039988407942e+00

17
1.050038803675078e+00
1.046439535514696e+00
1.040377615468060e+00
1.036479164725697e+00

18
1.036477774057436e+00
1.032461735482997e+00
1.025685289097688e+00
1.021319270850092e+00

19
1.021317577852213e+00
1.016813447966759e+00
1.009197389816124e+00
1.004279879602530e+00

20
1.004277868280095e+00
9.991965827473106e-01
9.905842445452148e-01
9.850101207482831e-01

21
9.850077071924894e-01
9.792374585037766e-01
9.694310170278223e-01
9.630663985103355e-01

22
9.630633552290899e-01
9.564603152409777e-01
9.452015947155721e-01
9.378698088200838e-01

23
9.378659926719255e-01
9.302394254075869e-01
9.171840125548851e-01
9.086468387451673e-01

24
9.086419577848237e-01
8.997322277185786e-01
8.844029443562105e-01
8.743245589781156e-01

25
8.743180712256019e-01
8.637539097368666e-01
8.454545329744169e-01
8.333351193352656e-01

26
8.333261179096465e-01
8.205454674678078e-01
7.981951912958759e-01
7.832365660837465e-01

27
7.832226312302346e-01
7.673046866890538e-01
7.390542661200493e-01
7.198254880040548e-01

28
7.197992265558145e-01
6.990317462718334e-01
6.612015375463270e-01
6.346337248914117e-01

29
6.345333172388344e-01
6.050345279163534e-01
5.479012797207391e-01
5.045003417106454e-01

30
5.028130416404709e-01
4.530994376802596e-01
3.124145855985979e-01
1.159057441700200e-01

31
7.281889473748018e-02
5.651394109383595e-02
5.613092593762675e-02
5.638469913965193e-02

32
5.624832848859453e-02
5.623429079111075e-02
5.623407468612329e-02
5.623421590460371e-02

33
5.623414141756650e-02
5.623413262493927e-02
5.623413248046576e-02
5.623413257414474e-02

34
5.623413252536379e-02
5.623413251910978e-02
5.623413251900098e-02
5.623413251907133e-02

35
5.623413251903486e-02
5.623413251903004e-02
5.623413251902998e-02
5.623413251903001e-02

36
5.623413251903000e-02
5.623413251903000e-02
5.623413251903000e-02
5.623413251903000e-02

37
5.623413251903000e-02
5.623413251903000e-02
5.623413251903000e-02
5.623413251903000e-02

38
5.623413251903000e-02
5.623413251903000e-02
5.623413251903000e-02
5.623413251903000e-02

39
5.623413251903000e-02
5.623413251903000e-02
5.623413251903000e-02
5.623413251903000e-02

40
5.623413251903000e-02
5.623413251903000e-02
5.623413251903000e-02
5.623413251903000e-02

41
5.623413251903000e-02
5.623413251903000e-02
5.623413251903000e-02
5.623413251903000e-02

42
5.623413251903000e-02
5.623413251903000e-02
5.623413251903000e-02
5.623413251903000e-02

43
5.623413251903000e-02
5.623413251903000e-02
5.623413251903000e-02
5.623413251903000e-02

44
5.623413251903000e-02
5.623413251903000e-02
5.623413251903000e-02
5.623413251903000e-02

45
5.623413251903000e-02
5.623413251903000e-02
5.623413251903000e-02
5.623413251903000e-02

46
5.623413251903000e-02
5.623413251903000e-02
5.623413251903000e-02
5.623413251903000e-02

47
5.623413251903000e-02
5.623413251903000e-02
5.623413251903000e-02
5.623413251903000e-02

48
5.623413251903000e-02
5.623413251903000e-02
5.623413251903000e-02
5.623413251903000e-02

49
5.623413251903000e-02
5.623413251903000e-02
5.623413251903000e-02
5.623413251903000e-02

50
5.623413251903000e-02
5.623413251903000e-02
5.623413251903000e-02
5.623413251903000e-02

51
5.623413251903000e-02
5.623413251903000e-02
5.623413251903000e-02
5.623413251903000e-02

52
5.623413251903000e-02
5.623413251903000e-02
5.623413251903000e-02
5.623413251903000e-02

53
5.623413251903000e-02
5.623413251903000e-02
5.623413251903000e-02
5.623413251903000e-02

54
5.623413251903000e-02
5.623413251903000e-02
5.623413251903000e-02
5.623413251903000e-02

55
5.623413251903000e-02
5.623413251903000e-02
5.623413251903000e-02
5.623413251903000e-02

56
5.623413251903000e-02
5.623413251903000e-02
5.623413251903000e-02
5.623413251903000e-02

57
5.623413251903000e-02
5.623413251903000e-02
5.623413251903000e-02
5.623413251903000e-02

58
5.623413251903000e-02
5.623413251903000e-02
5.623413251903000e-02
5.623413251903000e-02

59
5.623413251903000e-02
5.623413251903000e-02
5.623413251903000e-02
5.623413251903000e-02

60
5.623413251903000e-02
5.623413251903000e-02
5.623413251903000e-02
5.623413251903000e-02

61
5.623413251903000e-02
5.623413251903000e-02
5.623413251903000e-02
5.623413251903000e-02

62
5.623413251903000e-02
5.623413251903000e-02
5.623413251903000e-02
5.623413251903000e-02

63
5.623413251903000e-02
5.623413251903000e-02
5.623413251903000e-02
5.623413251903000e-02

64
5.623413251903000e-02
5.623413251903000e-02
5.623413251903000e-02
5.623413251903000e-02

65
5.623413251903000e-02
5.623413251903000e-02
5.623413251903000e-02
5.623413251903000e-02

66
5.623413251903000e-02
5.623413251903000e-02
5.623413251903000e-02
5.623413251903000e-02

67
5.623413251903000e-02
5.623413251903000e-02
5.623413251903000e-02
5.623413251903000e-02

68
5.623413251903000e-02
5.623413251903000e-02
5.623413251903000e-02
5.623413251903000e-02

69
5.623413251903000e-02
5.623413251903000e-02
5.623413251903000e-02
5.623413251903000e-02

70
5.623413251903000e-02
5.623413251903000e-02
5.623413251903000e-02
5.623413251903000e-02

71
5.623413251903000e-02
5.623413251903000e-02
5.623413251903000e-02
5.623413251903000e-02

72
5.623413251903000e-02
5.623413251903000e-02
5.623413251903000e-02
5.623413251903000e-02

73
5.623413251903000e-02
5.623413251903000e-02
5.623413251903000e-02
5.623413251903000e-02

74
5.623413251903000e-02
5.623413251903000e-02
5.623413251903000e-02
5.623413251903000e-02

75
5.623413251903000e-02
5.623413251903000e-02
5.623413251903000e-02
5.623413251901916e-02

76
5.623413251896874e-02
5.623413251907572e-02
5.623413251889423e-02
5.623413250952058e-02

77
5.623413247691911e-02
5.623413255192611e-02
5.623413242470299e-02
5.623412599749627e-02

78
5.623410659441331e-02
5.623415326192959e-02
5.623407250444531e-02
5.623003811346939e-02

79
5.622038868243569e-02
5.624560077423276e-02
5.620044077773122e-02
5.381852321585835e-02

