#Cell  Group   Direction 
# Element_0
# Element_1
    0  0  0
1.928681548783821e-01
1.912029154500549e-01

    0  0  1
1.732108459386765e+00
1.729284970356809e+00

    1  0  0
1.912605431161279e-01
1.895975452192110e-01

    1  0  1
1.729339494490102e+00
1.726508325799913e+00

    2  0  0
1.896520018349931e-01
1.879883637707936e-01

    2  0  1
1.726562840266654e+00
1.723719689024848e+00

    3  0  0
1.880427562419596e-01
1.863777367618494e-01

    3  0  1
1.723775003505096e+00
1.720918542270059e+00

    4  0  0
1.864328701817968e-01
1.847661736136631e-01

    4  0  1
1.720974989861265e+00
1.718104481849640e+00

    5  0  0
1.848223776103058e-01
1.831538508539099e-01

    5  0  1
1.718162244082882e+00
1.715277130101859e+00

    6  0  0
1.832113037497084e-01
1.815408522990664e-01

    6  0  1
1.715336326761701e+00
1.712436111957233e+00

    7  0  0
1.815996707036867e-01
1.799272279490831e-01

    7  0  1
1.712496833867491e+00
1.709581046366723e+00

    8  0  0
1.799874994622875e-01
1.783130133021407e-01

    8  0  1
1.709643369681426e+00
1.706711542374488e+00

    9  0  0
1.783748107668853e-01
1.766982370019333e-01

    9  0  1
1.706775535632074e+00
1.703827196949157e+00

   10  0  0
1.767616255377275e-01
1.750829242939954e-01

   10  0  1
1.703892924898557e+00
1.700927593571005e+00

   11  0  0
1.751479651094238e-01
1.734670987510702e-01

   11  0  1
1.700995119411329e+00
1.698012301172020e+00

   12  0  0
1.735338513733098e-01
1.718507832052660e-01

   12  0  1
1.698081687952117e+00
1.695080873248275e+00

   13  0  0
1.719193068711187e-01
1.702340002863431e-01

   13  0  1
1.695152184793848e+00
1.692132847056348e+00

   14  0  0
1.703043548615885e-01
1.686167727517026e-01

   14  0  1
1.692206148617539e+00
1.689167742847463e+00

   15  0  0
1.686890193712619e-01
1.669991237004892e-01

   15  0  1
1.689243101573413e+00
1.686185063113538e+00

   16  0  0
1.670733252356366e-01
1.653810767205910e-01

   16  0  1
1.686262548415049e+00
1.683184291829848e+00

   17  0  0
1.654572981341900e-01
1.637626559955370e-01

   17  0  1
1.683263975666314e+00
1.680164893684722e+00

   18  0  0
1.638409646213724e-01
1.621438863867777e-01

   18  0  1
1.680246850797248e+00
1.677126313289881e+00

   19  0  0
1.622243521548338e-01
1.605247935005286e-01

   19  0  1
1.677210621394133e+00
1.674067974366842e+00

   20  0  0
1.606074891217065e-01
1.589054037446610e-01

   20  0  1
1.674154714314211e+00
1.670989278905824e+00

   21  0  0
1.589904048634683e-01
1.572857443789427e-01

   21  0  1
1.671078534818544e+00
1.667889606294127e+00

   22  0  0
1.573731296997604e-01
1.556658435605006e-01

   22  0  1
1.667981465678410e+00
1.664768312411223e+00

   23  0  0
1.557556949514523e-01
1.540457303855454e-01

   23  0  1
1.664862866251651e+00
1.661624728687806e+00

   24  0  0
1.541381329631807e-01
1.524254349277823e-01

   24  0  1
1.661722071526049e+00
1.658458161125993e+00

   25  0  0
1.525204771255822e-01
1.508049882735584e-01

   25  0  1
1.658558391127022e+00
1.655267889277652e+00

   26  0  0
1.509027618974086e-01
1.491844225536250e-01

   26  0  1
1.655371108286970e+00
1.652053165177631e+00

   27  0  0
1.492850228277232e-01
1.475637709713173e-01

   27  0  1
1.652159478773433e+00
1.648813212228363e+00

   28  0  0
1.476672965783741e-01
1.459430678269683e-01

   28  0  1
1.648922729772845e+00
1.645547224032050e+00

   29  0  0
1.460496209468922e-01
1.443223485385180e-01

   29  0  1
1.645660058726345e+00
1.642254363166423e+00

   30  0  0
1.444320348899825e-01
1.427016496584542e-01

   30  0  1
1.642370632113586e+00
1.638933759899772e+00

   31  0  0
1.428145785477185e-01
1.410810088874059e-01

   31  0  1
1.639053584179990e+00
1.635584510840792e+00

   32  0  0
1.411972932685000e-01
1.394604650849298e-01

   32  0  1
1.635708015602480e+00
1.632205677518585e+00

   33  0  0
1.395802216348191e-01
1.378400582782202e-01

   33  0  1
1.632332992088295e+00
1.628796284888063e+00

   34  0  0
1.379634074897951e-01
1.362198296695531e-01

   34  0  1
1.628927542901257e+00
1.625355319755830e+00

   35  0  0
1.363468959644050e-01
1.345998216433143e-01

   35  0  1
1.625490659309545e+00
1.621881729121484e+00

   36  0  0
1.347307335052778e-01
1.329800777735127e-01

   36  0  1
1.622021292948933e+00
1.618374418429130e+00

   37  0  0
1.331149679029346e-01
1.313606428324474e-01

   37  0  1
1.618518354095394e+00
1.614832249723661e+00

   38  0  0
1.314996483202225e-01
1.297415628011208e-01

   38  0  1
1.614980709840856e+00
1.611254039706103e+00

   39  0  0
1.298848253208106e-01
1.281228848817621e-01

   39  0  1
1.611407182165836e+00
1.607638557681922e+00

   40  0  0
1.282705508974845e-01
1.265046575125602e-01

   40  0  1
1.607796545902572e+00
1.603984523395773e+00

   41  0  0
1.266568785000845e-01
1.248869303845452e-01

   41  0  1
1.604147526582036e+00
1.600290604745576e+00

   42  0  0
1.250438630628831e-01
1.232697544602541e-01

   42  0  1
1.600458798157868e+00
1.596555415368140e+00

   43  0  0
1.234315610312196e-01
1.216531819937238e-01

   43  0  1
1.596728980599833e+00
1.592777512087820e+00

   44  0  0
1.218200303872625e-01
1.200372665511601e-01

   44  0  1
1.592956637348798e+00
1.588955392218822e+00

   45  0  0
1.202093306747557e-01
1.184220630315413e-01

   45  0  1
1.589140272624448e+00
1.585087490710761e+00

   46  0  0
1.185995230226151e-01
1.168076276864094e-01

   46  0  1
1.585278328576044e+00
1.581172177126059e+00

   47  0  0
1.169906701672647e-01
1.151940181380106e-01

   47  0  1
1.581369182265493e+00
1.577207752436604e+00

   48  0  0
1.153828364735586e-01
1.135812933950846e-01

   48  0  1
1.577411142470764e+00
1.573192445625820e+00

   49  0  0
1.137760879541901e-01
1.119695138655951e-01

   49  0  1
1.573402446296370e+00
1.569124410080929e+00

   50  0  0
1.121704922873749e-01
1.103587413657590e-01

   50  0  1
1.569341255576123e+00
1.565001719758731e+00

   51  0  0
1.105661188326095e-01
1.087490391249077e-01

   51  0  1
1.565225653051795e+00
1.560822365106620e+00

   52  0  0
1.089630386442870e-01
1.071404717857049e-01

   52  0  1
1.561053638309587e+00
1.556584248718758e+00

   53  0  0
1.073613244828347e-01
1.055331053994060e-01

   53  0  1
1.556823123454362e+00
1.552285180705490e+00

   54  0  0
1.057610508230653e-01
1.039270074158569e-01

   54  0  1
1.552531928499682e+00
1.547922873751870e+00

   55  0  0
1.041622938593204e-01
1.023222466679470e-01

   55  0  1
1.548177776449378e+00
1.543494937838841e+00

   56  0  0
1.025651315069552e-01
1.007188933502803e-01

   56  0  1
1.543758288044024e+00
1.538998874598009e+00

   57  0  0
1.009696433996601e-01
9.911701899172760e-02

   57  0  1
1.539270976143103e+00
1.534432071267909e+00

   58  0  0
9.937591088206540e-02
9.751669642149313e-02

   58  0  1
1.534713239710563e+00
1.529791794216368e+00

   59  0  0
9.778401699699539e-02
9.591799972818768e-02

   59  0  1
1.530082357368360e+00
1.525075181989816e+00

   60  0  0
9.619404646672232e-02
9.432100421129037e-02

   60  0  1
1.525375480478804e+00
1.520279237846064e+00

   61  0  0
9.460608566747843e-02
9.272578632420092e-02

   61  0  1
1.520589625712354e+00
1.515400821722281e+00

   62  0  0
9.302022259641883e-02
9.113242360791807e-02

   62  0  1
1.515721667052844e+00
1.510436641584389e+00

   63  0  0
9.143654683018330e-02
8.954099461423118e-02

   63  0  1
1.510768327186703e+00
1.505383244097834e+00

   64  0  0
8.985514947409665e-02
8.795157881706263e-02

   64  0  1
1.505726168216611e+00
1.500237004552645e+00

   65  0  0
8.827612310092742e-02
8.636425651043483e-02

   65  0  1
1.500591581633054e+00
1.494994115967528e+00

   66  0  0
8.669956167804692e-02
8.477910869136113e-02

   66  0  1
1.495360777469219e+00
1.489650577288605e+00

   67  0  0
8.512556048165505e-02
8.319621692569987e-02

   67  0  1
1.490029772555596e+00
1.484202180587787e+00

   68  0  0
8.355421599660065e-02
8.161566319483020e-02

   68  0  1
1.484594377780112e+00
1.478644497153727e+00

   69  0  0
8.198562580010677e-02
8.003752972076687e-02

   69  0  1
1.479050184247667e+00
1.472972862354421e+00

   70  0  0
8.041988842755227e-02
7.846189876703739e-02

   70  0  1
1.473392548219191e+00
1.467182359134528e+00

   71  0  0
7.885710321813806e-02
7.688885241238676e-02

   71  0  1
1.467616574694403e+00
1.461267799992032e+00

   72  0  0
7.729737013808263e-02
7.531847229398413e-02

   72  0  1
1.461717099484203e+00
1.455223707257522e+00

   73  0  0
7.574078957859522e-02
7.375083931639152e-02

   73  0  1
1.455688669597430e+00
1.449044291474497e+00

   74  0  0
7.418746212555674e-02
7.218603332209793e-02

   74  0  1
1.449525521742114e+00
1.442723427650192e+00

   75  0  0
7.263748829744644e-02
7.062413271882009e-02

   75  0  1
1.443221558712733e+00
1.436254629112622e+00

   76  0  0
7.109096824755659e-02
6.906521405805552e-02

   76  0  1
1.436770323401545e+00
1.429631018669788e+00

   77  0  0
6.954800142598404e-02
6.750935155861579e-02

   77  0  1
1.430164970132823e+00
1.422845296720376e+00

   78  0  0
6.800868619633135e-02
6.595661656786639e-02

   78  0  1
1.423398232972777e+00
1.415889705910029e+00

   79  0  0
6.647311940124087e-02
6.440707695224930e-02

   79  0  1
1.416462390613379e+00
1.408755991861923e+00

   80  0  0
6.494139587006698e-02
6.286079640734292e-02

   80  0  1
1.409349227363910e+00
1.401435359432502e+00

   81  0  0
6.341360786098958e-02
6.131783367604238e-02

   81  0  1
1.402049989707199e+00
1.393918423850157e+00

   82  0  0
6.188984442863613e-02
5.977824166159313e-02

   82  0  1
1.394555337785823e+00
1.386195155983018e+00

   83  0  0
6.037019070690715e-02
5.824206641982033e-02

   83  0  1
1.386855291073618e+00
1.378254820847341e+00

   84  0  0
5.885472709492767e-02
5.670934601215879e-02

   84  0  1
1.378939167355216e+00
1.370085908304933e+00

   85  0  0
5.734352833206795e-02
5.518010919769672e-02

   85  0  1
1.370795513975978e+00
1.361676054699492e+00

   86  0  0
5.583666244545685e-02
5.365437393828660e-02

   86  0  1
1.362412030129486e+00
1.353011953938804e+00

   87  0  0
5.433418955041362e-02
5.213214568581383e-02

   87  0  1
1.353775478711125e+00
1.344079256230789e+00

   88  0  0
5.283616048066747e-02
5.061341541434816e-02

   88  0  1
1.344871585972966e+00
1.334862452311303e+00

   89  0  0
5.134261522055079e-02
4.909815735212045e-02

   89  0  1
1.335684926852293e+00
1.325344740540724e+00

   90  0  0
4.985358110614652e-02
4.758632635896402e-02

   90  0  1
1.326198793394854e+00
1.315507873668588e+00

   91  0  0
4.836907075524527e-02
4.607785488124500e-02

   91  0  1
1.316395043128790e+00
1.305331981336047e+00

   92  0  0
4.688907967714646e-02
4.457264940337300e-02

   92  0  1
1.306253923532637e+00
1.294795363458266e+00

   93  0  0
4.541358350466433e-02
4.307058629166469e-02

   93  0  1
1.295753867836041e+00
1.283874248439562e+00

   94  0  0
4.394253477060350e-02
4.157150689931541e-02

   94  0  1
1.284871256233676e+00
1.272542508636685e+00

   95  0  0
4.247585914663849e-02
4.007521178800375e-02

   95  0  1
1.273580135098621e+00
1.260771323479988e+00

   96  0  0
4.101345102296731e-02
3.858145380699090e-02

   96  0  1
1.261851884835957e+00
1.248528778020416e+00

   97  0  0
3.955516827523513e-02
3.708992986848476e-02

   97  0  1
1.249654824460925e+00
1.235779381153685e+00

   98  0  0
3.810082611845728e-02
3.560027094383270e-02

   98  0  1
1.236953737591253e+00
1.222483483039158e+00

   99  0  0
3.665018956951278e-02
3.411202978695485e-02

   99  0  1
1.223709299988113e+00
1.208596564782249e+00

  100  0  0
3.520296471972723e-02
3.262466655289319e-02

  100  0  1
1.209877382598996e+00
1.194068364543528e+00

  101  0  0
3.375878776920211e-02
3.113752884242170e-02

  101  0  1
1.195408195542268e+00
1.178841791751099e+00

  102  0  0
3.231721122324046e-02
2.964983099813349e-02

  102  0  1
1.180245226578357e+00
1.162851563362674e+00

  103  0  0
3.087768997403897e-02
2.816062223516205e-02

  103  0  1
1.164323910963343e+00
1.146022470523784e+00

  104  0  0
2.943955407555995e-02
2.666874490889561e-02

  104  0  1
1.147569945597246e+00
1.128267145648197e+00

  105  0  0
2.800199485049999e-02
2.517280992028063e-02

  105  0  1
1.129897123294760e+00
1.109483142330743e+00

  106  0  0
2.656401946056035e-02
2.367105735195274e-02

  106  0  1
1.111204511337427e+00
1.089549057438632e+00

  107  0  0
2.512439233995500e-02
2.216141302992811e-02

  107  0  1
1.091372735784397e+00
1.068319281231741e+00

  108  0  0
2.368169011208070e-02
2.064118699123765e-02

  108  0  1
1.070258964379933e+00
1.045616680257192e+00

  109  0  0
2.223388567897425e-02
1.910683774584345e-02

  109  0  1
1.047689845862940e+00
1.021222267247849e+00

  110  0  0
2.077892464283360e-02
1.755478575143256e-02

  110  0  1
1.023452079201923e+00
9.948606271938648e-01

  111  0  0
1.931371322897324e-02
1.597741516578243e-02

  111  0  1
9.972800230553384e-01
9.661762826041348e-01

  112  0  0
1.783371321464753e-02
1.437038142897736e-02

  112  0  1
9.688290283570326e-01
9.346931132106447e-01

  113  0  0
1.633739224605441e-02
1.272020390617935e-02

  113  0  1
9.376352077116664e-01
8.997746131972408e-01

  114  0  0
1.480919569978316e-02
1.100547368446508e-02

  114  0  1
9.031589550529753e-01
8.605437633216868e-01

  115  0  0
1.325530210393383e-02
9.237276719899962e-03

  115  0  1
8.646413336580093e-01
8.153782142877508e-01

  116  0  0
1.164882070640805e-02
7.278591340526500e-03

  116  0  1
8.198125946129984e-01
7.617429426866899e-01

  117  0  0
9.942348058608372e-03
5.236918792320300e-03

  117  0  1
7.677298972977606e-01
6.990271520312944e-01

  118  0  0
8.263927549977930e-03
2.759417587612540e-03

  118  0  1
7.203582566013138e-01
6.145280335302644e-01

  119  0  0
6.080080750539191e-03
-5.962951325685513e-04

  119  0  1
6.400921640874523e-01
4.262372924401732e-01

  120  0  0
3.981421986525828e-03
-1.363414413878271e-03

  120  0  1
3.305558568452228e-01
1.188396970241304e-01

  121  0  0
1.647231863837214e-04
-6.775860421171949e-06

  121  0  1
2.395401704376305e-02
2.185864527242530e-03

  122  0  0
5.313206143347130e-06
4.999727085451708e-06

  122  0  1
1.323770661835241e-04
8.711166633527609e-06

  123  0  0
5.000505275400102e-06
5.000000045241781e-06

  123  0  1
5.210988103324901e-06
5.005999251110011e-06

  124  0  0
5.000000812474752e-06
5.000000000072240e-06

  124  0  1
5.000340707713468e-06
5.000009677730465e-06

  125  0  0
5.000000001304070e-06
4.999999999998369e-06

  125  0  1
5.000000549093467e-06
5.000000015581262e-06

  126  0  0
5.000000000000343e-06
4.999999999998247e-06

  126  0  1
5.000000000881662e-06
5.000000000023299e-06

  127  0  0
4.999999999998254e-06
4.999999999998253e-06

  127  0  1
4.999999999999669e-06
4.999999999998294e-06

  128  0  0
4.999999999998254e-06
4.999999999998253e-06

  128  0  1
4.999999999998256e-06
4.999999999998253e-06

  129  0  0
4.999999999998254e-06
4.999999999998253e-06

  129  0  1
4.999999999998254e-06
4.999999999998253e-06

  130  0  0
4.999999999998254e-06
4.999999999998253e-06

  130  0  1
4.999999999998254e-06
4.999999999998253e-06

  131  0  0
4.999999999998254e-06
4.999999999998253e-06

  131  0  1
4.999999999998254e-06
4.999999999998253e-06

  132  0  0
4.999999999998254e-06
4.999999999998253e-06

  132  0  1
4.999999999998254e-06
4.999999999998253e-06

  133  0  0
4.999999999998254e-06
4.999999999998253e-06

  133  0  1
4.999999999998254e-06
4.999999999998253e-06

  134  0  0
4.999999999998254e-06
4.999999999998253e-06

  134  0  1
4.999999999998254e-06
4.999999999998253e-06

  135  0  0
4.999999999998254e-06
4.999999999998253e-06

  135  0  1
4.999999999998254e-06
4.999999999998253e-06

  136  0  0
4.999999999998254e-06
4.999999999998253e-06

  136  0  1
4.999999999998254e-06
4.999999999998253e-06

  137  0  0
4.999999999998254e-06
4.999999999998253e-06

  137  0  1
4.999999999998254e-06
4.999999999998253e-06

  138  0  0
4.999999999998254e-06
4.999999999998253e-06

  138  0  1
4.999999999998254e-06
4.999999999998253e-06

  139  0  0
4.999999999998254e-06
4.999999999998253e-06

  139  0  1
4.999999999998254e-06
4.999999999998253e-06

  140  0  0
4.999999999998254e-06
4.999999999998253e-06

  140  0  1
4.999999999998254e-06
4.999999999998253e-06

  141  0  0
4.999999999998254e-06
4.999999999998253e-06

  141  0  1
4.999999999998254e-06
4.999999999998253e-06

  142  0  0
4.999999999998254e-06
4.999999999998253e-06

  142  0  1
4.999999999998254e-06
4.999999999998253e-06

  143  0  0
4.999999999998254e-06
4.999999999998253e-06

  143  0  1
4.999999999998254e-06
4.999999999998253e-06

  144  0  0
4.999999999998254e-06
4.999999999998253e-06

  144  0  1
4.999999999998254e-06
4.999999999998253e-06

  145  0  0
4.999999999998254e-06
4.999999999998253e-06

  145  0  1
4.999999999998254e-06
4.999999999998253e-06

  146  0  0
4.999999999998254e-06
4.999999999998253e-06

  146  0  1
4.999999999998254e-06
4.999999999998253e-06

  147  0  0
4.999999999998254e-06
4.999999999998253e-06

  147  0  1
4.999999999998254e-06
4.999999999998253e-06

  148  0  0
4.999999999998254e-06
4.999999999998253e-06

  148  0  1
4.999999999998254e-06
4.999999999998253e-06

  149  0  0
4.999999999998254e-06
4.999999999998253e-06

  149  0  1
4.999999999998254e-06
4.999999999998253e-06

  150  0  0
4.999999999998254e-06
4.999999999998253e-06

  150  0  1
4.999999999998254e-06
4.999999999998253e-06

  151  0  0
4.999999999998254e-06
4.999999999998253e-06

  151  0  1
4.999999999998254e-06
4.999999999998253e-06

  152  0  0
4.999999999998254e-06
4.999999999998253e-06

  152  0  1
4.999999999998254e-06
4.999999999998253e-06

  153  0  0
4.999999999998254e-06
4.999999999998253e-06

  153  0  1
4.999999999998254e-06
4.999999999998253e-06

  154  0  0
4.999999999998254e-06
4.999999999998253e-06

  154  0  1
4.999999999998254e-06
4.999999999998253e-06

  155  0  0
4.999999999998254e-06
4.999999999998253e-06

  155  0  1
4.999999999998254e-06
4.999999999998253e-06

  156  0  0
4.999999999998254e-06
4.999999999998253e-06

  156  0  1
4.999999999998254e-06
4.999999999998253e-06

  157  0  0
4.999999999998254e-06
4.999999999998253e-06

  157  0  1
4.999999999998254e-06
4.999999999998253e-06

  158  0  0
4.999999999998254e-06
4.999999999998253e-06

  158  0  1
4.999999999998254e-06
4.999999999998253e-06

  159  0  0
4.999999999998254e-06
4.999999999998253e-06

  159  0  1
4.999999999998254e-06
4.999999999998253e-06

  160  0  0
4.999999999998254e-06
4.999999999998253e-06

  160  0  1
4.999999999998254e-06
4.999999999998253e-06

  161  0  0
4.999999999998254e-06
4.999999999998253e-06

  161  0  1
4.999999999998254e-06
4.999999999998253e-06

  162  0  0
4.999999999998254e-06
4.999999999998253e-06

  162  0  1
4.999999999998254e-06
4.999999999998253e-06

  163  0  0
4.999999999998254e-06
4.999999999998253e-06

  163  0  1
4.999999999998254e-06
4.999999999998253e-06

  164  0  0
4.999999999998254e-06
4.999999999998253e-06

  164  0  1
4.999999999998254e-06
4.999999999998253e-06

  165  0  0
4.999999999998254e-06
4.999999999998253e-06

  165  0  1
4.999999999998254e-06
4.999999999998253e-06

  166  0  0
4.999999999998254e-06
4.999999999998253e-06

  166  0  1
4.999999999998254e-06
4.999999999998253e-06

  167  0  0
4.999999999998254e-06
4.999999999998253e-06

  167  0  1
4.999999999998254e-06
4.999999999998253e-06

  168  0  0
4.999999999998254e-06
4.999999999998253e-06

  168  0  1
4.999999999998254e-06
4.999999999998253e-06

  169  0  0
4.999999999998254e-06
4.999999999998253e-06

  169  0  1
4.999999999998254e-06
4.999999999998253e-06

  170  0  0
4.999999999998254e-06
4.999999999998253e-06

  170  0  1
4.999999999998254e-06
4.999999999998253e-06

  171  0  0
4.999999999998254e-06
4.999999999998253e-06

  171  0  1
4.999999999998254e-06
4.999999999998253e-06

  172  0  0
4.999999999998254e-06
4.999999999998253e-06

  172  0  1
4.999999999998254e-06
4.999999999998253e-06

  173  0  0
4.999999999998254e-06
4.999999999998253e-06

  173  0  1
4.999999999998254e-06
4.999999999998253e-06

  174  0  0
4.999999999998254e-06
4.999999999998253e-06

  174  0  1
4.999999999998254e-06
4.999999999998253e-06

  175  0  0
4.999999999998254e-06
4.999999999998253e-06

  175  0  1
4.999999999998254e-06
4.999999999998253e-06

  176  0  0
4.999999999998254e-06
4.999999999998253e-06

  176  0  1
4.999999999998254e-06
4.999999999998253e-06

  177  0  0
4.999999999998254e-06
4.999999999998253e-06

  177  0  1
4.999999999998254e-06
4.999999999998253e-06

  178  0  0
4.999999999998254e-06
4.999999999998253e-06

  178  0  1
4.999999999998254e-06
4.999999999998253e-06

  179  0  0
4.999999999998254e-06
4.999999999998253e-06

  179  0  1
4.999999999998254e-06
4.999999999998253e-06

  180  0  0
4.999999999998254e-06
4.999999999998253e-06

  180  0  1
4.999999999998254e-06
4.999999999998253e-06

  181  0  0
4.999999999998254e-06
4.999999999998253e-06

  181  0  1
4.999999999998254e-06
4.999999999998253e-06

  182  0  0
4.999999999998254e-06
4.999999999998253e-06

  182  0  1
4.999999999998254e-06
4.999999999998253e-06

  183  0  0
4.999999999998254e-06
4.999999999998253e-06

  183  0  1
4.999999999998254e-06
4.999999999998253e-06

  184  0  0
4.999999999998254e-06
4.999999999998253e-06

  184  0  1
4.999999999998254e-06
4.999999999998253e-06

  185  0  0
4.999999999998254e-06
4.999999999998253e-06

  185  0  1
4.999999999998254e-06
4.999999999998253e-06

  186  0  0
4.999999999998254e-06
4.999999999998253e-06

  186  0  1
4.999999999998254e-06
4.999999999998253e-06

  187  0  0
4.999999999998254e-06
4.999999999998253e-06

  187  0  1
4.999999999998254e-06
4.999999999998253e-06

  188  0  0
4.999999999998254e-06
4.999999999998253e-06

  188  0  1
4.999999999998254e-06
4.999999999998253e-06

  189  0  0
4.999999999998254e-06
4.999999999998253e-06

  189  0  1
4.999999999998254e-06
4.999999999998253e-06

  190  0  0
4.999999999998254e-06
4.999999999998253e-06

  190  0  1
4.999999999998254e-06
4.999999999998253e-06

  191  0  0
4.999999999998254e-06
4.999999999998253e-06

  191  0  1
4.999999999998254e-06
4.999999999998253e-06

  192  0  0
4.999999999998254e-06
4.999999999998253e-06

  192  0  1
4.999999999998254e-06
4.999999999998253e-06

  193  0  0
4.999999999998254e-06
4.999999999998253e-06

  193  0  1
4.999999999998254e-06
4.999999999998253e-06

  194  0  0
4.999999999998254e-06
4.999999999998253e-06

  194  0  1
4.999999999998254e-06
4.999999999998253e-06

  195  0  0
4.999999999998254e-06
4.999999999998253e-06

  195  0  1
4.999999999998254e-06
4.999999999998253e-06

  196  0  0
4.999999999998254e-06
4.999999999998253e-06

  196  0  1
4.999999999998254e-06
4.999999999998253e-06

  197  0  0
4.999999999998254e-06
4.999999999998253e-06

  197  0  1
4.999999999998254e-06
4.999999999998253e-06

  198  0  0
4.999999999998254e-06
4.999999999998253e-06

  198  0  1
4.999999999998254e-06
4.999999999998253e-06

  199  0  0
4.999999999998254e-06
4.999999999998253e-06

  199  0  1
4.999999999998254e-06
4.999999999998253e-06

  200  0  0
4.999999999998254e-06
4.999999999998253e-06

  200  0  1
4.999999999998254e-06
4.999999999998253e-06

  201  0  0
4.999999999998254e-06
4.999999999998253e-06

  201  0  1
4.999999999998254e-06
4.999999999998253e-06

  202  0  0
4.999999999998254e-06
4.999999999998253e-06

  202  0  1
4.999999999998254e-06
4.999999999998253e-06

  203  0  0
4.999999999998254e-06
4.999999999998253e-06

  203  0  1
4.999999999998254e-06
4.999999999998253e-06

  204  0  0
4.999999999998254e-06
4.999999999998253e-06

  204  0  1
4.999999999998254e-06
4.999999999998253e-06

  205  0  0
4.999999999998254e-06
4.999999999998253e-06

  205  0  1
4.999999999998254e-06
4.999999999998253e-06

  206  0  0
4.999999999998254e-06
4.999999999998253e-06

  206  0  1
4.999999999998254e-06
4.999999999998253e-06

  207  0  0
4.999999999998254e-06
4.999999999998253e-06

  207  0  1
4.999999999998254e-06
4.999999999998253e-06

  208  0  0
4.999999999998254e-06
4.999999999998253e-06

  208  0  1
4.999999999998254e-06
4.999999999998253e-06

  209  0  0
4.999999999998254e-06
4.999999999998253e-06

  209  0  1
4.999999999998254e-06
4.999999999998253e-06

  210  0  0
4.999999999998254e-06
4.999999999998253e-06

  210  0  1
4.999999999998254e-06
4.999999999998253e-06

  211  0  0
4.999999999998254e-06
4.999999999998253e-06

  211  0  1
4.999999999998254e-06
4.999999999998253e-06

  212  0  0
4.999999999998254e-06
4.999999999998253e-06

  212  0  1
4.999999999998254e-06
4.999999999998253e-06

  213  0  0
4.999999999998254e-06
4.999999999998253e-06

  213  0  1
4.999999999998254e-06
4.999999999998253e-06

  214  0  0
4.999999999998254e-06
4.999999999998253e-06

  214  0  1
4.999999999998254e-06
4.999999999998253e-06

  215  0  0
4.999999999998254e-06
4.999999999998253e-06

  215  0  1
4.999999999998254e-06
4.999999999998253e-06

  216  0  0
4.999999999998254e-06
4.999999999998253e-06

  216  0  1
4.999999999998254e-06
4.999999999998253e-06

  217  0  0
4.999999999998254e-06
4.999999999998253e-06

  217  0  1
4.999999999998254e-06
4.999999999998253e-06

  218  0  0
4.999999999998254e-06
4.999999999998253e-06

  218  0  1
4.999999999998254e-06
4.999999999998253e-06

  219  0  0
4.999999999998254e-06
4.999999999998253e-06

  219  0  1
4.999999999998254e-06
4.999999999998253e-06

  220  0  0
4.999999999998254e-06
4.999999999998253e-06

  220  0  1
4.999999999998254e-06
4.999999999998253e-06

  221  0  0
4.999999999998254e-06
4.999999999998253e-06

  221  0  1
4.999999999998254e-06
4.999999999998253e-06

  222  0  0
4.999999999998254e-06
4.999999999998253e-06

  222  0  1
4.999999999998254e-06
4.999999999998253e-06

  223  0  0
4.999999999998254e-06
4.999999999998253e-06

  223  0  1
4.999999999998254e-06
4.999999999998253e-06

  224  0  0
4.999999999998254e-06
4.999999999998253e-06

  224  0  1
4.999999999998254e-06
4.999999999998253e-06

  225  0  0
4.999999999998254e-06
4.999999999998253e-06

  225  0  1
4.999999999998254e-06
4.999999999998253e-06

  226  0  0
4.999999999998254e-06
4.999999999998253e-06

  226  0  1
4.999999999998254e-06
4.999999999998253e-06

  227  0  0
4.999999999998254e-06
4.999999999998253e-06

  227  0  1
4.999999999998254e-06
4.999999999998253e-06

  228  0  0
4.999999999998254e-06
4.999999999998253e-06

  228  0  1
4.999999999998254e-06
4.999999999998253e-06

  229  0  0
4.999999999998254e-06
4.999999999998253e-06

  229  0  1
4.999999999998254e-06
4.999999999998253e-06

  230  0  0
4.999999999998254e-06
4.999999999998253e-06

  230  0  1
4.999999999998254e-06
4.999999999998253e-06

  231  0  0
4.999999999998254e-06
4.999999999998253e-06

  231  0  1
4.999999999998254e-06
4.999999999998253e-06

  232  0  0
4.999999999998254e-06
4.999999999998253e-06

  232  0  1
4.999999999998254e-06
4.999999999998253e-06

  233  0  0
4.999999999998254e-06
4.999999999998253e-06

  233  0  1
4.999999999998254e-06
4.999999999998253e-06

  234  0  0
4.999999999998254e-06
4.999999999998253e-06

  234  0  1
4.999999999998254e-06
4.999999999998253e-06

  235  0  0
4.999999999998254e-06
4.999999999998253e-06

  235  0  1
4.999999999998254e-06
4.999999999998253e-06

  236  0  0
4.999999999998254e-06
4.999999999998253e-06

  236  0  1
4.999999999998254e-06
4.999999999998253e-06

  237  0  0
4.999999999998254e-06
4.999999999998253e-06

  237  0  1
4.999999999998254e-06
4.999999999998253e-06

  238  0  0
4.999999999998254e-06
4.999999999998253e-06

  238  0  1
4.999999999998254e-06
4.999999999998253e-06

  239  0  0
4.999999999998254e-06
4.999999999998253e-06

  239  0  1
4.999999999998254e-06
4.999999999998253e-06

  240  0  0
4.999999999998254e-06
4.999999999998253e-06

  240  0  1
4.999999999998254e-06
4.999999999998253e-06

  241  0  0
4.999999999998254e-06
4.999999999998253e-06

  241  0  1
4.999999999998254e-06
4.999999999998253e-06

  242  0  0
4.999999999998254e-06
4.999999999998253e-06

  242  0  1
4.999999999998254e-06
4.999999999998253e-06

  243  0  0
4.999999999998254e-06
4.999999999998253e-06

  243  0  1
4.999999999998254e-06
4.999999999998253e-06

  244  0  0
4.999999999998254e-06
4.999999999998253e-06

  244  0  1
4.999999999998254e-06
4.999999999998253e-06

  245  0  0
4.999999999998254e-06
4.999999999998253e-06

  245  0  1
4.999999999998254e-06
4.999999999998253e-06

  246  0  0
4.999999999998254e-06
4.999999999998253e-06

  246  0  1
4.999999999998254e-06
4.999999999998253e-06

  247  0  0
4.999999999998254e-06
4.999999999998253e-06

  247  0  1
4.999999999998254e-06
4.999999999998253e-06

  248  0  0
4.999999999998254e-06
4.999999999998253e-06

  248  0  1
4.999999999998254e-06
4.999999999998253e-06

  249  0  0
4.999999999998254e-06
4.999999999998253e-06

  249  0  1
4.999999999998254e-06
4.999999999998253e-06

  250  0  0
4.999999999998254e-06
4.999999999998253e-06

  250  0  1
4.999999999998254e-06
4.999999999998253e-06

  251  0  0
4.999999999998254e-06
4.999999999998253e-06

  251  0  1
4.999999999998254e-06
4.999999999998253e-06

  252  0  0
4.999999999998254e-06
4.999999999998253e-06

  252  0  1
4.999999999998254e-06
4.999999999998253e-06

  253  0  0
4.999999999998254e-06
4.999999999998253e-06

  253  0  1
4.999999999998254e-06
4.999999999998253e-06

  254  0  0
4.999999999998254e-06
4.999999999998253e-06

  254  0  1
4.999999999998254e-06
4.999999999998253e-06

  255  0  0
4.999999999998254e-06
4.999999999998253e-06

  255  0  1
4.999999999998254e-06
4.999999999998253e-06

  256  0  0
4.999999999998254e-06
4.999999999998253e-06

  256  0  1
4.999999999998254e-06
4.999999999998253e-06

  257  0  0
4.999999999998254e-06
4.999999999998253e-06

  257  0  1
4.999999999998254e-06
4.999999999998253e-06

  258  0  0
4.999999999998254e-06
4.999999999998253e-06

  258  0  1
4.999999999998254e-06
4.999999999998253e-06

  259  0  0
4.999999999998254e-06
4.999999999998253e-06

  259  0  1
4.999999999998254e-06
4.999999999998253e-06

  260  0  0
4.999999999998254e-06
4.999999999998253e-06

  260  0  1
4.999999999998254e-06
4.999999999998253e-06

  261  0  0
4.999999999998254e-06
4.999999999998253e-06

  261  0  1
4.999999999998254e-06
4.999999999998253e-06

  262  0  0
4.999999999998254e-06
4.999999999998253e-06

  262  0  1
4.999999999998254e-06
4.999999999998253e-06

  263  0  0
4.999999999998254e-06
4.999999999998253e-06

  263  0  1
4.999999999998254e-06
4.999999999998253e-06

  264  0  0
4.999999999998254e-06
4.999999999998253e-06

  264  0  1
4.999999999998254e-06
4.999999999998253e-06

  265  0  0
4.999999999998254e-06
4.999999999998253e-06

  265  0  1
4.999999999998254e-06
4.999999999998253e-06

  266  0  0
4.999999999998254e-06
4.999999999998253e-06

  266  0  1
4.999999999998254e-06
4.999999999998253e-06

  267  0  0
4.999999999998254e-06
4.999999999998253e-06

  267  0  1
4.999999999998254e-06
4.999999999998253e-06

  268  0  0
4.999999999998254e-06
4.999999999998253e-06

  268  0  1
4.999999999998254e-06
4.999999999998253e-06

  269  0  0
4.999999999998254e-06
4.999999999998253e-06

  269  0  1
4.999999999998254e-06
4.999999999998253e-06

  270  0  0
4.999999999998254e-06
4.999999999998253e-06

  270  0  1
4.999999999998254e-06
4.999999999998253e-06

  271  0  0
4.999999999998254e-06
4.999999999998253e-06

  271  0  1
4.999999999998254e-06
4.999999999998253e-06

  272  0  0
4.999999999998254e-06
4.999999999998253e-06

  272  0  1
4.999999999998254e-06
4.999999999998253e-06

  273  0  0
4.999999999998254e-06
4.999999999998253e-06

  273  0  1
4.999999999998254e-06
4.999999999998253e-06

  274  0  0
4.999999999998254e-06
4.999999999998253e-06

  274  0  1
4.999999999998254e-06
4.999999999998253e-06

  275  0  0
4.999999999998254e-06
4.999999999998253e-06

  275  0  1
4.999999999998254e-06
4.999999999998253e-06

  276  0  0
4.999999999998254e-06
4.999999999998253e-06

  276  0  1
4.999999999998254e-06
4.999999999998253e-06

  277  0  0
4.999999999998254e-06
4.999999999998253e-06

  277  0  1
4.999999999998254e-06
4.999999999998253e-06

  278  0  0
4.999999999998254e-06
4.999999999998253e-06

  278  0  1
4.999999999998254e-06
4.999999999998253e-06

  279  0  0
4.999999999998254e-06
4.999999999998253e-06

  279  0  1
4.999999999998254e-06
4.999999999998253e-06

  280  0  0
4.999999999998254e-06
4.999999999998253e-06

  280  0  1
4.999999999998254e-06
4.999999999998253e-06

  281  0  0
4.999999999998254e-06
4.999999999998253e-06

  281  0  1
4.999999999998254e-06
4.999999999998253e-06

  282  0  0
4.999999999998254e-06
4.999999999998253e-06

  282  0  1
4.999999999998254e-06
4.999999999998253e-06

  283  0  0
4.999999999998254e-06
4.999999999998253e-06

  283  0  1
4.999999999998254e-06
4.999999999998253e-06

  284  0  0
4.999999999998254e-06
4.999999999998253e-06

  284  0  1
4.999999999998254e-06
4.999999999998253e-06

  285  0  0
4.999999999998254e-06
4.999999999998253e-06

  285  0  1
4.999999999998254e-06
4.999999999998253e-06

  286  0  0
4.999999999998254e-06
4.999999999998253e-06

  286  0  1
4.999999999998254e-06
4.999999999998253e-06

  287  0  0
4.999999999998254e-06
4.999999999998253e-06

  287  0  1
4.999999999998254e-06
4.999999999998253e-06

  288  0  0
4.999999999998254e-06
4.999999999998253e-06

  288  0  1
4.999999999998254e-06
4.999999999998253e-06

  289  0  0
4.999999999998254e-06
4.999999999998253e-06

  289  0  1
4.999999999998254e-06
4.999999999998253e-06

  290  0  0
4.999999999998254e-06
4.999999999998253e-06

  290  0  1
4.999999999998254e-06
4.999999999998253e-06

  291  0  0
4.999999999998254e-06
4.999999999998253e-06

  291  0  1
4.999999999998254e-06
4.999999999998253e-06

  292  0  0
4.999999999998254e-06
4.999999999998253e-06

  292  0  1
4.999999999998254e-06
4.999999999998253e-06

  293  0  0
4.999999999998254e-06
4.999999999998253e-06

  293  0  1
4.999999999998254e-06
4.999999999998253e-06

  294  0  0
4.999999999998254e-06
4.999999999998253e-06

  294  0  1
4.999999999998254e-06
4.999999999998253e-06

  295  0  0
4.999999999998254e-06
4.999999999998253e-06

  295  0  1
4.999999999998254e-06
4.999999999998253e-06

  296  0  0
4.999999999998254e-06
4.999999999998253e-06

  296  0  1
4.999999999998254e-06
4.999999999998253e-06

  297  0  0
4.999999999998254e-06
4.999999999998253e-06

  297  0  1
4.999999999998254e-06
4.999999999998253e-06

  298  0  0
4.999999999998254e-06
4.999999999998253e-06

  298  0  1
4.999999999998254e-06
4.999999999998253e-06

  299  0  0
4.999999999998254e-06
4.999999999998253e-06

  299  0  1
4.999999999998254e-06
4.999999999998253e-06

  300  0  0
4.999999999998254e-06
4.999999999998253e-06

  300  0  1
4.999999999998254e-06
4.999999999998253e-06

  301  0  0
4.999999999998254e-06
4.999999999998253e-06

  301  0  1
4.999999999998254e-06
4.999999999998253e-06

  302  0  0
4.999999999998254e-06
4.999999999998253e-06

  302  0  1
4.999999999998254e-06
4.999999999998253e-06

  303  0  0
4.999999999998254e-06
4.999999999998253e-06

  303  0  1
4.999999999998254e-06
4.999999999998253e-06

  304  0  0
4.999999999998254e-06
4.999999999998253e-06

  304  0  1
4.999999999998254e-06
4.999999999998253e-06

  305  0  0
4.999999999998254e-06
4.999999999998253e-06

  305  0  1
4.999999999998254e-06
4.999999999998253e-06

  306  0  0
4.999999999998254e-06
4.999999999998253e-06

  306  0  1
4.999999999998254e-06
4.999999999998253e-06

  307  0  0
4.999999999998254e-06
4.999999999998253e-06

  307  0  1
4.999999999998254e-06
4.999999999998253e-06

  308  0  0
4.999999999998254e-06
4.999999999998253e-06

  308  0  1
4.999999999998254e-06
4.999999999998253e-06

  309  0  0
4.999999999998254e-06
4.999999999998253e-06

  309  0  1
4.999999999998254e-06
4.999999999998253e-06

  310  0  0
4.999999999998254e-06
4.999999999998253e-06

  310  0  1
4.999999999998254e-06
4.999999999998253e-06

  311  0  0
4.999999999998254e-06
4.999999999998253e-06

  311  0  1
4.999999999998254e-06
4.999999999998253e-06

  312  0  0
4.999999999998254e-06
4.999999999998253e-06

  312  0  1
4.999999999998254e-06
4.999999999998253e-06

  313  0  0
4.999999999998254e-06
4.999999999998250e-06

  313  0  1
4.999999999998254e-06
4.999999999998253e-06

  314  0  0
4.999999999998182e-06
4.999999999995969e-06

  314  0  1
4.999999999998254e-06
4.999999999998254e-06

  315  0  0
4.999999999962268e-06
4.999999999167330e-06

  315  0  1
4.999999999998809e-06
4.999999999679924e-06

  316  0  0
4.999999991920051e-06
4.999999821119449e-06

  316  0  1
4.999999999968030e-06
4.999999925133275e-06

  317  0  0
4.999998360464728e-06
4.999964896273546e-06

  317  0  1
4.999999992619829e-06
4.999983627018079e-06

  318  0  0
4.999704685951662e-06
4.993969821403640e-06

  318  0  1
4.999998268065244e-06
4.996763560770388e-06

  319  0  0
4.955921030553540e-06
4.144196291976146e-06

  319  0  1
4.998546862056104e-06
4.446759121196055e-06

