#Cell 
# Element_0
# Element_1
# Element_2
# Element_3
# Element_4
0
1.164389383965856e+00
1.164219487758071e+00
1.163971319731798e+00
1.163723532661440e+00
1.163544589722515e+00

1
1.163463270057461e+00
1.163293163463492e+00
1.163042606166891e+00
1.162791258197587e+00
1.162618740089295e+00

2
1.162531773111092e+00
1.162359255869741e+00
1.162105855179734e+00
1.161851957189316e+00
1.161677678153431e+00

3
1.161588745541930e+00
1.161414574589462e+00
1.161157893456668e+00
1.160899776003590e+00
1.160723387267501e+00

4
1.160632697928417e+00
1.160455493165611e+00
1.160196108053334e+00
1.159935738114948e+00
1.159758310260948e+00

5
1.159667394406892e+00
1.159488224699693e+00
1.159225219575213e+00
1.158961751780872e+00
1.158780167871400e+00

6
1.158688164059460e+00
1.158507128965630e+00
1.158241117587641e+00
1.157974286825757e+00
1.157791663794819e+00

7
1.157698586505113e+00
1.157515637276263e+00
1.157245998720940e+00
1.156976076190506e+00
1.156790152607502e+00

8
1.156696478079710e+00
1.156510452499765e+00
1.156237749562425e+00
1.155963521057628e+00
1.155777165581958e+00

9
1.155682113879016e+00
1.155493835281356e+00
1.155216564466879e+00
1.154939021372858e+00
1.154746518821962e+00

10
1.154650329935326e+00
1.154459507014592e+00
1.154179081255515e+00
1.153898927930617e+00
1.153706916336647e+00

11
1.153608139197682e+00
1.153414577241521e+00
1.153130714609324e+00
1.152845878432901e+00
1.152650619903819e+00

12
1.152550925669610e+00
1.152355083107085e+00
1.152067328385911e+00
1.151778545686169e+00
1.151580818508225e+00

13
1.151479704562122e+00
1.151281135939900e+00
1.150989380056535e+00
1.150696580482508e+00
1.150495874863270e+00

14
1.150393611873185e+00
1.150192251153228e+00
1.149896419605552e+00
1.149599599379308e+00
1.149396298259876e+00

15
1.149292297515154e+00
1.149088158371026e+00
1.148788212202297e+00
1.148486952716113e+00
1.148282343789639e+00

16
1.148176867199529e+00
1.147969700494336e+00
1.147665346962434e+00
1.147359918041963e+00
1.147150671870213e+00

17
1.147043613199621e+00
1.146833441770494e+00
1.146524637227084e+00
1.146214734723914e+00
1.146002019865119e+00

18
1.145893725552766e+00
1.145680451330563e+00
1.145367189007978e+00
1.145052694751870e+00
1.144837150181113e+00

19
1.144726933339305e+00
1.144511356047902e+00
1.144192950440046e+00
1.143873602805836e+00
1.143651879802359e+00

20
1.143542314745139e+00
1.143322823606615e+00
1.142999862617945e+00
1.142675683855748e+00
1.142453373715896e+00

21
1.142339844402252e+00
1.142116720558424e+00
1.141788819087137e+00
1.141459295527319e+00
1.141235085996138e+00

22
1.141119876268387e+00
1.140893219141069e+00
1.140560100071981e+00
1.140225594714509e+00
1.139996226651191e+00

23
1.139879051899494e+00
1.139648797558503e+00
1.139310368762551e+00
1.138970503480405e+00
1.138737444383625e+00

24
1.138618393120323e+00
1.138384428202546e+00
1.138040530590361e+00
1.137695155317124e+00
1.137458315897115e+00

25
1.137337318541221e+00
1.137099530715010e+00
1.136750003108491e+00
1.136398952196449e+00
1.136158220282991e+00

26
1.136035218266440e+00
1.135793492612215e+00
1.135438164065198e+00
1.135081265547568e+00
1.134836517284464e+00

27
1.134711454540121e+00
1.134465676072754e+00
1.134104374587272e+00
1.133741456805959e+00
1.133492562745627e+00

28
1.133365384667859e+00
1.133115434805515e+00
1.132747979340681e+00
1.132378857589323e+00
1.132125683538810e+00

29
1.131996329549587e+00
1.131742081518775e+00
1.131368282431390e+00
1.130992762250216e+00
1.130735176647122e+00

30
1.130603581799436e+00
1.130344900543981e+00
1.129964524508468e+00
1.129582425574289e+00
1.129320333335265e+00

31
1.129186537156311e+00
1.128923300518346e+00
1.128536243828980e+00
1.128147351854691e+00
1.127880633101302e+00

32
1.127744281449814e+00
1.127476315911674e+00
1.127082277174412e+00
1.126686455669745e+00
1.126415054656034e+00

33
1.126276212919590e+00
1.126003397519090e+00
1.125602218480637e+00
1.125199202733956e+00
1.124922867354459e+00

34
1.124781477557932e+00
1.124503670541340e+00
1.124095138972832e+00
1.123684720066652e+00
1.123403300809057e+00

35
1.123259299253033e+00
1.122976377312815e+00
1.122560335538984e+00
1.122142230029786e+00
1.121855578203708e+00

36
1.121708780829120e+00
1.121420875904185e+00
1.120996849469575e+00
1.120570574147267e+00
1.120279757016262e+00

37
1.120130471658672e+00
1.119836880706810e+00
1.119404917863908e+00
1.118970777081246e+00
1.118672910816615e+00

38
1.118520642905574e+00
1.118221291786341e+00
1.117780997424401e+00
1.117338574222844e+00
1.117035146459003e+00

39
1.116879781172921e+00
1.116575029738696e+00
1.116126025591895e+00
1.115674653815037e+00
1.115365868520484e+00

40
1.115207592161730e+00
1.114896559848968e+00
1.114438887651612e+00
1.113978841100315e+00
1.113663175336413e+00

41
1.113501640063604e+00
1.113184820221641e+00
1.112717769016176e+00
1.112248437365334e+00
1.111926444121555e+00

42
1.111761177277978e+00
1.111438051091026e+00
1.110961561611203e+00
1.110482803012850e+00
1.110153117341455e+00

43
1.109984494566855e+00
1.109654351438406e+00
1.109168230690840e+00
1.108679503480811e+00
1.108342418235983e+00

44
1.108170532084330e+00
1.107832490381445e+00
1.107336345963204e+00
1.106837464304562e+00
1.106495013776394e+00

45
1.106319981396937e+00
1.105975727673628e+00
1.105469228288729e+00
1.104959900980659e+00
1.104610469431933e+00

46
1.104431455618092e+00
1.104080359523103e+00
1.103562698410860e+00
1.103042943903990e+00
1.102685011232240e+00

47
1.102501393402431e+00
1.102143095477335e+00
1.101614331752042e+00
1.101083108775118e+00
1.100717727749166e+00

48
1.100530015361776e+00
1.100163176975981e+00
1.099623383423167e+00
1.099080486343265e+00
1.098707814179430e+00

49
1.098517216050394e+00
1.098142415784814e+00
1.097590830111101e+00
1.097036023578984e+00
1.096655197880636e+00

50
1.096460374326446e+00
1.096077296586154e+00
1.095513513319331e+00
1.094946398871912e+00
1.094557228986161e+00

51
1.094357963188371e+00
1.093966334530920e+00
1.093389949895049e+00
1.092810122895247e+00
1.092412270848257e+00

52
1.092208455754953e+00
1.091807997634543e+00
1.091218587626367e+00
1.090625621433964e+00
1.090218711200743e+00

53
1.090010272803219e+00
1.089600677590052e+00
1.088997769121063e+00
1.088391399628198e+00
1.087975127906365e+00

54
1.087761501117116e+00
1.087344133670610e+00
1.086725799650117e+00
1.086106705564752e+00
1.085675848993270e+00

55
1.085451865119147e+00
1.085022984571848e+00
1.084391619515278e+00
1.083756364701953e+00
1.083320193863646e+00

56
1.083096699386029e+00
1.082658706412755e+00
1.082011902457309e+00
1.081361818994954e+00
1.080912965263238e+00

57
1.080683084454793e+00
1.080232931943058e+00
1.079571156065283e+00
1.078905141031545e+00
1.078447742672503e+00

58
1.078213762041260e+00
1.077753452630272e+00
1.077075708633857e+00
1.076393599371527e+00
1.075925131035734e+00

59
1.075685429433139e+00
1.075213920590762e+00
1.074519635357370e+00
1.073820831657954e+00
1.073340860565205e+00

60
1.073095270386330e+00
1.072612153182899e+00
1.071900729118370e+00
1.071184621227697e+00
1.070692746668844e+00

61
1.070441028541683e+00
1.069945856204173e+00
1.069216587182389e+00
1.068482688560394e+00
1.067978577716768e+00

62
1.067720584366671e+00
1.067212957225536e+00
1.066465230768612e+00
1.065712797591764e+00
1.065195977000607e+00

63
1.064931602298596e+00
1.064411086008047e+00
1.063644369407469e+00
1.062872649294144e+00
1.062342731921211e+00

64
1.062071276013948e+00
1.061537389060411e+00
1.060750946718776e+00
1.059959297713743e+00
1.059415690451066e+00

65
1.059137181035990e+00
1.058589444185645e+00
1.057782621372992e+00
1.056970182104240e+00
1.056412081658568e+00

66
1.056126277963191e+00
1.055564102657337e+00
1.054735906698876e+00
1.053902141640884e+00
1.053329310686097e+00

67
1.053036051033653e+00
1.052458961360786e+00
1.051608713593939e+00
1.050752687419912e+00
1.050164511502081e+00

68
1.049863386789275e+00
1.049270792921042e+00
1.048397650515835e+00
1.047518517669499e+00
1.046914406183642e+00

69
1.046605119406203e+00
1.045996431010778e+00
1.045099524436139e+00
1.044196410113478e+00
1.043575782908089e+00

70
1.043258001864414e+00
1.042632633083888e+00
1.041711145891469e+00
1.040782889128748e+00
1.040145140617557e+00

71
1.039818284540474e+00
1.039175504178619e+00
1.038228318697930e+00
1.037274084639060e+00
1.036618287543053e+00

72
1.036282405264172e+00
1.035621508185149e+00
1.034647486301597e+00
1.033666479165775e+00
1.032992179246789e+00

73
1.032646877156000e+00
1.031967241695217e+00
1.030965570589721e+00
1.029956273137715e+00
1.029262706456780e+00

74
1.028907167742513e+00
1.028207895927785e+00
1.027177145748051e+00
1.026138764852921e+00
1.025425079606145e+00

75
1.025059449617925e+00
1.024339828090316e+00
1.023278983087824e+00
1.022210235838393e+00
1.021475484655514e+00

76
1.021099163017784e+00
1.020358367439442e+00
1.019266302166862e+00
1.018165619411537e+00
1.017409066332930e+00

77
1.017021197327754e+00
1.016258207088837e+00
1.015133268765609e+00
1.013999706435772e+00
1.013220380282005e+00

78
1.012821101422682e+00
1.012035117071056e+00
1.010876244707085e+00
1.009708005494952e+00
1.008904748331708e+00

79
1.008493094291254e+00
1.007683007029169e+00
1.006488519919079e+00
1.005284241422127e+00
1.004456059297350e+00

80
1.004031738750747e+00
1.003196498057387e+00
1.001964808682154e+00
1.000722886535227e+00
9.998689776911145e-01

81
9.994310678968281e-01
9.985694805159043e-01
9.972987294980094e-01
9.960177361494101e-01
9.951366481603096e-01

82
9.946851936310310e-01
9.937962296382505e-01
9.924850361849539e-01
9.911626480081249e-01
9.902532407623457e-01

83
9.897868108983682e-01
9.888689961854976e-01
9.875150556297152e-01
9.861499056895294e-01
9.852107166719735e-01

84
9.847294414099901e-01
9.837816324887330e-01
9.823833647775192e-01
9.809728199786376e-01
9.800025564049070e-01

85
9.795049177534643e-01
9.785255116926143e-01
9.770805264310592e-01
9.756226745248417e-01
9.746196717826427e-01

86
9.741053094905084e-01
9.730928068778845e-01
9.715988025810044e-01
9.700912800155169e-01
9.690537852783772e-01

87
9.685220053158430e-01
9.674747487396489e-01
9.659292688871705e-01
9.643695753353912e-01
9.632961355887403e-01

88
9.627457716851358e-01
9.616619673471805e-01
9.600623672198252e-01
9.584478204180078e-01
9.573367149609101e-01

89
9.567666432959835e-01
9.556443780217596e-01
9.539878128662126e-01
9.523155166591710e-01
9.511644860363192e-01

90
9.505739049093248e-01
9.494111514556132e-01
9.476945723587746e-01
9.459614012193833e-01
9.447680798240280e-01

91
9.441560772674437e-01
9.429506275598909e-01
9.411707369694798e-01
9.393733166457701e-01
9.381354874386596e-01

92
9.375007432376991e-01
9.362501950765405e-01
9.344034308579182e-01
9.325381301322985e-01
9.312533884352443e-01

93
9.305944779199270e-01
9.292962368884436e-01
9.273787381285971e-01
9.254416140008230e-01
9.241073128836523e-01

94
9.234227137967237e-01
9.220739584458011e-01
9.200815202619447e-01
9.180682778173006e-01
9.166814405163135e-01

95
9.159695923710119e-01
9.145672644424343e-01
9.124953179763374e-01
9.104012806847339e-01
9.089586037790179e-01

96
9.082178620926806e-01
9.067586229429360e-01
9.046021676605347e-01
9.024222069579949e-01
9.009200607320708e-01

97
9.001486297392223e-01
8.986288151473872e-01
8.963823682872563e-01
8.941108637060424e-01
8.925452942183364e-01

98
8.917411837423088e-01
8.901567719252576e-01
8.878143110819859e-01
8.854450762684234e-01
8.838117524135162e-01

99
8.829727362579937e-01
8.813192806643225e-01
8.788741427382669e-01
8.764003294095567e-01
8.746944761558185e-01

100
8.738180694935215e-01
8.720906466353222e-01
8.695354544612194e-01
8.669494758585168e-01
8.651658034379088e-01

101
8.642492408025152e-01
8.624423779667814e-01
8.597689165066283e-01
8.570623064755779e-01
8.551948953560083e-01

102
8.542350911517504e-01
8.523426634426805e-01
8.495417318094348e-01
8.467050032583948e-01
8.447471949708075e-01

103
8.437407128633031e-01
8.417558517261158e-01
8.388171189806399e-01
8.358395980822070e-01
8.337838499436013e-01

104
8.327268472715446e-01
8.306417937373799e-01
8.275535644075251e-01
8.244231432326100e-01
8.222608554004879e-01

105
8.211489958716004e-01
8.189549312039491e-01
8.157038963861999e-01
8.124067828443934e-01
8.101281534857248e-01

106
8.089564794448855e-01
8.066433283614900e-01
8.032142467860041e-01
7.997346072315753e-01
7.973284455218236e-01

107
7.960911563015880e-01
7.936472881236102e-01
7.900225386989389e-01
7.863420400003105e-01
7.837955318271315e-01

108
7.824857325842300e-01
7.798976210257461e-01
7.760566936322767e-01
7.721539538022292e-01
7.694522299546531e-01

109
7.680617316567355e-01
7.653134993092156e-01
7.612322683442707e-01
7.570820467106655e-01
7.542075031233338e-01

110
7.527266179715739e-01
7.497994134506273e-01
7.454491769822565e-01
7.410213347906917e-01
7.379522327488387e-01

111
7.363700347565225e-01
7.332412688741702e-01
7.285874859715558e-01
7.238455940637484e-01
7.205551751722592e-01

112
7.188587521883203e-01
7.155009575631267e-01
7.105013944311652e-01
7.054007512396955e-01
7.018570095927202e-01

113
7.000294538035685e-01
6.964085783365722e-01
6.910107363922749e-01
6.854955684677410e-01
6.816593326189251e-01

114
6.796784341128169e-01
6.757514467269925e-01
6.698887713264409e-01
6.638878696761822e-01
6.597079857375353e-01

115
6.575460580623038e-01
6.532573773960495e-01
6.468433716685422e-01
6.402634133638788e-01
6.356700834414375e-01

116
6.332928364480568e-01
6.285687985614912e-01
6.214877220262869e-01
6.142027939100178e-01
6.091038638745564e-01

117
6.064615404767923e-01
6.012006655385910e-01
5.932917219136387e-01
5.851249694617039e-01
5.793916049859255e-01

118
5.764110663874703e-01
5.704670284865295e-01
5.614959123511853e-01
5.521853827286800e-01
5.456179447689383e-01

119
5.421947649886018e-01
5.353442614728355e-01
5.249468829959842e-01
5.140767594898974e-01
5.063553806404478e-01

120
5.023149827564158e-01
4.941867866433124e-01
4.817429847871085e-01
4.685827647778810e-01
4.591358928997022e-01

121
4.541486934660947e-01
4.440420301287409e-01
4.283362807720079e-01
4.113765563491752e-01
3.989427374650611e-01

122
3.922890736294896e-01
3.785670603328397e-01
3.565416157245108e-01
3.315624147439855e-01
3.122388704770326e-01

123
3.014125331294517e-01
2.780201000277705e-01
2.355186083208412e-01
1.716466254764228e-01
9.482467589967486e-02

124
6.301090856970569e-02
5.679450868093532e-02
5.623026916082927e-02
5.625477809123836e-02
5.616254121509438e-02

125
5.626528402487937e-02
5.623470821136244e-02
5.623603992711764e-02
5.623244782528430e-02
5.623699012780362e-02

126
5.623246430830331e-02
5.623426837973265e-02
5.623415705390925e-02
5.623403843872556e-02
5.623438824879659e-02

127
5.623399400116743e-02
5.623413715583671e-02
5.623413399674333e-02
5.623412683714908e-02
5.623414705520662e-02

128
5.623412557538605e-02
5.623413246920481e-02
5.623413268967487e-02
5.623413218395676e-02
5.623413322760532e-02

129
5.623413223555299e-02
5.623413250054431e-02
5.623413253350607e-02
5.623413250022047e-02
5.623413255092950e-02

130
5.623413250919487e-02
5.623413251738445e-02
5.623413252002610e-02
5.623413251802273e-02
5.623413252039628e-02

131
5.623413251875659e-02
5.623413251891933e-02
5.623413251909039e-02
5.623413251897816e-02
5.623413251908648e-02

132
5.623413251902593e-02
5.623413251902349e-02
5.623413251903338e-02
5.623413251902740e-02
5.623413251903227e-02

133
5.623413251903019e-02
5.623413251902964e-02
5.623413251903016e-02
5.623413251902987e-02
5.623413251903010e-02

134
5.623413251903003e-02
5.623413251902998e-02
5.623413251903000e-02
5.623413251902999e-02
5.623413251903000e-02

135
5.623413251902999e-02
5.623413251903000e-02
5.623413251903000e-02
5.623413251903000e-02
5.623413251903000e-02

136
5.623413251903000e-02
5.623413251903000e-02
5.623413251903000e-02
5.623413251903000e-02
5.623413251903000e-02

137
5.623413251903000e-02
5.623413251903000e-02
5.623413251903000e-02
5.623413251903000e-02
5.623413251903000e-02

138
5.623413251903000e-02
5.623413251903000e-02
5.623413251903000e-02
5.623413251903000e-02
5.623413251903000e-02

139
5.623413251903000e-02
5.623413251903000e-02
5.623413251903000e-02
5.623413251903000e-02
5.623413251903000e-02

140
5.623413251903000e-02
5.623413251903000e-02
5.623413251903000e-02
5.623413251903000e-02
5.623413251903000e-02

141
5.623413251903000e-02
5.623413251903000e-02
5.623413251903000e-02
5.623413251903000e-02
5.623413251903000e-02

142
5.623413251903000e-02
5.623413251903000e-02
5.623413251903000e-02
5.623413251903000e-02
5.623413251903000e-02

143
5.623413251903000e-02
5.623413251903000e-02
5.623413251903000e-02
5.623413251903000e-02
5.623413251903000e-02

144
5.623413251903000e-02
5.623413251903000e-02
5.623413251903000e-02
5.623413251903000e-02
5.623413251903000e-02

145
5.623413251903000e-02
5.623413251903000e-02
5.623413251903000e-02
5.623413251903000e-02
5.623413251903000e-02

146
5.623413251903000e-02
5.623413251903000e-02
5.623413251903000e-02
5.623413251903000e-02
5.623413251903000e-02

147
5.623413251903000e-02
5.623413251903000e-02
5.623413251903000e-02
5.623413251903000e-02
5.623413251903000e-02

148
5.623413251903000e-02
5.623413251903000e-02
5.623413251903000e-02
5.623413251903000e-02
5.623413251903000e-02

149
5.623413251903000e-02
5.623413251903000e-02
5.623413251903000e-02
5.623413251903000e-02
5.623413251903000e-02

150
5.623413251903000e-02
5.623413251903000e-02
5.623413251903000e-02
5.623413251903000e-02
5.623413251903000e-02

151
5.623413251903000e-02
5.623413251903000e-02
5.623413251903000e-02
5.623413251903000e-02
5.623413251903000e-02

152
5.623413251903000e-02
5.623413251903000e-02
5.623413251903000e-02
5.623413251903000e-02
5.623413251903000e-02

153
5.623413251903000e-02
5.623413251903000e-02
5.623413251903000e-02
5.623413251903000e-02
5.623413251903000e-02

154
5.623413251903000e-02
5.623413251903000e-02
5.623413251903000e-02
5.623413251903000e-02
5.623413251903000e-02

155
5.623413251903000e-02
5.623413251903000e-02
5.623413251903000e-02
5.623413251903000e-02
5.623413251903000e-02

156
5.623413251903000e-02
5.623413251903000e-02
5.623413251903000e-02
5.623413251903000e-02
5.623413251903000e-02

157
5.623413251903000e-02
5.623413251903000e-02
5.623413251903000e-02
5.623413251903000e-02
5.623413251903000e-02

158
5.623413251903000e-02
5.623413251903000e-02
5.623413251903000e-02
5.623413251903000e-02
5.623413251903000e-02

159
5.623413251903000e-02
5.623413251903000e-02
5.623413251903000e-02
5.623413251903000e-02
5.623413251903000e-02

160
5.623413251903000e-02
5.623413251903000e-02
5.623413251903000e-02
5.623413251903000e-02
5.623413251903000e-02

161
5.623413251903000e-02
5.623413251903000e-02
5.623413251903000e-02
5.623413251903000e-02
5.623413251903000e-02

162
5.623413251903000e-02
5.623413251903000e-02
5.623413251903000e-02
5.623413251903000e-02
5.623413251903000e-02

163
5.623413251903000e-02
5.623413251903000e-02
5.623413251903000e-02
5.623413251903000e-02
5.623413251903000e-02

164
5.623413251903000e-02
5.623413251903000e-02
5.623413251903000e-02
5.623413251903000e-02
5.623413251903000e-02

165
5.623413251903000e-02
5.623413251903000e-02
5.623413251903000e-02
5.623413251903000e-02
5.623413251903000e-02

166
5.623413251903000e-02
5.623413251903000e-02
5.623413251903000e-02
5.623413251903000e-02
5.623413251903000e-02

167
5.623413251903000e-02
5.623413251903000e-02
5.623413251903000e-02
5.623413251903000e-02
5.623413251903000e-02

168
5.623413251903000e-02
5.623413251903000e-02
5.623413251903000e-02
5.623413251903000e-02
5.623413251903000e-02

169
5.623413251903000e-02
5.623413251903000e-02
5.623413251903000e-02
5.623413251903000e-02
5.623413251903000e-02

170
5.623413251903000e-02
5.623413251903000e-02
5.623413251903000e-02
5.623413251903000e-02
5.623413251903000e-02

171
5.623413251903000e-02
5.623413251903000e-02
5.623413251903000e-02
5.623413251903000e-02
5.623413251903000e-02

172
5.623413251903000e-02
5.623413251903000e-02
5.623413251903000e-02
5.623413251903000e-02
5.623413251903000e-02

173
5.623413251903000e-02
5.623413251903000e-02
5.623413251903000e-02
5.623413251903000e-02
5.623413251903000e-02

174
5.623413251903000e-02
5.623413251903000e-02
5.623413251903000e-02
5.623413251903000e-02
5.623413251903000e-02

175
5.623413251903000e-02
5.623413251903000e-02
5.623413251903000e-02
5.623413251903000e-02
5.623413251903000e-02

176
5.623413251903000e-02
5.623413251903000e-02
5.623413251903000e-02
5.623413251903000e-02
5.623413251903000e-02

177
5.623413251903000e-02
5.623413251903000e-02
5.623413251903000e-02
5.623413251903000e-02
5.623413251903000e-02

178
5.623413251903000e-02
5.623413251903000e-02
5.623413251903000e-02
5.623413251903000e-02
5.623413251903000e-02

179
5.623413251903000e-02
5.623413251903000e-02
5.623413251903000e-02
5.623413251903000e-02
5.623413251903000e-02

180
5.623413251903000e-02
5.623413251903000e-02
5.623413251903000e-02
5.623413251903000e-02
5.623413251903000e-02

181
5.623413251903000e-02
5.623413251903000e-02
5.623413251903000e-02
5.623413251903000e-02
5.623413251903000e-02

182
5.623413251903000e-02
5.623413251903000e-02
5.623413251903000e-02
5.623413251903000e-02
5.623413251903000e-02

183
5.623413251903000e-02
5.623413251903000e-02
5.623413251903000e-02
5.623413251903000e-02
5.623413251903000e-02

184
5.623413251903000e-02
5.623413251903000e-02
5.623413251903000e-02
5.623413251903000e-02
5.623413251903000e-02

185
5.623413251903000e-02
5.623413251903000e-02
5.623413251903000e-02
5.623413251903000e-02
5.623413251903000e-02

186
5.623413251903000e-02
5.623413251903000e-02
5.623413251903000e-02
5.623413251903000e-02
5.623413251903000e-02

187
5.623413251903000e-02
5.623413251903000e-02
5.623413251903000e-02
5.623413251903000e-02
5.623413251903000e-02

188
5.623413251903000e-02
5.623413251903000e-02
5.623413251903000e-02
5.623413251903000e-02
5.623413251903000e-02

189
5.623413251903000e-02
5.623413251903000e-02
5.623413251903000e-02
5.623413251903000e-02
5.623413251903000e-02

190
5.623413251903000e-02
5.623413251903000e-02
5.623413251903000e-02
5.623413251903000e-02
5.623413251903000e-02

191
5.623413251903000e-02
5.623413251903000e-02
5.623413251903000e-02
5.623413251903000e-02
5.623413251903000e-02

192
5.623413251903000e-02
5.623413251903000e-02
5.623413251903000e-02
5.623413251903000e-02
5.623413251903000e-02

193
5.623413251903000e-02
5.623413251903000e-02
5.623413251903000e-02
5.623413251903000e-02
5.623413251903000e-02

194
5.623413251903000e-02
5.623413251903000e-02
5.623413251903000e-02
5.623413251903000e-02
5.623413251903000e-02

195
5.623413251903000e-02
5.623413251903000e-02
5.623413251903000e-02
5.623413251903000e-02
5.623413251903000e-02

196
5.623413251903000e-02
5.623413251903000e-02
5.623413251903000e-02
5.623413251903000e-02
5.623413251903000e-02

197
5.623413251903000e-02
5.623413251903000e-02
5.623413251903000e-02
5.623413251903000e-02
5.623413251903000e-02

198
5.623413251903000e-02
5.623413251903000e-02
5.623413251903000e-02
5.623413251903000e-02
5.623413251903000e-02

199
5.623413251903000e-02
5.623413251903000e-02
5.623413251903000e-02
5.623413251903000e-02
5.623413251903000e-02

200
5.623413251903000e-02
5.623413251903000e-02
5.623413251903000e-02
5.623413251903000e-02
5.623413251903000e-02

201
5.623413251903000e-02
5.623413251903000e-02
5.623413251903000e-02
5.623413251903000e-02
5.623413251903000e-02

202
5.623413251903000e-02
5.623413251903000e-02
5.623413251903000e-02
5.623413251903000e-02
5.623413251903000e-02

203
5.623413251903000e-02
5.623413251903000e-02
5.623413251903000e-02
5.623413251903000e-02
5.623413251903000e-02

204
5.623413251903000e-02
5.623413251903000e-02
5.623413251903000e-02
5.623413251903000e-02
5.623413251903000e-02

205
5.623413251903000e-02
5.623413251903000e-02
5.623413251903000e-02
5.623413251903000e-02
5.623413251903000e-02

206
5.623413251903000e-02
5.623413251903000e-02
5.623413251903000e-02
5.623413251903000e-02
5.623413251903000e-02

207
5.623413251903000e-02
5.623413251903000e-02
5.623413251903000e-02
5.623413251903000e-02
5.623413251903000e-02

208
5.623413251903000e-02
5.623413251903000e-02
5.623413251903000e-02
5.623413251903000e-02
5.623413251903000e-02

209
5.623413251903000e-02
5.623413251903000e-02
5.623413251903000e-02
5.623413251903000e-02
5.623413251903000e-02

210
5.623413251903000e-02
5.623413251903000e-02
5.623413251903000e-02
5.623413251903000e-02
5.623413251903000e-02

211
5.623413251903000e-02
5.623413251903000e-02
5.623413251903000e-02
5.623413251903000e-02
5.623413251903000e-02

212
5.623413251903000e-02
5.623413251903000e-02
5.623413251903000e-02
5.623413251903000e-02
5.623413251903000e-02

213
5.623413251903000e-02
5.623413251903000e-02
5.623413251903000e-02
5.623413251903000e-02
5.623413251903000e-02

214
5.623413251903000e-02
5.623413251903000e-02
5.623413251903000e-02
5.623413251903000e-02
5.623413251903000e-02

215
5.623413251903000e-02
5.623413251903000e-02
5.623413251903000e-02
5.623413251903000e-02
5.623413251903000e-02

216
5.623413251903000e-02
5.623413251903000e-02
5.623413251903000e-02
5.623413251903000e-02
5.623413251903000e-02

217
5.623413251903000e-02
5.623413251903000e-02
5.623413251903000e-02
5.623413251903000e-02
5.623413251903000e-02

218
5.623413251903000e-02
5.623413251903000e-02
5.623413251903000e-02
5.623413251903000e-02
5.623413251903000e-02

219
5.623413251903000e-02
5.623413251903000e-02
5.623413251903000e-02
5.623413251903000e-02
5.623413251903000e-02

220
5.623413251903000e-02
5.623413251903000e-02
5.623413251903000e-02
5.623413251903000e-02
5.623413251903000e-02

221
5.623413251903000e-02
5.623413251903000e-02
5.623413251903000e-02
5.623413251903000e-02
5.623413251903000e-02

222
5.623413251903000e-02
5.623413251903000e-02
5.623413251903000e-02
5.623413251903000e-02
5.623413251903000e-02

223
5.623413251903000e-02
5.623413251903000e-02
5.623413251903000e-02
5.623413251903000e-02
5.623413251903000e-02

224
5.623413251903000e-02
5.623413251903000e-02
5.623413251903000e-02
5.623413251903000e-02
5.623413251903000e-02

225
5.623413251903000e-02
5.623413251903000e-02
5.623413251903000e-02
5.623413251903000e-02
5.623413251903000e-02

226
5.623413251903000e-02
5.623413251903000e-02
5.623413251903000e-02
5.623413251903000e-02
5.623413251903000e-02

227
5.623413251903000e-02
5.623413251903000e-02
5.623413251903000e-02
5.623413251903000e-02
5.623413251903000e-02

228
5.623413251903000e-02
5.623413251903000e-02
5.623413251903000e-02
5.623413251903000e-02
5.623413251903000e-02

229
5.623413251903000e-02
5.623413251903000e-02
5.623413251903000e-02
5.623413251903000e-02
5.623413251903000e-02

230
5.623413251903000e-02
5.623413251903000e-02
5.623413251903000e-02
5.623413251903000e-02
5.623413251903000e-02

231
5.623413251903000e-02
5.623413251903000e-02
5.623413251903000e-02
5.623413251903000e-02
5.623413251903000e-02

232
5.623413251903000e-02
5.623413251903000e-02
5.623413251903000e-02
5.623413251903000e-02
5.623413251903000e-02

233
5.623413251903000e-02
5.623413251903000e-02
5.623413251903000e-02
5.623413251903000e-02
5.623413251903000e-02

234
5.623413251903000e-02
5.623413251903000e-02
5.623413251903000e-02
5.623413251903000e-02
5.623413251903000e-02

235
5.623413251903000e-02
5.623413251903000e-02
5.623413251903000e-02
5.623413251903000e-02
5.623413251903000e-02

236
5.623413251903000e-02
5.623413251903000e-02
5.623413251903000e-02
5.623413251903000e-02
5.623413251903000e-02

237
5.623413251903000e-02
5.623413251903000e-02
5.623413251903000e-02
5.623413251903000e-02
5.623413251903000e-02

238
5.623413251903000e-02
5.623413251903000e-02
5.623413251903000e-02
5.623413251903000e-02
5.623413251903000e-02

239
5.623413251903000e-02
5.623413251903000e-02
5.623413251903000e-02
5.623413251903000e-02
5.623413251903000e-02

240
5.623413251903000e-02
5.623413251903000e-02
5.623413251903000e-02
5.623413251903000e-02
5.623413251903000e-02

241
5.623413251903000e-02
5.623413251903000e-02
5.623413251903000e-02
5.623413251903000e-02
5.623413251903000e-02

242
5.623413251903000e-02
5.623413251903000e-02
5.623413251903000e-02
5.623413251903000e-02
5.623413251903000e-02

243
5.623413251903000e-02
5.623413251903000e-02
5.623413251903000e-02
5.623413251903000e-02
5.623413251903000e-02

244
5.623413251903000e-02
5.623413251903000e-02
5.623413251903000e-02
5.623413251903000e-02
5.623413251903000e-02

245
5.623413251903000e-02
5.623413251903000e-02
5.623413251903000e-02
5.623413251903000e-02
5.623413251903000e-02

246
5.623413251903000e-02
5.623413251903000e-02
5.623413251903000e-02
5.623413251903000e-02
5.623413251903000e-02

247
5.623413251903000e-02
5.623413251903000e-02
5.623413251903000e-02
5.623413251903000e-02
5.623413251903000e-02

248
5.623413251903000e-02
5.623413251903000e-02
5.623413251903000e-02
5.623413251903000e-02
5.623413251903000e-02

249
5.623413251903000e-02
5.623413251903000e-02
5.623413251903000e-02
5.623413251903000e-02
5.623413251903000e-02

250
5.623413251903000e-02
5.623413251903000e-02
5.623413251903000e-02
5.623413251903000e-02
5.623413251903000e-02

251
5.623413251903000e-02
5.623413251903000e-02
5.623413251903000e-02
5.623413251903000e-02
5.623413251903000e-02

252
5.623413251903000e-02
5.623413251903000e-02
5.623413251903000e-02
5.623413251903000e-02
5.623413251903000e-02

253
5.623413251903000e-02
5.623413251903000e-02
5.623413251903000e-02
5.623413251903000e-02
5.623413251903000e-02

254
5.623413251903000e-02
5.623413251903000e-02
5.623413251903000e-02
5.623413251903000e-02
5.623413251903000e-02

255
5.623413251903000e-02
5.623413251903000e-02
5.623413251903000e-02
5.623413251903000e-02
5.623413251903000e-02

256
5.623413251903000e-02
5.623413251903000e-02
5.623413251903000e-02
5.623413251903000e-02
5.623413251903000e-02

257
5.623413251903000e-02
5.623413251903000e-02
5.623413251903000e-02
5.623413251903000e-02
5.623413251903000e-02

258
5.623413251903000e-02
5.623413251903000e-02
5.623413251903000e-02
5.623413251903000e-02
5.623413251903000e-02

259
5.623413251903000e-02
5.623413251903000e-02
5.623413251903000e-02
5.623413251903000e-02
5.623413251903000e-02

260
5.623413251903000e-02
5.623413251903000e-02
5.623413251903000e-02
5.623413251903000e-02
5.623413251903000e-02

261
5.623413251903000e-02
5.623413251903000e-02
5.623413251903000e-02
5.623413251903000e-02
5.623413251903000e-02

262
5.623413251903000e-02
5.623413251903000e-02
5.623413251903000e-02
5.623413251903000e-02
5.623413251903000e-02

263
5.623413251903000e-02
5.623413251903000e-02
5.623413251903000e-02
5.623413251903000e-02
5.623413251903000e-02

264
5.623413251903000e-02
5.623413251903000e-02
5.623413251903000e-02
5.623413251903000e-02
5.623413251903000e-02

265
5.623413251903000e-02
5.623413251903000e-02
5.623413251903000e-02
5.623413251903000e-02
5.623413251903000e-02

266
5.623413251903000e-02
5.623413251903000e-02
5.623413251903000e-02
5.623413251903000e-02
5.623413251903000e-02

267
5.623413251903000e-02
5.623413251903000e-02
5.623413251903000e-02
5.623413251903000e-02
5.623413251903000e-02

268
5.623413251903000e-02
5.623413251903000e-02
5.623413251903000e-02
5.623413251903000e-02
5.623413251903000e-02

269
5.623413251903000e-02
5.623413251903000e-02
5.623413251903000e-02
5.623413251903000e-02
5.623413251903000e-02

270
5.623413251903000e-02
5.623413251903000e-02
5.623413251903000e-02
5.623413251903000e-02
5.623413251903000e-02

271
5.623413251903000e-02
5.623413251903000e-02
5.623413251903000e-02
5.623413251903000e-02
5.623413251903000e-02

272
5.623413251903000e-02
5.623413251903000e-02
5.623413251903000e-02
5.623413251903000e-02
5.623413251903000e-02

273
5.623413251903000e-02
5.623413251903000e-02
5.623413251903000e-02
5.623413251903000e-02
5.623413251903000e-02

274
5.623413251903000e-02
5.623413251903000e-02
5.623413251903000e-02
5.623413251903000e-02
5.623413251903000e-02

275
5.623413251903000e-02
5.623413251903000e-02
5.623413251903000e-02
5.623413251903000e-02
5.623413251903000e-02

276
5.623413251903000e-02
5.623413251903000e-02
5.623413251903000e-02
5.623413251903000e-02
5.623413251903000e-02

277
5.623413251903000e-02
5.623413251903000e-02
5.623413251903000e-02
5.623413251903000e-02
5.623413251903000e-02

278
5.623413251903000e-02
5.623413251903000e-02
5.623413251903000e-02
5.623413251903000e-02
5.623413251903000e-02

279
5.623413251903000e-02
5.623413251903000e-02
5.623413251903000e-02
5.623413251903000e-02
5.623413251903000e-02

280
5.623413251903000e-02
5.623413251903000e-02
5.623413251903000e-02
5.623413251903000e-02
5.623413251903000e-02

281
5.623413251903000e-02
5.623413251903000e-02
5.623413251903000e-02
5.623413251903000e-02
5.623413251903000e-02

282
5.623413251903000e-02
5.623413251903000e-02
5.623413251903000e-02
5.623413251903000e-02
5.623413251903000e-02

283
5.623413251903000e-02
5.623413251903000e-02
5.623413251903000e-02
5.623413251903000e-02
5.623413251903000e-02

284
5.623413251903000e-02
5.623413251903000e-02
5.623413251903000e-02
5.623413251903000e-02
5.623413251903000e-02

285
5.623413251903000e-02
5.623413251903000e-02
5.623413251903000e-02
5.623413251903000e-02
5.623413251903000e-02

286
5.623413251903000e-02
5.623413251903000e-02
5.623413251903000e-02
5.623413251903000e-02
5.623413251903000e-02

287
5.623413251903000e-02
5.623413251903000e-02
5.623413251903000e-02
5.623413251903000e-02
5.623413251903000e-02

288
5.623413251903000e-02
5.623413251903000e-02
5.623413251903000e-02
5.623413251903000e-02
5.623413251903000e-02

289
5.623413251903000e-02
5.623413251903000e-02
5.623413251903000e-02
5.623413251903000e-02
5.623413251903000e-02

290
5.623413251903000e-02
5.623413251903000e-02
5.623413251903000e-02
5.623413251903000e-02
5.623413251903000e-02

291
5.623413251903000e-02
5.623413251903000e-02
5.623413251903000e-02
5.623413251903000e-02
5.623413251903000e-02

292
5.623413251903000e-02
5.623413251903000e-02
5.623413251903000e-02
5.623413251903000e-02
5.623413251903000e-02

293
5.623413251903000e-02
5.623413251903000e-02
5.623413251903000e-02
5.623413251903000e-02
5.623413251903000e-02

294
5.623413251903000e-02
5.623413251903000e-02
5.623413251903000e-02
5.623413251903000e-02
5.623413251903000e-02

295
5.623413251903000e-02
5.623413251903000e-02
5.623413251903000e-02
5.623413251903000e-02
5.623413251903000e-02

296
5.623413251903000e-02
5.623413251903000e-02
5.623413251903000e-02
5.623413251903000e-02
5.623413251903000e-02

297
5.623413251903000e-02
5.623413251903000e-02
5.623413251903000e-02
5.623413251903000e-02
5.623413251903000e-02

298
5.623413251903000e-02
5.623413251903000e-02
5.623413251903000e-02
5.623413251903000e-02
5.623413251903000e-02

299
5.623413251903000e-02
5.623413251903000e-02
5.623413251903000e-02
5.623413251903000e-02
5.623413251903000e-02

300
5.623413251903000e-02
5.623413251903000e-02
5.623413251903000e-02
5.623413251903000e-02
5.623413251903000e-02

301
5.623413251903000e-02
5.623413251903000e-02
5.623413251903000e-02
5.623413251903000e-02
5.623413251903000e-02

302
5.623413251903000e-02
5.623413251903000e-02
5.623413251903000e-02
5.623413251903000e-02
5.623413251903000e-02

303
5.623413251903000e-02
5.623413251903000e-02
5.623413251903000e-02
5.623413251903000e-02
5.623413251903000e-02

304
5.623413251903000e-02
5.623413251903000e-02
5.623413251903000e-02
5.623413251903000e-02
5.623413251903000e-02

305
5.623413251903000e-02
5.623413251903000e-02
5.623413251903000e-02
5.623413251903000e-02
5.623413251903000e-02

306
5.623413251903000e-02
5.623413251903000e-02
5.623413251903000e-02
5.623413251903000e-02
5.623413251903000e-02

307
5.623413251903000e-02
5.623413251903000e-02
5.623413251903000e-02
5.623413251903000e-02
5.623413251903000e-02

308
5.623413251903000e-02
5.623413251903000e-02
5.623413251903000e-02
5.623413251903000e-02
5.623413251903000e-02

309
5.623413251903000e-02
5.623413251903000e-02
5.623413251903000e-02
5.623413251903000e-02
5.623413251903000e-02

310
5.623413251903000e-02
5.623413251903000e-02
5.623413251903000e-02
5.623413251903000e-02
5.623413251903000e-02

311
5.623413251903000e-02
5.623413251903000e-02
5.623413251903000e-02
5.623413251903000e-02
5.623413251902989e-02

312
5.623413251903010e-02
5.623413251903002e-02
5.623413251903138e-02
5.623413251902944e-02
5.623413251905306e-02

313
5.623413251899878e-02
5.623413251902176e-02
5.623413251907002e-02
5.623413251894643e-02
5.623413251996528e-02

314
5.623413251792316e-02
5.623413251862045e-02
5.623413252062617e-02
5.623413251521849e-02
5.623413255046614e-02

315
5.623413248823790e-02
5.623413250267070e-02
5.623413257121835e-02
5.623413237242922e-02
5.623413330813005e-02

316
5.623413207847728e-02
5.623413197214022e-02
5.623413375230768e-02
5.623412775613117e-02
5.623413795071414e-02

317
5.623415428799651e-02
5.623411853671623e-02
5.623413524234388e-02
5.623401489875709e-02
5.623308074323163e-02

318
5.623679382804684e-02
5.623401056308928e-02
5.623199105486802e-02
5.623333100005688e-02
5.613533187565024e-02

319
5.640657677677764e-02
5.627040662195390e-02
5.600797262424693e-02
5.659598424686157e-02
5.029446782290142e-02

