#Cell 
# Element_0
# Element_1
0
1.164496039460480e+00
1.160678643793614e+00

1
1.160759268641093e+00
1.156749257449118e+00

2
1.156840420373044e+00
1.152613972967698e+00

3
1.152716263661631e+00
1.148247498990787e+00

4
1.148362013183556e+00
1.143622357939312e+00

5
1.143750827426489e+00
1.138707193776247e+00

6
1.138851138516077e+00
1.133465896586868e+00

7
1.133627094712903e+00
1.127857490369100e+00

8
1.128037924150110e+00
1.121835171936622e+00

9
1.122037042144110e+00
1.115345316575739e+00

10
1.115571058609554e+00
1.108326278399662e+00

11
1.108578578474738e+00
1.100706920880784e+00

12
1.100988735814439e+00
1.092404798971790e+00

13
1.092719376971118e+00
1.083323888325683e+00

14
1.083674768694532e+00
1.073351705294238e+00

15
1.073742680675201e+00
1.062355582433989e+00

16
1.062790653270818e+00
1.050177794880915e+00

17
1.050661089579314e+00
1.036629123028725e+00

18
1.037164652857042e+00
1.021480114368879e+00

19
1.022071445822673e+00
1.004448832595866e+00

20
1.005098482051055e+00
9.851831402619994e-01

21
9.858906644731668e-01
9.632345964906563e-01

22
9.639939537236292e-01
9.380203930404873e-01

23
9.388176232586641e-01
9.087608571546636e-01

24
9.095626260282880e-01
8.743602666674183e-01

25
8.750709450094160e-01
8.332102681191920e-01

26
8.336507843321992e-01
7.828756451491087e-01

27
7.827975451379907e-01
7.189152680802360e-01

28
7.164515230514600e-01
6.304631778582760e-01

29
6.149308816721808e-01
4.928358942913910e-01

30
4.354725489045432e-01
2.709800676477371e-01

31
1.515269003898668e-01
6.231591110402392e-02

32
5.635284132516673e-02
5.623506852497522e-02

33
5.623414748241772e-02
5.623413263652392e-02

34
5.623413252090834e-02
5.623413251904475e-02

35
5.623413251903023e-02
5.623413251903000e-02

36
5.623413251903000e-02
5.623413251903000e-02

37
5.623413251903000e-02
5.623413251903000e-02

38
5.623413251903000e-02
5.623413251903000e-02

39
5.623413251903000e-02
5.623413251903000e-02

40
5.623413251903000e-02
5.623413251903000e-02

41
5.623413251903000e-02
5.623413251903000e-02

42
5.623413251903000e-02
5.623413251903000e-02

43
5.623413251903000e-02
5.623413251903000e-02

44
5.623413251903000e-02
5.623413251903000e-02

45
5.623413251903000e-02
5.623413251903000e-02

46
5.623413251903000e-02
5.623413251903000e-02

47
5.623413251903000e-02
5.623413251903000e-02

48
5.623413251903000e-02
5.623413251903000e-02

49
5.623413251903000e-02
5.623413251903000e-02

50
5.623413251903000e-02
5.623413251903000e-02

51
5.623413251903000e-02
5.623413251903000e-02

52
5.623413251903000e-02
5.623413251903000e-02

53
5.623413251903000e-02
5.623413251903000e-02

54
5.623413251903000e-02
5.623413251903000e-02

55
5.623413251903000e-02
5.623413251903000e-02

56
5.623413251903000e-02
5.623413251903000e-02

57
5.623413251903000e-02
5.623413251903000e-02

58
5.623413251903000e-02
5.623413251903000e-02

59
5.623413251903000e-02
5.623413251903000e-02

60
5.623413251903000e-02
5.623413251903000e-02

61
5.623413251903000e-02
5.623413251903000e-02

62
5.623413251903000e-02
5.623413251903000e-02

63
5.623413251903000e-02
5.623413251903000e-02

64
5.623413251903000e-02
5.623413251903000e-02

65
5.623413251903000e-02
5.623413251903000e-02

66
5.623413251903000e-02
5.623413251903000e-02

67
5.623413251903000e-02
5.623413251903000e-02

68
5.623413251903000e-02
5.623413251903000e-02

69
5.623413251903000e-02
5.623413251903000e-02

70
5.623413251903000e-02
5.623413251903000e-02

71
5.623413251903000e-02
5.623413251903000e-02

72
5.623413251903000e-02
5.623413251903000e-02

73
5.623413251903000e-02
5.623413251903000e-02

74
5.623413251903000e-02
5.623413251903000e-02

75
5.623413251903000e-02
5.623413251903000e-02

76
5.623413251902996e-02
5.623413251901197e-02

77
5.623413251854763e-02
5.623413245981589e-02

78
5.623413108692853e-02
5.623395675279916e-02

79
5.623050678670972e-02
5.578376756785570e-02

