#Cell    Group    L_mom 
# Element_0
# Element_1
    0  0  0
1.916708962426042e+00
1.915592949174127e+00

    1  0  0
1.915610924410351e+00
1.914496468846756e+00

    2  0  0
1.914512966634192e+00
1.913398551462455e+00

    3  0  0
1.913414480051636e+00
1.912299669268727e+00

    4  0  0
1.912315310439385e+00
1.911199932203750e+00

    5  0  0
1.911215410672615e+00
1.910099363763934e+00

    6  0  0
1.910114762814443e+00
1.908997963567222e+00

    7  0  0
1.909013339943880e+00
1.907895743311849e+00

    8  0  0
1.907911126439508e+00
1.906792706408642e+00

    9  0  0
1.906808113171051e+00
1.905688851095769e+00

   10  0  0
1.905704292855049e+00
1.904584174292286e+00

   11  0  0
1.904599659128046e+00
1.903478672273078e+00

   12  0  0
1.903494206142135e+00
1.902372340943772e+00

   13  0  0
1.902387928361399e+00
1.901265175968618e+00

   14  0  0
1.901280820441901e+00
1.900157172842478e+00

   15  0  0
1.900172877153892e+00
1.899048326937159e+00

   16  0  0
1.899064093338568e+00
1.897938633523027e+00

   17  0  0
1.897954463874628e+00
1.896828087786808e+00

   18  0  0
1.896843983654557e+00
1.895716684844150e+00

   19  0  0
1.895732647572365e+00
1.894604419743403e+00

   20  0  0
1.894620450511011e+00
1.893491287471446e+00

   21  0  0
1.893507387332539e+00
1.892377282958469e+00

   22  0  0
1.892393452874182e+00
1.891262401077694e+00

   23  0  0
1.891278641943069e+00
1.890146636647025e+00

   24  0  0
1.890162949310641e+00
1.889029984431723e+00

   25  0  0
1.889046369711030e+00
1.887912439143578e+00

   26  0  0
1.887928897839196e+00
1.886793995440408e+00

   27  0  0
1.886810528347242e+00
1.885674647927714e+00

   28  0  0
1.885691255842763e+00
1.884554391158620e+00

   29  0  0
1.884571074888556e+00
1.883433219632477e+00

   30  0  0
1.883449980000677e+00
1.882311127795166e+00

   31  0  0
1.882327965646317e+00
1.881188110039821e+00

   32  0  0
1.881205026243330e+00
1.880064160706000e+00

   33  0  0
1.880081156159833e+00
1.878939274078747e+00

   34  0  0
1.878956349712610e+00
1.877813444388908e+00

   35  0  0
1.877830601165732e+00
1.876686665813369e+00

   36  0  0
1.876703904730190e+00
1.875558932474350e+00

   37  0  0
1.875576254563486e+00
1.874430238438703e+00

   38  0  0
1.874447644768484e+00
1.873300577717968e+00

   39  0  0
1.873318069392276e+00
1.872169944268538e+00

   40  0  0
1.872187522425659e+00
1.871038331991257e+00

   41  0  0
1.871055997802783e+00
1.869905734730826e+00

   42  0  0
1.869923489400465e+00
1.868772146275569e+00

   43  0  0
1.868789991037266e+00
1.867637560357456e+00

   44  0  0
1.867655496472793e+00
1.866501970651979e+00

   45  0  0
1.866519999407309e+00
1.865365370777740e+00

   46  0  0
1.865383493481356e+00
1.864227754295999e+00

   47  0  0
1.864245972275220e+00
1.863089114710373e+00

   48  0  0
1.863107429308335e+00
1.861949445466633e+00

   49  0  0
1.861967858038756e+00
1.860808739952421e+00

   50  0  0
1.860827251862816e+00
1.859666991496812e+00

   51  0  0
1.859685604114833e+00
1.858524193369771e+00

   52  0  0
1.858542908066800e+00
1.857380338781616e+00

   53  0  0
1.857399156928019e+00
1.856235420882493e+00

   54  0  0
1.856254343844721e+00
1.855089432761845e+00

   55  0  0
1.855108461899726e+00
1.853942367447812e+00

   56  0  0
1.853961504112149e+00
1.852794217906544e+00

   57  0  0
1.852813463437121e+00
1.851644977041448e+00

   58  0  0
1.851664332765494e+00
1.850494637692395e+00

   59  0  0
1.850514104923502e+00
1.849343192634910e+00

   60  0  0
1.849362772672387e+00
1.848190634579357e+00

   61  0  0
1.848210328707983e+00
1.847036956170103e+00

   62  0  0
1.847056765660273e+00
1.845882149984660e+00

   63  0  0
1.845902076092918e+00
1.844726208532813e+00

   64  0  0
1.844746252502738e+00
1.843569124255728e+00

   65  0  0
1.843589287319171e+00
1.842410889525066e+00

   66  0  0
1.842431172903676e+00
1.841251496642093e+00

   67  0  0
1.841271901549066e+00
1.840090937836807e+00

   68  0  0
1.840111465478830e+00
1.838929205267082e+00

   69  0  0
1.838949856846371e+00
1.837766291017839e+00

   70  0  0
1.837787067734237e+00
1.836602187100222e+00

   71  0  0
1.836623090153288e+00
1.835436885450802e+00

   72  0  0
1.835457916041856e+00
1.834270377930799e+00

   73  0  0
1.834291537264863e+00
1.833102656325317e+00

   74  0  0
1.833123945612931e+00
1.831933712342605e+00

   75  0  0
1.831955132801470e+00
1.830763537613320e+00

   76  0  0
1.830785090469748e+00
1.829592123689814e+00

   77  0  0
1.829613810179966e+00
1.828419462045421e+00

   78  0  0
1.828441283416323e+00
1.827245544073760e+00

   79  0  0
1.827267501584079e+00
1.826070361088031e+00

   80  0  0
1.826092456008633e+00
1.824893904320321e+00

   81  0  0
1.824916137934598e+00
1.823716164920895e+00

   82  0  0
1.823738538524889e+00
1.822537133957476e+00

   83  0  0
1.822559648859825e+00
1.821356802414533e+00

   84  0  0
1.821379459936242e+00
1.820175161192528e+00

   85  0  0
1.820197962666616e+00
1.818992201107159e+00

   86  0  0
1.819015147878195e+00
1.817807912888582e+00

   87  0  0
1.817831006312152e+00
1.816622287180601e+00

   88  0  0
1.816645528622728e+00
1.815435314539855e+00

   89  0  0
1.815458705376400e+00
1.814246985434957e+00

   90  0  0
1.814270527051044e+00
1.813057290245623e+00

   91  0  0
1.813080984035096e+00
1.811866219261775e+00

   92  0  0
1.811890066626712e+00
1.810673762682617e+00

   93  0  0
1.810697765032927e+00
1.809479910615694e+00

   94  0  0
1.809504069368797e+00
1.808284653075927e+00

   95  0  0
1.808308969656543e+00
1.807087979984628e+00

   96  0  0
1.807112455824659e+00
1.805889881168506e+00

   97  0  0
1.805914517707027e+00
1.804690346358646e+00

   98  0  0
1.804715145041999e+00
1.803489365189484e+00

   99  0  0
1.803514327471462e+00
1.802286927197777e+00

  100  0  0
1.802312054539886e+00
1.801083021821542e+00

  101  0  0
1.801108315693341e+00
1.799877638399009e+00

  102  0  0
1.799903100278502e+00
1.798670766167557e+00

  103  0  0
1.798696397541629e+00
1.797462394262644e+00

  104  0  0
1.797488196627516e+00
1.796252511716734e+00

  105  0  0
1.796278486578439e+00
1.795041107458220e+00

  106  0  0
1.795067256333066e+00
1.793828170310333e+00

  107  0  0
1.793854494725358e+00
1.792613688990059e+00

  108  0  0
1.792640190483452e+00
1.791397652107033e+00

  109  0  0
1.791424332228526e+00
1.790180048162439e+00

  110  0  0
1.790206908473657e+00
1.788960865547899e+00

  111  0  0
1.788987907622655e+00
1.787740092544340e+00

  112  0  0
1.787767317968892e+00
1.786517717320864e+00

  113  0  0
1.786545127694126e+00
1.785293727933601e+00

  114  0  0
1.785321324867298e+00
1.784068112324543e+00

  115  0  0
1.784095897443337e+00
1.782840858320366e+00

  116  0  0
1.782868833261944e+00
1.781611953631243e+00

  117  0  0
1.781640120046369e+00
1.780381385849628e+00

  118  0  0
1.780409745402181e+00
1.779149142449030e+00

  119  0  0
1.779177696816027e+00
1.777915210782766e+00

  120  0  0
1.777943961654372e+00
1.776679578082695e+00

  121  0  0
1.776708527162238e+00
1.775442231457938e+00

  122  0  0
1.775471380461922e+00
1.774203157893565e+00

  123  0  0
1.774232508551708e+00
1.772962344249281e+00

  124  0  0
1.772991898304555e+00
1.771719777258081e+00

  125  0  0
1.771749536466771e+00
1.770475443524887e+00

  126  0  0
1.770505409656686e+00
1.769229329525170e+00

  127  0  0
1.769259504363285e+00
1.767981421603546e+00

  128  0  0
1.768011806944831e+00
1.766731705972366e+00

  129  0  0
1.766762303627476e+00
1.765480168710279e+00

  130  0  0
1.765510980503841e+00
1.764226795760778e+00

  131  0  0
1.764257823531575e+00
1.762971572930738e+00

  132  0  0
1.763002818531907e+00
1.761714485888925e+00

  133  0  0
1.761745951188156e+00
1.760455520164504e+00

  134  0  0
1.760487207044243e+00
1.759194661145508e+00

  135  0  0
1.759226571503163e+00
1.757931894077306e+00

  136  0  0
1.757964029825452e+00
1.756667204061042e+00

  137  0  0
1.756699567127628e+00
1.755400576052060e+00

  138  0  0
1.755433168380615e+00
1.754131994858298e+00

  139  0  0
1.754164818408138e+00
1.752861445138675e+00

  140  0  0
1.752894501885102e+00
1.751588911401459e+00

  141  0  0
1.751622203335940e+00
1.750314378002607e+00

  142  0  0
1.750347907132953e+00
1.749037829144096e+00

  143  0  0
1.749071597494614e+00
1.747759248872230e+00

  144  0  0
1.747793258483861e+00
1.746478621075909e+00

  145  0  0
1.746512874006382e+00
1.745195929484888e+00

  146  0  0
1.745230427808861e+00
1.743911157667998e+00

  147  0  0
1.743945903477222e+00
1.742624289031345e+00

  148  0  0
1.742659284434826e+00
1.741335306816487e+00

  149  0  0
1.741370553940651e+00
1.740044194098602e+00

  150  0  0
1.740079695087438e+00
1.738750933784624e+00

  151  0  0
1.738786690799828e+00
1.737455508611355e+00

  152  0  0
1.737491523832465e+00
1.736157901143546e+00

  153  0  0
1.736194176768089e+00
1.734858093771938e+00

  154  0  0
1.734894632015610e+00
1.733556068711284e+00

  155  0  0
1.733592871808139e+00
1.732251807998333e+00

  156  0  0
1.732288878200994e+00
1.730945293489812e+00

  157  0  0
1.730982633069650e+00
1.729636506860384e+00

  158  0  0
1.729674118107689e+00
1.728325429600574e+00

  159  0  0
1.728363314824712e+00
1.727012043014660e+00

  160  0  0
1.727050204544253e+00
1.725696328218516e+00

  161  0  0
1.725734768401655e+00
1.724378266137424e+00

  162  0  0
1.724416987341901e+00
1.723057837503871e+00

  163  0  0
1.723096842117400e+00
1.721735022855330e+00

  164  0  0
1.721774313285736e+00
1.720409802532026e+00

  165  0  0
1.720449381207403e+00
1.719082156674645e+00

  166  0  0
1.719122026043532e+00
1.717752065221994e+00

  167  0  0
1.717792227753587e+00
1.716419507908622e+00

  168  0  0
1.716459966093014e+00
1.715084464262421e+00

  169  0  0
1.715125220610832e+00
1.713746913602212e+00

  170  0  0
1.713787970647177e+00
1.712406835035319e+00

  171  0  0
1.712448195330845e+00
1.711064207455086e+00

  172  0  0
1.711105873576817e+00
1.709719009538314e+00

  173  0  0
1.709760984083768e+00
1.708371219742674e+00

  174  0  0
1.708413505331495e+00
1.707020816304089e+00

  175  0  0
1.707063415578276e+00
1.705667777234133e+00

  176  0  0
1.705710692858208e+00
1.704312080317380e+00

  177  0  0
1.704355314978548e+00
1.702953703108673e+00

  178  0  0
1.702997259517032e+00
1.701592622930321e+00

  179  0  0
1.701636503819136e+00
1.700228816869283e+00

  180  0  0
1.700273024995247e+00
1.698862261774353e+00

  181  0  0
1.698906799917782e+00
1.697492934253327e+00

  182  0  0
1.697537805218318e+00
1.696120810670072e+00

  183  0  0
1.696166017284712e+00
1.694745867141512e+00

  184  0  0
1.694791412258169e+00
1.693368079534584e+00

  185  0  0
1.693413966030193e+00
1.691987423463213e+00

  186  0  0
1.692033654239474e+00
1.690603874285257e+00

  187  0  0
1.690650452268807e+00
1.689217407099369e+00

  188  0  0
1.689264335241999e+00
1.687827996741726e+00

  189  0  0
1.687875278020698e+00
1.686435617782758e+00

  190  0  0
1.686483255201098e+00
1.685040244523908e+00

  191  0  0
1.685088241110592e+00
1.683641850994338e+00

  192  0  0
1.683690209804466e+00
1.682240410947506e+00

  193  0  0
1.682289135062572e+00
1.680835897857650e+00

  194  0  0
1.680884990385882e+00
1.679428284916288e+00

  195  0  0
1.679477748992903e+00
1.678017545028728e+00

  196  0  0
1.678067383816113e+00
1.676603650810504e+00

  197  0  0
1.676653867498417e+00
1.675186574583624e+00

  198  0  0
1.675237172389538e+00
1.673766288372804e+00

  199  0  0
1.673817270542235e+00
1.672342763901741e+00

  200  0  0
1.672394133708448e+00
1.670915972589343e+00

  201  0  0
1.670967733335515e+00
1.669485885545793e+00

  202  0  0
1.669538040562358e+00
1.668052473568492e+00

  203  0  0
1.668105026215485e+00
1.666615707138060e+00

  204  0  0
1.666668660804874e+00
1.665175556414347e+00

  205  0  0
1.665228914519905e+00
1.663731991232263e+00

  206  0  0
1.663785757225315e+00
1.662284981097461e+00

  207  0  0
1.662339158456968e+00
1.660834495182033e+00

  208  0  0
1.660889087417460e+00
1.659380502320270e+00

  209  0  0
1.659435512971758e+00
1.657922971004244e+00

  210  0  0
1.657978403642898e+00
1.656461869379189e+00

  211  0  0
1.656517727607490e+00
1.654997165238910e+00

  212  0  0
1.655053452691016e+00
1.653528826021256e+00

  213  0  0
1.653585546363187e+00
1.652056818803413e+00

  214  0  0
1.652113975733348e+00
1.650581110296965e+00

  215  0  0
1.650638707545677e+00
1.649101666843010e+00

  216  0  0
1.649159708174162e+00
1.647618454407327e+00

  217  0  0
1.647676943617665e+00
1.646131438575325e+00

  218  0  0
1.646190379495012e+00
1.644640584546768e+00

  219  0  0
1.644699981039833e+00
1.643145857130592e+00

  220  0  0
1.643205713095202e+00
1.641647220739735e+00

  221  0  0
1.641707540108405e+00
1.640144639385688e+00

  222  0  0
1.640205426125681e+00
1.638638076672872e+00

  223  0  0
1.638699334786633e+00
1.637127495793150e+00

  224  0  0
1.637189229318544e+00
1.635612859520272e+00

  225  0  0
1.635675072530846e+00
1.634094130203964e+00

  226  0  0
1.634156826809411e+00
1.632571269763984e+00

  227  0  0
1.632634454110530e+00
1.631044239684301e+00

  228  0  0
1.631107915954917e+00
1.629513001007052e+00

  229  0  0
1.629577173421812e+00
1.627977514326176e+00

  230  0  0
1.628042187142758e+00
1.626437739781164e+00

  231  0  0
1.626502917295141e+00
1.624893637050823e+00

  232  0  0
1.624959323595919e+00
1.623345165346652e+00

  233  0  0
1.623411365295219e+00
1.621792283406082e+00

  234  0  0
1.621859001169544e+00
1.620234949485904e+00

  235  0  0
1.620302189514979e+00
1.618673121355445e+00

  236  0  0
1.618740888140537e+00
1.617106756289378e+00

  237  0  0
1.617175054361103e+00
1.615535811060652e+00

  238  0  0
1.615604644990146e+00
1.613960241933437e+00

  239  0  0
1.614029616332643e+00
1.612380004655576e+00

  240  0  0
1.612449924177791e+00
1.610795054450990e+00

  241  0  0
1.610865523791273e+00
1.609205346012241e+00

  242  0  0
1.609276369907670e+00
1.607610833492708e+00

  243  0  0
1.607682416722872e+00
1.606011470498453e+00

  244  0  0
1.606083617885965e+00
1.604407210080315e+00

  245  0  0
1.604479926491081e+00
1.602798004725767e+00

  246  0  0
1.602871295069410e+00
1.601183806350295e+00

  247  0  0
1.601257675580736e+00
1.599564566288943e+00

  248  0  0
1.599639019404720e+00
1.597940235287793e+00

  249  0  0
1.598015277332432e+00
1.596310763494882e+00

  250  0  0
1.596386399557502e+00
1.594676100451147e+00

  251  0  0
1.594752335666846e+00
1.593036195081470e+00

  252  0  0
1.593113034631665e+00
1.591390995685116e+00

  253  0  0
1.591468444798152e+00
1.589740449926069e+00

  254  0  0
1.589818513877669e+00
1.588084504823561e+00

  255  0  0
1.588163188937153e+00
1.586423106742007e+00

  256  0  0
1.586502416389330e+00
1.584756201380720e+00

  257  0  0
1.584836141982329e+00
1.583083733763863e+00

  258  0  0
1.583164310789450e+00
1.581405648229835e+00

  259  0  0
1.581486867198849e+00
1.579721888420336e+00

  260  0  0
1.579803754902514e+00
1.578032397269701e+00

  261  0  0
1.578114916885408e+00
1.576337116993676e+00

  262  0  0
1.576420295414529e+00
1.574635989077804e+00

  263  0  0
1.574719832027232e+00
1.572928954266103e+00

  264  0  0
1.573013467519703e+00
1.571215952549156e+00

  265  0  0
1.571301141935334e+00
1.569496923151788e+00

  266  0  0
1.569582794552336e+00
1.567771804521050e+00

  267  0  0
1.567858363871515e+00
1.566040534313532e+00

  268  0  0
1.566127787603899e+00
1.564303049382318e+00

  269  0  0
1.564391002657573e+00
1.562559285764201e+00

  270  0  0
1.562647945124740e+00
1.560809178666159e+00

  271  0  0
1.560898550268505e+00
1.559052662451540e+00

  272  0  0
1.559142752508885e+00
1.557289670626453e+00

  273  0  0
1.557380485409121e+00
1.555520135825321e+00

  274  0  0
1.555611681661511e+00
1.553743989796263e+00

  275  0  0
1.553836273072574e+00
1.551961163386582e+00

  276  0  0
1.552054190548533e+00
1.550171586527302e+00

  277  0  0
1.550265364080105e+00
1.548375188217738e+00

  278  0  0
1.548469722726788e+00
1.546571896509939e+00

  279  0  0
1.546667194601426e+00
1.544761638492180e+00

  280  0  0
1.544857706853858e+00
1.542944340272656e+00

  281  0  0
1.543041185654320e+00
1.541119926962738e+00

  282  0  0
1.541217556176937e+00
1.539288322659402e+00

  283  0  0
1.539386742582171e+00
1.537449450427954e+00

  284  0  0
1.537548667999313e+00
1.535603232283951e+00

  285  0  0
1.535703254508722e+00
1.533749589174588e+00

  286  0  0
1.533850423123045e+00
1.531888440960274e+00

  287  0  0
1.531990093768736e+00
1.530019706395116e+00

  288  0  0
1.530122185266806e+00
1.528143303107274e+00

  289  0  0
1.528246615312912e+00
1.526259147579141e+00

  290  0  0
1.526363300457667e+00
1.524367155126383e+00

  291  0  0
1.524472156085796e+00
1.522467239877193e+00

  292  0  0
1.522573096395129e+00
1.520559314750779e+00

  293  0  0
1.520666034375382e+00
1.518643291435073e+00

  294  0  0
1.518750881785740e+00
1.516719080364630e+00

  295  0  0
1.516827549132680e+00
1.514786590697262e+00

  296  0  0
1.514895945646878e+00
1.512845730290511e+00

  297  0  0
1.512955979259402e+00
1.510896405677754e+00

  298  0  0
1.511007556577992e+00
1.508938522043080e+00

  299  0  0
1.509050582861991e+00
1.506971983196366e+00

  300  0  0
1.507084961997214e+00
1.504996691547229e+00

  301  0  0
1.505110596470197e+00
1.503012548078344e+00

  302  0  0
1.503127387341314e+00
1.501019452318668e+00

  303  0  0
1.501135234218055e+00
1.499017302315167e+00

  304  0  0
1.499134035226913e+00
1.497005994604612e+00

  305  0  0
1.497123686984929e+00
1.494985424184345e+00

  306  0  0
1.495104084570738e+00
1.492955484482092e+00

  307  0  0
1.493075121494234e+00
1.490916067325727e+00

  308  0  0
1.491036689666347e+00
1.488867062911401e+00

  309  0  0
1.488988679367347e+00
1.486808359771581e+00

  310  0  0
1.486930979214638e+00
1.484739844742012e+00

  311  0  0
1.484863476130001e+00
1.482661402927569e+00

  312  0  0
1.482786055305289e+00
1.480572917667959e+00

  313  0  0
1.480698600168161e+00
1.478474270501621e+00

  314  0  0
1.478600992346142e+00
1.476365341129496e+00

  315  0  0
1.476493111630163e+00
1.474246007377447e+00

  316  0  0
1.474374835937265e+00
1.472116145157580e+00

  317  0  0
1.472246041271735e+00
1.469975628429158e+00

  318  0  0
1.470106601686116e+00
1.467824329157575e+00

  319  0  0
1.467956389240265e+00
1.465662117273163e+00

  320  0  0
1.465795273960003e+00
1.463488860628240e+00

  321  0  0
1.463623123794415e+00
1.461304424953211e+00

  322  0  0
1.461439804571743e+00
1.459108673811778e+00

  323  0  0
1.459245179954785e+00
1.456901468554215e+00

  324  0  0
1.457039111394127e+00
1.454682668270316e+00

  325  0  0
1.454821458081061e+00
1.452452129740100e+00

  326  0  0
1.452592076898466e+00
1.450209707383867e+00

  327  0  0
1.450350822370672e+00
1.447955253210546e+00

  328  0  0
1.448097546612059e+00
1.445688616764446e+00

  329  0  0
1.445832099273645e+00
1.443409645071081e+00

  330  0  0
1.443554327489051e+00
1.441118182580574e+00

  331  0  0
1.441264075817910e+00
1.438814071110463e+00

  332  0  0
1.438961186188628e+00
1.436497149785916e+00

  333  0  0
1.436645497838775e+00
1.434167254978905e+00

  334  0  0
1.434316847254098e+00
1.431824220245308e+00

  335  0  0
1.431975068105852e+00
1.429467876260040e+00

  336  0  0
1.429619991185784e+00
1.427098050750804e+00

  337  0  0
1.427251444340043e+00
1.424714568429029e+00

  338  0  0
1.424869252400099e+00
1.422317250919777e+00

  339  0  0
1.422473237112656e+00
1.419905916688484e+00

  340  0  0
1.420063217066529e+00
1.417480380966419e+00

  341  0  0
1.417639007617983e+00
1.415040455673193e+00

  342  0  0
1.415200420813468e+00
1.412585949337225e+00

  343  0  0
1.412747265309932e+00
1.410116667013808e+00

  344  0  0
1.410279346293100e+00
1.407632410200201e+00

  345  0  0
1.407796465392471e+00
1.405132976748802e+00

  346  0  0
1.405298420594628e+00
1.402618160776625e+00

  347  0  0
1.402785006152717e+00
1.400087752572989e+00

  348  0  0
1.400256012494170e+00
1.397541538503159e+00

  349  0  0
1.397711226124458e+00
1.394979300909895e+00

  350  0  0
1.395150429528589e+00
1.392400818010982e+00

  351  0  0
1.392573401068823e+00
1.389805863794003e+00

  352  0  0
1.389979914879342e+00
1.387194207907355e+00

  353  0  0
1.387369740757482e+00
1.384565615547642e+00

  354  0  0
1.384742644051046e+00
1.381919847343639e+00

  355  0  0
1.382098385542439e+00
1.379256659235755e+00

  356  0  0
1.379436721328110e+00
1.376575802352248e+00

  357  0  0
1.376757402694892e+00
1.373877022880218e+00

  358  0  0
1.374060175991033e+00
1.371160061933286e+00

  359  0  0
1.371344782493948e+00
1.368424655413525e+00

  360  0  0
1.368610958272245e+00
1.365670533869729e+00

  361  0  0
1.365858434044037e+00
1.362897422349620e+00

  362  0  0
1.363086935029277e+00
1.360105040247799e+00

  363  0  0
1.360296180797732e+00
1.357293101147426e+00

  364  0  0
1.357485885110826e+00
1.354461312656888e+00

  365  0  0
1.354655755758313e+00
1.351609376240046e+00

  366  0  0
1.351805494388717e+00
1.348736987040586e+00

  367  0  0
1.348934796333684e+00
1.345843833699794e+00

  368  0  0
1.346043350425954e+00
1.342929598167463e+00

  369  0  0
1.343130838810298e+00
1.339993955506015e+00

  370  0  0
1.340196936747827e+00
1.337036573686768e+00

  371  0  0
1.337241312412311e+00
1.334057113379046e+00

  372  0  0
1.334263626679476e+00
1.331055227730473e+00

  373  0  0
1.331263532907385e+00
1.328030562139600e+00

  374  0  0
1.328240676709232e+00
1.324982754018717e+00

  375  0  0
1.325194695716283e+00
1.321911432548347e+00

  376  0  0
1.322125219332537e+00
1.318816218420902e+00

  377  0  0
1.319031868478526e+00
1.315696723575200e+00

  378  0  0
1.315914255326018e+00
1.312552550919088e+00

  379  0  0
1.312771983020806e+00
1.309383294041947e+00

  380  0  0
1.309604645395401e+00
1.306188536914148e+00

  381  0  0
1.306411826668693e+00
1.302967853575264e+00

  382  0  0
1.303193101134359e+00
1.299720807807971e+00

  383  0  0
1.299948032834993e+00
1.296446952799417e+00

  384  0  0
1.296676175223699e+00
1.293145830786869e+00

  385  0  0
1.293377070809981e+00
1.289816972689362e+00

  386  0  0
1.290050250791651e+00
1.286459897722060e+00

  387  0  0
1.286695234669464e+00
1.283074112994941e+00

  388  0  0
1.283311529846086e+00
1.279659113092440e+00

  389  0  0
1.279898631206039e+00
1.276214379635504e+00

  390  0  0
1.276456020678084e+00
1.272739380822619e+00

  391  0  0
1.272983166776585e+00
1.269233570951107e+00

  392  0  0
1.269479524123163e+00
1.265696389915097e+00

  393  0  0
1.265944532945060e+00
1.262127262681360e+00

  394  0  0
1.262377618551370e+00
1.258525598739197e+00

  395  0  0
1.258778190783366e+00
1.254890791525429e+00

  396  0  0
1.255145643439947e+00
1.251222217820488e+00

  397  0  0
1.251479353674221e+00
1.247519237116412e+00

  398  0  0
1.247778681362008e+00
1.243781190952590e+00

  399  0  0
1.244042968438164e+00
1.240007402219726e+00

  400  0  0
1.240271538201102e+00
1.236197174427722e+00

  401  0  0
1.236463694581345e+00
1.232349790937523e+00

  402  0  0
1.232618721374007e+00
1.228464514152521e+00

  403  0  0
1.228735881430955e+00
1.224540584668949e+00

  404  0  0
1.224814415811930e+00
1.220577220380834e+00

  405  0  0
1.220853542890381e+00
1.216573615538177e+00

  406  0  0
1.216852457412462e+00
1.212528939753936e+00

  407  0  0
1.212810329505042e+00
1.208442336957486e+00

  408  0  0
1.208726303630100e+00
1.204312924290240e+00

  409  0  0
1.204599497481526e+00
1.200139790939875e+00

  410  0  0
1.200429000820443e+00
1.195921996908967e+00

  411  0  0
1.196213874245191e+00
1.191658571713046e+00

  412  0  0
1.191953147890670e+00
1.187348513003936e+00

  413  0  0
1.187645820053233e+00
1.182990785111834e+00

  414  0  0
1.183290855734286e+00
1.178584317501831e+00

  415  0  0
1.178887185098597e+00
1.174128003136729e+00

  416  0  0
1.174433701838927e+00
1.169620696741361e+00

  417  0  0
1.169929261442407e+00
1.165061212958646e+00

  418  0  0
1.165372679348772e+00
1.160448324391631e+00

  419  0  0
1.160762728994773e+00
1.155780759520195e+00

  420  0  0
1.156098139733523e+00
1.151057200485019e+00

  421  0  0
1.151377594621196e+00
1.146276280726109e+00

  422  0  0
1.146599728058759e+00
1.141436582465946e+00

  423  0  0
1.141763123278328e+00
1.136536634023273e+00

  424  0  0
1.136866309660791e+00
1.131574906944173e+00

  425  0  0
1.131907759870743e+00
1.126549812935000e+00

  426  0  0
1.126885886793988e+00
1.121459700579619e+00

  427  0  0
1.121799040259473e+00
1.116302851823465e+00

  428  0  0
1.116645503528790e+00
1.111077478202093e+00

  429  0  0
1.111423489530522e+00
1.105781716793506e+00

  430  0  0
1.106131136819045e+00
1.100413625866677e+00

  431  0  0
1.100766505230257e+00
1.094971180200640e+00

  432  0  0
1.095327571208469e+00
1.089452266040850e+00

  433  0  0
1.089812222771704e+00
1.083854675659969e+00

  434  0  0
1.084218254082033e+00
1.078176101483303e+00

  435  0  0
1.078543359582070e+00
1.072414129736239e+00

  436  0  0
1.072785127654319e+00
1.066566233565799e+00

  437  0  0
1.066941033756399e+00
1.060629765581130e+00

  438  0  0
1.061008432976583e+00
1.054601949753974e+00

  439  0  0
1.054984551951285e+00
1.048479872608539e+00

  440  0  0
1.048866480074091e+00
1.042260473626006e+00

  441  0  0
1.042651159921686e+00
1.035940534774289e+00

  442  0  0
1.036335376808154e+00
1.029516669065935e+00

  443  0  0
1.029915747370228e+00
1.022985308030913e+00

  444  0  0
1.023388707071650e+00
1.016342687976562e+00

  445  0  0
1.016750496498604e+00
1.009584834889504e+00

  446  0  0
1.009997146302522e+00
1.002707547810781e+00

  447  0  0
1.003124460621882e+00
9.957063804944403e-01

  448  0  0
9.961279987943742e-01
9.885766211262212e-01

  449  0  0
9.890030551376123e-01
9.813132698491536e-01

  450  0  0
9.817446365460291e-01
9.739110137987101e-01

  451  0  0
9.743474376093409e-01
9.663641993041068e-01

  452  0  0
9.668058129103356e-01
9.586668008547212e-01

  453  0  0
9.591137461045843e-01
9.508123863601411e-01

  454  0  0
9.512648153132665e-01
9.427940781530749e-01

  455  0  0
9.432521542826264e-01
9.346045090803379e-01

  456  0  0
9.350684086606760e-01
9.262357729102475e-01

  457  0  0
9.267056866250718e-01
9.176793681337913e-01

  458  0  0
9.181555029485996e-01
9.089261340573833e-01

  459  0  0
9.094087154090881e-01
8.999661778621422e-01

  460  0  0
9.004554522325142e-01
8.907887910251406e-01

  461  0  0
8.912850289808711e-01
8.813823531559981e-01

  462  0  0
8.818858529595131e-01
8.717342208633553e-01

  463  0  0
8.722453127871864e-01
8.618305987192486e-01

  464  0  0
8.623496502325105e-01
8.516563886860828e-01

  465  0  0
8.521838107316956e-01
8.411950134690266e-01

  466  0  0
8.417312681149828e-01
8.304282080902644e-01

  467  0  0
8.309738179275511e-01
8.193357724479663e-01

  468  0  0
8.198913322298019e-01
8.078952756064834e-01

  469  0  0
8.084614667925863e-01
7.960816998623659e-01

  470  0  0
7.966593089683085e-01
7.838670089820261e-01

  471  0  0
7.844569509790071e-01
7.712196200373287e-01

  472  0  0
7.718229685295983e-01
7.581037513077797e-01

  473  0  0
7.587217779450967e-01
7.444786090695739e-01

  474  0  0
7.451128357455510e-01
7.302973621257018e-01

  475  0  0
7.309496312042782e-01
7.155058326911141e-01

  476  0  0
7.161784031896811e-01
7.000408022684725e-01

  477  0  0
7.007364826408279e-01
6.838277850182051e-01

  478  0  0
6.845501256568237e-01
6.667780575526470e-01

  479  0  0
6.675316361673482e-01
6.487845941387195e-01

  480  0  0
6.495754046858634e-01
6.297163921820694e-01

  481  0  0
6.305524695542983e-01
6.094105269903030e-01

  482  0  0
6.103033535533705e-01
5.876602748705630e-01

  483  0  0
5.886262105867336e-01
5.641954416330376e-01

  484  0  0
5.652550330621272e-01
5.386555324714382e-01

  485  0  0
5.398508323391079e-01
5.105562044620778e-01

  486  0  0
5.119874780986347e-01
4.791466458156386e-01

  487  0  0
4.808155218676092e-01
4.431631781660032e-01

  488  0  0
4.450776333912113e-01
4.013018606758579e-01

  489  0  0
4.060931515118359e-01
3.507408540836657e-01

  490  0  0
3.604291914081646e-01
2.732482863571007e-01

  491  0  0
2.612365646236086e-01
1.430282857500429e-01

  492  0  0
8.957247865289879e-02
2.638492690668098e-02

  493  0  0
6.780475627158644e-03
8.476858354611513e-04

  494  0  0
1.632388419703387e-04
2.410419863072740e-05

  495  0  0
1.255633412687825e-05
1.023335981283175e-05

  496  0  0
1.004232557066157e-05
1.000386516386484e-05

  497  0  0
1.000070122234145e-05
1.000006404034278e-05

  498  0  0
1.000001161775998e-05
1.000000106088113e-05

  499  0  0
1.000000019242489e-05
1.000000001756532e-05

  500  0  0
1.000000000318274e-05
1.000000000028737e-05

  501  0  0
1.000000000004926e-05
1.000000000000132e-05

  502  0  0
9.999999999997378e-06
9.999999999996587e-06

  503  0  0
9.999999999996523e-06
9.999999999996509e-06

  504  0  0
9.999999999996508e-06
9.999999999996508e-06

  505  0  0
9.999999999996508e-06
9.999999999996508e-06

  506  0  0
9.999999999996508e-06
9.999999999996508e-06

  507  0  0
9.999999999996508e-06
9.999999999996508e-06

  508  0  0
9.999999999996508e-06
9.999999999996508e-06

  509  0  0
9.999999999996508e-06
9.999999999996508e-06

  510  0  0
9.999999999996508e-06
9.999999999996508e-06

  511  0  0
9.999999999996508e-06
9.999999999996508e-06

  512  0  0
9.999999999996508e-06
9.999999999996508e-06

  513  0  0
9.999999999996508e-06
9.999999999996508e-06

  514  0  0
9.999999999996508e-06
9.999999999996508e-06

  515  0  0
9.999999999996508e-06
9.999999999996508e-06

  516  0  0
9.999999999996508e-06
9.999999999996508e-06

  517  0  0
9.999999999996508e-06
9.999999999996508e-06

  518  0  0
9.999999999996508e-06
9.999999999996508e-06

  519  0  0
9.999999999996508e-06
9.999999999996508e-06

  520  0  0
9.999999999996508e-06
9.999999999996508e-06

  521  0  0
9.999999999996508e-06
9.999999999996508e-06

  522  0  0
9.999999999996508e-06
9.999999999996508e-06

  523  0  0
9.999999999996508e-06
9.999999999996508e-06

  524  0  0
9.999999999996508e-06
9.999999999996508e-06

  525  0  0
9.999999999996508e-06
9.999999999996508e-06

  526  0  0
9.999999999996508e-06
9.999999999996508e-06

  527  0  0
9.999999999996508e-06
9.999999999996508e-06

  528  0  0
9.999999999996508e-06
9.999999999996508e-06

  529  0  0
9.999999999996508e-06
9.999999999996508e-06

  530  0  0
9.999999999996508e-06
9.999999999996508e-06

  531  0  0
9.999999999996508e-06
9.999999999996508e-06

  532  0  0
9.999999999996508e-06
9.999999999996508e-06

  533  0  0
9.999999999996508e-06
9.999999999996508e-06

  534  0  0
9.999999999996508e-06
9.999999999996508e-06

  535  0  0
9.999999999996508e-06
9.999999999996508e-06

  536  0  0
9.999999999996508e-06
9.999999999996508e-06

  537  0  0
9.999999999996508e-06
9.999999999996508e-06

  538  0  0
9.999999999996508e-06
9.999999999996508e-06

  539  0  0
9.999999999996508e-06
9.999999999996508e-06

  540  0  0
9.999999999996508e-06
9.999999999996508e-06

  541  0  0
9.999999999996508e-06
9.999999999996508e-06

  542  0  0
9.999999999996508e-06
9.999999999996508e-06

  543  0  0
9.999999999996508e-06
9.999999999996508e-06

  544  0  0
9.999999999996508e-06
9.999999999996508e-06

  545  0  0
9.999999999996508e-06
9.999999999996508e-06

  546  0  0
9.999999999996508e-06
9.999999999996508e-06

  547  0  0
9.999999999996508e-06
9.999999999996508e-06

  548  0  0
9.999999999996508e-06
9.999999999996508e-06

  549  0  0
9.999999999996508e-06
9.999999999996508e-06

  550  0  0
9.999999999996508e-06
9.999999999996508e-06

  551  0  0
9.999999999996508e-06
9.999999999996508e-06

  552  0  0
9.999999999996508e-06
9.999999999996508e-06

  553  0  0
9.999999999996508e-06
9.999999999996508e-06

  554  0  0
9.999999999996508e-06
9.999999999996508e-06

  555  0  0
9.999999999996508e-06
9.999999999996508e-06

  556  0  0
9.999999999996508e-06
9.999999999996508e-06

  557  0  0
9.999999999996508e-06
9.999999999996508e-06

  558  0  0
9.999999999996508e-06
9.999999999996508e-06

  559  0  0
9.999999999996508e-06
9.999999999996508e-06

  560  0  0
9.999999999996508e-06
9.999999999996508e-06

  561  0  0
9.999999999996508e-06
9.999999999996508e-06

  562  0  0
9.999999999996508e-06
9.999999999996508e-06

  563  0  0
9.999999999996508e-06
9.999999999996508e-06

  564  0  0
9.999999999996508e-06
9.999999999996508e-06

  565  0  0
9.999999999996508e-06
9.999999999996508e-06

  566  0  0
9.999999999996508e-06
9.999999999996508e-06

  567  0  0
9.999999999996508e-06
9.999999999996508e-06

  568  0  0
9.999999999996508e-06
9.999999999996508e-06

  569  0  0
9.999999999996508e-06
9.999999999996508e-06

  570  0  0
9.999999999996508e-06
9.999999999996508e-06

  571  0  0
9.999999999996508e-06
9.999999999996508e-06

  572  0  0
9.999999999996508e-06
9.999999999996508e-06

  573  0  0
9.999999999996508e-06
9.999999999996508e-06

  574  0  0
9.999999999996508e-06
9.999999999996508e-06

  575  0  0
9.999999999996508e-06
9.999999999996508e-06

  576  0  0
9.999999999996508e-06
9.999999999996508e-06

  577  0  0
9.999999999996508e-06
9.999999999996508e-06

  578  0  0
9.999999999996508e-06
9.999999999996508e-06

  579  0  0
9.999999999996508e-06
9.999999999996508e-06

  580  0  0
9.999999999996508e-06
9.999999999996508e-06

  581  0  0
9.999999999996508e-06
9.999999999996508e-06

  582  0  0
9.999999999996508e-06
9.999999999996508e-06

  583  0  0
9.999999999996508e-06
9.999999999996508e-06

  584  0  0
9.999999999996508e-06
9.999999999996508e-06

  585  0  0
9.999999999996508e-06
9.999999999996508e-06

  586  0  0
9.999999999996508e-06
9.999999999996508e-06

  587  0  0
9.999999999996508e-06
9.999999999996508e-06

  588  0  0
9.999999999996508e-06
9.999999999996508e-06

  589  0  0
9.999999999996508e-06
9.999999999996508e-06

  590  0  0
9.999999999996508e-06
9.999999999996508e-06

  591  0  0
9.999999999996508e-06
9.999999999996508e-06

  592  0  0
9.999999999996508e-06
9.999999999996508e-06

  593  0  0
9.999999999996508e-06
9.999999999996508e-06

  594  0  0
9.999999999996508e-06
9.999999999996508e-06

  595  0  0
9.999999999996508e-06
9.999999999996508e-06

  596  0  0
9.999999999996508e-06
9.999999999996508e-06

  597  0  0
9.999999999996508e-06
9.999999999996508e-06

  598  0  0
9.999999999996508e-06
9.999999999996508e-06

  599  0  0
9.999999999996508e-06
9.999999999996508e-06

  600  0  0
9.999999999996508e-06
9.999999999996508e-06

  601  0  0
9.999999999996508e-06
9.999999999996508e-06

  602  0  0
9.999999999996508e-06
9.999999999996508e-06

  603  0  0
9.999999999996508e-06
9.999999999996508e-06

  604  0  0
9.999999999996508e-06
9.999999999996508e-06

  605  0  0
9.999999999996508e-06
9.999999999996508e-06

  606  0  0
9.999999999996508e-06
9.999999999996508e-06

  607  0  0
9.999999999996508e-06
9.999999999996508e-06

  608  0  0
9.999999999996508e-06
9.999999999996508e-06

  609  0  0
9.999999999996508e-06
9.999999999996508e-06

  610  0  0
9.999999999996508e-06
9.999999999996508e-06

  611  0  0
9.999999999996508e-06
9.999999999996508e-06

  612  0  0
9.999999999996508e-06
9.999999999996508e-06

  613  0  0
9.999999999996508e-06
9.999999999996508e-06

  614  0  0
9.999999999996508e-06
9.999999999996508e-06

  615  0  0
9.999999999996508e-06
9.999999999996508e-06

  616  0  0
9.999999999996508e-06
9.999999999996508e-06

  617  0  0
9.999999999996508e-06
9.999999999996508e-06

  618  0  0
9.999999999996508e-06
9.999999999996508e-06

  619  0  0
9.999999999996508e-06
9.999999999996508e-06

  620  0  0
9.999999999996508e-06
9.999999999996508e-06

  621  0  0
9.999999999996508e-06
9.999999999996508e-06

  622  0  0
9.999999999996508e-06
9.999999999996508e-06

  623  0  0
9.999999999996508e-06
9.999999999996508e-06

  624  0  0
9.999999999996508e-06
9.999999999996508e-06

  625  0  0
9.999999999996508e-06
9.999999999996508e-06

  626  0  0
9.999999999996508e-06
9.999999999996508e-06

  627  0  0
9.999999999996508e-06
9.999999999996508e-06

  628  0  0
9.999999999996508e-06
9.999999999996508e-06

  629  0  0
9.999999999996508e-06
9.999999999996508e-06

  630  0  0
9.999999999996508e-06
9.999999999996508e-06

  631  0  0
9.999999999996508e-06
9.999999999996508e-06

  632  0  0
9.999999999996508e-06
9.999999999996508e-06

  633  0  0
9.999999999996508e-06
9.999999999996508e-06

  634  0  0
9.999999999996508e-06
9.999999999996508e-06

  635  0  0
9.999999999996508e-06
9.999999999996508e-06

  636  0  0
9.999999999996508e-06
9.999999999996508e-06

  637  0  0
9.999999999996508e-06
9.999999999996508e-06

  638  0  0
9.999999999996508e-06
9.999999999996508e-06

  639  0  0
9.999999999996508e-06
9.999999999996508e-06

  640  0  0
9.999999999996508e-06
9.999999999996508e-06

  641  0  0
9.999999999996508e-06
9.999999999996508e-06

  642  0  0
9.999999999996508e-06
9.999999999996508e-06

  643  0  0
9.999999999996508e-06
9.999999999996508e-06

  644  0  0
9.999999999996508e-06
9.999999999996508e-06

  645  0  0
9.999999999996508e-06
9.999999999996508e-06

  646  0  0
9.999999999996508e-06
9.999999999996508e-06

  647  0  0
9.999999999996508e-06
9.999999999996508e-06

  648  0  0
9.999999999996508e-06
9.999999999996508e-06

  649  0  0
9.999999999996508e-06
9.999999999996508e-06

  650  0  0
9.999999999996508e-06
9.999999999996508e-06

  651  0  0
9.999999999996508e-06
9.999999999996508e-06

  652  0  0
9.999999999996508e-06
9.999999999996508e-06

  653  0  0
9.999999999996508e-06
9.999999999996508e-06

  654  0  0
9.999999999996508e-06
9.999999999996508e-06

  655  0  0
9.999999999996508e-06
9.999999999996508e-06

  656  0  0
9.999999999996508e-06
9.999999999996508e-06

  657  0  0
9.999999999996508e-06
9.999999999996508e-06

  658  0  0
9.999999999996508e-06
9.999999999996508e-06

  659  0  0
9.999999999996508e-06
9.999999999996508e-06

  660  0  0
9.999999999996508e-06
9.999999999996508e-06

  661  0  0
9.999999999996508e-06
9.999999999996508e-06

  662  0  0
9.999999999996508e-06
9.999999999996508e-06

  663  0  0
9.999999999996508e-06
9.999999999996508e-06

  664  0  0
9.999999999996508e-06
9.999999999996508e-06

  665  0  0
9.999999999996508e-06
9.999999999996508e-06

  666  0  0
9.999999999996508e-06
9.999999999996508e-06

  667  0  0
9.999999999996508e-06
9.999999999996508e-06

  668  0  0
9.999999999996508e-06
9.999999999996508e-06

  669  0  0
9.999999999996508e-06
9.999999999996508e-06

  670  0  0
9.999999999996508e-06
9.999999999996508e-06

  671  0  0
9.999999999996508e-06
9.999999999996508e-06

  672  0  0
9.999999999996508e-06
9.999999999996508e-06

  673  0  0
9.999999999996508e-06
9.999999999996508e-06

  674  0  0
9.999999999996508e-06
9.999999999996508e-06

  675  0  0
9.999999999996508e-06
9.999999999996508e-06

  676  0  0
9.999999999996508e-06
9.999999999996508e-06

  677  0  0
9.999999999996508e-06
9.999999999996508e-06

  678  0  0
9.999999999996508e-06
9.999999999996508e-06

  679  0  0
9.999999999996508e-06
9.999999999996508e-06

  680  0  0
9.999999999996508e-06
9.999999999996508e-06

  681  0  0
9.999999999996508e-06
9.999999999996508e-06

  682  0  0
9.999999999996508e-06
9.999999999996508e-06

  683  0  0
9.999999999996508e-06
9.999999999996508e-06

  684  0  0
9.999999999996508e-06
9.999999999996508e-06

  685  0  0
9.999999999996508e-06
9.999999999996508e-06

  686  0  0
9.999999999996508e-06
9.999999999996508e-06

  687  0  0
9.999999999996508e-06
9.999999999996508e-06

  688  0  0
9.999999999996508e-06
9.999999999996508e-06

  689  0  0
9.999999999996508e-06
9.999999999996508e-06

  690  0  0
9.999999999996508e-06
9.999999999996508e-06

  691  0  0
9.999999999996508e-06
9.999999999996508e-06

  692  0  0
9.999999999996508e-06
9.999999999996508e-06

  693  0  0
9.999999999996508e-06
9.999999999996508e-06

  694  0  0
9.999999999996508e-06
9.999999999996508e-06

  695  0  0
9.999999999996508e-06
9.999999999996508e-06

  696  0  0
9.999999999996508e-06
9.999999999996508e-06

  697  0  0
9.999999999996508e-06
9.999999999996508e-06

  698  0  0
9.999999999996508e-06
9.999999999996508e-06

  699  0  0
9.999999999996508e-06
9.999999999996508e-06

  700  0  0
9.999999999996508e-06
9.999999999996508e-06

  701  0  0
9.999999999996508e-06
9.999999999996508e-06

  702  0  0
9.999999999996508e-06
9.999999999996508e-06

  703  0  0
9.999999999996508e-06
9.999999999996508e-06

  704  0  0
9.999999999996508e-06
9.999999999996508e-06

  705  0  0
9.999999999996508e-06
9.999999999996508e-06

  706  0  0
9.999999999996508e-06
9.999999999996508e-06

  707  0  0
9.999999999996508e-06
9.999999999996508e-06

  708  0  0
9.999999999996508e-06
9.999999999996508e-06

  709  0  0
9.999999999996508e-06
9.999999999996508e-06

  710  0  0
9.999999999996508e-06
9.999999999996508e-06

  711  0  0
9.999999999996508e-06
9.999999999996508e-06

  712  0  0
9.999999999996508e-06
9.999999999996508e-06

  713  0  0
9.999999999996508e-06
9.999999999996508e-06

  714  0  0
9.999999999996508e-06
9.999999999996508e-06

  715  0  0
9.999999999996508e-06
9.999999999996508e-06

  716  0  0
9.999999999996508e-06
9.999999999996508e-06

  717  0  0
9.999999999996508e-06
9.999999999996508e-06

  718  0  0
9.999999999996508e-06
9.999999999996508e-06

  719  0  0
9.999999999996508e-06
9.999999999996508e-06

  720  0  0
9.999999999996508e-06
9.999999999996508e-06

  721  0  0
9.999999999996508e-06
9.999999999996508e-06

  722  0  0
9.999999999996508e-06
9.999999999996508e-06

  723  0  0
9.999999999996508e-06
9.999999999996508e-06

  724  0  0
9.999999999996508e-06
9.999999999996508e-06

  725  0  0
9.999999999996508e-06
9.999999999996508e-06

  726  0  0
9.999999999996508e-06
9.999999999996508e-06

  727  0  0
9.999999999996508e-06
9.999999999996508e-06

  728  0  0
9.999999999996508e-06
9.999999999996508e-06

  729  0  0
9.999999999996508e-06
9.999999999996508e-06

  730  0  0
9.999999999996508e-06
9.999999999996508e-06

  731  0  0
9.999999999996508e-06
9.999999999996508e-06

  732  0  0
9.999999999996508e-06
9.999999999996508e-06

  733  0  0
9.999999999996508e-06
9.999999999996508e-06

  734  0  0
9.999999999996508e-06
9.999999999996508e-06

  735  0  0
9.999999999996508e-06
9.999999999996508e-06

  736  0  0
9.999999999996508e-06
9.999999999996508e-06

  737  0  0
9.999999999996508e-06
9.999999999996508e-06

  738  0  0
9.999999999996508e-06
9.999999999996508e-06

  739  0  0
9.999999999996508e-06
9.999999999996508e-06

  740  0  0
9.999999999996508e-06
9.999999999996508e-06

  741  0  0
9.999999999996508e-06
9.999999999996508e-06

  742  0  0
9.999999999996508e-06
9.999999999996508e-06

  743  0  0
9.999999999996508e-06
9.999999999996508e-06

  744  0  0
9.999999999996508e-06
9.999999999996508e-06

  745  0  0
9.999999999996508e-06
9.999999999996508e-06

  746  0  0
9.999999999996508e-06
9.999999999996508e-06

  747  0  0
9.999999999996508e-06
9.999999999996508e-06

  748  0  0
9.999999999996508e-06
9.999999999996508e-06

  749  0  0
9.999999999996508e-06
9.999999999996508e-06

  750  0  0
9.999999999996508e-06
9.999999999996508e-06

  751  0  0
9.999999999996508e-06
9.999999999996508e-06

  752  0  0
9.999999999996508e-06
9.999999999996508e-06

  753  0  0
9.999999999996508e-06
9.999999999996508e-06

  754  0  0
9.999999999996508e-06
9.999999999996508e-06

  755  0  0
9.999999999996508e-06
9.999999999996508e-06

  756  0  0
9.999999999996508e-06
9.999999999996508e-06

  757  0  0
9.999999999996508e-06
9.999999999996508e-06

  758  0  0
9.999999999996508e-06
9.999999999996508e-06

  759  0  0
9.999999999996508e-06
9.999999999996508e-06

  760  0  0
9.999999999996508e-06
9.999999999996508e-06

  761  0  0
9.999999999996508e-06
9.999999999996508e-06

  762  0  0
9.999999999996508e-06
9.999999999996508e-06

  763  0  0
9.999999999996508e-06
9.999999999996508e-06

  764  0  0
9.999999999996508e-06
9.999999999996508e-06

  765  0  0
9.999999999996508e-06
9.999999999996508e-06

  766  0  0
9.999999999996508e-06
9.999999999996508e-06

  767  0  0
9.999999999996508e-06
9.999999999996508e-06

  768  0  0
9.999999999996508e-06
9.999999999996508e-06

  769  0  0
9.999999999996508e-06
9.999999999996508e-06

  770  0  0
9.999999999996508e-06
9.999999999996508e-06

  771  0  0
9.999999999996508e-06
9.999999999996508e-06

  772  0  0
9.999999999996508e-06
9.999999999996508e-06

  773  0  0
9.999999999996508e-06
9.999999999996508e-06

  774  0  0
9.999999999996508e-06
9.999999999996508e-06

  775  0  0
9.999999999996508e-06
9.999999999996508e-06

  776  0  0
9.999999999996508e-06
9.999999999996508e-06

  777  0  0
9.999999999996508e-06
9.999999999996508e-06

  778  0  0
9.999999999996508e-06
9.999999999996508e-06

  779  0  0
9.999999999996508e-06
9.999999999996508e-06

  780  0  0
9.999999999996508e-06
9.999999999996508e-06

  781  0  0
9.999999999996508e-06
9.999999999996508e-06

  782  0  0
9.999999999996508e-06
9.999999999996508e-06

  783  0  0
9.999999999996508e-06
9.999999999996508e-06

  784  0  0
9.999999999996508e-06
9.999999999996508e-06

  785  0  0
9.999999999996508e-06
9.999999999996508e-06

  786  0  0
9.999999999996508e-06
9.999999999996508e-06

  787  0  0
9.999999999996508e-06
9.999999999996508e-06

  788  0  0
9.999999999996508e-06
9.999999999996508e-06

  789  0  0
9.999999999996508e-06
9.999999999996508e-06

  790  0  0
9.999999999996508e-06
9.999999999996508e-06

  791  0  0
9.999999999996508e-06
9.999999999996508e-06

  792  0  0
9.999999999996508e-06
9.999999999996508e-06

  793  0  0
9.999999999996508e-06
9.999999999996508e-06

  794  0  0
9.999999999996508e-06
9.999999999996508e-06

  795  0  0
9.999999999996508e-06
9.999999999996508e-06

  796  0  0
9.999999999996508e-06
9.999999999996508e-06

  797  0  0
9.999999999996508e-06
9.999999999996508e-06

  798  0  0
9.999999999996508e-06
9.999999999996508e-06

  799  0  0
9.999999999996508e-06
9.999999999996508e-06

  800  0  0
9.999999999996508e-06
9.999999999996508e-06

  801  0  0
9.999999999996508e-06
9.999999999996508e-06

  802  0  0
9.999999999996508e-06
9.999999999996508e-06

  803  0  0
9.999999999996508e-06
9.999999999996508e-06

  804  0  0
9.999999999996508e-06
9.999999999996508e-06

  805  0  0
9.999999999996508e-06
9.999999999996508e-06

  806  0  0
9.999999999996508e-06
9.999999999996508e-06

  807  0  0
9.999999999996508e-06
9.999999999996508e-06

  808  0  0
9.999999999996508e-06
9.999999999996508e-06

  809  0  0
9.999999999996508e-06
9.999999999996508e-06

  810  0  0
9.999999999996508e-06
9.999999999996508e-06

  811  0  0
9.999999999996508e-06
9.999999999996508e-06

  812  0  0
9.999999999996508e-06
9.999999999996508e-06

  813  0  0
9.999999999996508e-06
9.999999999996508e-06

  814  0  0
9.999999999996508e-06
9.999999999996508e-06

  815  0  0
9.999999999996508e-06
9.999999999996508e-06

  816  0  0
9.999999999996508e-06
9.999999999996508e-06

  817  0  0
9.999999999996508e-06
9.999999999996508e-06

  818  0  0
9.999999999996508e-06
9.999999999996508e-06

  819  0  0
9.999999999996508e-06
9.999999999996508e-06

  820  0  0
9.999999999996508e-06
9.999999999996508e-06

  821  0  0
9.999999999996508e-06
9.999999999996508e-06

  822  0  0
9.999999999996508e-06
9.999999999996508e-06

  823  0  0
9.999999999996508e-06
9.999999999996508e-06

  824  0  0
9.999999999996508e-06
9.999999999996508e-06

  825  0  0
9.999999999996508e-06
9.999999999996508e-06

  826  0  0
9.999999999996508e-06
9.999999999996508e-06

  827  0  0
9.999999999996508e-06
9.999999999996508e-06

  828  0  0
9.999999999996508e-06
9.999999999996508e-06

  829  0  0
9.999999999996508e-06
9.999999999996508e-06

  830  0  0
9.999999999996508e-06
9.999999999996508e-06

  831  0  0
9.999999999996508e-06
9.999999999996508e-06

  832  0  0
9.999999999996508e-06
9.999999999996508e-06

  833  0  0
9.999999999996508e-06
9.999999999996508e-06

  834  0  0
9.999999999996508e-06
9.999999999996508e-06

  835  0  0
9.999999999996508e-06
9.999999999996508e-06

  836  0  0
9.999999999996508e-06
9.999999999996508e-06

  837  0  0
9.999999999996508e-06
9.999999999996508e-06

  838  0  0
9.999999999996508e-06
9.999999999996508e-06

  839  0  0
9.999999999996508e-06
9.999999999996508e-06

  840  0  0
9.999999999996508e-06
9.999999999996508e-06

  841  0  0
9.999999999996508e-06
9.999999999996508e-06

  842  0  0
9.999999999996508e-06
9.999999999996508e-06

  843  0  0
9.999999999996508e-06
9.999999999996508e-06

  844  0  0
9.999999999996508e-06
9.999999999996508e-06

  845  0  0
9.999999999996508e-06
9.999999999996508e-06

  846  0  0
9.999999999996508e-06
9.999999999996508e-06

  847  0  0
9.999999999996508e-06
9.999999999996508e-06

  848  0  0
9.999999999996508e-06
9.999999999996508e-06

  849  0  0
9.999999999996508e-06
9.999999999996508e-06

  850  0  0
9.999999999996508e-06
9.999999999996508e-06

  851  0  0
9.999999999996508e-06
9.999999999996508e-06

  852  0  0
9.999999999996508e-06
9.999999999996508e-06

  853  0  0
9.999999999996508e-06
9.999999999996508e-06

  854  0  0
9.999999999996508e-06
9.999999999996508e-06

  855  0  0
9.999999999996508e-06
9.999999999996508e-06

  856  0  0
9.999999999996508e-06
9.999999999996508e-06

  857  0  0
9.999999999996508e-06
9.999999999996508e-06

  858  0  0
9.999999999996508e-06
9.999999999996508e-06

  859  0  0
9.999999999996508e-06
9.999999999996508e-06

  860  0  0
9.999999999996508e-06
9.999999999996508e-06

  861  0  0
9.999999999996508e-06
9.999999999996508e-06

  862  0  0
9.999999999996508e-06
9.999999999996508e-06

  863  0  0
9.999999999996508e-06
9.999999999996508e-06

  864  0  0
9.999999999996508e-06
9.999999999996508e-06

  865  0  0
9.999999999996508e-06
9.999999999996508e-06

  866  0  0
9.999999999996508e-06
9.999999999996508e-06

  867  0  0
9.999999999996508e-06
9.999999999996508e-06

  868  0  0
9.999999999996508e-06
9.999999999996508e-06

  869  0  0
9.999999999996508e-06
9.999999999996508e-06

  870  0  0
9.999999999996508e-06
9.999999999996508e-06

  871  0  0
9.999999999996508e-06
9.999999999996508e-06

  872  0  0
9.999999999996508e-06
9.999999999996508e-06

  873  0  0
9.999999999996508e-06
9.999999999996508e-06

  874  0  0
9.999999999996508e-06
9.999999999996508e-06

  875  0  0
9.999999999996508e-06
9.999999999996508e-06

  876  0  0
9.999999999996508e-06
9.999999999996508e-06

  877  0  0
9.999999999996508e-06
9.999999999996508e-06

  878  0  0
9.999999999996508e-06
9.999999999996508e-06

  879  0  0
9.999999999996508e-06
9.999999999996508e-06

  880  0  0
9.999999999996508e-06
9.999999999996508e-06

  881  0  0
9.999999999996508e-06
9.999999999996508e-06

  882  0  0
9.999999999996508e-06
9.999999999996508e-06

  883  0  0
9.999999999996508e-06
9.999999999996508e-06

  884  0  0
9.999999999996508e-06
9.999999999996508e-06

  885  0  0
9.999999999996508e-06
9.999999999996508e-06

  886  0  0
9.999999999996508e-06
9.999999999996508e-06

  887  0  0
9.999999999996508e-06
9.999999999996508e-06

  888  0  0
9.999999999996508e-06
9.999999999996508e-06

  889  0  0
9.999999999996508e-06
9.999999999996508e-06

  890  0  0
9.999999999996508e-06
9.999999999996508e-06

  891  0  0
9.999999999996508e-06
9.999999999996508e-06

  892  0  0
9.999999999996508e-06
9.999999999996508e-06

  893  0  0
9.999999999996508e-06
9.999999999996508e-06

  894  0  0
9.999999999996508e-06
9.999999999996508e-06

  895  0  0
9.999999999996508e-06
9.999999999996508e-06

  896  0  0
9.999999999996508e-06
9.999999999996508e-06

  897  0  0
9.999999999996508e-06
9.999999999996508e-06

  898  0  0
9.999999999996508e-06
9.999999999996508e-06

  899  0  0
9.999999999996508e-06
9.999999999996508e-06

  900  0  0
9.999999999996508e-06
9.999999999996508e-06

  901  0  0
9.999999999996508e-06
9.999999999996508e-06

  902  0  0
9.999999999996508e-06
9.999999999996508e-06

  903  0  0
9.999999999996508e-06
9.999999999996508e-06

  904  0  0
9.999999999996508e-06
9.999999999996508e-06

  905  0  0
9.999999999996508e-06
9.999999999996508e-06

  906  0  0
9.999999999996508e-06
9.999999999996508e-06

  907  0  0
9.999999999996508e-06
9.999999999996508e-06

  908  0  0
9.999999999996508e-06
9.999999999996508e-06

  909  0  0
9.999999999996508e-06
9.999999999996508e-06

  910  0  0
9.999999999996508e-06
9.999999999996508e-06

  911  0  0
9.999999999996508e-06
9.999999999996508e-06

  912  0  0
9.999999999996508e-06
9.999999999996508e-06

  913  0  0
9.999999999996508e-06
9.999999999996508e-06

  914  0  0
9.999999999996508e-06
9.999999999996508e-06

  915  0  0
9.999999999996508e-06
9.999999999996508e-06

  916  0  0
9.999999999996508e-06
9.999999999996508e-06

  917  0  0
9.999999999996508e-06
9.999999999996508e-06

  918  0  0
9.999999999996508e-06
9.999999999996508e-06

  919  0  0
9.999999999996508e-06
9.999999999996508e-06

  920  0  0
9.999999999996508e-06
9.999999999996508e-06

  921  0  0
9.999999999996508e-06
9.999999999996508e-06

  922  0  0
9.999999999996508e-06
9.999999999996508e-06

  923  0  0
9.999999999996508e-06
9.999999999996508e-06

  924  0  0
9.999999999996508e-06
9.999999999996508e-06

  925  0  0
9.999999999996508e-06
9.999999999996508e-06

  926  0  0
9.999999999996508e-06
9.999999999996508e-06

  927  0  0
9.999999999996508e-06
9.999999999996508e-06

  928  0  0
9.999999999996508e-06
9.999999999996508e-06

  929  0  0
9.999999999996508e-06
9.999999999996508e-06

  930  0  0
9.999999999996508e-06
9.999999999996508e-06

  931  0  0
9.999999999996508e-06
9.999999999996508e-06

  932  0  0
9.999999999996508e-06
9.999999999996508e-06

  933  0  0
9.999999999996508e-06
9.999999999996508e-06

  934  0  0
9.999999999996508e-06
9.999999999996508e-06

  935  0  0
9.999999999996508e-06
9.999999999996508e-06

  936  0  0
9.999999999996508e-06
9.999999999996508e-06

  937  0  0
9.999999999996508e-06
9.999999999996508e-06

  938  0  0
9.999999999996508e-06
9.999999999996508e-06

  939  0  0
9.999999999996508e-06
9.999999999996508e-06

  940  0  0
9.999999999996508e-06
9.999999999996508e-06

  941  0  0
9.999999999996508e-06
9.999999999996508e-06

  942  0  0
9.999999999996508e-06
9.999999999996508e-06

  943  0  0
9.999999999996508e-06
9.999999999996508e-06

  944  0  0
9.999999999996508e-06
9.999999999996508e-06

  945  0  0
9.999999999996508e-06
9.999999999996508e-06

  946  0  0
9.999999999996508e-06
9.999999999996508e-06

  947  0  0
9.999999999996508e-06
9.999999999996508e-06

  948  0  0
9.999999999996508e-06
9.999999999996508e-06

  949  0  0
9.999999999996508e-06
9.999999999996508e-06

  950  0  0
9.999999999996508e-06
9.999999999996508e-06

  951  0  0
9.999999999996508e-06
9.999999999996508e-06

  952  0  0
9.999999999996508e-06
9.999999999996508e-06

  953  0  0
9.999999999996508e-06
9.999999999996508e-06

  954  0  0
9.999999999996508e-06
9.999999999996508e-06

  955  0  0
9.999999999996508e-06
9.999999999996508e-06

  956  0  0
9.999999999996508e-06
9.999999999996508e-06

  957  0  0
9.999999999996508e-06
9.999999999996508e-06

  958  0  0
9.999999999996508e-06
9.999999999996508e-06

  959  0  0
9.999999999996508e-06
9.999999999996508e-06

  960  0  0
9.999999999996508e-06
9.999999999996508e-06

  961  0  0
9.999999999996508e-06
9.999999999996508e-06

  962  0  0
9.999999999996508e-06
9.999999999996508e-06

  963  0  0
9.999999999996508e-06
9.999999999996508e-06

  964  0  0
9.999999999996508e-06
9.999999999996508e-06

  965  0  0
9.999999999996508e-06
9.999999999996508e-06

  966  0  0
9.999999999996508e-06
9.999999999996508e-06

  967  0  0
9.999999999996508e-06
9.999999999996508e-06

  968  0  0
9.999999999996508e-06
9.999999999996508e-06

  969  0  0
9.999999999996508e-06
9.999999999996508e-06

  970  0  0
9.999999999996508e-06
9.999999999996508e-06

  971  0  0
9.999999999996508e-06
9.999999999996508e-06

  972  0  0
9.999999999996508e-06
9.999999999996508e-06

  973  0  0
9.999999999996508e-06
9.999999999996508e-06

  974  0  0
9.999999999996508e-06
9.999999999996508e-06

  975  0  0
9.999999999996508e-06
9.999999999996508e-06

  976  0  0
9.999999999996508e-06
9.999999999996508e-06

  977  0  0
9.999999999996508e-06
9.999999999996508e-06

  978  0  0
9.999999999996508e-06
9.999999999996508e-06

  979  0  0
9.999999999996508e-06
9.999999999996508e-06

  980  0  0
9.999999999996508e-06
9.999999999996508e-06

  981  0  0
9.999999999996508e-06
9.999999999996508e-06

  982  0  0
9.999999999996508e-06
9.999999999996508e-06

  983  0  0
9.999999999996508e-06
9.999999999996508e-06

  984  0  0
9.999999999996508e-06
9.999999999996508e-06

  985  0  0
9.999999999996508e-06
9.999999999996508e-06

  986  0  0
9.999999999996508e-06
9.999999999996508e-06

  987  0  0
9.999999999996508e-06
9.999999999996508e-06

  988  0  0
9.999999999996508e-06
9.999999999996508e-06

  989  0  0
9.999999999996508e-06
9.999999999996508e-06

  990  0  0
9.999999999996508e-06
9.999999999996508e-06

  991  0  0
9.999999999996508e-06
9.999999999996508e-06

  992  0  0
9.999999999996508e-06
9.999999999996508e-06

  993  0  0
9.999999999996508e-06
9.999999999996508e-06

  994  0  0
9.999999999996508e-06
9.999999999996508e-06

  995  0  0
9.999999999996508e-06
9.999999999996508e-06

  996  0  0
9.999999999996508e-06
9.999999999996508e-06

  997  0  0
9.999999999996508e-06
9.999999999996508e-06

  998  0  0
9.999999999996508e-06
9.999999999996508e-06

  999  0  0
9.999999999996508e-06
9.999999999996508e-06

 1000  0  0
9.999999999996508e-06
9.999999999996508e-06

 1001  0  0
9.999999999996508e-06
9.999999999996508e-06

 1002  0  0
9.999999999996508e-06
9.999999999996508e-06

 1003  0  0
9.999999999996508e-06
9.999999999996508e-06

 1004  0  0
9.999999999996508e-06
9.999999999996508e-06

 1005  0  0
9.999999999996508e-06
9.999999999996508e-06

 1006  0  0
9.999999999996508e-06
9.999999999996508e-06

 1007  0  0
9.999999999996508e-06
9.999999999996508e-06

 1008  0  0
9.999999999996508e-06
9.999999999996508e-06

 1009  0  0
9.999999999996508e-06
9.999999999996508e-06

 1010  0  0
9.999999999996508e-06
9.999999999996508e-06

 1011  0  0
9.999999999996508e-06
9.999999999996508e-06

 1012  0  0
9.999999999996508e-06
9.999999999996508e-06

 1013  0  0
9.999999999996508e-06
9.999999999996508e-06

 1014  0  0
9.999999999996508e-06
9.999999999996508e-06

 1015  0  0
9.999999999996508e-06
9.999999999996508e-06

 1016  0  0
9.999999999996508e-06
9.999999999996508e-06

 1017  0  0
9.999999999996508e-06
9.999999999996508e-06

 1018  0  0
9.999999999996508e-06
9.999999999996508e-06

 1019  0  0
9.999999999996508e-06
9.999999999996508e-06

 1020  0  0
9.999999999996508e-06
9.999999999996508e-06

 1021  0  0
9.999999999996508e-06
9.999999999996508e-06

 1022  0  0
9.999999999996508e-06
9.999999999996508e-06

 1023  0  0
9.999999999996508e-06
9.999999999996508e-06

 1024  0  0
9.999999999996508e-06
9.999999999996508e-06

 1025  0  0
9.999999999996508e-06
9.999999999996508e-06

 1026  0  0
9.999999999996508e-06
9.999999999996508e-06

 1027  0  0
9.999999999996508e-06
9.999999999996508e-06

 1028  0  0
9.999999999996508e-06
9.999999999996508e-06

 1029  0  0
9.999999999996508e-06
9.999999999996508e-06

 1030  0  0
9.999999999996508e-06
9.999999999996508e-06

 1031  0  0
9.999999999996508e-06
9.999999999996508e-06

 1032  0  0
9.999999999996508e-06
9.999999999996508e-06

 1033  0  0
9.999999999996508e-06
9.999999999996508e-06

 1034  0  0
9.999999999996508e-06
9.999999999996508e-06

 1035  0  0
9.999999999996508e-06
9.999999999996508e-06

 1036  0  0
9.999999999996508e-06
9.999999999996508e-06

 1037  0  0
9.999999999996508e-06
9.999999999996508e-06

 1038  0  0
9.999999999996508e-06
9.999999999996508e-06

 1039  0  0
9.999999999996508e-06
9.999999999996508e-06

 1040  0  0
9.999999999996508e-06
9.999999999996508e-06

 1041  0  0
9.999999999996508e-06
9.999999999996508e-06

 1042  0  0
9.999999999996508e-06
9.999999999996508e-06

 1043  0  0
9.999999999996508e-06
9.999999999996508e-06

 1044  0  0
9.999999999996508e-06
9.999999999996508e-06

 1045  0  0
9.999999999996508e-06
9.999999999996508e-06

 1046  0  0
9.999999999996508e-06
9.999999999996508e-06

 1047  0  0
9.999999999996508e-06
9.999999999996508e-06

 1048  0  0
9.999999999996508e-06
9.999999999996508e-06

 1049  0  0
9.999999999996508e-06
9.999999999996508e-06

 1050  0  0
9.999999999996508e-06
9.999999999996508e-06

 1051  0  0
9.999999999996508e-06
9.999999999996508e-06

 1052  0  0
9.999999999996508e-06
9.999999999996508e-06

 1053  0  0
9.999999999996508e-06
9.999999999996508e-06

 1054  0  0
9.999999999996508e-06
9.999999999996508e-06

 1055  0  0
9.999999999996508e-06
9.999999999996508e-06

 1056  0  0
9.999999999996508e-06
9.999999999996508e-06

 1057  0  0
9.999999999996508e-06
9.999999999996508e-06

 1058  0  0
9.999999999996508e-06
9.999999999996508e-06

 1059  0  0
9.999999999996508e-06
9.999999999996508e-06

 1060  0  0
9.999999999996508e-06
9.999999999996508e-06

 1061  0  0
9.999999999996508e-06
9.999999999996508e-06

 1062  0  0
9.999999999996508e-06
9.999999999996508e-06

 1063  0  0
9.999999999996508e-06
9.999999999996508e-06

 1064  0  0
9.999999999996508e-06
9.999999999996508e-06

 1065  0  0
9.999999999996508e-06
9.999999999996508e-06

 1066  0  0
9.999999999996508e-06
9.999999999996508e-06

 1067  0  0
9.999999999996508e-06
9.999999999996508e-06

 1068  0  0
9.999999999996508e-06
9.999999999996508e-06

 1069  0  0
9.999999999996508e-06
9.999999999996508e-06

 1070  0  0
9.999999999996508e-06
9.999999999996508e-06

 1071  0  0
9.999999999996508e-06
9.999999999996508e-06

 1072  0  0
9.999999999996508e-06
9.999999999996508e-06

 1073  0  0
9.999999999996508e-06
9.999999999996508e-06

 1074  0  0
9.999999999996508e-06
9.999999999996508e-06

 1075  0  0
9.999999999996508e-06
9.999999999996508e-06

 1076  0  0
9.999999999996508e-06
9.999999999996508e-06

 1077  0  0
9.999999999996508e-06
9.999999999996508e-06

 1078  0  0
9.999999999996508e-06
9.999999999996508e-06

 1079  0  0
9.999999999996508e-06
9.999999999996508e-06

 1080  0  0
9.999999999996508e-06
9.999999999996508e-06

 1081  0  0
9.999999999996508e-06
9.999999999996508e-06

 1082  0  0
9.999999999996508e-06
9.999999999996508e-06

 1083  0  0
9.999999999996508e-06
9.999999999996508e-06

 1084  0  0
9.999999999996508e-06
9.999999999996508e-06

 1085  0  0
9.999999999996508e-06
9.999999999996508e-06

 1086  0  0
9.999999999996508e-06
9.999999999996508e-06

 1087  0  0
9.999999999996508e-06
9.999999999996508e-06

 1088  0  0
9.999999999996508e-06
9.999999999996508e-06

 1089  0  0
9.999999999996508e-06
9.999999999996508e-06

 1090  0  0
9.999999999996508e-06
9.999999999996508e-06

 1091  0  0
9.999999999996508e-06
9.999999999996508e-06

 1092  0  0
9.999999999996508e-06
9.999999999996508e-06

 1093  0  0
9.999999999996508e-06
9.999999999996508e-06

 1094  0  0
9.999999999996508e-06
9.999999999996508e-06

 1095  0  0
9.999999999996508e-06
9.999999999996508e-06

 1096  0  0
9.999999999996508e-06
9.999999999996508e-06

 1097  0  0
9.999999999996508e-06
9.999999999996508e-06

 1098  0  0
9.999999999996508e-06
9.999999999996508e-06

 1099  0  0
9.999999999996508e-06
9.999999999996508e-06

 1100  0  0
9.999999999996508e-06
9.999999999996508e-06

 1101  0  0
9.999999999996508e-06
9.999999999996508e-06

 1102  0  0
9.999999999996508e-06
9.999999999996508e-06

 1103  0  0
9.999999999996508e-06
9.999999999996508e-06

 1104  0  0
9.999999999996508e-06
9.999999999996508e-06

 1105  0  0
9.999999999996508e-06
9.999999999996508e-06

 1106  0  0
9.999999999996508e-06
9.999999999996508e-06

 1107  0  0
9.999999999996508e-06
9.999999999996508e-06

 1108  0  0
9.999999999996508e-06
9.999999999996508e-06

 1109  0  0
9.999999999996508e-06
9.999999999996508e-06

 1110  0  0
9.999999999996508e-06
9.999999999996508e-06

 1111  0  0
9.999999999996508e-06
9.999999999996508e-06

 1112  0  0
9.999999999996508e-06
9.999999999996508e-06

 1113  0  0
9.999999999996508e-06
9.999999999996508e-06

 1114  0  0
9.999999999996508e-06
9.999999999996508e-06

 1115  0  0
9.999999999996508e-06
9.999999999996508e-06

 1116  0  0
9.999999999996508e-06
9.999999999996508e-06

 1117  0  0
9.999999999996508e-06
9.999999999996508e-06

 1118  0  0
9.999999999996508e-06
9.999999999996508e-06

 1119  0  0
9.999999999996508e-06
9.999999999996508e-06

 1120  0  0
9.999999999996508e-06
9.999999999996508e-06

 1121  0  0
9.999999999996508e-06
9.999999999996508e-06

 1122  0  0
9.999999999996508e-06
9.999999999996508e-06

 1123  0  0
9.999999999996508e-06
9.999999999996508e-06

 1124  0  0
9.999999999996508e-06
9.999999999996508e-06

 1125  0  0
9.999999999996508e-06
9.999999999996508e-06

 1126  0  0
9.999999999996508e-06
9.999999999996508e-06

 1127  0  0
9.999999999996508e-06
9.999999999996508e-06

 1128  0  0
9.999999999996508e-06
9.999999999996508e-06

 1129  0  0
9.999999999996508e-06
9.999999999996508e-06

 1130  0  0
9.999999999996508e-06
9.999999999996508e-06

 1131  0  0
9.999999999996508e-06
9.999999999996508e-06

 1132  0  0
9.999999999996508e-06
9.999999999996508e-06

 1133  0  0
9.999999999996508e-06
9.999999999996508e-06

 1134  0  0
9.999999999996508e-06
9.999999999996508e-06

 1135  0  0
9.999999999996508e-06
9.999999999996508e-06

 1136  0  0
9.999999999996508e-06
9.999999999996508e-06

 1137  0  0
9.999999999996508e-06
9.999999999996508e-06

 1138  0  0
9.999999999996508e-06
9.999999999996508e-06

 1139  0  0
9.999999999996508e-06
9.999999999996508e-06

 1140  0  0
9.999999999996508e-06
9.999999999996508e-06

 1141  0  0
9.999999999996508e-06
9.999999999996508e-06

 1142  0  0
9.999999999996508e-06
9.999999999996508e-06

 1143  0  0
9.999999999996508e-06
9.999999999996508e-06

 1144  0  0
9.999999999996508e-06
9.999999999996508e-06

 1145  0  0
9.999999999996508e-06
9.999999999996508e-06

 1146  0  0
9.999999999996508e-06
9.999999999996508e-06

 1147  0  0
9.999999999996508e-06
9.999999999996508e-06

 1148  0  0
9.999999999996508e-06
9.999999999996508e-06

 1149  0  0
9.999999999996508e-06
9.999999999996508e-06

 1150  0  0
9.999999999996508e-06
9.999999999996508e-06

 1151  0  0
9.999999999996508e-06
9.999999999996508e-06

 1152  0  0
9.999999999996508e-06
9.999999999996508e-06

 1153  0  0
9.999999999996508e-06
9.999999999996508e-06

 1154  0  0
9.999999999996508e-06
9.999999999996508e-06

 1155  0  0
9.999999999996508e-06
9.999999999996508e-06

 1156  0  0
9.999999999996508e-06
9.999999999996508e-06

 1157  0  0
9.999999999996508e-06
9.999999999996508e-06

 1158  0  0
9.999999999996508e-06
9.999999999996508e-06

 1159  0  0
9.999999999996508e-06
9.999999999996508e-06

 1160  0  0
9.999999999996508e-06
9.999999999996508e-06

 1161  0  0
9.999999999996508e-06
9.999999999996508e-06

 1162  0  0
9.999999999996508e-06
9.999999999996508e-06

 1163  0  0
9.999999999996508e-06
9.999999999996508e-06

 1164  0  0
9.999999999996508e-06
9.999999999996508e-06

 1165  0  0
9.999999999996508e-06
9.999999999996508e-06

 1166  0  0
9.999999999996508e-06
9.999999999996508e-06

 1167  0  0
9.999999999996508e-06
9.999999999996508e-06

 1168  0  0
9.999999999996508e-06
9.999999999996508e-06

 1169  0  0
9.999999999996508e-06
9.999999999996508e-06

 1170  0  0
9.999999999996508e-06
9.999999999996508e-06

 1171  0  0
9.999999999996508e-06
9.999999999996508e-06

 1172  0  0
9.999999999996508e-06
9.999999999996508e-06

 1173  0  0
9.999999999996508e-06
9.999999999996508e-06

 1174  0  0
9.999999999996508e-06
9.999999999996508e-06

 1175  0  0
9.999999999996508e-06
9.999999999996508e-06

 1176  0  0
9.999999999996508e-06
9.999999999996508e-06

 1177  0  0
9.999999999996508e-06
9.999999999996508e-06

 1178  0  0
9.999999999996508e-06
9.999999999996508e-06

 1179  0  0
9.999999999996508e-06
9.999999999996508e-06

 1180  0  0
9.999999999996508e-06
9.999999999996508e-06

 1181  0  0
9.999999999996508e-06
9.999999999996508e-06

 1182  0  0
9.999999999996508e-06
9.999999999996508e-06

 1183  0  0
9.999999999996508e-06
9.999999999996508e-06

 1184  0  0
9.999999999996508e-06
9.999999999996508e-06

 1185  0  0
9.999999999996508e-06
9.999999999996508e-06

 1186  0  0
9.999999999996508e-06
9.999999999996508e-06

 1187  0  0
9.999999999996508e-06
9.999999999996508e-06

 1188  0  0
9.999999999996508e-06
9.999999999996508e-06

 1189  0  0
9.999999999996508e-06
9.999999999996508e-06

 1190  0  0
9.999999999996508e-06
9.999999999996508e-06

 1191  0  0
9.999999999996508e-06
9.999999999996508e-06

 1192  0  0
9.999999999996508e-06
9.999999999996508e-06

 1193  0  0
9.999999999996508e-06
9.999999999996508e-06

 1194  0  0
9.999999999996508e-06
9.999999999996508e-06

 1195  0  0
9.999999999996508e-06
9.999999999996508e-06

 1196  0  0
9.999999999996508e-06
9.999999999996508e-06

 1197  0  0
9.999999999996508e-06
9.999999999996508e-06

 1198  0  0
9.999999999996508e-06
9.999999999996508e-06

 1199  0  0
9.999999999996508e-06
9.999999999996508e-06

 1200  0  0
9.999999999996508e-06
9.999999999996508e-06

 1201  0  0
9.999999999996508e-06
9.999999999996508e-06

 1202  0  0
9.999999999996508e-06
9.999999999996508e-06

 1203  0  0
9.999999999996508e-06
9.999999999996508e-06

 1204  0  0
9.999999999996508e-06
9.999999999996508e-06

 1205  0  0
9.999999999996508e-06
9.999999999996508e-06

 1206  0  0
9.999999999996508e-06
9.999999999996508e-06

 1207  0  0
9.999999999996508e-06
9.999999999996508e-06

 1208  0  0
9.999999999996508e-06
9.999999999996508e-06

 1209  0  0
9.999999999996508e-06
9.999999999996508e-06

 1210  0  0
9.999999999996508e-06
9.999999999996508e-06

 1211  0  0
9.999999999996508e-06
9.999999999996508e-06

 1212  0  0
9.999999999996508e-06
9.999999999996508e-06

 1213  0  0
9.999999999996508e-06
9.999999999996508e-06

 1214  0  0
9.999999999996508e-06
9.999999999996508e-06

 1215  0  0
9.999999999996508e-06
9.999999999996508e-06

 1216  0  0
9.999999999996508e-06
9.999999999996508e-06

 1217  0  0
9.999999999996508e-06
9.999999999996508e-06

 1218  0  0
9.999999999996508e-06
9.999999999996508e-06

 1219  0  0
9.999999999996508e-06
9.999999999996508e-06

 1220  0  0
9.999999999996508e-06
9.999999999996508e-06

 1221  0  0
9.999999999996508e-06
9.999999999996508e-06

 1222  0  0
9.999999999996508e-06
9.999999999996508e-06

 1223  0  0
9.999999999996508e-06
9.999999999996508e-06

 1224  0  0
9.999999999996508e-06
9.999999999996508e-06

 1225  0  0
9.999999999996508e-06
9.999999999996508e-06

 1226  0  0
9.999999999996508e-06
9.999999999996508e-06

 1227  0  0
9.999999999996508e-06
9.999999999996508e-06

 1228  0  0
9.999999999996508e-06
9.999999999996508e-06

 1229  0  0
9.999999999996508e-06
9.999999999996508e-06

 1230  0  0
9.999999999996508e-06
9.999999999996508e-06

 1231  0  0
9.999999999996508e-06
9.999999999996508e-06

 1232  0  0
9.999999999996508e-06
9.999999999996508e-06

 1233  0  0
9.999999999996508e-06
9.999999999996508e-06

 1234  0  0
9.999999999996508e-06
9.999999999996508e-06

 1235  0  0
9.999999999996508e-06
9.999999999996508e-06

 1236  0  0
9.999999999996508e-06
9.999999999996508e-06

 1237  0  0
9.999999999996508e-06
9.999999999996508e-06

 1238  0  0
9.999999999996508e-06
9.999999999996508e-06

 1239  0  0
9.999999999996508e-06
9.999999999996508e-06

 1240  0  0
9.999999999996508e-06
9.999999999996508e-06

 1241  0  0
9.999999999996508e-06
9.999999999996508e-06

 1242  0  0
9.999999999996508e-06
9.999999999996508e-06

 1243  0  0
9.999999999996508e-06
9.999999999996508e-06

 1244  0  0
9.999999999996508e-06
9.999999999996508e-06

 1245  0  0
9.999999999996508e-06
9.999999999996508e-06

 1246  0  0
9.999999999996508e-06
9.999999999996508e-06

 1247  0  0
9.999999999996508e-06
9.999999999996508e-06

 1248  0  0
9.999999999996508e-06
9.999999999996508e-06

 1249  0  0
9.999999999996508e-06
9.999999999996508e-06

 1250  0  0
9.999999999996508e-06
9.999999999996508e-06

 1251  0  0
9.999999999996508e-06
9.999999999996508e-06

 1252  0  0
9.999999999996508e-06
9.999999999996508e-06

 1253  0  0
9.999999999996508e-06
9.999999999996508e-06

 1254  0  0
9.999999999996508e-06
9.999999999996508e-06

 1255  0  0
9.999999999996508e-06
9.999999999996508e-06

 1256  0  0
9.999999999996508e-06
9.999999999996508e-06

 1257  0  0
9.999999999996508e-06
9.999999999996508e-06

 1258  0  0
9.999999999996508e-06
9.999999999996508e-06

 1259  0  0
9.999999999996508e-06
9.999999999996508e-06

 1260  0  0
9.999999999996508e-06
9.999999999996508e-06

 1261  0  0
9.999999999996508e-06
9.999999999996508e-06

 1262  0  0
9.999999999996508e-06
9.999999999996508e-06

 1263  0  0
9.999999999996508e-06
9.999999999996508e-06

 1264  0  0
9.999999999996508e-06
9.999999999996508e-06

 1265  0  0
9.999999999996508e-06
9.999999999996508e-06

 1266  0  0
9.999999999996508e-06
9.999999999996508e-06

 1267  0  0
9.999999999996508e-06
9.999999999996506e-06

 1268  0  0
9.999999999996506e-06
9.999999999996492e-06

 1269  0  0
9.999999999996448e-06
9.999999999995994e-06

 1270  0  0
9.999999999994444e-06
9.999999999975703e-06

 1271  0  0
9.999999999942286e-06
9.999999999542080e-06

 1272  0  0
9.999999998851433e-06
9.999999990461556e-06

 1273  0  0
9.999999976664723e-06
9.999999806384730e-06

 1274  0  0
9.999999542395040e-06
9.999996219077545e-06

 1275  0  0
9.999991431481915e-06
9.999929601581398e-06

 1276  0  0
9.999848598590788e-06
9.998765685601736e-06

 1277  0  0
9.997519402016073e-06
9.980001819925400e-06

 1278  0  0
9.963282242132612e-06
9.708743482024631e-06

 1279  0  0
9.509003564200985e-06
6.130548635450659e-06

