#Cell    Group    L_mom 
# Element_0
# Element_1
# Element_2
    0  0  0
1.903904086613442e+00
1.875919587036217e+00
1.847310025319028e+00

    1  0  0
1.830474400946998e+00
1.801123940063104e+00
1.771062464208310e+00

    2  0  0
1.753125032417489e+00
1.721199048316879e+00
1.687408649663062e+00

    3  0  0
1.666870634732521e+00
1.630209404530850e+00
1.590868515706604e+00

    4  0  0
1.566513180128603e+00
1.521932881752270e+00
1.471708437653994e+00

    5  0  0
1.439228585420250e+00
1.377906263330223e+00
1.303241945914393e+00

    6  0  0
1.249877990343369e+00
1.147829947141789e+00
1.002865648620607e+00

    7  0  0
9.526698469928264e-01
4.293450294466402e-01
3.999802967586635e-02

    8  0  0
-1.514695528442266e-02
7.260675938913663e-06
2.397036735838957e-05

    9  0  0
-2.993217641593428e-05
1.654993075636694e-05
6.651106614390073e-06

   10  0  0
9.837680580153429e-06
1.004471308175745e-05
9.980589965916068e-06

   11  0  0
9.999167412780716e-06
1.000023027578974e-05
9.999900002242341e-06

   12  0  0
9.999995888074103e-06
1.000000113767746e-05
9.999999504866026e-06

   13  0  0
9.999999980916625e-06
1.000000000527849e-05
9.999999997689126e-06

   14  0  0
9.999999999912663e-06
1.000000000002961e-05
9.999999999946097e-06

   15  0  0
9.999999999515379e-06
1.000000000114526e-05
9.999999995822761e-06

   16  0  0
9.999999952838556e-06
1.000000011298251e-05
9.999999589307503e-06

   17  0  0
9.999995608564221e-06
1.000001056472970e-05
9.999961578496278e-06

   18  0  0
9.999619111081602e-06
1.000092186968065e-05
9.996645319030677e-06

   19  0  0
9.970258500027417e-06
1.007294393600804e-05
9.737452586273097e-06

