#Cell 
# Element_0
# Element_1
0
1.164245959257303e+00
1.163713688602544e+00

1
1.163324242838996e+00
1.162784158133018e+00

2
1.162389868010915e+00
1.161842935077512e+00

3
1.161446925166810e+00
1.160892200996739e+00

4
1.160490595793275e+00
1.159930354473480e+00

5
1.159518951456570e+00
1.158953452868318e+00

6
1.158539013589068e+00
1.157966683722453e+00

7
1.157547390495338e+00
1.156967139945929e+00

8
1.156537990514496e+00
1.155950561258872e+00

9
1.155520696919966e+00
1.154925999483333e+00

10
1.154491534526456e+00
1.153889096335169e+00

11
1.153449764061599e+00
1.152837727123383e+00

12
1.152391791689658e+00
1.151772081180070e+00

13
1.151313481854153e+00
1.150685120970054e+00

14
1.150226399769733e+00
1.149588577393599e+00

15
1.149119203847772e+00
1.148472103887569e+00

16
1.147999266075731e+00
1.147341924378726e+00

17
1.146856106656944e+00
1.146190381364252e+00

18
1.145703256694695e+00
1.145028714937883e+00

19
1.144535052747496e+00
1.143850032896735e+00

20
1.143349599880361e+00
1.142652970830941e+00

21
1.142143202417090e+00
1.141435584426805e+00

22
1.140911401721029e+00
1.140192685291093e+00

23
1.139666681600271e+00
1.138937708380780e+00

24
1.138403469932013e+00
1.137662440177431e+00

25
1.137120171099984e+00
1.136366380199618e+00

26
1.135815400787617e+00
1.135049386760028e+00

27
1.134489983637278e+00
1.133711333524397e+00

28
1.133143587212782e+00
1.132349398785726e+00

29
1.131786087673563e+00
1.130961242032440e+00

30
1.130372623089963e+00
1.129552462449819e+00

31
1.128950138226655e+00
1.128113255424991e+00

32
1.127520582783083e+00
1.126648839563496e+00

33
1.126028202406145e+00
1.125163802736157e+00

34
1.124532777159442e+00
1.123649813888897e+00

35
1.123020052280175e+00
1.122103442297917e+00

36
1.121448001326304e+00
1.120534756928387e+00

37
1.119867911781908e+00
1.118934452712493e+00

38
1.118268754343905e+00
1.117299923359438e+00

39
1.116608042402380e+00
1.115638309721173e+00

40
1.114946269577406e+00
1.113939243575128e+00

41
1.113220422921473e+00
1.112211874961536e+00

42
1.111492950724595e+00
1.110444855819809e+00

43
1.109709915989775e+00
1.108639830786016e+00

44
1.107876410340672e+00
1.106804748080939e+00

45
1.106039949142603e+00
1.104925585559835e+00

46
1.104143078586291e+00
1.103005126899525e+00

47
1.102192851357844e+00
1.101051655070852e+00

48
1.100237995004540e+00
1.099050816994930e+00

49
1.098220202651830e+00
1.097005146000076e+00

50
1.096155194703170e+00
1.094913090116147e+00

51
1.094042482265710e+00
1.092772115772804e+00

52
1.091875394307963e+00
1.090592811872410e+00

53
1.089641175108702e+00
1.088338145257494e+00

54
1.087384295161659e+00
1.086050656852942e+00

55
1.085074274509114e+00
1.083706213896595e+00

56
1.082706670407792e+00
1.081311477425923e+00

57
1.080285832143581e+00
1.078857272661506e+00

58
1.077808268612665e+00
1.076345705754694e+00

59
1.075271318185672e+00
1.073773188022390e+00

60
1.072672757159902e+00
1.071137943063471e+00

61
1.070011357235240e+00
1.068437778319538e+00

62
1.067282168308447e+00
1.065666944269004e+00

63
1.064474358755287e+00
1.062818416393940e+00

64
1.061601131614700e+00
1.059903313044624e+00

65
1.058657020656257e+00
1.056915818551926e+00

66
1.055636433242199e+00
1.053848134929642e+00

67
1.052530337913456e+00
1.050694934586503e+00

68
1.049344991507755e+00
1.047459076785880e+00

69
1.046069829850562e+00
1.044133421168069e+00

70
1.042710754341555e+00
1.040717165258600e+00

71
1.039241659208671e+00
1.037194394037808e+00

72
1.035688762128152e+00
1.033582128084312e+00

73
1.032028271138988e+00
1.029864559132041e+00

74
1.028272072244858e+00
1.026046350784956e+00

75
1.024407249694784e+00
1.022118472499173e+00

76
1.020437088111325e+00
1.018079908721425e+00

77
1.016353540288152e+00
1.013924018821100e+00

78
1.012160853027123e+00
1.009613090161636e+00

79
1.007798569960880e+00
1.005167059493247e+00

80
1.003270306370310e+00
1.000608471636677e+00

81
9.986495534988645e-01
9.959007596057942e-01

82
9.938641566086728e-01
9.910290290067232e-01

83
9.889408427735217e-01
9.860116169582013e-01

84
9.838547864738217e-01
9.808311271247453e-01

85
9.786057907332800e-01
9.754744193810325e-01

86
9.731696472093703e-01
9.699266696165029e-01

87
9.675434903308632e-01
9.642044661575104e-01

88
9.617421763330245e-01
9.582898941512550e-01

89
9.557407760792622e-01
9.521538780378613e-01

90
9.495085632400904e-01
9.457875292090335e-01

91
9.430538707054830e-01
9.391994856483002e-01

92
9.363559063199234e-01
9.323471097880597e-01

93
9.293965105446436e-01
9.252488402268706e-01

94
9.221696009693348e-01
9.178644942184779e-01

95
9.146811275717054e-01
9.102035248559550e-01

96
9.069070568011597e-01
9.022296224235137e-01

97
8.988110953864826e-01
8.938522116090658e-01

98
8.902670921960291e-01
8.851884280259424e-01

99
8.814262567117651e-01
8.761144459543072e-01

100
8.721918393281723e-01
8.666607482930615e-01

101
8.625545884614649e-01
8.567575701133393e-01

102
8.524591756612675e-01
8.464109798464641e-01

103
8.419075344920888e-01
8.355524280052956e-01

104
8.308465259912775e-01
8.241392213737462e-01

105
8.192153042405801e-01
8.119992369940665e-01

106
8.067515339457578e-01
7.993311278581948e-01

107
7.937905236131327e-01
7.859373665087230e-01

108
7.800603710812596e-01
7.717202939692531e-01

109
7.654610891378418e-01
7.565761240542110e-01

110
7.499154015298992e-01
7.404937475167831e-01

111
7.333868576818804e-01
7.233212621077388e-01

112
7.156722090990090e-01
7.048510527888254e-01

113
6.966552649515657e-01
6.850038801650485e-01

114
6.761436915067672e-01
6.634359374422718e-01

115
6.537528423762302e-01
6.397288279069646e-01

116
6.287140780960115e-01
6.132743722295018e-01

117
6.012730251934011e-01
5.840856850981510e-01

118
5.703832966490208e-01
5.508449040702632e-01

119
5.352087215592425e-01
5.126921328486459e-01

120
4.943335128296460e-01
4.672871768273655e-01

121
4.444841872296351e-01
4.097048823386732e-01

122
3.765092689743331e-01
3.274459416608136e-01

123
2.693254903788486e-01
1.836900585162971e-01

124
1.507702159064169e-02
6.673983398545361e-02

125
5.847084539868199e-02
5.586480465844693e-02

126
5.610640553290357e-02
5.625661586572624e-02

127
5.624125596108647e-02
5.623287409615719e-02

128
5.623373907416954e-02
5.623420241513870e-02

129
5.623415405432799e-02
5.623412867447307e-02

130
5.623413134987607e-02
5.623413272869659e-02

131
5.623413258202146e-02
5.623413250768593e-02

132
5.623413251566050e-02
5.623413251963919e-02

133
5.623413251920902e-02
5.623413251899750e-02

134
5.623413251902055e-02
5.623413251903171e-02

135
5.623413251903048e-02
5.623413251902991e-02

136
5.623413251902997e-02
5.623413251903000e-02

137
5.623413251903000e-02
5.623413251903000e-02

138
5.623413251903000e-02
5.623413251903000e-02

139
5.623413251903000e-02
5.623413251903000e-02

140
5.623413251903000e-02
5.623413251903000e-02

141
5.623413251903000e-02
5.623413251903000e-02

142
5.623413251903000e-02
5.623413251903000e-02

143
5.623413251903000e-02
5.623413251903000e-02

144
5.623413251903000e-02
5.623413251903000e-02

145
5.623413251903000e-02
5.623413251903000e-02

146
5.623413251903000e-02
5.623413251903000e-02

147
5.623413251903000e-02
5.623413251903000e-02

148
5.623413251903000e-02
5.623413251903000e-02

149
5.623413251903000e-02
5.623413251903000e-02

150
5.623413251903000e-02
5.623413251903000e-02

151
5.623413251903000e-02
5.623413251903000e-02

152
5.623413251903000e-02
5.623413251903000e-02

153
5.623413251903000e-02
5.623413251903000e-02

154
5.623413251903000e-02
5.623413251903000e-02

155
5.623413251903000e-02
5.623413251903000e-02

156
5.623413251903000e-02
5.623413251903000e-02

157
5.623413251903000e-02
5.623413251903000e-02

158
5.623413251903000e-02
5.623413251903000e-02

159
5.623413251903000e-02
5.623413251903000e-02

160
5.623413251903000e-02
5.623413251903000e-02

161
5.623413251903000e-02
5.623413251903000e-02

162
5.623413251903000e-02
5.623413251903000e-02

163
5.623413251903000e-02
5.623413251903000e-02

164
5.623413251903000e-02
5.623413251903000e-02

165
5.623413251903000e-02
5.623413251903000e-02

166
5.623413251903000e-02
5.623413251903000e-02

167
5.623413251903000e-02
5.623413251903000e-02

168
5.623413251903000e-02
5.623413251903000e-02

169
5.623413251903000e-02
5.623413251903000e-02

170
5.623413251903000e-02
5.623413251903000e-02

171
5.623413251903000e-02
5.623413251903000e-02

172
5.623413251903000e-02
5.623413251903000e-02

173
5.623413251903000e-02
5.623413251903000e-02

174
5.623413251903000e-02
5.623413251903000e-02

175
5.623413251903000e-02
5.623413251903000e-02

176
5.623413251903000e-02
5.623413251903000e-02

177
5.623413251903000e-02
5.623413251903000e-02

178
5.623413251903000e-02
5.623413251903000e-02

179
5.623413251903000e-02
5.623413251903000e-02

180
5.623413251903000e-02
5.623413251903000e-02

181
5.623413251903000e-02
5.623413251903000e-02

182
5.623413251903000e-02
5.623413251903000e-02

183
5.623413251903000e-02
5.623413251903000e-02

184
5.623413251903000e-02
5.623413251903000e-02

185
5.623413251903000e-02
5.623413251903000e-02

186
5.623413251903000e-02
5.623413251903000e-02

187
5.623413251903000e-02
5.623413251903000e-02

188
5.623413251903000e-02
5.623413251903000e-02

189
5.623413251903000e-02
5.623413251903000e-02

190
5.623413251903000e-02
5.623413251903000e-02

191
5.623413251903000e-02
5.623413251903000e-02

192
5.623413251903000e-02
5.623413251903000e-02

193
5.623413251903000e-02
5.623413251903000e-02

194
5.623413251903000e-02
5.623413251903000e-02

195
5.623413251903000e-02
5.623413251903000e-02

196
5.623413251903000e-02
5.623413251903000e-02

197
5.623413251903000e-02
5.623413251903000e-02

198
5.623413251903000e-02
5.623413251903000e-02

199
5.623413251903000e-02
5.623413251903000e-02

200
5.623413251903000e-02
5.623413251903000e-02

201
5.623413251903000e-02
5.623413251903000e-02

202
5.623413251903000e-02
5.623413251903000e-02

203
5.623413251903000e-02
5.623413251903000e-02

204
5.623413251903000e-02
5.623413251903000e-02

205
5.623413251903000e-02
5.623413251903000e-02

206
5.623413251903000e-02
5.623413251903000e-02

207
5.623413251903000e-02
5.623413251903000e-02

208
5.623413251903000e-02
5.623413251903000e-02

209
5.623413251903000e-02
5.623413251903000e-02

210
5.623413251903000e-02
5.623413251903000e-02

211
5.623413251903000e-02
5.623413251903000e-02

212
5.623413251903000e-02
5.623413251903000e-02

213
5.623413251903000e-02
5.623413251903000e-02

214
5.623413251903000e-02
5.623413251903000e-02

215
5.623413251903000e-02
5.623413251903000e-02

216
5.623413251903000e-02
5.623413251903000e-02

217
5.623413251903000e-02
5.623413251903000e-02

218
5.623413251903000e-02
5.623413251903000e-02

219
5.623413251903000e-02
5.623413251903000e-02

220
5.623413251903000e-02
5.623413251903000e-02

221
5.623413251903000e-02
5.623413251903000e-02

222
5.623413251903000e-02
5.623413251903000e-02

223
5.623413251903000e-02
5.623413251903000e-02

224
5.623413251903000e-02
5.623413251903000e-02

225
5.623413251903000e-02
5.623413251903000e-02

226
5.623413251903000e-02
5.623413251903000e-02

227
5.623413251903000e-02
5.623413251903000e-02

228
5.623413251903000e-02
5.623413251903000e-02

229
5.623413251903000e-02
5.623413251903000e-02

230
5.623413251903000e-02
5.623413251903000e-02

231
5.623413251903000e-02
5.623413251903000e-02

232
5.623413251903000e-02
5.623413251903000e-02

233
5.623413251903000e-02
5.623413251903000e-02

234
5.623413251903000e-02
5.623413251903000e-02

235
5.623413251903000e-02
5.623413251903000e-02

236
5.623413251903000e-02
5.623413251903000e-02

237
5.623413251903000e-02
5.623413251903000e-02

238
5.623413251903000e-02
5.623413251903000e-02

239
5.623413251903000e-02
5.623413251903000e-02

240
5.623413251903000e-02
5.623413251903000e-02

241
5.623413251903000e-02
5.623413251903000e-02

242
5.623413251903000e-02
5.623413251903000e-02

243
5.623413251903000e-02
5.623413251903000e-02

244
5.623413251903000e-02
5.623413251903000e-02

245
5.623413251903000e-02
5.623413251903000e-02

246
5.623413251903000e-02
5.623413251903000e-02

247
5.623413251903000e-02
5.623413251903000e-02

248
5.623413251903000e-02
5.623413251903000e-02

249
5.623413251903000e-02
5.623413251903000e-02

250
5.623413251903000e-02
5.623413251903000e-02

251
5.623413251903000e-02
5.623413251903000e-02

252
5.623413251903000e-02
5.623413251903000e-02

253
5.623413251903000e-02
5.623413251903000e-02

254
5.623413251903000e-02
5.623413251903000e-02

255
5.623413251903000e-02
5.623413251903000e-02

256
5.623413251903000e-02
5.623413251903000e-02

257
5.623413251903000e-02
5.623413251903000e-02

258
5.623413251903000e-02
5.623413251903000e-02

259
5.623413251903000e-02
5.623413251903000e-02

260
5.623413251903000e-02
5.623413251903000e-02

261
5.623413251903000e-02
5.623413251903000e-02

262
5.623413251903000e-02
5.623413251903000e-02

263
5.623413251903000e-02
5.623413251903000e-02

264
5.623413251903000e-02
5.623413251903000e-02

265
5.623413251903000e-02
5.623413251903000e-02

266
5.623413251903000e-02
5.623413251903000e-02

267
5.623413251903000e-02
5.623413251903000e-02

268
5.623413251903000e-02
5.623413251903000e-02

269
5.623413251903000e-02
5.623413251903000e-02

270
5.623413251903000e-02
5.623413251903000e-02

271
5.623413251903000e-02
5.623413251903000e-02

272
5.623413251903000e-02
5.623413251903000e-02

273
5.623413251903000e-02
5.623413251903000e-02

274
5.623413251903000e-02
5.623413251903000e-02

275
5.623413251903000e-02
5.623413251903000e-02

276
5.623413251903000e-02
5.623413251903000e-02

277
5.623413251903000e-02
5.623413251903000e-02

278
5.623413251903000e-02
5.623413251903000e-02

279
5.623413251903000e-02
5.623413251903000e-02

280
5.623413251903000e-02
5.623413251903000e-02

281
5.623413251903000e-02
5.623413251903000e-02

282
5.623413251903000e-02
5.623413251903000e-02

283
5.623413251903000e-02
5.623413251903000e-02

284
5.623413251903000e-02
5.623413251903000e-02

285
5.623413251903000e-02
5.623413251903000e-02

286
5.623413251903000e-02
5.623413251903000e-02

287
5.623413251903000e-02
5.623413251903000e-02

288
5.623413251903000e-02
5.623413251903000e-02

289
5.623413251903000e-02
5.623413251903000e-02

290
5.623413251903000e-02
5.623413251903000e-02

291
5.623413251903000e-02
5.623413251903000e-02

292
5.623413251903000e-02
5.623413251903000e-02

293
5.623413251903000e-02
5.623413251903000e-02

294
5.623413251903000e-02
5.623413251903000e-02

295
5.623413251903000e-02
5.623413251903000e-02

296
5.623413251903000e-02
5.623413251903000e-02

297
5.623413251903000e-02
5.623413251903000e-02

298
5.623413251903000e-02
5.623413251903000e-02

299
5.623413251903000e-02
5.623413251903000e-02

300
5.623413251903000e-02
5.623413251903000e-02

301
5.623413251903000e-02
5.623413251903000e-02

302
5.623413251903000e-02
5.623413251903000e-02

303
5.623413251903000e-02
5.623413251903000e-02

304
5.623413251903000e-02
5.623413251903000e-02

305
5.623413251903000e-02
5.623413251903000e-02

306
5.623413251903000e-02
5.623413251903000e-02

307
5.623413251903000e-02
5.623413251903000e-02

308
5.623413251903000e-02
5.623413251903073e-02

309
5.623413251903194e-02
5.623413251901640e-02

310
5.623413251899922e-02
5.623413251922403e-02

311
5.623413251945984e-02
5.623413251630477e-02

312
5.623413251311546e-02
5.623413255682291e-02

313
5.623413259915290e-02
5.623413200242951e-02

314
5.623413145326642e-02
5.623413946434212e-02

315
5.623414639171502e-02
5.623404094097501e-02

316
5.623395663448495e-02
5.623531233322748e-02

317
5.623629128811349e-02
5.621935541923079e-02

318
5.620889281356983e-02
5.641231138869567e-02

319
5.653195353857956e-02
5.413374293458922e-02

