#Cell  Group   Direction 
# Element_0
# Element_1
# Element_2
# Element_3
# Element_4
    0  0  0
1.822283620691926e-01
1.811251902633712e-01
1.790343666069033e-01
1.769396154558205e-01
1.758318053696199e-01

    0  0  1
1.732050752071014e+00
1.730123544208291e+00
1.726454543226921e+00
1.722764677844952e+00
1.720809505621299e+00

    1  0  0
1.758319831201216e-01
1.747226502158817e-01
1.726149610118626e-01
1.705029981750086e-01
1.693887731442630e-01

    1  0  1
1.720809431610979e+00
1.718848214135152e+00
1.715113056590513e+00
1.711354795482335e+00
1.709362582792518e+00

    2  0  0
1.693888836696582e-01
1.682763411372436e-01
1.661731885698343e-01
1.640750526013585e-01
1.629671511941951e-01

    2  0  1
1.709362613237770e+00
1.707363536714403e+00
1.703555040877186e+00
1.699720744011186e+00
1.697687421497492e+00

    3  0  0
1.629673121556474e-01
1.618579589158335e-01
1.597502816824096e-01
1.576373724839980e-01
1.565212177552348e-01

    3  0  1
1.697687430523455e+00
1.695646555897900e+00
1.691756520052303e+00
1.687837742274503e+00
1.685758537082170e+00

    4  0  0
1.565209731957457e-01
1.554029076384928e-01
1.532810335615920e-01
1.511615910992802e-01
1.500474922850190e-01

    4  0  1
1.685758534098447e+00
1.683670868743586e+00
1.679689572785256e+00
1.675676069350967e+00
1.673545460329306e+00

    5  0  0
1.500471756436297e-01
1.489349594223198e-01
1.468291161149592e-01
1.447206458924492e-01
1.436055100072940e-01

    5  0  1
1.673545439684841e+00
1.671405388987126e+00
1.667321801467598e+00
1.663201840192702e+00
1.661013233282261e+00

    6  0  0
1.436058652536137e-01
1.424898713300417e-01
1.403709779140202e-01
1.382478732224193e-01
1.371262706212185e-01

    6  0  1
1.661013227709162e+00
1.658813921079139e+00
1.654614555644498e+00
1.650374270798043e+00
1.648120351751973e+00

    7  0  0
1.371264362101499e-01
1.360052639895447e-01
1.338844115291670e-01
1.317720232047666e-01
1.306603039738849e-01

    7  0  1
1.648120347544206e+00
1.645854335155575e+00
1.641524574920125e+00
1.637148498396881e+00
1.634820680625359e+00

    8  0  0
1.306601170224811e-01
1.295483271891048e-01
1.274386419204722e-01
1.253243500870801e-01
1.242072973836871e-01

    8  0  1
1.634820667259462e+00
1.632479123864778e+00
1.628001518216264e+00
1.623471298764080e+00
1.621059542541536e+00

    9  0  0
1.242071776310132e-01
1.230884333955682e-01
1.209644920631869e-01
1.188408695250414e-01
1.177237454393119e-01

    9  0  1
1.621059622139760e+00
1.618632153912804e+00
1.613986385033795e+00
1.609280247343081e+00
1.606772496079946e+00

   10  0  0
1.177235942335529e-01
1.166090717414227e-01
1.145025851028771e-01
1.124000041841804e-01
1.112903462623607e-01

   10  0  1
1.606772505932144e+00
1.604246920183650e+00
1.599408787007487e+00
1.594502016875152e+00
1.591884851618075e+00

   11  0  0
1.112906439885365e-01
1.101810058053773e-01
1.080742687391085e-01
1.059604028640766e-01
1.048417054210902e-01

   11  0  1
1.591884764585163e+00
1.589247205600478e+00
1.584189125462353e+00
1.579052326372654e+00
1.576309497527757e+00

   12  0  0
1.048419670968035e-01
1.037226556891535e-01
1.016041952732581e-01
9.949789921260943e-02
9.839342142890128e-02

   12  0  1
1.576309539894433e+00
1.573542946857855e+00
1.568231786359567e+00
1.562829772685640e+00
1.559942030813312e+00

   13  0  0
9.839294883946986e-02
9.729022164916649e-02
9.520047013455982e-02
9.310667190542295e-02
9.200095749738042e-02

   13  0  1
1.559942114631176e+00
1.557027165187614e+00
1.551424388179493e+00
1.545716430931645e+00
1.542661223291000e+00

   14  0  0
9.200108180356380e-02
9.089558364738733e-02
8.879968104913651e-02
8.670130094817920e-02
8.559234461936760e-02

   14  0  1
1.542661261117374e+00
1.539574531482735e+00
1.533633892587592e+00
1.527571010517526e+00
1.524321329096297e+00

   15  0  0
8.559273490455879e-02
8.448514502816312e-02
8.239565550678869e-02
8.032418293365151e-02
7.923665786849188e-02

   15  0  1
1.524321324518484e+00
1.521034950065264e+00
1.514700945559441e+00
1.508224425638112e+00
1.504747947615164e+00

   16  0  0
7.923621181589890e-02
7.814837754748875e-02
7.608439329938829e-02
7.401837713488278e-02
7.292924736244379e-02

   16  0  1
1.504748010451764e+00
1.501228567451706e+00
1.494435165245254e+00
1.487474440875526e+00
1.483732174898148e+00

   17  0  0
7.292880903979122e-02
7.183893637333831e-02
6.977451403362209e-02
6.771829132174564e-02
6.664053185676190e-02

   17  0  1
1.483732171684171e+00
1.479939692657882e+00
1.472606642997586e+00
1.465076301694959e+00
1.461020522128739e+00

   18  0  0
6.664030885600905e-02
6.556722265008590e-02
6.354195294156903e-02
6.152154785795425e-02
6.045603969539514e-02

   18  0  1
1.461020482250897e+00
1.456904974535125e+00
1.448932734115171e+00
1.440725946173318e+00
1.436297416910892e+00

   19  0  0
6.045659534209585e-02
5.939314670062224e-02
5.737926385916065e-02
5.536691728911865e-02
5.430643558849203e-02

   19  0  1
1.436297419277835e+00
1.431797555846606e+00
1.423063334489871e+00
1.414048274036444e+00
1.409173525072983e+00

   20  0  0
5.430672388806557e-02
5.324903819977782e-02
5.125602056612162e-02
4.928392716543453e-02
4.825212344249730e-02

   20  0  1
1.409173660852137e+00
1.404212543397484e+00
1.394561343261357e+00
1.384569403674535e+00
1.379153466350859e+00

   21  0  0
4.825149974210343e-02
4.722116956208175e-02
4.527312513592667e-02
4.333366287095446e-02
4.231544966078874e-02

   21  0  1
1.379153452144085e+00
1.373632679755794e+00
1.362865712813820e+00
1.351680565936505e+00
1.345601571710199e+00

   22  0  0
4.231459002241999e-02
4.129611294863299e-02
3.937032417507310e-02
3.745629589061439e-02
3.645384421219870e-02

   22  0  1
1.345601581703391e+00
1.339393007459505e+00
1.327250090290536e+00
1.314586306318507e+00
1.307682165996984e+00

   23  0  0
3.645356690769107e-02
3.545795937052849e-02
3.359353745451893e-02
3.175147154702427e-02
3.078154389021850e-02

   23  0  1
1.307681812793288e+00
1.300615357963260e+00
1.286747472142477e+00
1.272217592429849e+00
1.264266003931112e+00

   24  0  0
3.078282241540950e-02
2.982042605677476e-02
2.801151719025476e-02
2.621411593969995e-02
2.526506809892970e-02

   24  0  1
1.264264145329007e+00
1.256104594526020e+00
1.240018957085437e+00
1.223068943051258e+00
1.213749585899477e+00

   25  0  0
2.526726075971683e-02
2.432851959637286e-02
2.256826168290833e-02
2.083589597602982e-02
1.993765035956022e-02

   25  0  1
1.213749566992200e+00
1.204150131033055e+00
1.185133705435260e+00
1.164947237325889e+00
1.153782311438873e+00

   26  0  0
1.993914042132535e-02
1.905713231767952e-02
1.740601524501540e-02
1.577887187474363e-02
1.494053264284879e-02

   26  0  1
1.153781784411415e+00
1.142232458214299e+00
1.119190656686012e+00
1.094483433355428e+00
1.080701925543316e+00

   27  0  0
1.494070336295868e-02
1.411108648445530e-02
1.254273756405083e-02
1.099617547906788e-02
1.021212173904447e-02

   27  0  1
1.080700729300808e+00
1.066353851877307e+00
1.037434207869758e+00
1.005950834720790e+00
9.881570778847820e-01

   28  0  0
1.020882136221611e-02
9.430233151629599e-03
7.989378548813542e-03
6.627979977806900e-03
5.956890967619402e-03

   28  0  1
9.881580144134829e-01
9.694394449816469e-01
9.310719460698942e-01
8.881780646557202e-01
8.633291297409961e-01

   29  0  0
5.949802689907240e-03
5.273502181640650e-03
4.039321735557791e-03
2.912704909632214e-03
2.365824333951414e-03

   29  0  1
8.625650474125435e-01
8.370571557510633e-01
7.796851278991896e-01
7.124631031083063e-01
6.721150443197140e-01

   30  0  0
2.356567655926573e-03
1.814474711799725e-03
9.005663458660737e-04
2.312187569482623e-04
-6.774822350744404e-07

   30  0  1
7.463366481291543e-01
5.912793725263668e-01
5.395802153131896e-01
2.916738594008841e-01
1.858267430839478e-02

   31  0  0
1.293138028220014e-05
5.178386171835331e-06
4.949984437616521e-06
5.034107547052947e-06
4.950229385706159e-06

   31  0  1
3.459373629430344e-03
6.060238833738890e-05
-1.013952691783265e-05
1.551840157379740e-05
-1.252954787940586e-05

   32  0  0
4.984538175647743e-06
4.999967461588674e-06
5.000003232557867e-06
4.999998763188788e-06
4.999985054420860e-06

   32  0  1
2.889351959425628e-06
4.963977468522781e-06
5.010287487229488e-06
4.992995620380748e-06
5.011760525999119e-06

   33  0  0
5.000016528695350e-06
5.000000035626747e-06
4.999999996347170e-06
5.000000001445071e-06
5.000000015899597e-06

   33  0  1
5.001546438099312e-06
5.000027653987633e-06
4.999992095293012e-06
5.000005383932278e-06
4.999990954448306e-06

   34  0  0
4.999999982172502e-06
4.999999999959540e-06
5.000000000002226e-06
4.999999999996688e-06
4.999999999980999e-06

   34  0  1
4.999998808614665e-06
4.999999979976939e-06
5.000000005759203e-06
4.999999996066910e-06
5.000000006698155e-06

   35  0  0
5.000000000017610e-06
4.999999999998297e-06
4.999999999998247e-06
4.999999999998252e-06
4.999999999998278e-06

   35  0  1
5.000000000797334e-06
5.000000000009546e-06
4.999999999994961e-06
5.000000000000504e-06
4.999999999994312e-06

   36  0  0
4.999999999998233e-06
4.999999999998253e-06
4.999999999998250e-06
4.999999999998254e-06
4.999999999998256e-06

   36  0  1
4.999999999997883e-06
4.999999999998249e-06
4.999999999998251e-06
4.999999999998253e-06
4.999999999998258e-06

   37  0  0
4.999999999998256e-06
4.999999999998251e-06
4.999999999998251e-06
4.999999999998253e-06
4.999999999998256e-06

   37  0  1
4.999999999998254e-06
4.999999999998253e-06
4.999999999998251e-06
4.999999999998253e-06
4.999999999998257e-06

   38  0  0
4.999999999998256e-06
4.999999999998251e-06
4.999999999998251e-06
4.999999999998253e-06
4.999999999998256e-06

   38  0  1
4.999999999998256e-06
4.999999999998253e-06
4.999999999998251e-06
4.999999999998253e-06
4.999999999998257e-06

   39  0  0
4.999999999998256e-06
4.999999999998251e-06
4.999999999998251e-06
4.999999999998253e-06
4.999999999998256e-06

   39  0  1
4.999999999998256e-06
4.999999999998253e-06
4.999999999998251e-06
4.999999999998253e-06
4.999999999998257e-06

   40  0  0
4.999999999998256e-06
4.999999999998251e-06
4.999999999998251e-06
4.999999999998253e-06
4.999999999998256e-06

   40  0  1
4.999999999998256e-06
4.999999999998253e-06
4.999999999998251e-06
4.999999999998253e-06
4.999999999998257e-06

   41  0  0
4.999999999998256e-06
4.999999999998251e-06
4.999999999998251e-06
4.999999999998253e-06
4.999999999998256e-06

   41  0  1
4.999999999998256e-06
4.999999999998253e-06
4.999999999998251e-06
4.999999999998253e-06
4.999999999998257e-06

   42  0  0
4.999999999998256e-06
4.999999999998251e-06
4.999999999998251e-06
4.999999999998253e-06
4.999999999998256e-06

   42  0  1
4.999999999998256e-06
4.999999999998253e-06
4.999999999998251e-06
4.999999999998253e-06
4.999999999998257e-06

   43  0  0
4.999999999998256e-06
4.999999999998251e-06
4.999999999998251e-06
4.999999999998253e-06
4.999999999998256e-06

   43  0  1
4.999999999998256e-06
4.999999999998253e-06
4.999999999998251e-06
4.999999999998253e-06
4.999999999998257e-06

   44  0  0
4.999999999998256e-06
4.999999999998251e-06
4.999999999998251e-06
4.999999999998253e-06
4.999999999998256e-06

   44  0  1
4.999999999998256e-06
4.999999999998253e-06
4.999999999998251e-06
4.999999999998253e-06
4.999999999998257e-06

   45  0  0
4.999999999998256e-06
4.999999999998251e-06
4.999999999998251e-06
4.999999999998253e-06
4.999999999998256e-06

   45  0  1
4.999999999998256e-06
4.999999999998253e-06
4.999999999998251e-06
4.999999999998253e-06
4.999999999998257e-06

   46  0  0
4.999999999998256e-06
4.999999999998251e-06
4.999999999998251e-06
4.999999999998253e-06
4.999999999998256e-06

   46  0  1
4.999999999998256e-06
4.999999999998253e-06
4.999999999998251e-06
4.999999999998253e-06
4.999999999998257e-06

   47  0  0
4.999999999998256e-06
4.999999999998251e-06
4.999999999998251e-06
4.999999999998253e-06
4.999999999998256e-06

   47  0  1
4.999999999998256e-06
4.999999999998253e-06
4.999999999998251e-06
4.999999999998253e-06
4.999999999998257e-06

   48  0  0
4.999999999998256e-06
4.999999999998251e-06
4.999999999998251e-06
4.999999999998253e-06
4.999999999998256e-06

   48  0  1
4.999999999998256e-06
4.999999999998253e-06
4.999999999998251e-06
4.999999999998253e-06
4.999999999998257e-06

   49  0  0
4.999999999998256e-06
4.999999999998251e-06
4.999999999998251e-06
4.999999999998253e-06
4.999999999998256e-06

   49  0  1
4.999999999998256e-06
4.999999999998253e-06
4.999999999998251e-06
4.999999999998253e-06
4.999999999998257e-06

   50  0  0
4.999999999998256e-06
4.999999999998251e-06
4.999999999998251e-06
4.999999999998253e-06
4.999999999998256e-06

   50  0  1
4.999999999998256e-06
4.999999999998253e-06
4.999999999998251e-06
4.999999999998253e-06
4.999999999998257e-06

   51  0  0
4.999999999998256e-06
4.999999999998251e-06
4.999999999998251e-06
4.999999999998253e-06
4.999999999998256e-06

   51  0  1
4.999999999998256e-06
4.999999999998253e-06
4.999999999998251e-06
4.999999999998253e-06
4.999999999998257e-06

   52  0  0
4.999999999998256e-06
4.999999999998251e-06
4.999999999998251e-06
4.999999999998253e-06
4.999999999998256e-06

   52  0  1
4.999999999998256e-06
4.999999999998253e-06
4.999999999998251e-06
4.999999999998253e-06
4.999999999998257e-06

   53  0  0
4.999999999998256e-06
4.999999999998251e-06
4.999999999998251e-06
4.999999999998253e-06
4.999999999998256e-06

   53  0  1
4.999999999998256e-06
4.999999999998253e-06
4.999999999998251e-06
4.999999999998253e-06
4.999999999998257e-06

   54  0  0
4.999999999998256e-06
4.999999999998251e-06
4.999999999998251e-06
4.999999999998253e-06
4.999999999998256e-06

   54  0  1
4.999999999998256e-06
4.999999999998253e-06
4.999999999998251e-06
4.999999999998253e-06
4.999999999998257e-06

   55  0  0
4.999999999998256e-06
4.999999999998251e-06
4.999999999998251e-06
4.999999999998253e-06
4.999999999998256e-06

   55  0  1
4.999999999998256e-06
4.999999999998253e-06
4.999999999998251e-06
4.999999999998253e-06
4.999999999998257e-06

   56  0  0
4.999999999998256e-06
4.999999999998251e-06
4.999999999998251e-06
4.999999999998253e-06
4.999999999998256e-06

   56  0  1
4.999999999998256e-06
4.999999999998253e-06
4.999999999998251e-06
4.999999999998253e-06
4.999999999998257e-06

   57  0  0
4.999999999998256e-06
4.999999999998251e-06
4.999999999998251e-06
4.999999999998253e-06
4.999999999998256e-06

   57  0  1
4.999999999998256e-06
4.999999999998253e-06
4.999999999998251e-06
4.999999999998253e-06
4.999999999998257e-06

   58  0  0
4.999999999998256e-06
4.999999999998251e-06
4.999999999998251e-06
4.999999999998253e-06
4.999999999998256e-06

   58  0  1
4.999999999998256e-06
4.999999999998253e-06
4.999999999998251e-06
4.999999999998253e-06
4.999999999998257e-06

   59  0  0
4.999999999998256e-06
4.999999999998251e-06
4.999999999998251e-06
4.999999999998253e-06
4.999999999998256e-06

   59  0  1
4.999999999998256e-06
4.999999999998253e-06
4.999999999998251e-06
4.999999999998253e-06
4.999999999998257e-06

   60  0  0
4.999999999998257e-06
4.999999999998251e-06
4.999999999998251e-06
4.999999999998253e-06
4.999999999998254e-06

   60  0  1
4.999999999998256e-06
4.999999999998253e-06
4.999999999998251e-06
4.999999999998253e-06
4.999999999998257e-06

   61  0  0
4.999999999998257e-06
4.999999999998251e-06
4.999999999998251e-06
4.999999999998251e-06
4.999999999998256e-06

   61  0  1
4.999999999998256e-06
4.999999999998253e-06
4.999999999998251e-06
4.999999999998253e-06
4.999999999998257e-06

   62  0  0
4.999999999998256e-06
4.999999999998252e-06
4.999999999998251e-06
4.999999999998254e-06
4.999999999998255e-06

   62  0  1
4.999999999998256e-06
4.999999999998253e-06
4.999999999998251e-06
4.999999999998253e-06
4.999999999998257e-06

   63  0  0
4.999999999998257e-06
4.999999999998251e-06
4.999999999998251e-06
4.999999999998253e-06
4.999999999998255e-06

   63  0  1
4.999999999998256e-06
4.999999999998253e-06
4.999999999998251e-06
4.999999999998253e-06
4.999999999998257e-06

   64  0  0
4.999999999998257e-06
4.999999999998251e-06
4.999999999998251e-06
4.999999999998251e-06
4.999999999998257e-06

   64  0  1
4.999999999998256e-06
4.999999999998253e-06
4.999999999998251e-06
4.999999999998253e-06
4.999999999998257e-06

   65  0  0
4.999999999998256e-06
4.999999999998252e-06
4.999999999998251e-06
4.999999999998254e-06
4.999999999998255e-06

   65  0  1
4.999999999998256e-06
4.999999999998253e-06
4.999999999998251e-06
4.999999999998253e-06
4.999999999998257e-06

   66  0  0
4.999999999998257e-06
4.999999999998251e-06
4.999999999998251e-06
4.999999999998254e-06
4.999999999998256e-06

   66  0  1
4.999999999998256e-06
4.999999999998253e-06
4.999999999998251e-06
4.999999999998253e-06
4.999999999998257e-06

   67  0  0
4.999999999998256e-06
4.999999999998251e-06
4.999999999998251e-06
4.999999999998253e-06
4.999999999998255e-06

   67  0  1
4.999999999998256e-06
4.999999999998253e-06
4.999999999998251e-06
4.999999999998253e-06
4.999999999998257e-06

   68  0  0
4.999999999998256e-06
4.999999999998252e-06
4.999999999998251e-06
4.999999999998251e-06
4.999999999998255e-06

   68  0  1
4.999999999998256e-06
4.999999999998253e-06
4.999999999998251e-06
4.999999999998253e-06
4.999999999998257e-06

   69  0  0
4.999999999998254e-06
4.999999999998251e-06
4.999999999998251e-06
4.999999999998252e-06
4.999999999998257e-06

   69  0  1
4.999999999998256e-06
4.999999999998253e-06
4.999999999998251e-06
4.999999999998253e-06
4.999999999998257e-06

   70  0  0
4.999999999998254e-06
4.999999999998251e-06
4.999999999998251e-06
4.999999999998254e-06
4.999999999998256e-06

   70  0  1
4.999999999998256e-06
4.999999999998253e-06
4.999999999998251e-06
4.999999999998253e-06
4.999999999998257e-06

   71  0  0
4.999999999998253e-06
4.999999999998251e-06
4.999999999998251e-06
4.999999999998254e-06
4.999999999998257e-06

   71  0  1
4.999999999998256e-06
4.999999999998253e-06
4.999999999998251e-06
4.999999999998253e-06
4.999999999998257e-06

   72  0  0
4.999999999998254e-06
4.999999999998251e-06
4.999999999998251e-06
4.999999999998253e-06
4.999999999998256e-06

   72  0  1
4.999999999998256e-06
4.999999999998253e-06
4.999999999998251e-06
4.999999999998253e-06
4.999999999998257e-06

   73  0  0
4.999999999998256e-06
4.999999999998251e-06
4.999999999998251e-06
4.999999999998252e-06
4.999999999998255e-06

   73  0  1
4.999999999998256e-06
4.999999999998253e-06
4.999999999998251e-06
4.999999999998253e-06
4.999999999998257e-06

   74  0  0
4.999999999998256e-06
4.999999999998250e-06
4.999999999998251e-06
4.999999999998252e-06
4.999999999998310e-06

   74  0  1
4.999999999998256e-06
4.999999999998253e-06
4.999999999998251e-06
4.999999999998254e-06
4.999999999998256e-06

   75  0  0
4.999999999998619e-06
4.999999999998032e-06
4.999999999998575e-06
4.999999999996610e-06
4.999999999941127e-06

   75  0  1
4.999999999998070e-06
4.999999999998346e-06
4.999999999998113e-06
4.999999999998241e-06
4.999999999975691e-06

   76  0  0
4.999999999769303e-06
5.000000000153283e-06
4.999999999766499e-06
5.000000000860520e-06
5.000000027459697e-06

   76  0  1
5.000000000018571e-06
5.000000000000277e-06
4.999999999992976e-06
5.000000000050619e-06
5.000000011804754e-06

   77  0  0
5.000000103861971e-06
4.999999928572884e-06
5.000000107020333e-06
4.999999598791014e-06
4.999987730577879e-06

   77  0  1
4.999999989360941e-06
4.999999998936500e-06
5.000000002799595e-06
4.999999972145018e-06
4.999994168876465e-06

   78  0  0
4.999957247213990e-06
5.000030086977486e-06
4.999954768103631e-06
5.000171462183660e-06
5.004960166188390e-06

   78  0  1
5.000005259636489e-06
5.000000533127200e-06
4.999998586331686e-06
5.000014081110432e-06
5.002668999915108e-06

   79  0  0
5.015232065460670e-06
4.988873545120983e-06
5.016847222699434e-06
4.935247854999227e-06
3.258232682550745e-06

   79  0  1
4.997254589789405e-06
4.999919280567082e-06
5.000422612929287e-06
4.994045843846378e-06
3.878515219356010e-06

