#Cell    Group    L_mom 
# Element_0
# Element_1
# Element_2
    0  0  0
1.914344300450162e+00
1.912149515800182e+00
1.909950928804805e+00

    1  0  0
1.909950728023666e+00
1.907747884998830e+00
1.905541178030220e+00

    2  0  0
1.905541394767772e+00
1.903332374462610e+00
1.901120930991227e+00

    3  0  0
1.901121032627617e+00
1.898906945281754e+00
1.896689702535121e+00

    4  0  0
1.896689449675431e+00
1.894467940822102e+00
1.892242402247712e+00

    5  0  0
1.892242423013951e+00
1.890013362957786e+00
1.887780723790816e+00

    6  0  0
1.887780767567471e+00
1.885544553746327e+00
1.883304596948320e+00

    7  0  0
1.883304559730759e+00
1.881061005387954e+00
1.878813955367380e+00

    8  0  0
1.878814055023403e+00
1.876563974021955e+00
1.874310610651497e+00

    9  0  0
1.874310545149775e+00
1.872053441134172e+00
1.869792475793434e+00

   10  0  0
1.869792409072109e+00
1.867527353304440e+00
1.865258212737430e+00

   11  0  0
1.865258185666903e+00
1.862985115419582e+00
1.860708117163833e+00

   12  0  0
1.860708213866469e+00
1.858428032874623e+00
1.856144481043482e+00

   13  0  0
1.856144524435439e+00
1.853857487822533e+00
1.851566659886021e+00

   14  0  0
1.851566517339661e+00
1.849271505242458e+00
1.846972496067950e+00

   15  0  0
1.846972728498214e+00
1.844669902658127e+00
1.842363449770268e+00

   16  0  0
1.842363228020849e+00
1.840051075891150e+00
1.837733229427572e+00

   17  0  0
1.837733023179132e+00
1.835409236395855e+00
1.833079816612539e+00

   18  0  0
1.833079950500897e+00
1.830745342032056e+00
1.828405039797504e+00

   19  0  0
1.828404878180889e+00
1.826057999371092e+00
1.823704814981098e+00

   20  0  0
1.823704952801850e+00
1.821347076672174e+00
1.818984652235416e+00

   21  0  0
1.818984931168244e+00
1.816618869065808e+00
1.814248514554512e+00

   22  0  0
1.814248633138515e+00
1.811872248916002e+00
1.809490851734532e+00

   23  0  0
1.809490590202420e+00
1.807102374051553e+00
1.804707985184232e+00

   24  0  0
1.804708076721512e+00
1.802308719848390e+00
1.799904414846844e+00

   25  0  0
1.799904623692547e+00
1.797495730076905e+00
1.795081441942145e+00

   26  0  0
1.795081073638033e+00
1.792659273100774e+00
1.790230269140991e+00

   27  0  0
1.790230226673218e+00
1.787795706856127e+00
1.785355571444736e+00

   28  0  0
1.785356047965479e+00
1.782910469961506e+00
1.780458733170483e+00

   29  0  0
1.780458291581092e+00
1.777998744263661e+00
1.775532016071922e+00

   30  0  0
1.775532240319748e+00
1.773060085026306e+00
1.770582023594935e+00

   31  0  0
1.770581940800211e+00
1.768096551577428e+00
1.765603404568553e+00

   32  0  0
1.765603493939376e+00
1.763102167025143e+00
1.760594406584058e+00

   33  0  0
1.760594661676073e+00
1.758080345492918e+00
1.755559322650448e+00

   34  0  0
1.755559258772223e+00
1.753030392267661e+00
1.750494101980013e+00

   35  0  0
1.750494141417883e+00
1.747950837834030e+00
1.745400509018537e+00

   36  0  0
1.745400536298211e+00
1.742843373565479e+00
1.740279106518758e+00

   37  0  0
1.740279138739500e+00
1.737707733519608e+00
1.735128408612111e+00

   38  0  0
1.735127877871845e+00
1.732535903078736e+00
1.729930574526340e+00

   39  0  0
1.729929900809945e+00
1.727309423638150e+00
1.724676449724049e+00

   40  0  0
1.724677728845329e+00
1.722039542452086e+00
1.719396378852054e+00

   41  0  0
1.719397139297693e+00
1.716749923323669e+00
1.714096557200886e+00

   42  0  0
1.714095935823615e+00
1.711429674325095e+00
1.708751461967153e+00

   43  0  0
1.708750566399363e+00
1.706057597614601e+00
1.703351999337387e+00

   44  0  0
1.703352982444538e+00
1.700641795060191e+00
1.697924459920571e+00

   45  0  0
1.697924910909151e+00
1.695198875718811e+00
1.692461386882671e+00

   46  0  0
1.692459660981458e+00
1.689704337695630e+00
1.686933381952989e+00

   47  0  0
1.686934337182921e+00
1.684152776806958e+00
1.681359569845255e+00

   48  0  0
1.681359134735186e+00
1.678549216127989e+00
1.675722089594498e+00

   49  0  0
1.675721950382872e+00
1.672884302799941e+00
1.670038905807098e+00

   50  0  0
1.670041166713903e+00
1.667193777204083e+00
1.664338611103980e+00

   51  0  0
1.664336889543825e+00
1.661457043502080e+00
1.658558330445906e+00

   52  0  0
1.658558485463829e+00
1.655646104629071e+00
1.652724720295789e+00

   53  0  0
1.652726661360434e+00
1.649798582515856e+00
1.646857596984629e+00

   54  0  0
1.646854922904462e+00
1.643888058053045e+00
1.640898621864709e+00

   55  0  0
1.640899296405958e+00
1.637897253272510e+00
1.634883021423200e+00

   56  0  0
1.634884294475163e+00
1.631859740683264e+00
1.628821174399484e+00

   57  0  0
1.628819880385879e+00
1.625761500125425e+00
1.622684270636465e+00

   58  0  0
1.622684437380119e+00
1.619589523999265e+00
1.616477294562698e+00

   59  0  0
1.616477506726563e+00
1.613349561053241e+00
1.610206050760850e+00

   60  0  0
1.610206538190459e+00
1.607048554099760e+00
1.603873670136234e+00

   61  0  0
1.603872461439694e+00
1.600671820923008e+00
1.597445120339921e+00

   62  0  0
1.597444181926319e+00
1.594191967436447e+00
1.590916066681448e+00

   63  0  0
1.590918384032772e+00
1.587624817389344e+00
1.584313819779562e+00

   64  0  0
1.584313924029805e+00
1.580984278098994e+00
1.577634083762776e+00

   65  0  0
1.577633142898569e+00
1.574257082630240e+00
1.570854228995815e+00

   66  0  0
1.570853428632728e+00
1.567423874175165e+00
1.563968826164598e+00

   67  0  0
1.563970006606046e+00
1.560496738144612e+00
1.557002693901858e+00

   68  0  0
1.557002346979679e+00
1.553482114027269e+00
1.549933561902656e+00

   69  0  0
1.549932332500176e+00
1.546354292633139e+00
1.542748444019861e+00

   70  0  0
1.542749603994388e+00
1.539122336466015e+00
1.535470591026583e+00

   71  0  0
1.535469967369402e+00
1.531788782606603e+00
1.528076579129160e+00

   72  0  0
1.528075805797704e+00
1.524331570900026e+00
1.520554986706207e+00

   73  0  0
1.520554719538875e+00
1.516744085223699e+00
1.512896602098469e+00

   74  0  0
1.512895889840555e+00
1.509011651988211e+00
1.505091928918506e+00

   75  0  0
1.505093316429666e+00
1.501148017207216e+00
1.497173958834665e+00

   76  0  0
1.497173740681665e+00
1.493164033488069e+00
1.489114748220753e+00

   77  0  0
1.489112573529989e+00
1.485018800546468e+00
1.480882786011353e+00

   78  0  0
1.480883976696532e+00
1.476714536475494e+00
1.472507853354095e+00

   79  0  0
1.472507365822028e+00
1.468258830692274e+00
1.463965821245573e+00

   80  0  0
1.463964910218286e+00
1.459627052752521e+00
1.455244063206621e+00

   81  0  0
1.455244146980330e+00
1.450817633989808e+00
1.446343789129708e+00

   82  0  0
1.446350036205026e+00
1.441819088593081e+00
1.437256950776059e+00

   83  0  0
1.437256019902958e+00
1.432635439211449e+00
1.427962538498686e+00

   84  0  0
1.427961465192193e+00
1.423233345736817e+00
1.418448540396628e+00

   85  0  0
1.418448590981877e+00
1.413611663531440e+00
1.408719585641257e+00

   86  0  0
1.408719336191783e+00
1.403769476623367e+00
1.398757413253962e+00

   87  0  0
1.398755919356902e+00
1.393679081840899e+00
1.388536515957341e+00

   88  0  0
1.388536964901401e+00
1.383335337249630e+00
1.378069743057982e+00

   89  0  0
1.378069196494239e+00
1.372735279264855e+00
1.367329789192538e+00

   90  0  0
1.367332948201092e+00
1.361850631098493e+00
1.356306611769676e+00

   91  0  0
1.356308949254956e+00
1.350672781695293e+00
1.344954250302004e+00

   92  0  0
1.344950792155350e+00
1.339141975086504e+00
1.333240610297474e+00

   93  0  0
1.333240438433690e+00
1.327265675642912e+00
1.321207952626103e+00

   94  0  0
1.321215118105643e+00
1.315062798391495e+00
1.308813707971925e+00

   95  0  0
1.308809215589715e+00
1.302450417947858e+00
1.295985117306739e+00

   96  0  0
1.295990024119908e+00
1.289426654813254e+00
1.282767499977808e+00

   97  0  0
1.282766188564115e+00
1.275984729372148e+00
1.269081290875031e+00

   98  0  0
1.269079648508737e+00
1.262053545120140e+00
1.254903033253042e+00

   99  0  0
1.254922078080798e+00
1.247623001221632e+00
1.240238561547371e+00

  100  0  0
1.240233780671778e+00
1.232668234655208e+00
1.224956541875727e+00

  101  0  0
1.224956461334575e+00
1.217100124673559e+00
1.209084629394729e+00

  102  0  0
1.209080912243021e+00
1.200897205166803e+00
1.192535557031960e+00

  103  0  0
1.192532609345804e+00
1.184005679049265e+00
1.175295544411588e+00

  104  0  0
1.175303248687286e+00
1.166389543676297e+00
1.157269752244348e+00

  105  0  0
1.157264044337809e+00
1.147928766088915e+00
1.138362746009247e+00

  106  0  0
1.138362535412997e+00
1.128571490840869e+00
1.118533946981201e+00

  107  0  0
1.118530890733516e+00
1.108231537429727e+00
1.097649348536506e+00

  108  0  0
1.097644866033378e+00
1.086780679376534e+00
1.075610144985249e+00

  109  0  0
1.075605941730814e+00
1.064130593757667e+00
1.052309437301892e+00

  110  0  0
1.052296700717542e+00
1.040127652426355e+00
1.027565963444082e+00

  111  0  0
1.027581911769147e+00
1.014598303488211e+00
1.001177699391362e+00

  112  0  0
1.001165587296349e+00
9.872871754751776e-01
9.728848679562120e-01

  113  0  0
9.728860902676880e-01
9.579406555271309e-01
9.424368743021094e-01

  114  0  0
9.424289539205792e-01
9.262901128665583e-01
9.094403235073323e-01

  115  0  0
9.094072772440768e-01
8.918091823403388e-01
8.733160040608121e-01

  116  0  0
8.732789197645052e-01
8.539520481139371e-01
8.335661245272454e-01

  117  0  0
8.335199468516643e-01
8.120587598351728e-01
7.892205703236738e-01

  118  0  0
7.891315190030340e-01
7.649084405565075e-01
7.388748023500963e-01

  119  0  0
7.387054487398234e-01
7.110581721699905e-01
6.808733771928497e-01

  120  0  0
6.804769262822983e-01
6.479817785423528e-01
6.121088441014386e-01

  121  0  0
6.125999635558248e-01
5.718670200094286e-01
5.230031267782642e-01

  122  0  0
5.162858081707307e-01
4.652305133257351e-01
3.982629227726606e-01

  123  0  0
4.431185927521619e-01
2.764437430182782e-01
3.966357394197014e-02

  124  0  0
8.030615962924833e-03
2.125530710885775e-04
-1.513808743667725e-04

  125  0  0
-1.188490474615165e-05
9.456669285992969e-06
1.044685467086321e-05

  126  0  0
1.006070986857876e-05
1.000151006578174e-05
9.998758854582543e-06

  127  0  0
9.999830972936227e-06
9.999995778844114e-06
1.000000346639646e-05

  128  0  0
1.000000047387899e-05
1.000000001190119e-05
9.999999990233313e-06

  129  0  0
9.999999998654247e-06
9.999999999962467e-06
1.000000000002436e-05

  130  0  0
1.000000000000037e-05
9.999999999996609e-06
9.999999999996428e-06

  131  0  0
9.999999999996496e-06
9.999999999996509e-06
9.999999999996508e-06

  132  0  0
9.999999999996509e-06
9.999999999996509e-06
9.999999999996509e-06

  133  0  0
9.999999999996509e-06
9.999999999996509e-06
9.999999999996506e-06

  134  0  0
9.999999999996509e-06
9.999999999996509e-06
9.999999999996509e-06

  135  0  0
9.999999999996509e-06
9.999999999996509e-06
9.999999999996506e-06

  136  0  0
9.999999999996509e-06
9.999999999996509e-06
9.999999999996509e-06

  137  0  0
9.999999999996509e-06
9.999999999996509e-06
9.999999999996506e-06

  138  0  0
9.999999999996509e-06
9.999999999996509e-06
9.999999999996509e-06

  139  0  0
9.999999999996509e-06
9.999999999996509e-06
9.999999999996506e-06

  140  0  0
9.999999999996509e-06
9.999999999996509e-06
9.999999999996509e-06

  141  0  0
9.999999999996509e-06
9.999999999996509e-06
9.999999999996506e-06

  142  0  0
9.999999999996509e-06
9.999999999996509e-06
9.999999999996509e-06

  143  0  0
9.999999999996509e-06
9.999999999996509e-06
9.999999999996506e-06

  144  0  0
9.999999999996509e-06
9.999999999996509e-06
9.999999999996509e-06

  145  0  0
9.999999999996509e-06
9.999999999996509e-06
9.999999999996506e-06

  146  0  0
9.999999999996509e-06
9.999999999996509e-06
9.999999999996509e-06

  147  0  0
9.999999999996509e-06
9.999999999996509e-06
9.999999999996506e-06

  148  0  0
9.999999999996509e-06
9.999999999996509e-06
9.999999999996509e-06

  149  0  0
9.999999999996509e-06
9.999999999996509e-06
9.999999999996506e-06

  150  0  0
9.999999999996509e-06
9.999999999996509e-06
9.999999999996509e-06

  151  0  0
9.999999999996509e-06
9.999999999996509e-06
9.999999999996506e-06

  152  0  0
9.999999999996509e-06
9.999999999996509e-06
9.999999999996509e-06

  153  0  0
9.999999999996509e-06
9.999999999996509e-06
9.999999999996506e-06

  154  0  0
9.999999999996509e-06
9.999999999996509e-06
9.999999999996509e-06

  155  0  0
9.999999999996509e-06
9.999999999996509e-06
9.999999999996506e-06

  156  0  0
9.999999999996509e-06
9.999999999996509e-06
9.999999999996509e-06

  157  0  0
9.999999999996509e-06
9.999999999996509e-06
9.999999999996506e-06

  158  0  0
9.999999999996509e-06
9.999999999996509e-06
9.999999999996509e-06

  159  0  0
9.999999999996509e-06
9.999999999996509e-06
9.999999999996506e-06

  160  0  0
9.999999999996509e-06
9.999999999996509e-06
9.999999999996509e-06

  161  0  0
9.999999999996509e-06
9.999999999996509e-06
9.999999999996506e-06

  162  0  0
9.999999999996509e-06
9.999999999996509e-06
9.999999999996509e-06

  163  0  0
9.999999999996509e-06
9.999999999996509e-06
9.999999999996506e-06

  164  0  0
9.999999999996509e-06
9.999999999996509e-06
9.999999999996509e-06

  165  0  0
9.999999999996509e-06
9.999999999996509e-06
9.999999999996506e-06

  166  0  0
9.999999999996509e-06
9.999999999996509e-06
9.999999999996509e-06

  167  0  0
9.999999999996509e-06
9.999999999996509e-06
9.999999999996506e-06

  168  0  0
9.999999999996509e-06
9.999999999996509e-06
9.999999999996509e-06

  169  0  0
9.999999999996509e-06
9.999999999996509e-06
9.999999999996506e-06

  170  0  0
9.999999999996509e-06
9.999999999996509e-06
9.999999999996509e-06

  171  0  0
9.999999999996509e-06
9.999999999996509e-06
9.999999999996506e-06

  172  0  0
9.999999999996509e-06
9.999999999996509e-06
9.999999999996509e-06

  173  0  0
9.999999999996509e-06
9.999999999996509e-06
9.999999999996506e-06

  174  0  0
9.999999999996509e-06
9.999999999996509e-06
9.999999999996509e-06

  175  0  0
9.999999999996509e-06
9.999999999996509e-06
9.999999999996506e-06

  176  0  0
9.999999999996509e-06
9.999999999996509e-06
9.999999999996509e-06

  177  0  0
9.999999999996509e-06
9.999999999996509e-06
9.999999999996506e-06

  178  0  0
9.999999999996509e-06
9.999999999996509e-06
9.999999999996509e-06

  179  0  0
9.999999999996509e-06
9.999999999996509e-06
9.999999999996506e-06

  180  0  0
9.999999999996509e-06
9.999999999996509e-06
9.999999999996509e-06

  181  0  0
9.999999999996509e-06
9.999999999996509e-06
9.999999999996506e-06

  182  0  0
9.999999999996509e-06
9.999999999996509e-06
9.999999999996509e-06

  183  0  0
9.999999999996509e-06
9.999999999996509e-06
9.999999999996506e-06

  184  0  0
9.999999999996509e-06
9.999999999996509e-06
9.999999999996509e-06

  185  0  0
9.999999999996509e-06
9.999999999996509e-06
9.999999999996506e-06

  186  0  0
9.999999999996509e-06
9.999999999996509e-06
9.999999999996509e-06

  187  0  0
9.999999999996509e-06
9.999999999996509e-06
9.999999999996506e-06

  188  0  0
9.999999999996509e-06
9.999999999996509e-06
9.999999999996509e-06

  189  0  0
9.999999999996509e-06
9.999999999996509e-06
9.999999999996506e-06

  190  0  0
9.999999999996509e-06
9.999999999996509e-06
9.999999999996509e-06

  191  0  0
9.999999999996509e-06
9.999999999996509e-06
9.999999999996506e-06

  192  0  0
9.999999999996509e-06
9.999999999996509e-06
9.999999999996509e-06

  193  0  0
9.999999999996509e-06
9.999999999996509e-06
9.999999999996506e-06

  194  0  0
9.999999999996509e-06
9.999999999996509e-06
9.999999999996509e-06

  195  0  0
9.999999999996509e-06
9.999999999996509e-06
9.999999999996506e-06

  196  0  0
9.999999999996509e-06
9.999999999996509e-06
9.999999999996509e-06

  197  0  0
9.999999999996509e-06
9.999999999996509e-06
9.999999999996506e-06

  198  0  0
9.999999999996509e-06
9.999999999996509e-06
9.999999999996509e-06

  199  0  0
9.999999999996509e-06
9.999999999996509e-06
9.999999999996506e-06

  200  0  0
9.999999999996509e-06
9.999999999996509e-06
9.999999999996509e-06

  201  0  0
9.999999999996509e-06
9.999999999996509e-06
9.999999999996506e-06

  202  0  0
9.999999999996509e-06
9.999999999996509e-06
9.999999999996509e-06

  203  0  0
9.999999999996509e-06
9.999999999996509e-06
9.999999999996506e-06

  204  0  0
9.999999999996509e-06
9.999999999996509e-06
9.999999999996509e-06

  205  0  0
9.999999999996509e-06
9.999999999996509e-06
9.999999999996506e-06

  206  0  0
9.999999999996509e-06
9.999999999996509e-06
9.999999999996509e-06

  207  0  0
9.999999999996509e-06
9.999999999996509e-06
9.999999999996506e-06

  208  0  0
9.999999999996509e-06
9.999999999996509e-06
9.999999999996509e-06

  209  0  0
9.999999999996509e-06
9.999999999996509e-06
9.999999999996506e-06

  210  0  0
9.999999999996509e-06
9.999999999996509e-06
9.999999999996509e-06

  211  0  0
9.999999999996509e-06
9.999999999996509e-06
9.999999999996506e-06

  212  0  0
9.999999999996509e-06
9.999999999996509e-06
9.999999999996509e-06

  213  0  0
9.999999999996509e-06
9.999999999996509e-06
9.999999999996506e-06

  214  0  0
9.999999999996509e-06
9.999999999996509e-06
9.999999999996509e-06

  215  0  0
9.999999999996509e-06
9.999999999996509e-06
9.999999999996506e-06

  216  0  0
9.999999999996509e-06
9.999999999996509e-06
9.999999999996509e-06

  217  0  0
9.999999999996509e-06
9.999999999996509e-06
9.999999999996506e-06

  218  0  0
9.999999999996509e-06
9.999999999996509e-06
9.999999999996509e-06

  219  0  0
9.999999999996509e-06
9.999999999996509e-06
9.999999999996506e-06

  220  0  0
9.999999999996509e-06
9.999999999996509e-06
9.999999999996509e-06

  221  0  0
9.999999999996509e-06
9.999999999996509e-06
9.999999999996506e-06

  222  0  0
9.999999999996509e-06
9.999999999996509e-06
9.999999999996509e-06

  223  0  0
9.999999999996509e-06
9.999999999996509e-06
9.999999999996506e-06

  224  0  0
9.999999999996509e-06
9.999999999996509e-06
9.999999999996509e-06

  225  0  0
9.999999999996509e-06
9.999999999996509e-06
9.999999999996506e-06

  226  0  0
9.999999999996509e-06
9.999999999996509e-06
9.999999999996509e-06

  227  0  0
9.999999999996509e-06
9.999999999996509e-06
9.999999999996506e-06

  228  0  0
9.999999999996509e-06
9.999999999996509e-06
9.999999999996509e-06

  229  0  0
9.999999999996509e-06
9.999999999996509e-06
9.999999999996506e-06

  230  0  0
9.999999999996509e-06
9.999999999996509e-06
9.999999999996509e-06

  231  0  0
9.999999999996509e-06
9.999999999996509e-06
9.999999999996506e-06

  232  0  0
9.999999999996509e-06
9.999999999996509e-06
9.999999999996509e-06

  233  0  0
9.999999999996509e-06
9.999999999996509e-06
9.999999999996506e-06

  234  0  0
9.999999999996509e-06
9.999999999996509e-06
9.999999999996509e-06

  235  0  0
9.999999999996509e-06
9.999999999996509e-06
9.999999999996506e-06

  236  0  0
9.999999999996509e-06
9.999999999996509e-06
9.999999999996509e-06

  237  0  0
9.999999999996509e-06
9.999999999996509e-06
9.999999999996506e-06

  238  0  0
9.999999999996509e-06
9.999999999996509e-06
9.999999999996509e-06

  239  0  0
9.999999999996509e-06
9.999999999996509e-06
9.999999999996506e-06

  240  0  0
9.999999999996509e-06
9.999999999996509e-06
9.999999999996509e-06

  241  0  0
9.999999999996509e-06
9.999999999996509e-06
9.999999999996506e-06

  242  0  0
9.999999999996509e-06
9.999999999996509e-06
9.999999999996509e-06

  243  0  0
9.999999999996509e-06
9.999999999996509e-06
9.999999999996506e-06

  244  0  0
9.999999999996509e-06
9.999999999996509e-06
9.999999999996509e-06

  245  0  0
9.999999999996509e-06
9.999999999996509e-06
9.999999999996506e-06

  246  0  0
9.999999999996509e-06
9.999999999996509e-06
9.999999999996509e-06

  247  0  0
9.999999999996509e-06
9.999999999996509e-06
9.999999999996506e-06

  248  0  0
9.999999999996509e-06
9.999999999996509e-06
9.999999999996509e-06

  249  0  0
9.999999999996509e-06
9.999999999996509e-06
9.999999999996506e-06

  250  0  0
9.999999999996509e-06
9.999999999996509e-06
9.999999999996509e-06

  251  0  0
9.999999999996509e-06
9.999999999996509e-06
9.999999999996506e-06

  252  0  0
9.999999999996509e-06
9.999999999996509e-06
9.999999999996509e-06

  253  0  0
9.999999999996509e-06
9.999999999996509e-06
9.999999999996506e-06

  254  0  0
9.999999999996509e-06
9.999999999996509e-06
9.999999999996509e-06

  255  0  0
9.999999999996509e-06
9.999999999996509e-06
9.999999999996506e-06

  256  0  0
9.999999999996509e-06
9.999999999996509e-06
9.999999999996509e-06

  257  0  0
9.999999999996509e-06
9.999999999996509e-06
9.999999999996506e-06

  258  0  0
9.999999999996509e-06
9.999999999996509e-06
9.999999999996509e-06

  259  0  0
9.999999999996509e-06
9.999999999996509e-06
9.999999999996506e-06

  260  0  0
9.999999999996509e-06
9.999999999996509e-06
9.999999999996509e-06

  261  0  0
9.999999999996509e-06
9.999999999996509e-06
9.999999999996506e-06

  262  0  0
9.999999999996509e-06
9.999999999996509e-06
9.999999999996509e-06

  263  0  0
9.999999999996509e-06
9.999999999996509e-06
9.999999999996506e-06

  264  0  0
9.999999999996509e-06
9.999999999996509e-06
9.999999999996509e-06

  265  0  0
9.999999999996509e-06
9.999999999996509e-06
9.999999999996506e-06

  266  0  0
9.999999999996509e-06
9.999999999996509e-06
9.999999999996509e-06

  267  0  0
9.999999999996509e-06
9.999999999996509e-06
9.999999999996506e-06

  268  0  0
9.999999999996509e-06
9.999999999996509e-06
9.999999999996509e-06

  269  0  0
9.999999999996509e-06
9.999999999996509e-06
9.999999999996506e-06

  270  0  0
9.999999999996509e-06
9.999999999996509e-06
9.999999999996509e-06

  271  0  0
9.999999999996509e-06
9.999999999996509e-06
9.999999999996506e-06

  272  0  0
9.999999999996509e-06
9.999999999996509e-06
9.999999999996509e-06

  273  0  0
9.999999999996509e-06
9.999999999996509e-06
9.999999999996506e-06

  274  0  0
9.999999999996509e-06
9.999999999996509e-06
9.999999999996509e-06

  275  0  0
9.999999999996509e-06
9.999999999996509e-06
9.999999999996506e-06

  276  0  0
9.999999999996509e-06
9.999999999996509e-06
9.999999999996509e-06

  277  0  0
9.999999999996509e-06
9.999999999996509e-06
9.999999999996506e-06

  278  0  0
9.999999999996509e-06
9.999999999996509e-06
9.999999999996509e-06

  279  0  0
9.999999999996509e-06
9.999999999996509e-06
9.999999999996506e-06

  280  0  0
9.999999999996509e-06
9.999999999996509e-06
9.999999999996509e-06

  281  0  0
9.999999999996509e-06
9.999999999996509e-06
9.999999999996506e-06

  282  0  0
9.999999999996509e-06
9.999999999996509e-06
9.999999999996509e-06

  283  0  0
9.999999999996509e-06
9.999999999996509e-06
9.999999999996506e-06

  284  0  0
9.999999999996509e-06
9.999999999996509e-06
9.999999999996509e-06

  285  0  0
9.999999999996509e-06
9.999999999996509e-06
9.999999999996506e-06

  286  0  0
9.999999999996509e-06
9.999999999996509e-06
9.999999999996509e-06

  287  0  0
9.999999999996509e-06
9.999999999996509e-06
9.999999999996506e-06

  288  0  0
9.999999999996509e-06
9.999999999996509e-06
9.999999999996509e-06

  289  0  0
9.999999999996509e-06
9.999999999996509e-06
9.999999999996506e-06

  290  0  0
9.999999999996509e-06
9.999999999996509e-06
9.999999999996509e-06

  291  0  0
9.999999999996509e-06
9.999999999996509e-06
9.999999999996506e-06

  292  0  0
9.999999999996509e-06
9.999999999996509e-06
9.999999999996508e-06

  293  0  0
9.999999999996509e-06
9.999999999996509e-06
9.999999999996506e-06

  294  0  0
9.999999999996509e-06
9.999999999996509e-06
9.999999999996509e-06

  295  0  0
9.999999999996509e-06
9.999999999996509e-06
9.999999999996509e-06

  296  0  0
9.999999999996509e-06
9.999999999996509e-06
9.999999999996506e-06

  297  0  0
9.999999999996509e-06
9.999999999996509e-06
9.999999999996506e-06

  298  0  0
9.999999999996509e-06
9.999999999996509e-06
9.999999999996506e-06

  299  0  0
9.999999999996509e-06
9.999999999996509e-06
9.999999999996508e-06

  300  0  0
9.999999999996509e-06
9.999999999996509e-06
9.999999999996506e-06

  301  0  0
9.999999999996509e-06
9.999999999996509e-06
9.999999999996509e-06

  302  0  0
9.999999999996509e-06
9.999999999996509e-06
9.999999999996509e-06

  303  0  0
9.999999999996509e-06
9.999999999996509e-06
9.999999999996509e-06

  304  0  0
9.999999999996509e-06
9.999999999996509e-06
9.999999999996509e-06

  305  0  0
9.999999999996509e-06
9.999999999996509e-06
9.999999999996506e-06

  306  0  0
9.999999999996509e-06
9.999999999996509e-06
9.999999999996506e-06

  307  0  0
9.999999999996509e-06
9.999999999996509e-06
9.999999999996506e-06

  308  0  0
9.999999999996509e-06
9.999999999996509e-06
9.999999999996506e-06

  309  0  0
9.999999999996509e-06
9.999999999996509e-06
9.999999999996509e-06

  310  0  0
9.999999999996509e-06
9.999999999996509e-06
9.999999999996506e-06

  311  0  0
9.999999999996509e-06
9.999999999996509e-06
9.999999999996506e-06

  312  0  0
9.999999999996509e-06
9.999999999996509e-06
9.999999999996520e-06

  313  0  0
9.999999999996545e-06
9.999999999996455e-06
9.999999999993428e-06

  314  0  0
9.999999999988198e-06
1.000000000001065e-05
1.000000000036843e-05

  315  0  0
1.000000000091618e-05
9.999999998389081e-06
9.999999958487351e-06

  316  0  0
9.999999904264829e-06
1.000000017318652e-05
1.000000440041236e-05

  317  0  0
1.000000926775780e-05
9.999982424536837e-06
9.999563127156893e-06

  318  0  0
9.999187726467674e-06
1.000165048244312e-05
1.003973630531893e-05

  319  0  0
1.005929038399959e-05
9.863814367349648e-06
6.773397988904752e-06

