#Cell 
# Element_0
# Element_1
# Element_2
0
1.164325023955914e+00
1.163969069657557e+00
1.163611675975157e+00

1
1.163403050138145e+00
1.163042597337272e+00
1.162681044678759e+00

2
1.162469664677719e+00
1.162105407067078e+00
1.161742150039355e+00

3
1.161525707735105e+00
1.161157176848465e+00
1.160788332862746e+00

4
1.160570020974678e+00
1.160197627937478e+00
1.159821021789000e+00

5
1.159601432983317e+00
1.159223969880105e+00
1.158845318042350e+00

6
1.158621615824820e+00
1.158239921846255e+00
1.157855642190019e+00

7
1.157631141504200e+00
1.157243945716390e+00
1.156854852786831e+00

8
1.156627396300859e+00
1.156235247475049e+00
1.155841414184966e+00

9
1.155610746584801e+00
1.155213479337981e+00
1.154814456960114e+00

10
1.154580809391824e+00
1.154178335149307e+00
1.153773690863956e+00

11
1.153537201421446e+00
1.153129248685060e+00
1.152719117538140e+00

12
1.152479421645776e+00
1.152065907906141e+00
1.151650184493089e+00

13
1.151407143538910e+00
1.150987910820619e+00
1.150566374023786e+00

14
1.150319968947088e+00
1.149894844905672e+00
1.149467355678729e+00

15
1.149217459473765e+00
1.148786270344636e+00
1.148352658778064e+00

16
1.148099157690355e+00
1.147661739416793e+00
1.147221813011554e+00

17
1.146964630557636e+00
1.146520795719146e+00
1.146074376803605e+00

18
1.145813390010056e+00
1.145362952759020e+00
1.144909860049334e+00

19
1.144644952899941e+00
1.144187726772880e+00
1.143727773374390e+00

20
1.143458825959244e+00
1.142994608963263e+00
1.142527575543608e+00

21
1.142254615483622e+00
1.141782860022410e+00
1.141309393425641e+00

22
1.141032468895434e+00
1.140553638793744e+00
1.140071847724052e+00

23
1.139790093922608e+00
1.139303653013410e+00
1.138814143584662e+00

24
1.138527857816620e+00
1.138033563141748e+00
1.137536109771027e+00

25
1.137245158284944e+00
1.136742774212889e+00
1.136237134902080e+00

26
1.135941374888174e+00
1.135430659047147e+00
1.134916598365348e+00

27
1.134615893988514e+00
1.134096599228740e+00
1.133573851775148e+00

28
1.133268049586869e+00
1.132739913267625e+00
1.132208220364817e+00

29
1.131897165573005e+00
1.131359925003647e+00
1.130819022169934e+00

30
1.130502558291185e+00
1.129955935362854e+00
1.129405536270283e+00

31
1.129083495153965e+00
1.128527202410202e+00
1.127967020302352e+00

32
1.127639235656388e+00
1.127072982379259e+00
1.126502720703434e+00

33
1.126169013977321e+00
1.125592489426473e+00
1.125011831968020e+00

34
1.124672020384407e+00
1.124084910898960e+00
1.123493543621695e+00

35
1.123147442165412e+00
1.122549421842002e+00
1.121947009190141e+00

36
1.121594416916759e+00
1.120985142376309e+00
1.120371347172886e+00

37
1.120012068063792e+00
1.119391194989390e+00
1.118765654472361e+00

38
1.118399478202525e+00
1.117766639378263e+00
1.117128984260042e+00

39
1.116755690718129e+00
1.116110512841359e+00
1.115460370716283e+00

40
1.115079759048370e+00
1.114421804407358e+00
1.113758808228428e+00

41
1.113370664797835e+00
1.112699603317447e+00
1.112023264912650e+00

42
1.111627248074070e+00
1.110942646701717e+00
1.110252591774857e+00

43
1.109848512580721e+00
1.109149923989699e+00
1.108445702912108e+00

44
1.108033298791504e+00
1.107320268468394e+00
1.106601426787548e+00

45
1.106180433553676e+00
1.105452501563973e+00
1.104718569253299e+00

46
1.104288705526067e+00
1.103545380671100e+00
1.102795857677499e+00

47
1.102356832754236e+00
1.101597614515472e+00
1.100831998610307e+00

48
1.100383516504266e+00
1.099607885132730e+00
1.098825641544275e+00

49
1.098367382813282e+00
1.097574789922405e+00
1.096775375827457e+00

50
1.096307023982472e+00
1.095496913566463e+00
1.094679747586768e+00

51
1.094200964501404e+00
1.093372747106791e+00
1.092537234177984e+00

52
1.092047665276285e+00
1.091200740931063e+00
1.090346269819185e+00

53
1.089845545059280e+00
1.088979229213222e+00
1.088105147509623e+00

54
1.087592901512264e+00
1.086706594358269e+00
1.085812230819497e+00

55
1.085288064189775e+00
1.084381072074976e+00
1.083465741427598e+00

56
1.082929245781766e+00
1.082000845862628e+00
1.081063813727590e+00

57
1.080514554648375e+00
1.079563996103986e+00
1.078604506640429e+00

58
1.078042044135524e+00
1.077068559548159e+00
1.076085829386318e+00

59
1.075509693933664e+00
1.074512481552117e+00
1.073505684060270e+00

60
1.072915393403349e+00
1.071893586114449e+00
1.070861864331347e+00

61
1.070256914560212e+00
1.069209662915455e+00
1.068152128346960e+00

62
1.067531990093265e+00
1.066458341049081e+00
1.065374045894051e+00

63
1.064738168553971e+00
1.063637195016430e+00
1.062525178622757e+00

64
1.061872972422382e+00
1.060743586167010e+00
1.059602797171590e+00

65
1.058933674561118e+00
1.057774915257786e+00
1.056604299626462e+00

66
1.055917629567412e+00
1.054728389581149e+00
1.053526832856592e+00

67
1.052821947726345e+00
1.051601051213817e+00
1.050367366607391e+00

68
1.049643572369295e+00
1.048389816453612e+00
1.047122786770294e+00

69
1.046379363673656e+00
1.045091485123548e+00
1.043789812164102e+00

70
1.043025988717513e+00
1.041702647065972e+00
1.040364971802748e+00

71
1.039579953413968e+00
1.038219763892313e+00
1.036844674231922e+00

72
1.036037619159896e+00
1.034639104818384e+00
1.033225084997430e+00

73
1.032395096917172e+00
1.030956733123805e+00
1.029502227989832e+00

74
1.028648394230228e+00
1.027168528041929e+00
1.025671866461672e+00

75
1.024793193977363e+00
1.023270112172629e+00
1.021729534407375e+00

76
1.020824987394590e+00
1.019256890841382e+00
1.017670565057727e+00

77
1.016739052756301e+00
1.015124036468243e+00
1.013490025390233e+00

78
1.012530390932130e+00
1.010866446084515e+00
1.009182647894788e+00

79
1.008193647995152e+00
1.006478516471214e+00
1.004742768090964e+00

80
1.003723148034031e+00
1.001954717191469e+00
1.000164664475357e+00

81
9.991130288386434e-01
9.972888777240236e-01
9.954421090626000e-01

82
9.943570309354198e-01
9.924745309255774e-01
9.905682134255241e-01

83
9.894481225743180e-01
9.875045984506350e-01
9.855363034960829e-01

84
9.843794967415875e-01
9.823720977042458e-01
9.803387312388137e-01

85
9.791435184514961e-01
9.770690621367387e-01
9.749671840060615e-01

86
9.737316539212374e-01
9.715868955988649e-01
9.694135847177557e-01

87
9.681356964022310e-01
9.659171434545590e-01
9.636685338689804e-01

88
9.623461605627635e-01
9.600499854553414e-01
9.577221840882542e-01

89
9.563529998281290e-01
9.539751457254705e-01
9.515640305201329e-01

90
9.501455694730390e-01
9.476816762546723e-01
9.451827092398783e-01

91
9.437122837499728e-01
9.411576110845168e-01
9.385658786123952e-01

92
9.370405872630663e-01
9.343900960337178e-01
9.317004113844649e-01

93
9.301170874206391e-01
9.273649832414359e-01
9.245715317721594e-01

94
9.229268012326184e-01
9.200673716167486e-01
9.171640185120642e-01

95
9.154541769538184e-01
9.124808524690804e-01
9.094608328905993e-01

96
9.076818165856954e-01
9.045873797089181e-01
9.014432566050800e-01

97
8.995906271051842e-01
8.963672705309824e-01
8.930909717805251e-01

98
8.911599188939238e-01
8.877989185024834e-01
8.843809566969237e-01

99
8.823660317811793e-01
8.788579947407579e-01
8.752894426978081e-01

100
8.731846319957802e-01
8.695186987830366e-01
8.657879431806013e-01

101
8.635867464023869e-01
8.597515653836130e-01
8.558464613376521e-01

102
8.535414602237270e-01
8.495238095076001e-01
8.454306176203302e-01

103
8.430135400886165e-01
8.387986074138276e-01
8.345018461081727e-01

104
8.319633036531489e-01
8.275344535824428e-01
8.230165918656243e-01

105
8.203460058926800e-01
8.156840933660465e-01
8.109250975455031e-01

106
8.081103171108935e-01
8.031936671739549e-01
7.981706423522387e-01

107
7.951976522919846e-01
7.900012427147509e-01
7.846875543075736e-01

108
7.815402357399108e-01
7.760346624307702e-01
7.703990684369796e-01

109
7.670583654527277e-01
7.612093140387532e-01
7.552151734252681e-01

110
7.516585298120323e-01
7.454251332734428e-01
7.390286516782490e-01

111
7.352291234090206e-01
7.285622745100092e-01
7.217104578488978e-01

112
7.176352218437150e-01
7.104748297308556e-01
7.031024744427814e-01

113
6.987110254340551e-01
6.909825747234498e-01
6.830083001033461e-01

114
6.782497279445323e-01
6.698588225766758e-01
6.611784948782350e-01

115
6.559871438386726e-01
6.468111795181851e-01
6.372882946196700e-01

116
6.315774266432529e-01
6.214527636599841e-01
6.109026975667151e-01

117
6.045534884769730e-01
5.932535427591984e-01
5.814161247209745e-01

118
5.742589343346827e-01
5.614532634106737e-01
5.479418248062384e-01

119
5.397196887417172e-01
5.248978492821531e-01
5.090959497600672e-01

120
4.993874541109461e-01
4.816841768871468e-01
4.625004945987324e-01

121
4.505299330673190e-01
4.282579568338185e-01
4.034110947545515e-01

122
3.874468466588761e-01
3.564022418555668e-01
3.193719179558122e-01

123
2.939709492324720e-01
2.329980218999479e-01
1.379559970974299e-01

124
4.622439351842455e-02
5.883251764454048e-02
5.595054503625063e-02

125
5.553852434685959e-02
5.636642915747165e-02
5.622047490919118e-02

126
5.619213374461462e-02
5.624220645150441e-02
5.623315200608617e-02

127
5.623167060890343e-02
5.623461523358009e-02
5.623406631224355e-02

128
5.623399141606709e-02
5.623416066676847e-02
5.623412829936277e-02

129
5.623412457774839e-02
5.623413412895170e-02
5.623413225952661e-02

130
5.623413207905119e-02
5.623413260972782e-02
5.623413250340001e-02

131
5.623413249502065e-02
5.623413252407333e-02
5.623413251809939e-02

132
5.623413251774178e-02
5.623413251930674e-02
5.623413251897499e-02

133
5.623413251896234e-02
5.623413251904495e-02
5.623413251902673e-02

134
5.623413251902653e-02
5.623413251903082e-02
5.623413251902977e-02

135
5.623413251902982e-02
5.623413251903003e-02
5.623413251902994e-02

136
5.623413251902997e-02
5.623413251903000e-02
5.623413251903000e-02

137
5.623413251903000e-02
5.623413251903000e-02
5.623413251903000e-02

138
5.623413251903000e-02
5.623413251903000e-02
5.623413251903000e-02

139
5.623413251903000e-02
5.623413251903000e-02
5.623413251903000e-02

140
5.623413251903000e-02
5.623413251903000e-02
5.623413251903000e-02

141
5.623413251903000e-02
5.623413251903000e-02
5.623413251903000e-02

142
5.623413251903000e-02
5.623413251903000e-02
5.623413251903000e-02

143
5.623413251903000e-02
5.623413251903000e-02
5.623413251903000e-02

144
5.623413251903000e-02
5.623413251903000e-02
5.623413251903000e-02

145
5.623413251903000e-02
5.623413251903000e-02
5.623413251903000e-02

146
5.623413251903000e-02
5.623413251903000e-02
5.623413251903000e-02

147
5.623413251903000e-02
5.623413251903000e-02
5.623413251903000e-02

148
5.623413251903000e-02
5.623413251903000e-02
5.623413251903000e-02

149
5.623413251903000e-02
5.623413251903000e-02
5.623413251903000e-02

150
5.623413251903000e-02
5.623413251903000e-02
5.623413251903000e-02

151
5.623413251903000e-02
5.623413251903000e-02
5.623413251903000e-02

152
5.623413251903000e-02
5.623413251903000e-02
5.623413251903000e-02

153
5.623413251903000e-02
5.623413251903000e-02
5.623413251903000e-02

154
5.623413251903000e-02
5.623413251903000e-02
5.623413251903000e-02

155
5.623413251903000e-02
5.623413251903000e-02
5.623413251903000e-02

156
5.623413251903000e-02
5.623413251903000e-02
5.623413251903000e-02

157
5.623413251903000e-02
5.623413251903000e-02
5.623413251903000e-02

158
5.623413251903000e-02
5.623413251903000e-02
5.623413251903000e-02

159
5.623413251903000e-02
5.623413251903000e-02
5.623413251903000e-02

160
5.623413251903000e-02
5.623413251903000e-02
5.623413251903000e-02

161
5.623413251903000e-02
5.623413251903000e-02
5.623413251903000e-02

162
5.623413251903000e-02
5.623413251903000e-02
5.623413251903000e-02

163
5.623413251903000e-02
5.623413251903000e-02
5.623413251903000e-02

164
5.623413251903000e-02
5.623413251903000e-02
5.623413251903000e-02

165
5.623413251903000e-02
5.623413251903000e-02
5.623413251903000e-02

166
5.623413251903000e-02
5.623413251903000e-02
5.623413251903000e-02

167
5.623413251903000e-02
5.623413251903000e-02
5.623413251903000e-02

168
5.623413251903000e-02
5.623413251903000e-02
5.623413251903000e-02

169
5.623413251903000e-02
5.623413251903000e-02
5.623413251903000e-02

170
5.623413251903000e-02
5.623413251903000e-02
5.623413251903000e-02

171
5.623413251903000e-02
5.623413251903000e-02
5.623413251903000e-02

172
5.623413251903000e-02
5.623413251903000e-02
5.623413251903000e-02

173
5.623413251903000e-02
5.623413251903000e-02
5.623413251903000e-02

174
5.623413251903000e-02
5.623413251903000e-02
5.623413251903000e-02

175
5.623413251903000e-02
5.623413251903000e-02
5.623413251903000e-02

176
5.623413251903000e-02
5.623413251903000e-02
5.623413251903000e-02

177
5.623413251903000e-02
5.623413251903000e-02
5.623413251903000e-02

178
5.623413251903000e-02
5.623413251903000e-02
5.623413251903000e-02

179
5.623413251903000e-02
5.623413251903000e-02
5.623413251903000e-02

180
5.623413251903000e-02
5.623413251903000e-02
5.623413251903000e-02

181
5.623413251903000e-02
5.623413251903000e-02
5.623413251903000e-02

182
5.623413251903000e-02
5.623413251903000e-02
5.623413251903000e-02

183
5.623413251903000e-02
5.623413251903000e-02
5.623413251903000e-02

184
5.623413251903000e-02
5.623413251903000e-02
5.623413251903000e-02

185
5.623413251903000e-02
5.623413251903000e-02
5.623413251903000e-02

186
5.623413251903000e-02
5.623413251903000e-02
5.623413251903000e-02

187
5.623413251903000e-02
5.623413251903000e-02
5.623413251903000e-02

188
5.623413251903000e-02
5.623413251903000e-02
5.623413251903000e-02

189
5.623413251903000e-02
5.623413251903000e-02
5.623413251903000e-02

190
5.623413251903000e-02
5.623413251903000e-02
5.623413251903000e-02

191
5.623413251903000e-02
5.623413251903000e-02
5.623413251903000e-02

192
5.623413251903000e-02
5.623413251903000e-02
5.623413251903000e-02

193
5.623413251903000e-02
5.623413251903000e-02
5.623413251903000e-02

194
5.623413251903000e-02
5.623413251903000e-02
5.623413251903000e-02

195
5.623413251903000e-02
5.623413251903000e-02
5.623413251903000e-02

196
5.623413251903000e-02
5.623413251903000e-02
5.623413251903000e-02

197
5.623413251903000e-02
5.623413251903000e-02
5.623413251903000e-02

198
5.623413251903000e-02
5.623413251903000e-02
5.623413251903000e-02

199
5.623413251903000e-02
5.623413251903000e-02
5.623413251903000e-02

200
5.623413251903000e-02
5.623413251903000e-02
5.623413251903000e-02

201
5.623413251903000e-02
5.623413251903000e-02
5.623413251903000e-02

202
5.623413251903000e-02
5.623413251903000e-02
5.623413251903000e-02

203
5.623413251903000e-02
5.623413251903000e-02
5.623413251903000e-02

204
5.623413251903000e-02
5.623413251903000e-02
5.623413251903000e-02

205
5.623413251903000e-02
5.623413251903000e-02
5.623413251903000e-02

206
5.623413251903000e-02
5.623413251903000e-02
5.623413251903000e-02

207
5.623413251903000e-02
5.623413251903000e-02
5.623413251903000e-02

208
5.623413251903000e-02
5.623413251903000e-02
5.623413251903000e-02

209
5.623413251903000e-02
5.623413251903000e-02
5.623413251903000e-02

210
5.623413251903000e-02
5.623413251903000e-02
5.623413251903000e-02

211
5.623413251903000e-02
5.623413251903000e-02
5.623413251903000e-02

212
5.623413251903000e-02
5.623413251903000e-02
5.623413251903000e-02

213
5.623413251903000e-02
5.623413251903000e-02
5.623413251903000e-02

214
5.623413251903000e-02
5.623413251903000e-02
5.623413251903000e-02

215
5.623413251903000e-02
5.623413251903000e-02
5.623413251903000e-02

216
5.623413251903000e-02
5.623413251903000e-02
5.623413251903000e-02

217
5.623413251903000e-02
5.623413251903000e-02
5.623413251903000e-02

218
5.623413251903000e-02
5.623413251903000e-02
5.623413251903000e-02

219
5.623413251903000e-02
5.623413251903000e-02
5.623413251903000e-02

220
5.623413251903000e-02
5.623413251903000e-02
5.623413251903000e-02

221
5.623413251903000e-02
5.623413251903000e-02
5.623413251903000e-02

222
5.623413251903000e-02
5.623413251903000e-02
5.623413251903000e-02

223
5.623413251903000e-02
5.623413251903000e-02
5.623413251903000e-02

224
5.623413251903000e-02
5.623413251903000e-02
5.623413251903000e-02

225
5.623413251903000e-02
5.623413251903000e-02
5.623413251903000e-02

226
5.623413251903000e-02
5.623413251903000e-02
5.623413251903000e-02

227
5.623413251903000e-02
5.623413251903000e-02
5.623413251903000e-02

228
5.623413251903000e-02
5.623413251903000e-02
5.623413251903000e-02

229
5.623413251903000e-02
5.623413251903000e-02
5.623413251903000e-02

230
5.623413251903000e-02
5.623413251903000e-02
5.623413251903000e-02

231
5.623413251903000e-02
5.623413251903000e-02
5.623413251903000e-02

232
5.623413251903000e-02
5.623413251903000e-02
5.623413251903000e-02

233
5.623413251903000e-02
5.623413251903000e-02
5.623413251903000e-02

234
5.623413251903000e-02
5.623413251903000e-02
5.623413251903000e-02

235
5.623413251903000e-02
5.623413251903000e-02
5.623413251903000e-02

236
5.623413251903000e-02
5.623413251903000e-02
5.623413251903000e-02

237
5.623413251903000e-02
5.623413251903000e-02
5.623413251903000e-02

238
5.623413251903000e-02
5.623413251903000e-02
5.623413251903000e-02

239
5.623413251903000e-02
5.623413251903000e-02
5.623413251903000e-02

240
5.623413251903000e-02
5.623413251903000e-02
5.623413251903000e-02

241
5.623413251903000e-02
5.623413251903000e-02
5.623413251903000e-02

242
5.623413251903000e-02
5.623413251903000e-02
5.623413251903000e-02

243
5.623413251903000e-02
5.623413251903000e-02
5.623413251903000e-02

244
5.623413251903000e-02
5.623413251903000e-02
5.623413251903000e-02

245
5.623413251903000e-02
5.623413251903000e-02
5.623413251903000e-02

246
5.623413251903000e-02
5.623413251903000e-02
5.623413251903000e-02

247
5.623413251903000e-02
5.623413251903000e-02
5.623413251903000e-02

248
5.623413251903000e-02
5.623413251903000e-02
5.623413251903000e-02

249
5.623413251903000e-02
5.623413251903000e-02
5.623413251903000e-02

250
5.623413251903000e-02
5.623413251903000e-02
5.623413251903000e-02

251
5.623413251903000e-02
5.623413251903000e-02
5.623413251903000e-02

252
5.623413251903000e-02
5.623413251903000e-02
5.623413251903000e-02

253
5.623413251903000e-02
5.623413251903000e-02
5.623413251903000e-02

254
5.623413251903000e-02
5.623413251903000e-02
5.623413251903000e-02

255
5.623413251903000e-02
5.623413251903000e-02
5.623413251903000e-02

256
5.623413251903000e-02
5.623413251903000e-02
5.623413251903000e-02

257
5.623413251903000e-02
5.623413251903000e-02
5.623413251903000e-02

258
5.623413251903000e-02
5.623413251903000e-02
5.623413251903000e-02

259
5.623413251903000e-02
5.623413251903000e-02
5.623413251903000e-02

260
5.623413251903000e-02
5.623413251903000e-02
5.623413251903000e-02

261
5.623413251903000e-02
5.623413251903000e-02
5.623413251903000e-02

262
5.623413251903000e-02
5.623413251903000e-02
5.623413251903000e-02

263
5.623413251903000e-02
5.623413251903000e-02
5.623413251903000e-02

264
5.623413251903000e-02
5.623413251903000e-02
5.623413251903000e-02

265
5.623413251903000e-02
5.623413251903000e-02
5.623413251903000e-02

266
5.623413251903000e-02
5.623413251903000e-02
5.623413251903000e-02

267
5.623413251903000e-02
5.623413251903000e-02
5.623413251903000e-02

268
5.623413251903000e-02
5.623413251903000e-02
5.623413251903000e-02

269
5.623413251903000e-02
5.623413251903000e-02
5.623413251903000e-02

270
5.623413251903000e-02
5.623413251903000e-02
5.623413251903000e-02

271
5.623413251903000e-02
5.623413251903000e-02
5.623413251903000e-02

272
5.623413251903000e-02
5.623413251903000e-02
5.623413251903000e-02

273
5.623413251903000e-02
5.623413251903000e-02
5.623413251903000e-02

274
5.623413251903000e-02
5.623413251903000e-02
5.623413251903000e-02

275
5.623413251903000e-02
5.623413251903000e-02
5.623413251903000e-02

276
5.623413251903000e-02
5.623413251903000e-02
5.623413251903000e-02

277
5.623413251903000e-02
5.623413251903000e-02
5.623413251903000e-02

278
5.623413251903000e-02
5.623413251903000e-02
5.623413251903000e-02

279
5.623413251903000e-02
5.623413251903000e-02
5.623413251903000e-02

280
5.623413251903000e-02
5.623413251903000e-02
5.623413251903000e-02

281
5.623413251903000e-02
5.623413251903000e-02
5.623413251903000e-02

282
5.623413251903000e-02
5.623413251903000e-02
5.623413251903000e-02

283
5.623413251903000e-02
5.623413251903000e-02
5.623413251903000e-02

284
5.623413251903000e-02
5.623413251903000e-02
5.623413251903000e-02

285
5.623413251903000e-02
5.623413251903000e-02
5.623413251903000e-02

286
5.623413251903000e-02
5.623413251903000e-02
5.623413251903000e-02

287
5.623413251903000e-02
5.623413251903000e-02
5.623413251903000e-02

288
5.623413251903000e-02
5.623413251903000e-02
5.623413251903000e-02

289
5.623413251903000e-02
5.623413251903000e-02
5.623413251903000e-02

290
5.623413251903000e-02
5.623413251903000e-02
5.623413251903000e-02

291
5.623413251903000e-02
5.623413251903000e-02
5.623413251903000e-02

292
5.623413251903000e-02
5.623413251903000e-02
5.623413251903000e-02

293
5.623413251903000e-02
5.623413251903000e-02
5.623413251903000e-02

294
5.623413251903000e-02
5.623413251903000e-02
5.623413251903000e-02

295
5.623413251903000e-02
5.623413251903000e-02
5.623413251903000e-02

296
5.623413251903000e-02
5.623413251903000e-02
5.623413251903000e-02

297
5.623413251903000e-02
5.623413251903000e-02
5.623413251903000e-02

298
5.623413251903000e-02
5.623413251903000e-02
5.623413251903000e-02

299
5.623413251903000e-02
5.623413251903000e-02
5.623413251903000e-02

300
5.623413251903000e-02
5.623413251903000e-02
5.623413251903000e-02

301
5.623413251903000e-02
5.623413251903000e-02
5.623413251903000e-02

302
5.623413251903000e-02
5.623413251903000e-02
5.623413251903000e-02

303
5.623413251903000e-02
5.623413251903000e-02
5.623413251903000e-02

304
5.623413251903000e-02
5.623413251903000e-02
5.623413251903000e-02

305
5.623413251903000e-02
5.623413251903000e-02
5.623413251903000e-02

306
5.623413251903000e-02
5.623413251903000e-02
5.623413251903000e-02

307
5.623413251903000e-02
5.623413251903000e-02
5.623413251903000e-02

308
5.623413251903000e-02
5.623413251903000e-02
5.623413251903000e-02

309
5.623413251903000e-02
5.623413251903000e-02
5.623413251903000e-02

310
5.623413251903000e-02
5.623413251905322e-02
5.623413251890105e-02

311
5.623413251903250e-02
5.623413251935645e-02
5.623413251711466e-02

312
5.623413251899213e-02
5.623413252378417e-02
5.623413249095453e-02

313
5.623413251886134e-02
5.623413258798249e-02
5.623413210946157e-02

314
5.623413252243536e-02
5.623413351282206e-02
5.623412657754583e-02

315
5.623413266094324e-02
5.623414674513669e-02
5.623404684837444e-02

316
5.623413602082724e-02
5.623433465473477e-02
5.623290532655072e-02

317
5.623420524077480e-02
5.623698201132275e-02
5.621667814730940e-02

318
5.623545710407245e-02
5.627412719197462e-02
5.598760229216693e-02

319
5.624541140009178e-02
5.682638979995523e-02
5.274243052236460e-02

