#Cell    Group    L_mom 
# Element_0
# Element_1
# Element_2
# Element_3
    0  0  0
1.913958905981424e+00
1.912813875651928e+00
1.911319099121655e+00
1.910173021481537e+00

    1  0  0
1.909562099177954e+00
1.908415245310244e+00
1.906917592292975e+00
1.905768335325627e+00

    2  0  0
1.905155328168406e+00
1.904003979939845e+00
1.902500048544851e+00
1.901346336953089e+00

    3  0  0
1.900731277338628e+00
1.899576798277837e+00
1.898069831072673e+00
1.896914151733387e+00

    4  0  0
1.896297903935602e+00
1.895140600616686e+00
1.893628631577327e+00
1.892468138632195e+00

    5  0  0
1.891849197332931e+00
1.890686961404238e+00
1.889169407908766e+00
1.888005680256278e+00

    6  0  0
1.887385329537614e+00
1.886220808007772e+00
1.884700173337884e+00
1.883533342288634e+00

    7  0  0
1.882910942341009e+00
1.881741855837427e+00
1.880214462320035e+00
1.879042456863108e+00

    8  0  0
1.878417546558989e+00
1.877244426276863e+00
1.875712980747075e+00
1.874538535998323e+00

    9  0  0
1.873912313746362e+00
1.872736331013181e+00
1.871199944480792e+00
1.870020581871574e+00

   10  0  0
1.869391487879548e+00
1.868209987600063e+00
1.866666893050664e+00
1.865483323995903e+00

   11  0  0
1.864852347190857e+00
1.863667862628810e+00
1.862121215765000e+00
1.860934510783854e+00

   12  0  0
1.860301508656419e+00
1.859112441580022e+00
1.857558671335226e+00
1.856366121515484e+00

   13  0  0
1.855730144930153e+00
1.854536048787087e+00
1.852976955648765e+00
1.851781232051579e+00

   14  0  0
1.851143682563998e+00
1.849946489984973e+00
1.848382429258793e+00
1.847181749581829e+00

   15  0  0
1.846541202242623e+00
1.845337991601247e+00
1.843766109323458e+00
1.842560131941992e+00

   16  0  0
1.841917124976324e+00
1.840709973149097e+00
1.839133700958938e+00
1.837924344524042e+00

   17  0  0
1.837279280183050e+00
1.836067521931761e+00
1.834483879642473e+00
1.833268095017579e+00

   18  0  0
1.832619599785397e+00
1.831401753402273e+00
1.829811268983306e+00
1.828591284464505e+00

   19  0  0
1.827940786337674e+00
1.826719323455293e+00
1.825123620647277e+00
1.823898641646412e+00

   20  0  0
1.823245064061868e+00
1.822017185431228e+00
1.820412619363155e+00
1.819181177621351e+00

   21  0  0
1.818524478017366e+00
1.817291450476764e+00
1.815681230712297e+00
1.814445846135734e+00

   22  0  0
1.813786927806265e+00
1.812549156243842e+00
1.810931366685123e+00
1.809689091677765e+00

   23  0  0
1.809026329887372e+00
1.807781419688943e+00
1.806155105363852e+00
1.804907334207162e+00

   24  0  0
1.804241958632176e+00
1.802992544626872e+00
1.801360369981077e+00
1.800107448129189e+00

   25  0  0
1.799438927382347e+00
1.798182807709868e+00
1.796540865596612e+00
1.795280284616001e+00

   26  0  0
1.794607900015583e+00
1.793345169873990e+00
1.791695837258465e+00
1.790430351493278e+00

   27  0  0
1.789755396435817e+00
1.788487551164780e+00
1.786830404473185e+00
1.785557703720964e+00

   28  0  0
1.784878564924823e+00
1.783602594559778e+00
1.781935126796715e+00
1.780655380630095e+00

   29  0  0
1.779972850230394e+00
1.778691108168472e+00
1.777016623531613e+00
1.775731263480779e+00

   30  0  0
1.775045432015359e+00
1.773756673702013e+00
1.772071661118462e+00
1.770777557808340e+00

   31  0  0
1.770087130740134e+00
1.768790217763043e+00
1.767095758507823e+00
1.765795389625810e+00

   32  0  0
1.765101789354302e+00
1.763798939245244e+00
1.762096026169612e+00
1.760788074878124e+00

   33  0  0
1.760090000458751e+00
1.758778144942651e+00
1.757063129446658e+00
1.755746392418023e+00

   34  0  0
1.755043993735652e+00
1.753724711277395e+00
1.752000921783993e+00
1.750677667307734e+00

   35  0  0
1.749971632121106e+00
1.748644869959611e+00
1.746909855284958e+00
1.745576894685981e+00

   36  0  0
1.744865533284004e+00
1.743528939898583e+00
1.741782015637171e+00
1.740440997555448e+00

   37  0  0
1.739725615547795e+00
1.738381781063575e+00
1.736625244444978e+00
1.735276091162762e+00

   38  0  0
1.734555951926606e+00
1.733202342943649e+00
1.731432039698371e+00
1.730072242993224e+00

   39  0  0
1.729346701329308e+00
1.727983633088304e+00
1.726202166759421e+00
1.724834417695882e+00

   40  0  0
1.724104620889482e+00
1.722733214569951e+00
1.720939639583021e+00
1.719561339177093e+00

   41  0  0
1.718825556705149e+00
1.717442656876076e+00
1.715634436355495e+00
1.714245853603110e+00

   42  0  0
1.713504950460497e+00
1.712112954445483e+00
1.710293223121118e+00
1.708895488385430e+00

   43  0  0
1.708149404472985e+00
1.706746833048291e+00
1.704911838842772e+00
1.703501636939963e+00

   44  0  0
1.702748959431722e+00
1.701334513277567e+00
1.699485240209704e+00
1.698065037995873e+00

   45  0  0
1.697307151423573e+00
1.695882918491371e+00
1.694020140099212e+00
1.692588480709338e+00

   46  0  0
1.691824024661472e+00
1.690386753147000e+00
1.688506480572196e+00
1.687061882644009e+00

   47  0  0
1.686290921093780e+00
1.684842112011484e+00
1.682947613183814e+00
1.681492209633378e+00

   48  0  0
1.680715317233622e+00
1.679254740706443e+00
1.677343376180774e+00
1.675873821572567e+00

   49  0  0
1.675089157592001e+00
1.673614119506791e+00
1.671684795339076e+00
1.670202590498565e+00

   50  0  0
1.669411436358826e+00
1.667924449544289e+00
1.665979290377391e+00
1.664484188321336e+00

   51  0  0
1.663685762777169e+00
1.662184194804433e+00
1.660218763444727e+00
1.658707825746881e+00

   52  0  0
1.657901221236412e+00
1.656385014946240e+00
1.654401672610088e+00
1.652877548164876e+00

   53  0  0
1.652063847401674e+00
1.650533998485172e+00
1.648531663111581e+00
1.646991698618028e+00

   54  0  0
1.646169107415490e+00
1.644622121310907e+00
1.642597540405994e+00
1.641041443723336e+00

   55  0  0
1.640210658293632e+00
1.638648770508095e+00
1.636605014414879e+00
1.635033819687918e+00

   56  0  0
1.634194714864966e+00
1.632616383996526e+00
1.630549561902304e+00
1.628959633145783e+00

   57  0  0
1.628110476104441e+00
1.626513747270916e+00
1.624424157696460e+00
1.622817781857949e+00

   58  0  0
1.621959925554131e+00
1.620346786881261e+00
1.618235014734219e+00
1.616610603297672e+00

   59  0  0
1.615742683864909e+00
1.614109737148201e+00
1.611971190482964e+00
1.610326419298047e+00

   60  0  0
1.609448060468616e+00
1.607796245204809e+00
1.605633925162714e+00
1.603970939783427e+00

   61  0  0
1.603082656526751e+00
1.601411674245774e+00
1.599222883057680e+00
1.597538256897648e+00

   62  0  0
1.596638022692779e+00
1.594944444924163e+00
1.592726792353769e+00
1.591021217491963e+00

   63  0  0
1.590110131577408e+00
1.588396344969747e+00
1.586151960986558e+00
1.584425096021055e+00

   64  0  0
1.583502341060917e+00
1.581765690698438e+00
1.579489845941679e+00
1.577738011078826e+00

   65  0  0
1.576802044555549e+00
1.575041315487147e+00
1.572735351390719e+00
1.570961075523162e+00

   66  0  0
1.570012990232444e+00
1.568229152794212e+00
1.565891871535094e+00
1.564092409693658e+00

   67  0  0
1.563130401837513e+00
1.561319555518859e+00
1.558946414865729e+00
1.557120025748761e+00

   68  0  0
1.556144164950283e+00
1.554307878927125e+00
1.551901808325481e+00
1.550049595706625e+00

   69  0  0
1.549059656320456e+00
1.547196262164541e+00
1.544753180533849e+00
1.542871186491757e+00

   70  0  0
1.541864980257192e+00
1.539971161954759e+00
1.537489370203026e+00
1.535578929446318e+00

   71  0  0
1.534557690436841e+00
1.532635417469572e+00
1.530115499772566e+00
1.528174754751277e+00

   72  0  0
1.527137024889057e+00
1.525182706265983e+00
1.522619292070147e+00
1.520644493595093e+00

   73  0  0
1.519588859832623e+00
1.517601787905680e+00
1.514996732353749e+00
1.512990094549528e+00

   74  0  0
1.511917087989788e+00
1.509896819747404e+00
1.507246998915771e+00
1.505204769919311e+00

   75  0  0
1.504112213773611e+00
1.502054382953725e+00
1.499355136868981e+00
1.497275869507130e+00

   76  0  0
1.496164090635136e+00
1.494070414426853e+00
1.491323876715714e+00
1.489207157212271e+00

   77  0  0
1.488075048782592e+00
1.485942421624280e+00
1.483143219079460e+00
1.480984554086220e+00

   78  0  0
1.479829678233781e+00
1.477654638685312e+00
1.474801262083919e+00
1.472602144672815e+00

   79  0  0
1.471425564219847e+00
1.469209081939022e+00
1.466299981565262e+00
1.464056864132969e+00

   80  0  0
1.462856475497068e+00
1.460594010916803e+00
1.457622998368623e+00
1.455331704637756e+00

   81  0  0
1.454105999408988e+00
1.451796863158459e+00
1.448765560008579e+00
1.446427352185638e+00

   82  0  0
1.445175967939659e+00
1.442817847115996e+00
1.439720906497796e+00
1.437330952742744e+00

   83  0  0
1.436051248436962e+00
1.433638997306347e+00
1.430470995743100e+00
1.428027545484660e+00

   84  0  0
1.426719788718266e+00
1.424254606617490e+00
1.421015971730393e+00
1.418516463004577e+00

   85  0  0
1.417178423807779e+00
1.414655464091203e+00
1.411339209928232e+00
1.408778212935383e+00

   86  0  0
1.407406885653056e+00
1.404821860845522e+00
1.401425693333296e+00
1.398804105291341e+00

   87  0  0
1.397399948972689e+00
1.394752006193725e+00
1.391271284486783e+00
1.388583345446490e+00

   88  0  0
1.387143404318385e+00
1.384426607888847e+00
1.380853495289170e+00
1.378093701706216e+00

   89  0  0
1.376615870588148e+00
1.373828612698755e+00
1.370163272088691e+00
1.367330959805587e+00

   90  0  0
1.365813439224472e+00
1.362950625461772e+00
1.359184497828527e+00
1.356273099295794e+00

   91  0  0
1.354712367157139e+00
1.351767097179006e+00
1.347892451026322e+00
1.344898660721243e+00

   92  0  0
1.343294302164419e+00
1.340266056144391e+00
1.336279987173530e+00
1.333197815771369e+00

   93  0  0
1.331545848640060e+00
1.328426974085034e+00
1.324319503191138e+00
1.321141312576291e+00

   94  0  0
1.319437341987203e+00
1.316221089291558e+00
1.311986967011222e+00
1.308711491402380e+00

   95  0  0
1.306954525296045e+00
1.303636549355452e+00
1.299265817974448e+00
1.295883448643915e+00

   96  0  0
1.294068868312227e+00
1.290640217081030e+00
1.286120930352284e+00
1.282622593284046e+00

   97  0  0
1.280746466125176e+00
1.277202366806616e+00
1.272530361278258e+00
1.268911211533424e+00

   98  0  0
1.266969000758510e+00
1.263299127871556e+00
1.258459475223073e+00
1.254708843589265e+00

   99  0  0
1.252694803935004e+00
1.248887676810981e+00
1.243866208396558e+00
1.239975938453367e+00

  100  0  0
1.237887297493959e+00
1.233937513532975e+00
1.228723672529961e+00
1.224680753853147e+00

  101  0  0
1.222509814656859e+00
1.218403274351625e+00
1.212979218325968e+00
1.208769756543045e+00

  102  0  0
1.206508347570469e+00
1.202231146010880e+00
1.196582384635947e+00
1.192198205787020e+00

  103  0  0
1.189841307932671e+00
1.185380474324353e+00
1.179484533763313e+00
1.174906414619277e+00

  104  0  0
1.172444701298777e+00
1.167782348077987e+00
1.161614782891427e+00
1.156822931164940e+00

  105  0  0
1.154246665374199e+00
1.149367368535280e+00
1.142909753363426e+00
1.137887187024977e+00

  106  0  0
1.135184537214067e+00
1.130063805931261e+00
1.123282617447071e+00
1.118004906702474e+00

  107  0  0
1.115162556588819e+00
1.109773597790091e+00
1.102632994060230e+00
1.097074718665085e+00

  108  0  0
1.094080870295837e+00
1.088400537941490e+00
1.080864396254294e+00
1.074990515719583e+00

  109  0  0
1.071825340619667e+00
1.065816854854554e+00
1.057837139156329e+00
1.051609146379477e+00

  110  0  0
1.048250221548955e+00
1.041871807057638e+00
1.033395991560923e+00
1.026775644572984e+00

  111  0  0
1.023201114040785e+00
1.016405651099858e+00
1.007362377519001e+00
1.000290601340834e+00

  112  0  0
9.964697369616689e-01
9.891975268160081e-01
9.795031791884363e-01
9.719101114377560e-01

  113  0  0
9.678051711740102e-01
9.599864902283086e-01
9.495470207412045e-01
9.413524732936853e-01

  114  0  0
9.369152345893020e-01
9.284530776780550e-01
9.171329123453441e-01
9.082290410128336e-01

  115  0  0
9.033992541080663e-01
8.941720404677268e-01
8.817983635705238e-01
8.720445913850223e-01

  116  0  0
8.667460051131232e-01
8.566014534817494e-01
8.429504123732766e-01
8.321498288465423e-01

  117  0  0
8.262698138107003e-01
8.149847096048742e-01
7.997374893340943e-01
7.876183647110416e-01

  118  0  0
7.809987709411202e-01
7.682534001631860e-01
7.509456647844610e-01
7.371104795560310e-01

  119  0  0
7.295192441063186e-01
7.148291077279154e-01
6.947233477192839e-01
6.785131154693586e-01

  120  0  0
6.695640527876560e-01
6.521181175295667e-01
6.279529853888017e-01
6.081945185669650e-01

  121  0  0
5.971783076151770e-01
5.754350369201023e-01
5.446973893416505e-01
5.189028553359029e-01

  122  0  0
5.042642175067666e-01
4.744957942866171e-01
4.306574773337482e-01
3.913404067060927e-01

  123  0  0
3.649014390480128e-01
3.183989758340187e-01
2.246176645761265e-01
8.637078904517052e-02

  124  0  0
5.667572829644856e-03
-1.371150716973356e-03
5.574378796903624e-04
-7.940130038028663e-06

  125  0  0
-2.642228198779333e-04
7.063254167921882e-05
-1.519081891698064e-05
1.077331798460273e-05

  126  0  0
2.273746581639949e-05
7.175913438652240e-06
1.117023349645457e-05
9.970065444458790e-06

  127  0  0
9.402216861603781e-06
1.013238319146688e-05
9.945294288399546e-06
1.000097528237370e-05

  128  0  0
1.002836979363180e-05
9.993725352114497e-06
1.000258489018134e-05
9.999976877034156e-06

  129  0  0
9.998636206824468e-06
1.000030136164776e-05
9.999876204937384e-06
1.000000005702309e-05

  130  0  0
1.000006642303830e-05
9.999985317921475e-06
1.000000601894995e-05
1.000000003583116e-05

  131  0  0
9.999996725618704e-06
1.000000072540854e-05
9.999999702814055e-06
9.999999997411602e-06

  132  0  0
1.000000016302061e-05
9.999999963702313e-06
1.000000001488165e-05
1.000000000009241e-05

  133  0  0
9.999999991824264e-06
1.000000000183053e-05
9.999999999241952e-06
9.999999999997751e-06

  134  0  0
1.000000000040736e-05
9.999999999903254e-06
1.000000000003508e-05
9.999999999995883e-06

  135  0  0
9.999999999975855e-06
1.000000000000126e-05
9.999999999994527e-06
9.999999999996577e-06

  136  0  0
9.999999999997539e-06
9.999999999996265e-06
9.999999999996609e-06
9.999999999996503e-06

  137  0  0
9.999999999996459e-06
9.999999999996520e-06
9.999999999996501e-06
9.999999999996509e-06

  138  0  0
9.999999999996511e-06
9.999999999996508e-06
9.999999999996509e-06
9.999999999996509e-06

  139  0  0
9.999999999996509e-06
9.999999999996506e-06
9.999999999996508e-06
9.999999999996509e-06

  140  0  0
9.999999999996509e-06
9.999999999996506e-06
9.999999999996508e-06
9.999999999996509e-06

  141  0  0
9.999999999996509e-06
9.999999999996506e-06
9.999999999996508e-06
9.999999999996509e-06

  142  0  0
9.999999999996509e-06
9.999999999996506e-06
9.999999999996508e-06
9.999999999996509e-06

  143  0  0
9.999999999996509e-06
9.999999999996506e-06
9.999999999996508e-06
9.999999999996509e-06

  144  0  0
9.999999999996509e-06
9.999999999996506e-06
9.999999999996508e-06
9.999999999996509e-06

  145  0  0
9.999999999996509e-06
9.999999999996506e-06
9.999999999996508e-06
9.999999999996509e-06

  146  0  0
9.999999999996509e-06
9.999999999996506e-06
9.999999999996508e-06
9.999999999996509e-06

  147  0  0
9.999999999996509e-06
9.999999999996506e-06
9.999999999996508e-06
9.999999999996509e-06

  148  0  0
9.999999999996509e-06
9.999999999996506e-06
9.999999999996508e-06
9.999999999996509e-06

  149  0  0
9.999999999996509e-06
9.999999999996506e-06
9.999999999996508e-06
9.999999999996509e-06

  150  0  0
9.999999999996509e-06
9.999999999996506e-06
9.999999999996508e-06
9.999999999996509e-06

  151  0  0
9.999999999996509e-06
9.999999999996506e-06
9.999999999996508e-06
9.999999999996509e-06

  152  0  0
9.999999999996509e-06
9.999999999996506e-06
9.999999999996508e-06
9.999999999996509e-06

  153  0  0
9.999999999996509e-06
9.999999999996506e-06
9.999999999996508e-06
9.999999999996509e-06

  154  0  0
9.999999999996509e-06
9.999999999996506e-06
9.999999999996508e-06
9.999999999996509e-06

  155  0  0
9.999999999996509e-06
9.999999999996506e-06
9.999999999996508e-06
9.999999999996509e-06

  156  0  0
9.999999999996509e-06
9.999999999996506e-06
9.999999999996508e-06
9.999999999996509e-06

  157  0  0
9.999999999996509e-06
9.999999999996506e-06
9.999999999996508e-06
9.999999999996509e-06

  158  0  0
9.999999999996509e-06
9.999999999996506e-06
9.999999999996508e-06
9.999999999996509e-06

  159  0  0
9.999999999996509e-06
9.999999999996506e-06
9.999999999996508e-06
9.999999999996509e-06

  160  0  0
9.999999999996509e-06
9.999999999996506e-06
9.999999999996508e-06
9.999999999996509e-06

  161  0  0
9.999999999996509e-06
9.999999999996506e-06
9.999999999996508e-06
9.999999999996509e-06

  162  0  0
9.999999999996509e-06
9.999999999996506e-06
9.999999999996508e-06
9.999999999996509e-06

  163  0  0
9.999999999996509e-06
9.999999999996506e-06
9.999999999996508e-06
9.999999999996509e-06

  164  0  0
9.999999999996509e-06
9.999999999996506e-06
9.999999999996508e-06
9.999999999996509e-06

  165  0  0
9.999999999996509e-06
9.999999999996506e-06
9.999999999996508e-06
9.999999999996509e-06

  166  0  0
9.999999999996509e-06
9.999999999996506e-06
9.999999999996508e-06
9.999999999996509e-06

  167  0  0
9.999999999996509e-06
9.999999999996506e-06
9.999999999996508e-06
9.999999999996509e-06

  168  0  0
9.999999999996509e-06
9.999999999996506e-06
9.999999999996508e-06
9.999999999996509e-06

  169  0  0
9.999999999996509e-06
9.999999999996506e-06
9.999999999996508e-06
9.999999999996509e-06

  170  0  0
9.999999999996509e-06
9.999999999996506e-06
9.999999999996508e-06
9.999999999996509e-06

  171  0  0
9.999999999996509e-06
9.999999999996506e-06
9.999999999996508e-06
9.999999999996509e-06

  172  0  0
9.999999999996509e-06
9.999999999996506e-06
9.999999999996508e-06
9.999999999996509e-06

  173  0  0
9.999999999996509e-06
9.999999999996506e-06
9.999999999996508e-06
9.999999999996509e-06

  174  0  0
9.999999999996509e-06
9.999999999996506e-06
9.999999999996508e-06
9.999999999996509e-06

  175  0  0
9.999999999996509e-06
9.999999999996506e-06
9.999999999996508e-06
9.999999999996509e-06

  176  0  0
9.999999999996509e-06
9.999999999996506e-06
9.999999999996508e-06
9.999999999996509e-06

  177  0  0
9.999999999996509e-06
9.999999999996506e-06
9.999999999996508e-06
9.999999999996509e-06

  178  0  0
9.999999999996509e-06
9.999999999996506e-06
9.999999999996508e-06
9.999999999996509e-06

  179  0  0
9.999999999996509e-06
9.999999999996506e-06
9.999999999996508e-06
9.999999999996509e-06

  180  0  0
9.999999999996509e-06
9.999999999996506e-06
9.999999999996508e-06
9.999999999996509e-06

  181  0  0
9.999999999996509e-06
9.999999999996506e-06
9.999999999996508e-06
9.999999999996509e-06

  182  0  0
9.999999999996509e-06
9.999999999996506e-06
9.999999999996508e-06
9.999999999996509e-06

  183  0  0
9.999999999996509e-06
9.999999999996506e-06
9.999999999996508e-06
9.999999999996509e-06

  184  0  0
9.999999999996509e-06
9.999999999996506e-06
9.999999999996508e-06
9.999999999996509e-06

  185  0  0
9.999999999996509e-06
9.999999999996506e-06
9.999999999996508e-06
9.999999999996509e-06

  186  0  0
9.999999999996509e-06
9.999999999996506e-06
9.999999999996508e-06
9.999999999996509e-06

  187  0  0
9.999999999996509e-06
9.999999999996506e-06
9.999999999996508e-06
9.999999999996509e-06

  188  0  0
9.999999999996509e-06
9.999999999996506e-06
9.999999999996508e-06
9.999999999996509e-06

  189  0  0
9.999999999996509e-06
9.999999999996506e-06
9.999999999996508e-06
9.999999999996509e-06

  190  0  0
9.999999999996509e-06
9.999999999996506e-06
9.999999999996508e-06
9.999999999996509e-06

  191  0  0
9.999999999996509e-06
9.999999999996506e-06
9.999999999996508e-06
9.999999999996509e-06

  192  0  0
9.999999999996509e-06
9.999999999996506e-06
9.999999999996508e-06
9.999999999996509e-06

  193  0  0
9.999999999996509e-06
9.999999999996506e-06
9.999999999996508e-06
9.999999999996509e-06

  194  0  0
9.999999999996509e-06
9.999999999996506e-06
9.999999999996508e-06
9.999999999996509e-06

  195  0  0
9.999999999996509e-06
9.999999999996506e-06
9.999999999996508e-06
9.999999999996509e-06

  196  0  0
9.999999999996509e-06
9.999999999996506e-06
9.999999999996508e-06
9.999999999996509e-06

  197  0  0
9.999999999996509e-06
9.999999999996506e-06
9.999999999996508e-06
9.999999999996509e-06

  198  0  0
9.999999999996509e-06
9.999999999996506e-06
9.999999999996508e-06
9.999999999996509e-06

  199  0  0
9.999999999996509e-06
9.999999999996506e-06
9.999999999996508e-06
9.999999999996509e-06

  200  0  0
9.999999999996509e-06
9.999999999996506e-06
9.999999999996508e-06
9.999999999996509e-06

  201  0  0
9.999999999996509e-06
9.999999999996506e-06
9.999999999996508e-06
9.999999999996509e-06

  202  0  0
9.999999999996509e-06
9.999999999996506e-06
9.999999999996508e-06
9.999999999996509e-06

  203  0  0
9.999999999996509e-06
9.999999999996506e-06
9.999999999996508e-06
9.999999999996509e-06

  204  0  0
9.999999999996509e-06
9.999999999996506e-06
9.999999999996508e-06
9.999999999996509e-06

  205  0  0
9.999999999996509e-06
9.999999999996506e-06
9.999999999996508e-06
9.999999999996509e-06

  206  0  0
9.999999999996509e-06
9.999999999996506e-06
9.999999999996508e-06
9.999999999996509e-06

  207  0  0
9.999999999996509e-06
9.999999999996506e-06
9.999999999996508e-06
9.999999999996509e-06

  208  0  0
9.999999999996509e-06
9.999999999996506e-06
9.999999999996508e-06
9.999999999996509e-06

  209  0  0
9.999999999996509e-06
9.999999999996506e-06
9.999999999996508e-06
9.999999999996509e-06

  210  0  0
9.999999999996509e-06
9.999999999996506e-06
9.999999999996508e-06
9.999999999996509e-06

  211  0  0
9.999999999996509e-06
9.999999999996506e-06
9.999999999996508e-06
9.999999999996509e-06

  212  0  0
9.999999999996509e-06
9.999999999996506e-06
9.999999999996508e-06
9.999999999996509e-06

  213  0  0
9.999999999996509e-06
9.999999999996506e-06
9.999999999996508e-06
9.999999999996509e-06

  214  0  0
9.999999999996509e-06
9.999999999996506e-06
9.999999999996508e-06
9.999999999996509e-06

  215  0  0
9.999999999996509e-06
9.999999999996506e-06
9.999999999996508e-06
9.999999999996509e-06

  216  0  0
9.999999999996509e-06
9.999999999996506e-06
9.999999999996508e-06
9.999999999996509e-06

  217  0  0
9.999999999996509e-06
9.999999999996506e-06
9.999999999996508e-06
9.999999999996509e-06

  218  0  0
9.999999999996509e-06
9.999999999996506e-06
9.999999999996508e-06
9.999999999996509e-06

  219  0  0
9.999999999996509e-06
9.999999999996506e-06
9.999999999996508e-06
9.999999999996509e-06

  220  0  0
9.999999999996509e-06
9.999999999996506e-06
9.999999999996508e-06
9.999999999996509e-06

  221  0  0
9.999999999996509e-06
9.999999999996506e-06
9.999999999996508e-06
9.999999999996509e-06

  222  0  0
9.999999999996509e-06
9.999999999996506e-06
9.999999999996508e-06
9.999999999996509e-06

  223  0  0
9.999999999996509e-06
9.999999999996506e-06
9.999999999996508e-06
9.999999999996509e-06

  224  0  0
9.999999999996509e-06
9.999999999996506e-06
9.999999999996508e-06
9.999999999996509e-06

  225  0  0
9.999999999996509e-06
9.999999999996506e-06
9.999999999996508e-06
9.999999999996509e-06

  226  0  0
9.999999999996509e-06
9.999999999996506e-06
9.999999999996508e-06
9.999999999996509e-06

  227  0  0
9.999999999996509e-06
9.999999999996506e-06
9.999999999996508e-06
9.999999999996509e-06

  228  0  0
9.999999999996509e-06
9.999999999996506e-06
9.999999999996508e-06
9.999999999996509e-06

  229  0  0
9.999999999996509e-06
9.999999999996506e-06
9.999999999996508e-06
9.999999999996509e-06

  230  0  0
9.999999999996509e-06
9.999999999996506e-06
9.999999999996508e-06
9.999999999996509e-06

  231  0  0
9.999999999996509e-06
9.999999999996506e-06
9.999999999996508e-06
9.999999999996509e-06

  232  0  0
9.999999999996509e-06
9.999999999996506e-06
9.999999999996508e-06
9.999999999996509e-06

  233  0  0
9.999999999996509e-06
9.999999999996506e-06
9.999999999996508e-06
9.999999999996509e-06

  234  0  0
9.999999999996509e-06
9.999999999996506e-06
9.999999999996508e-06
9.999999999996509e-06

  235  0  0
9.999999999996509e-06
9.999999999996506e-06
9.999999999996508e-06
9.999999999996509e-06

  236  0  0
9.999999999996509e-06
9.999999999996506e-06
9.999999999996508e-06
9.999999999996509e-06

  237  0  0
9.999999999996509e-06
9.999999999996506e-06
9.999999999996508e-06
9.999999999996509e-06

  238  0  0
9.999999999996509e-06
9.999999999996506e-06
9.999999999996508e-06
9.999999999996509e-06

  239  0  0
9.999999999996509e-06
9.999999999996506e-06
9.999999999996508e-06
9.999999999996509e-06

  240  0  0
9.999999999996509e-06
9.999999999996506e-06
9.999999999996508e-06
9.999999999996509e-06

  241  0  0
9.999999999996509e-06
9.999999999996506e-06
9.999999999996508e-06
9.999999999996509e-06

  242  0  0
9.999999999996509e-06
9.999999999996506e-06
9.999999999996508e-06
9.999999999996509e-06

  243  0  0
9.999999999996509e-06
9.999999999996506e-06
9.999999999996508e-06
9.999999999996509e-06

  244  0  0
9.999999999996509e-06
9.999999999996506e-06
9.999999999996508e-06
9.999999999996509e-06

  245  0  0
9.999999999996509e-06
9.999999999996506e-06
9.999999999996508e-06
9.999999999996509e-06

  246  0  0
9.999999999996509e-06
9.999999999996506e-06
9.999999999996508e-06
9.999999999996509e-06

  247  0  0
9.999999999996509e-06
9.999999999996506e-06
9.999999999996508e-06
9.999999999996509e-06

  248  0  0
9.999999999996509e-06
9.999999999996506e-06
9.999999999996508e-06
9.999999999996509e-06

  249  0  0
9.999999999996509e-06
9.999999999996506e-06
9.999999999996508e-06
9.999999999996509e-06

  250  0  0
9.999999999996509e-06
9.999999999996506e-06
9.999999999996508e-06
9.999999999996509e-06

  251  0  0
9.999999999996509e-06
9.999999999996506e-06
9.999999999996508e-06
9.999999999996509e-06

  252  0  0
9.999999999996509e-06
9.999999999996506e-06
9.999999999996508e-06
9.999999999996509e-06

  253  0  0
9.999999999996509e-06
9.999999999996506e-06
9.999999999996508e-06
9.999999999996509e-06

  254  0  0
9.999999999996509e-06
9.999999999996506e-06
9.999999999996508e-06
9.999999999996509e-06

  255  0  0
9.999999999996509e-06
9.999999999996506e-06
9.999999999996508e-06
9.999999999996509e-06

  256  0  0
9.999999999996509e-06
9.999999999996506e-06
9.999999999996508e-06
9.999999999996509e-06

  257  0  0
9.999999999996509e-06
9.999999999996506e-06
9.999999999996508e-06
9.999999999996509e-06

  258  0  0
9.999999999996509e-06
9.999999999996506e-06
9.999999999996508e-06
9.999999999996509e-06

  259  0  0
9.999999999996509e-06
9.999999999996506e-06
9.999999999996508e-06
9.999999999996509e-06

  260  0  0
9.999999999996509e-06
9.999999999996506e-06
9.999999999996508e-06
9.999999999996509e-06

  261  0  0
9.999999999996509e-06
9.999999999996506e-06
9.999999999996508e-06
9.999999999996509e-06

  262  0  0
9.999999999996509e-06
9.999999999996506e-06
9.999999999996508e-06
9.999999999996509e-06

  263  0  0
9.999999999996509e-06
9.999999999996506e-06
9.999999999996508e-06
9.999999999996509e-06

  264  0  0
9.999999999996509e-06
9.999999999996506e-06
9.999999999996508e-06
9.999999999996509e-06

  265  0  0
9.999999999996509e-06
9.999999999996506e-06
9.999999999996508e-06
9.999999999996509e-06

  266  0  0
9.999999999996509e-06
9.999999999996506e-06
9.999999999996508e-06
9.999999999996509e-06

  267  0  0
9.999999999996509e-06
9.999999999996506e-06
9.999999999996508e-06
9.999999999996509e-06

  268  0  0
9.999999999996509e-06
9.999999999996506e-06
9.999999999996508e-06
9.999999999996509e-06

  269  0  0
9.999999999996509e-06
9.999999999996506e-06
9.999999999996508e-06
9.999999999996509e-06

  270  0  0
9.999999999996509e-06
9.999999999996506e-06
9.999999999996508e-06
9.999999999996509e-06

  271  0  0
9.999999999996509e-06
9.999999999996506e-06
9.999999999996508e-06
9.999999999996509e-06

  272  0  0
9.999999999996509e-06
9.999999999996506e-06
9.999999999996508e-06
9.999999999996509e-06

  273  0  0
9.999999999996509e-06
9.999999999996506e-06
9.999999999996508e-06
9.999999999996509e-06

  274  0  0
9.999999999996509e-06
9.999999999996506e-06
9.999999999996508e-06
9.999999999996509e-06

  275  0  0
9.999999999996509e-06
9.999999999996506e-06
9.999999999996508e-06
9.999999999996509e-06

  276  0  0
9.999999999996509e-06
9.999999999996506e-06
9.999999999996508e-06
9.999999999996509e-06

  277  0  0
9.999999999996509e-06
9.999999999996506e-06
9.999999999996508e-06
9.999999999996509e-06

  278  0  0
9.999999999996509e-06
9.999999999996506e-06
9.999999999996508e-06
9.999999999996509e-06

  279  0  0
9.999999999996509e-06
9.999999999996506e-06
9.999999999996508e-06
9.999999999996509e-06

  280  0  0
9.999999999996509e-06
9.999999999996506e-06
9.999999999996508e-06
9.999999999996509e-06

  281  0  0
9.999999999996509e-06
9.999999999996506e-06
9.999999999996508e-06
9.999999999996509e-06

  282  0  0
9.999999999996509e-06
9.999999999996506e-06
9.999999999996508e-06
9.999999999996509e-06

  283  0  0
9.999999999996509e-06
9.999999999996506e-06
9.999999999996508e-06
9.999999999996509e-06

  284  0  0
9.999999999996509e-06
9.999999999996506e-06
9.999999999996508e-06
9.999999999996509e-06

  285  0  0
9.999999999996509e-06
9.999999999996506e-06
9.999999999996508e-06
9.999999999996509e-06

  286  0  0
9.999999999996509e-06
9.999999999996506e-06
9.999999999996508e-06
9.999999999996509e-06

  287  0  0
9.999999999996509e-06
9.999999999996506e-06
9.999999999996508e-06
9.999999999996509e-06

  288  0  0
9.999999999996509e-06
9.999999999996506e-06
9.999999999996508e-06
9.999999999996509e-06

  289  0  0
9.999999999996509e-06
9.999999999996506e-06
9.999999999996508e-06
9.999999999996509e-06

  290  0  0
9.999999999996509e-06
9.999999999996506e-06
9.999999999996508e-06
9.999999999996509e-06

  291  0  0
9.999999999996509e-06
9.999999999996506e-06
9.999999999996508e-06
9.999999999996509e-06

  292  0  0
9.999999999996509e-06
9.999999999996506e-06
9.999999999996508e-06
9.999999999996509e-06

  293  0  0
9.999999999996509e-06
9.999999999996506e-06
9.999999999996508e-06
9.999999999996509e-06

  294  0  0
9.999999999996509e-06
9.999999999996506e-06
9.999999999996508e-06
9.999999999996509e-06

  295  0  0
9.999999999996509e-06
9.999999999996506e-06
9.999999999996508e-06
9.999999999996509e-06

  296  0  0
9.999999999996509e-06
9.999999999996506e-06
9.999999999996508e-06
9.999999999996509e-06

  297  0  0
9.999999999996509e-06
9.999999999996506e-06
9.999999999996508e-06
9.999999999996509e-06

  298  0  0
9.999999999996509e-06
9.999999999996506e-06
9.999999999996508e-06
9.999999999996509e-06

  299  0  0
9.999999999996509e-06
9.999999999996506e-06
9.999999999996508e-06
9.999999999996509e-06

  300  0  0
9.999999999996509e-06
9.999999999996506e-06
9.999999999996508e-06
9.999999999996509e-06

  301  0  0
9.999999999996509e-06
9.999999999996506e-06
9.999999999996508e-06
9.999999999996509e-06

  302  0  0
9.999999999996509e-06
9.999999999996506e-06
9.999999999996508e-06
9.999999999996509e-06

  303  0  0
9.999999999996509e-06
9.999999999996506e-06
9.999999999996508e-06
9.999999999996509e-06

  304  0  0
9.999999999996509e-06
9.999999999996506e-06
9.999999999996508e-06
9.999999999996509e-06

  305  0  0
9.999999999996509e-06
9.999999999996506e-06
9.999999999996508e-06
9.999999999996509e-06

  306  0  0
9.999999999996509e-06
9.999999999996506e-06
9.999999999996508e-06
9.999999999996509e-06

  307  0  0
9.999999999996509e-06
9.999999999996506e-06
9.999999999996508e-06
9.999999999996509e-06

  308  0  0
9.999999999996509e-06
9.999999999996506e-06
9.999999999996506e-06
9.999999999996506e-06

  309  0  0
9.999999999996511e-06
9.999999999996509e-06
9.999999999996501e-06
9.999999999996547e-06

  310  0  0
9.999999999996491e-06
9.999999999996457e-06
9.999999999996641e-06
9.999999999995700e-06

  311  0  0
9.999999999996787e-06
9.999999999997763e-06
9.999999999994763e-06
1.000000000000784e-05

  312  0  0
1.000000000000410e-05
9.999999999972406e-06
1.000000000006148e-05
9.999999999953893e-06

  313  0  0
9.999999999675768e-06
1.000000000030231e-05
9.999999999152795e-06
9.999999996283049e-06

  314  0  0
1.000000001048821e-05
9.999999998078225e-06
1.000000000501588e-05
1.000000018890897e-05

  315  0  0
9.999999690922315e-06
9.999999930467234e-06
1.000000020382875e-05
9.999993381050772e-06

  316  0  0
1.000000857653192e-05
1.000000411452449e-05
9.999988253360432e-06
1.000020201428955e-05

  317  0  0
9.999771095540789e-06
9.999849838466088e-06
1.000042591648231e-05
9.994269624999971e-06

  318  0  0
1.000596959267655e-05
1.000462487882815e-05
9.986978730248438e-06
1.015648476966639e-05

  319  0  0
9.861835090687095e-06
9.840316482971121e-06
1.048606692527910e-05
6.545127785927833e-06

