#Cell 
# Element_0
# Element_1
0
1.163497355199048e+00
1.161315540868999e+00

1
1.159706978740733e+00
1.157405115984004e+00

2
1.155633120291231e+00
1.153193985885959e+00

3
1.151366206648130e+00
1.148795969374596e+00

4
1.146883055656751e+00
1.144159486689019e+00

5
1.142150934718944e+00
1.139253358042179e+00

6
1.137118200724525e+00
1.134012888734382e+00

7
1.131732109793746e+00
1.128422524822682e+00

8
1.125978935744918e+00
1.122416149925960e+00

9
1.119749190078836e+00
1.115907727669122e+00

10
1.113061276671941e+00
1.108900596546593e+00

11
1.105784939832831e+00
1.101254315183267e+00

12
1.097900852712517e+00
1.092930866814263e+00

13
1.089219221702175e+00
1.083809784375838e+00

14
1.079785996409050e+00
1.073848720164999e+00

15
1.069428294220236e+00
1.062865125416991e+00

16
1.057860867444629e+00
1.050563282110067e+00

17
1.045165524456180e+00
1.036932526670542e+00

18
1.030757045723993e+00
1.021646873956555e+00

19
1.014729701113736e+00
1.004482003480358e+00

20
9.966504564333056e-01
9.850407509333859e-01

21
9.762629989736910e-01
9.629821310290925e-01

22
9.526978441195477e-01
9.374034625619543e-01

23
9.254398686403866e-01
9.076248133509534e-01

24
8.939805305146644e-01
8.728884665257253e-01

25
8.566785320857367e-01
8.313742772126792e-01

26
8.110653094459133e-01
7.791073380041227e-01

27
7.537160294245782e-01
7.139886704454771e-01

28
6.804718267525537e-01
6.257328679845828e-01

29
5.743002592733164e-01
4.893745757070661e-01

30
3.805793447406411e-01
1.857418856964472e-01

31
-9.202698252756458e-02
9.294885188079108e-02

32
5.983410505933877e-02
5.535078584956334e-02

33
5.617656554421355e-02
5.624828243457407e-02

34
5.623501551398220e-02
5.623391546765192e-02

35
5.623411897792588e-02
5.623413584783717e-02

36
5.623413272652360e-02
5.623413246801856e-02

37
5.623413251585286e-02
5.623413251981113e-02

38
5.623413251907861e-02
5.623413251901805e-02

39
5.623413251902925e-02
5.623413251903018e-02

40
5.623413251903001e-02
5.623413251903000e-02

41
5.623413251903000e-02
5.623413251903000e-02

42
5.623413251903000e-02
5.623413251903000e-02

43
5.623413251903000e-02
5.623413251903000e-02

44
5.623413251903000e-02
5.623413251903000e-02

45
5.623413251903000e-02
5.623413251903000e-02

46
5.623413251903000e-02
5.623413251903000e-02

47
5.623413251903000e-02
5.623413251903000e-02

48
5.623413251903000e-02
5.623413251903000e-02

49
5.623413251903000e-02
5.623413251903000e-02

50
5.623413251903000e-02
5.623413251903000e-02

51
5.623413251903000e-02
5.623413251903000e-02

52
5.623413251903000e-02
5.623413251903000e-02

53
5.623413251903000e-02
5.623413251903000e-02

54
5.623413251903000e-02
5.623413251903000e-02

55
5.623413251903000e-02
5.623413251903000e-02

56
5.623413251903000e-02
5.623413251903000e-02

57
5.623413251903000e-02
5.623413251903000e-02

58
5.623413251903000e-02
5.623413251903000e-02

59
5.623413251903000e-02
5.623413251903000e-02

60
5.623413251903000e-02
5.623413251903000e-02

61
5.623413251903000e-02
5.623413251903000e-02

62
5.623413251903000e-02
5.623413251903000e-02

63
5.623413251903000e-02
5.623413251903000e-02

64
5.623413251903000e-02
5.623413251903000e-02

65
5.623413251903000e-02
5.623413251903000e-02

66
5.623413251903000e-02
5.623413251903000e-02

67
5.623413251903000e-02
5.623413251903000e-02

68
5.623413251903000e-02
5.623413251903000e-02

69
5.623413251903000e-02
5.623413251903000e-02

70
5.623413251903000e-02
5.623413251903000e-02

71
5.623413251903000e-02
5.623413251903000e-02

72
5.623413251902909e-02
5.623413251903408e-02

73
5.623413251907290e-02
5.623413251884964e-02

74
5.623413251721430e-02
5.623413252667666e-02

75
5.623413259382541e-02
5.623413220320728e-02

76
5.623412953665152e-02
5.623414515383215e-02

77
5.623424660582323e-02
5.623364707563213e-02

78
5.623000494985295e-02
5.625180419756801e-02

79
5.637308739881735e-02
5.563454769076753e-02

