#Cell 
# Element_0
# Element_1
# Element_2
0
1.163992710779953e+00
1.162557708083610e+00
1.161081564825393e+00

1
1.160211812481417e+00
1.158700828531539e+00
1.157160203228200e+00

2
1.156248799563062e+00
1.154664018656612e+00
1.153032616401973e+00

3
1.152068344334005e+00
1.150391720453465e+00
1.148676659380786e+00

4
1.147661382942194e+00
1.145886338893199e+00
1.144068101152924e+00

5
1.142990826604684e+00
1.141105436783103e+00
1.139172279873244e+00

6
1.138024767488729e+00
1.136015936703559e+00
1.133951137660581e+00

7
1.132725277551360e+00
1.130576311623159e+00
1.128366118073032e+00

8
1.127052695501136e+00
1.124746695508103e+00
1.122371711620655e+00

9
1.120958687476741e+00
1.118475149453441e+00
1.115913447143303e+00

10
1.114387835381750e+00
1.111703478392503e+00
1.108930779030360e+00

11
1.107277731505180e+00
1.104365877842564e+00
1.101353567810163e+00

12
1.099555593884478e+00
1.096384810182151e+00
1.093099686605287e+00

13
1.091136771636491e+00
1.087671178963094e+00
1.084075104454687e+00

14
1.081923780635856e+00
1.078120922181477e+00
1.074168351564847e+00

15
1.071800876174421e+00
1.067610800951179e+00
1.063248595448850e+00

16
1.060632565653298e+00
1.055996523801092e+00
1.051161381421991e+00

17
1.048257669918583e+00
1.043104528202590e+00
1.037719792479270e+00

18
1.034481565438917e+00
1.028726002700579e+00
1.022699572478462e+00

19
1.019069765364860e+00
1.012607092901371e+00
1.005824595762432e+00

20
1.001732111461225e+00
9.944318037696079e-01
9.867505659053133e-01

21
9.821063609352957e-01
9.738041209787039e-01
9.650425661941637e-01

22
9.597325154067624e-01
9.502147936055427e-01
9.401344471581640e-01

23
9.340074084024609e-01
9.229905131854443e-01
9.112715929299159e-01

24
9.041227824110983e-01
8.912164736890351e-01
8.774104828512274e-01

25
8.689487844655921e-01
8.535885433852390e-01
8.370338300370924e-01

26
8.268216446074900e-01
8.081418848602555e-01
7.877938023228306e-01

27
7.751209147477278e-01
7.516658604315986e-01
7.256868945964825e-01

28
7.092536007340389e-01
6.782080057610312e-01
6.427824901058161e-01

29
6.197056636110375e-01
5.740771011308489e-01
5.182850720101300e-01

30
4.798602822146475e-01
3.821025515281783e-01
2.194071820480656e-01

31
1.135492653155693e-02
6.996681460540166e-02
5.124683610512216e-02

32
5.550670107501766e-02
5.642475044134397e-02
5.616014343552873e-02

33
5.622188948956969e-02
5.623733267778278e-02
5.623287215364878e-02

34
5.623394472646703e-02
5.623418178728683e-02
5.623411260615244e-02

35
5.623413018380895e-02
5.623413313747035e-02
5.623413225316488e-02

36
5.623413250712504e-02
5.623413252240564e-02
5.623413251696831e-02

37
5.623413251963319e-02
5.623413251887998e-02
5.623413251906774e-02

38
5.623413251906217e-02
5.623413251902187e-02
5.623413251903263e-02

39
5.623413251903108e-02
5.623413251902974e-02
5.623413251903006e-02

40
5.623413251903004e-02
5.623413251903000e-02
5.623413251903000e-02

41
5.623413251903000e-02
5.623413251903000e-02
5.623413251903000e-02

42
5.623413251903000e-02
5.623413251903000e-02
5.623413251903000e-02

43
5.623413251903000e-02
5.623413251903000e-02
5.623413251903000e-02

44
5.623413251903000e-02
5.623413251903000e-02
5.623413251903000e-02

45
5.623413251903000e-02
5.623413251903000e-02
5.623413251903000e-02

46
5.623413251903000e-02
5.623413251903000e-02
5.623413251903000e-02

47
5.623413251903000e-02
5.623413251903000e-02
5.623413251903000e-02

48
5.623413251903000e-02
5.623413251903000e-02
5.623413251903000e-02

49
5.623413251903000e-02
5.623413251903000e-02
5.623413251903000e-02

50
5.623413251903000e-02
5.623413251903000e-02
5.623413251903000e-02

51
5.623413251903000e-02
5.623413251903000e-02
5.623413251903000e-02

52
5.623413251903000e-02
5.623413251903000e-02
5.623413251903000e-02

53
5.623413251903000e-02
5.623413251903000e-02
5.623413251903000e-02

54
5.623413251903000e-02
5.623413251903000e-02
5.623413251903000e-02

55
5.623413251903000e-02
5.623413251903000e-02
5.623413251903000e-02

56
5.623413251903000e-02
5.623413251903000e-02
5.623413251903000e-02

57
5.623413251903000e-02
5.623413251903000e-02
5.623413251903000e-02

58
5.623413251903000e-02
5.623413251903000e-02
5.623413251903000e-02

59
5.623413251903000e-02
5.623413251903000e-02
5.623413251903000e-02

60
5.623413251903000e-02
5.623413251903000e-02
5.623413251903000e-02

61
5.623413251903000e-02
5.623413251903000e-02
5.623413251903000e-02

62
5.623413251903000e-02
5.623413251903000e-02
5.623413251903000e-02

63
5.623413251903000e-02
5.623413251903000e-02
5.623413251903000e-02

64
5.623413251903000e-02
5.623413251903000e-02
5.623413251903000e-02

65
5.623413251903000e-02
5.623413251903000e-02
5.623413251903000e-02

66
5.623413251903000e-02
5.623413251903000e-02
5.623413251903000e-02

67
5.623413251903000e-02
5.623413251903000e-02
5.623413251903000e-02

68
5.623413251903000e-02
5.623413251903000e-02
5.623413251903000e-02

69
5.623413251903000e-02
5.623413251903000e-02
5.623413251903000e-02

70
5.623413251903000e-02
5.623413251903000e-02
5.623413251903000e-02

71
5.623413251903000e-02
5.623413251903000e-02
5.623413251903000e-02

72
5.623413251903000e-02
5.623413251904205e-02
5.623413251897474e-02

73
5.623413251887379e-02
5.623413251949635e-02
5.623413251720979e-02

74
5.623413251411812e-02
5.623413253372531e-02
5.623413246160373e-02

75
5.623413236903390e-02
5.623413297157463e-02
5.623413074858305e-02

76
5.623412807596095e-02
5.623414606677436e-02
5.623407944273098e-02

77
5.623400590219907e-02
5.623452399550883e-02
5.623259602651892e-02

78
5.623070392187069e-02
5.624493776942273e-02
5.619162182799014e-02

79
5.614678541003106e-02
5.651655071193197e-02
5.512174832478051e-02

