#Cell  Group   Direction 
# Element_0
# Element_1
# Element_2
# Element_3
    0  0  0
1.821015967451025e-01
1.816832598769911e-01
1.811378120079494e-01
1.807202631845466e-01

    0  0  1
1.731857309236322e+00
1.731130615774937e+00
1.730181287113706e+00
1.729452758296990e+00

    1  0  0
1.804979059631378e-01
1.800808160467277e-01
1.795365268550262e-01
1.791189192684737e-01

    1  0  1
1.729064193214816e+00
1.728334429263516e+00
1.727381065437949e+00
1.726649416057153e+00

    2  0  0
1.788961507068985e-01
1.784777217133959e-01
1.779313017260613e-01
1.775124422683098e-01

    2  0  1
1.726259177461508e+00
1.725526258226450e+00
1.724568746818790e+00
1.723833894684779e+00

    3  0  0
1.772893369585568e-01
1.768710109902795e-01
1.763258095053790e-01
1.759082635379369e-01

    3  0  1
1.723441940380071e+00
1.722705787287558e+00
1.721744021567294e+00
1.721005888195450e+00

    4  0  0
1.756857261999090e-01
1.752678934160071e-01
1.747220487730485e-01
1.743030598882246e-01

    4  0  1
1.720612177735694e+00
1.719872707200680e+00
1.718906582804278e+00
1.718165078743970e+00

    5  0  0
1.740796346849390e-01
1.736602749641358e-01
1.731133198443006e-01
1.726945570610643e-01

    5  0  1
1.717769562647992e+00
1.717026686440102e+00
1.716056088064465e+00
1.715311123195214e+00

    6  0  0
1.724715798448489e-01
1.720534340580983e-01
1.715080034650512e-01
1.710896905636456e-01

    6  0  1
1.714913749692764e+00
1.714167373949674e+00
1.713192169872833e+00
1.712443651724988e+00

    7  0  0
1.708665646110800e-01
1.704474403072983e-01
1.698999662197568e-01
1.694801224486671e-01

    7  0  1
1.712044377729929e+00
1.711294415530130e+00
1.710314496100278e+00
1.709562334414441e+00

    8  0  0
1.692564392957262e-01
1.688369654415592e-01
1.682902859488465e-01
1.678717463817413e-01

    8  0  1
1.709161107263263e+00
1.708407460835303e+00
1.707422694798229e+00
1.706666789616581e+00

    9  0  0
1.676487557738765e-01
1.672302010948074e-01
1.666835536963860e-01
1.662639395749471e-01

    9  0  1
1.706263557972486e+00
1.705506129918373e+00
1.704516390784406e+00
1.703756642296628e+00

   10  0  0
1.660401365293535e-01
1.656199505848003e-01
1.650717055593971e-01
1.646518350487650e-01

   10  0  1
1.703351351350195e+00
1.702590037015262e+00
1.701595187491267e+00
1.700831488947138e+00

   11  0  0
1.644282674306660e-01
1.640090928726400e-01
1.634625539698690e-01
1.630436091814884e-01

   11  0  1
1.700424079760191e+00
1.699658769756170e+00
1.698658661795131e+00
1.697890901602365e+00

   12  0  0
1.628201912685492e-01
1.624005357242632e-01
1.618522712871384e-01
1.614316516260294e-01

   12  0  1
1.697481317387870e+00
1.696711905855758e+00
1.695706400048087e+00
1.694934469889454e+00

   13  0  0
1.612074917184288e-01
1.607870204030409e-01
1.602389740852091e-01
1.598194648883504e-01

   13  0  1
1.694522653211724e+00
1.693749028384046e+00
1.692737981563557e+00
1.691961767163228e+00

   14  0  0
1.595960295653734e-01
1.591767979589001e-01
1.586294892876125e-01
1.582094337831065e-01

   14  0  1
1.691547652998625e+00
1.690769692026073e+00
1.689752939971180e+00
1.688972315798723e+00

   15  0  0
1.579853638367724e-01
1.575645738175918e-01
1.570153119278865e-01
1.565944949921920e-01

   15  0  1
1.688555838405851e+00
1.687773417783654e+00
1.686750797395572e+00
1.685965636949800e+00

   16  0  0
1.563703967106744e-01
1.559502532960595e-01
1.554026393173266e-01
1.549831102878549e-01

   16  0  1
1.685546728265649e+00
1.684759719853037e+00
1.683731061641611e+00
1.682941234236187e+00

   17  0  0
1.547594553143136e-01
1.543394251024472e-01
1.537906513644112e-01
1.533694958538406e-01

   17  0  1
1.682519824868737e+00
1.681728096829314e+00
1.680693228278061e+00
1.679898599163739e+00

   18  0  0
1.531449841331697e-01
1.527237244069324e-01
1.521745031447401e-01
1.517540916513047e-01

   18  0  1
1.679474615652227e+00
1.678678028995341e+00
1.677636765838566e+00
1.676837192813200e+00

   19  0  0
1.515302269976456e-01
1.511103525603919e-01
1.505624962225046e-01
1.501421805505725e-01

   19  0  1
1.676410559340028e+00
1.675608970894901e+00
1.674561124424773e+00
1.673756461095839e+00

   20  0  0
1.499179650154785e-01
1.494968250063843e-01
1.489468845616489e-01
1.485253481071658e-01

   20  0  1
1.673327099046390e+00
1.672520360424843e+00
1.671465734801506e+00
1.670655829514186e+00

   21  0  0
1.483008205337376e-01
1.478798358374686e-01
1.473312240554143e-01
1.469111442611259e-01

   21  0  1
1.670223657483629e+00
1.669411614639295e+00
1.668350006656883e+00
1.667534701874608e+00

   22  0  0
1.466872925967987e-01
1.462670276924206e-01
1.457180394418207e-01
1.452966320033736e-01

   22  0  1
1.667099635209466e+00
1.666282128551421e+00
1.665213327243302e+00
1.664392459674391e+00

   23  0  0
1.450719187152493e-01
1.446501444632952e-01
1.441000422793446e-01
1.436788705111806e-01

   23  0  1
1.663954411172123e+00
1.663131275225647e+00
1.662055063084507e+00
1.661228463695982e+00

   24  0  0
1.434546167199209e-01
1.430341407321511e-01
1.424858173609015e-01
1.420654034729192e-01

   24  0  1
1.660787341912255e+00
1.659958403894721e+00
1.658874552620175e+00
1.658042044656270e+00

   25  0  0
1.418411723921794e-01
1.414199714332114e-01
1.408697554912859e-01
1.404477737039002e-01

   25  0  1
1.657597754990167e+00
1.656762836276656e+00
1.655671110105327e+00
1.654832510912101e+00

   26  0  0
1.402229447774045e-01
1.398012993553985e-01
1.392518127018758e-01
1.388312070674051e-01

   26  0  1
1.654384955238179e+00
1.653543870518591e+00
1.652444024556589e+00
1.651599144425873e+00

   27  0  0
1.386071751458655e-01
1.381867729045855e-01
1.376378449418909e-01
1.372165017118015e-01

   27  0  1
1.651148221289952e+00
1.650300778260194e+00
1.649192559531294e+00
1.648341202009163e+00

   28  0  0
1.369917596566546e-01
1.365697909013100e-01
1.360191796122482e-01
1.355974734346994e-01

   28  0  1
1.647886805268169e+00
1.647032803658467e+00
1.645915947184466e+00
1.645057907195395e+00

   29  0  0
1.353729228991069e-01
1.349519485084559e-01
1.344032312875720e-01
1.339828057359975e-01

   29  0  1
1.644599927331287e+00
1.643739159660016e+00
1.642613392244041e+00
1.641748457744782e+00

   30  0  0
1.337586516032625e-01
1.333376431360414e-01
1.327875943535748e-01
1.323655412416460e-01

   30  0  1
1.641286780412096e+00
1.640419030565972e+00
1.639284066764888e+00
1.638412016566694e+00

   31  0  0
1.321406075315433e-01
1.317186505889397e-01
1.311686472158346e-01
1.307476734619483e-01

   31  0  1
1.637946523208592e+00
1.637071567174103e+00
1.635927111291988e+00
1.635047716163861e+00

   32  0  0
1.305235056791261e-01
1.301030506256035e-01
1.295543927909145e-01
1.291334197857237e-01

   32  0  1
1.634578283675176e+00
1.633695888619640e+00
1.632541633378697e+00
1.631654655092401e+00

   33  0  0
1.289088449017880e-01
1.284870653496657e-01
1.279364237062643e-01
1.275144956603580e-01

   33  0  1
1.631181155556962e+00
1.630291079592986e+00
1.629126705740394e+00
1.628231896757665e+00

   34  0  0
1.272897964967056e-01
1.268685222576391e-01
1.263195570221262e-01
1.258991995142332e-01

   34  0  1
1.627754197238947e+00
1.626856189019755e+00
1.625681364761867e+00
1.624778467793501e+00

   35  0  0
1.256752020052536e-01
1.252546416379335e-01
1.247052465307432e-01
1.242835383436055e-01

   35  0  1
1.624296430115852e+00
1.623390228321677e+00
1.622204608754214e+00
1.621293356342375e+00

   36  0  0
1.240586964231974e-01
1.236367700332295e-01
1.230866192626725e-01
1.226654870952151e-01

   36  0  1
1.620806836860807e+00
1.619892169865354e+00
1.618695396374498e+00
1.617775510460232e+00

   37  0  0
1.224412557056011e-01
1.220208358909654e-01
1.214725995539161e-01
1.210522548782386e-01

   37  0  1
1.617284359842195e+00
1.616360945172610e+00
1.615152644891063e+00
1.614223836284523e+00

   38  0  0
1.208280527208825e-01
1.204068998040943e-01
1.198568114373118e-01
1.194350467815252e-01

   38  0  1
1.613727899205724e+00
1.612795443139554e+00
1.611575228261059e+00
1.610637196211699e+00

   39  0  0
1.192103901862021e-01
1.187891249276455e-01
1.182401914297650e-01
1.178200107313661e-01

   39  0  1
1.610136311143106e+00
1.609194508160658e+00
1.607961975329655e+00
1.607014406964516e+00

   40  0  0
1.175962150613143e-01
1.171762765506659e-01
1.166279721099019e-01
1.162071019646807e-01

   40  0  1
1.606508405828168e+00
1.605556938019285e+00
1.604311667473119e+00
1.603354237212413e+00

   41  0  0
1.159826115768498e-01
1.155611751708425e-01
1.150113997325691e-01
1.145904479874369e-01

   41  0  1
1.602842945128299e+00
1.601881481705234e+00
1.600623036622925e+00
1.599655405615674e+00

   42  0  0
1.143663099063308e-01
1.139461172616783e-01
1.133984602645278e-01
1.129789100115146e-01

   42  0  1
1.599138640554166e+00
1.598166837183805e+00
1.596894762856590e+00
1.595916578373915e+00

   43  0  0
1.127552536224574e-01
1.123351839761633e-01
1.117863667511001e-01
1.113652700923750e-01

   43  0  1
1.595394150850528e+00
1.594411649072128e+00
1.593125472091672e+00
1.592136366847589e+00

   44  0  0
1.111408798807791e-01
1.107200071583479e-01
1.101715066765215e-01
1.097517129641033e-01

   44  0  1
1.591608079550943e+00
1.590614506119218e+00
1.589313733533184e+00
1.588313325031770e+00

   45  0  0
1.095281789891533e-01
1.091089799972965e-01
1.085620834177228e-01
1.081425343162741e-01

   45  0  1
1.587778972434420e+00
1.586773938494073e+00
1.585458056681489e+00
1.584445946393064e+00

   46  0  0
1.079187102808691e-01
1.074983383043897e-01
1.069495918887251e-01
1.065292212987557e-01

   46  0  1
1.583905314380603e+00
1.582888414842610e+00
1.581556888683471e+00
1.580532661345253e+00

   47  0  0
1.063053943105103e-01
1.058857725525551e-01
1.053390019720652e-01
1.049203756355555e-01

   47  0  1
1.579985526783270e+00
1.578956339458929e+00
1.577608611211749e+00
1.576571833997822e+00

   48  0  0
1.046973529039821e-01
1.042786915298778e-01
1.037318387099457e-01
1.033120626515930e-01

   48  0  1
1.576017964329640e+00
1.574976049176565e+00
1.573611537470827e+00
1.572561758920975e+00

   49  0  0
1.030882461768100e-01
1.026683104634390e-01
1.021208885813297e-01
1.017019344787854e-01

   49  0  1
1.572000911415191e+00
1.570945809043351e+00
1.569563906757746e+00
1.568500656019781e+00

   50  0  0
1.014788585563464e-01
1.010606398132255e-01
1.005154056429450e-01
1.000975174214094e-01

   50  0  1
1.567932577802480e+00
1.566863809731063e+00
1.565463884734446e+00
1.564386670899927e+00

   51  0  0
9.987466472521603e-02
9.945602999999507e-02
9.890920650516138e-02
9.848995825645852e-02

   51  0  1
1.563811098051953e+00
1.562728164804438e+00
1.561309556939565e+00
1.560217867490422e+00

   52  0  0
9.826669669740599e-02
9.784811025160862e-02
9.730274781548859e-02
9.688532355300816e-02

   52  0  1
1.559634524539006e+00
1.558536904694632e+00
1.557098924794599e+00
1.555992224611867e+00

   53  0  0
9.666302348800852e-02
9.624602544629331e-02
9.570176167150893e-02
9.528406692076427e-02

   53  0  1
1.555400823913665e+00
1.554287973038878e+00
1.552829901440072e+00
1.551707631697264e+00

   54  0  0
9.506123456939626e-02
9.464289904307559e-02
9.409723322943803e-02
9.367955971615816e-02

   54  0  1
1.551107872846094e+00
1.549979222267831e+00
1.548500307176555e+00
1.547361884007178e+00

   55  0  0
9.345720518663717e-02
9.304036192630472e-02
9.249715010314932e-02
9.208114222759375e-02

   55  0  1
1.546753453106996e+00
1.545608408581790e+00
1.544107864311729e+00
1.542952677460324e+00

   56  0  0
9.185946845562852e-02
9.144319726213836e-02
9.089937000345412e-02
9.048202979375299e-02

   56  0  1
1.542335246409337e+00
1.541173186734387e+00
1.539650191898850e+00
1.538477603352030e+00

   57  0  0
9.025964700344542e-02
8.984264246717236e-02
8.929935726227085e-02
8.888363905666882e-02

   57  0  1
1.537850829100996e+00
1.536671104803744e+00
1.535124800434189e+00
1.533934142801280e+00

   58  0  0
8.866225905055682e-02
8.824718889499059e-02
8.770592969402069e-02
8.729094365952692e-02

   58  0  1
1.533297666503573e+00
1.532099597986271e+00
1.530529085040198e+00
1.529319659638145e+00

   59  0  0
8.706957847100605e-02
8.665375641712748e-02
8.611087277583274e-02
8.569502618138787e-02

   59  0  1
1.528673105393903e+00
1.527455980731073e+00
1.525860317707131e+00
1.524631393116659e+00

   60  0  0
8.547369272150029e-02
8.505880271952919e-02
8.451828066200455e-02
8.410448509139153e-02

   60  0  1
1.523974367747116e+00
1.522737442485279e+00
1.521115644500709e+00
1.519866454692036e+00

   61  0  0
8.388411073604903e-02
8.347063559002134e-02
8.293081150316395e-02
8.251644349903454e-02

   61  0  1
1.519198545790702e+00
1.517941038655753e+00
1.516292071554515e+00
1.515021813398613e+00

   62  0  0
8.229543333226273e-02
8.188076210093174e-02
8.134032741817353e-02
8.092692033858580e-02

   62  0  1
1.514342589360517e+00
1.513063682823232e+00
1.511386464935596e+00
1.510094297153377e+00

   63  0  0
8.070682639803217e-02
8.029420357321319e-02
7.975642389614876e-02
7.934451943983964e-02

   63  0  1
1.509403305179376e+00
1.508102141396534e+00
1.506395537090409e+00
1.505080576581215e+00

   64  0  0
7.912499953160071e-02
7.871267048562175e-02
7.817400821553964e-02
7.776085351041917e-02

   64  0  1
1.504377341529316e+00
1.503053020212816e+00
1.501315837726139e+00
1.499977157568407e+00

   65  0  0
7.754086396723535e-02
7.712855904794487e-02
7.659160735929720e-02
7.618070496050632e-02

   65  0  1
1.499261180588314e+00
1.497912756439202e+00
1.496143744031421e+00
1.494780370562655e+00

   66  0  0
7.596186257101495e-02
7.555154518246154e-02
7.501642140763143e-02
7.460604953992918e-02

   66  0  1
1.494051127661429e+00
1.492677607611750e+00
1.490875450127462e+00
1.489486360153729e+00

   67  0  0
7.438710124188080e-02
7.397591473888369e-02
7.343945935462542e-02
7.302895270050483e-02

   67  0  1
1.488743300595632e+00
1.487343640779976e+00
1.485506955511104e+00
1.484091073048255e+00

   68  0  0
7.281054735742892e-02
7.240115897867908e-02
7.186775623930443e-02
7.145935088065142e-02

   68  0  1
1.483333617592853e+00
1.481906719948446e+00
1.480034052086176e+00
1.478590244825974e+00

   69  0  0
7.124187247629089e-02
7.083376958869621e-02
7.030086996216298e-02
6.989180023992470e-02

   69  0  1
1.477817783844165e+00
1.476362492575845e+00
1.474452310571686e+00
1.472979386251833e+00

   70  0  0
6.967370243978126e-02
6.926478638155181e-02
6.873230415699420e-02
6.832516171186918e-02

   70  0  1
1.472191277817411e+00
1.470706375573207e+00
1.468757066046032e+00
1.467253767734449e+00

   71  0  0
6.810835599931005e-02
6.770188087260401e-02
6.717210383102594e-02
6.676635677757717e-02

   71  0  1
1.466449334437531e+00
1.464933536596968e+00
1.462943395941540e+00
1.461408397973699e+00

   72  0  0
6.655009843268198e-02
6.614382617078454e-02
6.561317736277193e-02
6.520647432852132e-02

   72  0  1
1.460586926456375e+00
1.459038880095198e+00
1.457006114707375e+00
1.455438019266572e+00

   73  0  0
6.499010366655668e-02
6.458475594597661e-02
6.405698647366026e-02
6.365301897254029e-02

   73  0  1
1.454598756166066e+00
1.453017031959703e+00
1.450939745880089e+00
1.449337075576988e+00

   74  0  0
6.343786313139727e-02
6.303450735105029e-02
6.250849715836493e-02
6.210507517683053e-02

   74  0  1
1.448479224858391e+00
1.446862312396354e+00
1.444738501757405e+00
1.443099694742480e+00

   75  0  0
6.188979906587459e-02
6.148566630175753e-02
6.095887525065546e-02
6.055620436099414e-02

   75  0  1
1.442222414707736e+00
1.440568716651968e+00
1.438396261618326e+00
1.436719665146136e+00

   76  0  0
6.034202570781307e-02
5.994052413567740e-02
5.941733059689968e-02
5.901674761264313e-02

   76  0  1
1.435822064927323e+00
1.434129890291175e+00
1.431906546118814e+00
1.430190409599628e+00

   77  0  0
5.880350335136039e-02
5.840331912289046e-02
5.788072901786837e-02
5.747959655922671e-02

   77  0  1
1.429271545431231e+00
1.427539102501389e+00
1.425262490061591e+00
1.423504957526993e+00

   78  0  0
5.726584962214906e-02
5.686542171367451e-02
5.634445016292791e-02
5.594623121503527e-02

   78  0  1
1.422563828611632e+00
1.420789216971637e+00
1.418456811920991e+00
1.416655913457780e+00

   79  0  0
5.573410689286636e-02
5.533642289458093e-02
5.481820142157229e-02
5.442144136548731e-02

   79  0  1
1.415691457326981e+00
1.413872659044441e+00
1.411481780143689e+00
1.409635422767481e+00

   80  0  0
5.420996516038727e-02
5.381263045389878e-02
5.329382170159058e-02
5.289657063815947e-02

   80  0  1
1.408646510336681e+00
1.406781380462903e+00
1.404329176667032e+00
1.402435133999596e+00

   81  0  0
5.268543548843469e-02
5.229004358575597e-02
5.177530455635206e-02
5.138119577574694e-02

   81  0  1
1.401420563920553e+00
1.399506819572703e+00
1.396990255452227e+00
1.395046156409891e+00

   82  0  0
5.117131896210284e-02
5.077798905999001e-02
5.026520807557996e-02
4.987193816013421e-02

   82  0  1
1.394004648977556e+00
1.392039858056006e+00
1.389455698422216e+00
1.387459014582609e+00

   83  0  0
4.966204370805125e-02
4.926822539158424e-02
4.875543260723417e-02
4.836395098174649e-02

   83  0  1
1.386389204728911e+00
1.384370771914763e+00
1.381715563135865e+00
1.379663594502913e+00

   84  0  0
4.815576451744057e-02
4.776542984658243e-02
4.725674411584194e-02
4.686737582173111e-02

   84  0  1
1.378564024200825e+00
1.376489176770908e+00
1.373759227614550e+00
1.371649087182846e+00

   85  0  0
4.666022684310559e-02
4.627149565692460e-02
4.576388199272025e-02
4.537428880571279e-02

   85  0  1
1.370518196964673e+00
1.368383968434279e+00
1.365575327935512e+00
1.363403924129670e+00

   86  0  0
4.516684197388383e-02
4.477860555319085e-02
4.427400517751570e-02
4.388840149806347e-02

   86  0  1
1.362240043679173e+00
1.360043255292332e+00
1.357151688155780e+00
1.354915703793277e+00

   87  0  0
4.368290999156558e-02
4.329773022379575e-02
4.279605610816534e-02
4.241224614274679e-02

   87  0  1
1.353717038981123e+00
1.351454275969930e+00
1.348475228378617e+00
1.346171099303743e+00

   88  0  0
4.220767964617783e-02
4.182328689046241e-02
4.132159141690098e-02
4.093790448289007e-02

   88  0  1
1.344935724672207e+00
1.342603320998385e+00
1.339531903872269e+00
1.337155797223325e+00

   89  0  0
4.073423177096958e-02
4.035296906423044e-02
3.985668828388932e-02
3.947659511733188e-02

   89  0  1
1.335881638817178e+00
1.333475643634524e+00
1.330306583804802e+00
1.327854364688255e+00

   90  0  0
3.927425409639757e-02
3.889529057912124e-02
3.840155916243624e-02
3.802295958498016e-02

   90  0  1
1.326539185128075e+00
1.324055334882651e+00
1.320782938666090e+00
1.318250139710814e+00

   91  0  0
3.782084647589744e-02
3.744189208168199e-02
3.694913923719968e-02
3.657356469744572e-02

   91  0  1
1.316891520681241e+00
1.314325205097324e+00
1.310943311789123e+00
1.308325096023797e+00

   92  0  0
3.637388416610228e-02
3.599941524771153e-02
3.551141733918156e-02
3.513812691490856e-02

   92  0  1
1.306920417998316e+00
1.304266640896680e+00
1.300768569834348e+00
1.298059688856460e+00

   93  0  0
3.493974001725437e-02
3.456752969512137e-02
3.408156862927301e-02
3.370863507109880e-02

   93  0  1
1.296606108622806e+00
1.293859444389913e+00
1.290237934561865e+00
1.287432677505193e+00

   94  0  0
3.351024424486910e-02
3.313945646148016e-02
3.265820227098052e-02
3.229058899531238e-02

   94  0  1
1.285927097742334e+00
1.283081632830078e+00
1.279328764740241e+00
1.276420902407067e+00

   95  0  0
3.209457910543959e-02
3.172731715936124e-02
3.124945403883954e-02
3.088435900256235e-02

   95  0  1
1.274859946190605e+00
1.271909232196091e+00
1.268016363935609e+00
1.264999089641353e+00

   96  0  0
3.068980582120047e-02
3.032418004882695e-02
2.984723656100983e-02
2.948305440148675e-02

   96  0  1
1.263379062491027e+00
1.260316037032204e+00
1.256273693791274e+00
1.253139538882559e+00

   97  0  0
2.929008093579197e-02
2.892907485193280e-02
2.845930274785426e-02
2.809940637125555e-02

   97  0  1
1.251456385189384e+00
1.248273291954684e+00
1.244071058530404e+00
1.240811805162168e+00

   98  0  0
2.790794120482467e-02
2.754977500612578e-02
2.708373292788184e-02
2.672652620943657e-02

   98  0  1
1.239061059553686e+00
1.235749352865431e+00
1.231375742295192e+00
1.227982317379829e+00

   99  0  0
2.653575771847282e-02
2.617839952567064e-02
2.571463406828440e-02
2.536201541176627e-02

   99  0  1
1.226159046216531e+00
1.222709277285311e+00
1.218151574328273e+00
1.214613923041600e+00

  100  0  0
2.517464290076779e-02
2.482317777079575e-02
2.436526245251179e-02
2.401540910392111e-02

  100  0  1
1.212712654593191e+00
1.209114335762180e+00
1.204358410077449e+00
1.200665344749225e+00

  101  0  0
2.382982892053689e-02
2.348184667816638e-02
2.302770904254418e-02
2.267922891329141e-02

  101  0  1
1.198679985736322e+00
1.194921427673459e+00
1.189951509283424e+00
1.186090527629753e+00

  102  0  0
2.249408494749443e-02
2.214876714673166e-02
2.170159767132081e-02
2.136035565629810e-02

  102  0  1
1.184014262622974e+00
1.180082378864148e+00
1.174880786964627e+00
1.170837850130722e+00

  103  0  0
2.117828978738929e-02
2.083739111996779e-02
2.039464242058462e-02
2.005726244775081e-02

  103  0  1
1.168663018145282e+00
1.164543083204385e+00
1.159089891342729e+00
1.154849152171526e+00

  104  0  0
1.987760530951330e-02
1.953989723020899e-02
1.909970682901933e-02
1.876438866954750e-02

  104  0  1
1.152567095989264e+00
1.148242450847778e+00
1.142515076062407e+00
1.138058542495393e+00

  105  0  0
1.858724390169642e-02
1.825626316923604e-02
1.782595675982609e-02
1.749627592666823e-02

  105  0  1
1.135659421472502e+00
1.131111105366044e+00
1.125083796603600e+00
1.120390911098309e+00

  106  0  0
1.732107171731769e-02
1.699405232385483e-02
1.656967616488245e-02
1.624485958226807e-02

  106  0  1
1.117863465496749e+00
1.113069753607406e+00
1.106712941282188e+00
1.101760047120205e+00

  107  0  0
1.607125538889593e-02
1.574647919212987e-02
1.532640215165260e-02
1.500846786479139e-02

  107  0  1
1.099091301199924e+00
1.094027118597961e+00
1.087306591908577e+00
1.082066250800293e+00

  108  0  0
1.483974136886813e-02
1.452324600523180e-02
1.411126876977144e-02
1.379728519338607e-02

  108  0  1
1.079241128926969e+00
1.073877291936258e+00
1.066753127484522e+00
1.061193230526197e+00

  109  0  0
1.363128308856226e-02
1.332057222196834e-02
1.291570170550025e-02
1.260511640326946e-02

  109  0  1
1.058194057531105e+00
1.052496282632586e+00
1.044921437450829e+00
1.039004029976208e+00

  110  0  0
1.244035384875987e-02
1.213435636008678e-02
1.174011427953469e-02
1.144006840250485e-02

  110  0  1
1.035809867700195e+00
1.029737450697551e+00
1.021655877281389e+00
1.015335576170479e+00

  111  0  0
1.127978727949859e-02
1.098030043019470e-02
1.059295396857472e-02
1.029935692623859e-02

  111  0  1
1.011921326761286e+00
1.005425350669664e+00
9.967694235504260e-01
9.899912444145950e-01

  112  0  0
1.014332205214899e-02
9.850257932367138e-03
9.468980484636800e-03
9.179617243915118e-03

  112  0  1
9.863264149095201e-01
9.793472688836410e-01
9.700341987037994e-01
9.627304941938408e-01

  113  0  0
9.027730151595565e-03
8.745215031923569e-03
8.379088293025250e-03
8.098517029877773e-03

  113  0  1
9.587774410224147e-01
9.512412751963852e-01
9.411679324481791e-01
9.332539562638075e-01

  114  0  0
7.949895856042149e-03
7.674189811015057e-03
7.318729769157107e-03
7.047574977804803e-03

  114  0  1
9.289653387332603e-01
9.207788878670395e-01
9.098141825761866e-01
9.011814660350289e-01

  115  0  0
6.902849980302162e-03
6.632923385224651e-03
6.286097034238307e-03
6.026286002524354e-03

  115  0  1
8.964964041277642e-01
8.875391170825021e-01
8.755122665362852e-01
8.660183053824978e-01

  116  0  0
5.889651214468707e-03
5.633521962535185e-03
5.300792444685529e-03
5.048775335515351e-03

  116  0  1
8.608563538986546e-01
8.509679315192143e-01
8.376496199285909e-01
8.271010535110273e-01

  117  0  0
4.917542784413768e-03
4.672829362395785e-03
4.355222338116314e-03
4.112615032174235e-03

  117  0  1
8.213522710262865e-01
8.103118802424786e-01
7.953822669959779e-01
7.835057496788675e-01

  118  0  0
3.985494055577982e-03
3.750883436602432e-03
3.452733744614567e-03
3.229796994809543e-03

  118  0  1
7.770132768855423e-01
7.645025167265836e-01
7.474929310398467e-01
7.338806825612215e-01

  119  0  0
3.111607582922246e-03
2.890442931462433e-03
2.608339254080215e-03
2.401028983133944e-03

  119  0  1
7.264076365233963e-01
7.119386647964530e-01
6.921150084652038e-01
6.761120864862246e-01

  120  0  0
2.292498826460436e-03
2.087921482840767e-03
1.825259740407314e-03
1.632596787592979e-03

  120  0  1
6.672715539611955e-01
6.500301960467260e-01
6.261277256483945e-01
6.065619217793720e-01

  121  0  0
1.534228332530541e-03
1.353340213404697e-03
1.126238438890526e-03
9.595902387367582e-04

  121  0  1
5.956440792826465e-01
5.740816967066977e-01
5.435711509027599e-01
5.179432650971660e-01

  122  0  0
8.727410903116464e-04
7.144259824628382e-04
5.253327747511459e-04
3.979907540303657e-04

  122  0  1
5.033914764164550e-01
4.737813683041542e-01
4.301321445589971e-01
3.909424159520624e-01

  123  0  0
3.272539388436836e-04
2.023154524109499e-04
7.858389256970157e-05
2.055781760149514e-05

  123  0  1
3.645741851091698e-01
3.181966603816061e-01
2.245390806835623e-01
8.635023122707371e-02

  124  0  0
5.439105572706963e-06
5.063103479830746e-06
4.997395586314229e-06
4.987105913773900e-06

  124  0  1
5.662133723945353e-03
-1.376213820444555e-03
5.524404841002558e-04
-1.292723595086255e-05

  125  0  0
5.016357321016830e-06
4.996233201837217e-06
5.001465862313313e-06
5.000625698881359e-06

  125  0  1
-2.692391771976615e-04
6.563630847705308e-05
-2.019228477913989e-05
5.772692285664736e-06

  126  0  0
4.998501424134350e-06
5.000364011775642e-06
4.999848394380579e-06
4.999980497472403e-06

  126  0  1
1.773896439223733e-05
2.175549426883815e-06
6.170385102070626e-06
4.970084946987624e-06

  127  0  0
5.000106616407594e-06
4.999974040054363e-06
5.000011081637709e-06
5.000000479267901e-06

  127  0  1
4.402110245196797e-06
5.132409151412354e-06
4.945283206761909e-06
5.000974803105773e-06

  128  0  0
4.999993222089353e-06
5.000001653130072e-06
4.999999286012920e-06
4.999999997819365e-06

  128  0  1
5.028376571542437e-06
4.993723698984425e-06
5.002585604168423e-06
4.999976879214791e-06

  129  0  0
5.000000405942098e-06
4.999999900881097e-06
5.000000043101038e-06
4.999999999134600e-06

  129  0  1
4.998635800882371e-06
5.000301460766667e-06
4.999876161836343e-06
5.000000057888492e-06

  130  0  0
4.999999976551199e-06
5.000000005729621e-06
4.999999997494618e-06
5.000000000086106e-06

  130  0  1
5.000066446487103e-06
4.999985312191855e-06
5.000006021455333e-06
5.000000035745053e-06

  131  0  0
5.000000001320686e-06
4.999999999674547e-06
5.000000000140123e-06
4.999999999991709e-06

  131  0  1
4.999996724298021e-06
5.000000725733996e-06
4.999999702673934e-06
4.999999997419896e-06

  132  0  0
4.999999999924870e-06
5.000000000016242e-06
4.999999999990349e-06
4.999999999998683e-06

  132  0  1
5.000000163095737e-06
4.999999963686067e-06
5.000000014891299e-06
5.000000000093726e-06

  133  0  0
5.000000000002276e-06
4.999999999997268e-06
4.999999999998681e-06
4.999999999998216e-06

  133  0  1
4.999999991821987e-06
5.000000001833256e-06
4.999999999243271e-06
4.999999999999535e-06

  134  0  0
4.999999999998029e-06
4.999999999998310e-06
4.999999999998231e-06
4.999999999998247e-06

  134  0  1
5.000000000409332e-06
4.999999999904943e-06
5.000000000036847e-06
4.999999999997633e-06

  135  0  0
4.999999999998256e-06
4.999999999998250e-06
4.999999999998255e-06
4.999999999998254e-06

  135  0  1
4.999999999977596e-06
5.000000000003009e-06
4.999999999996271e-06
4.999999999998326e-06

  136  0  0
4.999999999998258e-06
4.999999999998252e-06
4.999999999998256e-06
4.999999999998254e-06

  136  0  1
4.999999999999281e-06
4.999999999998016e-06
4.999999999998354e-06
4.999999999998250e-06

  137  0  0
4.999999999998258e-06
4.999999999998252e-06
4.999999999998256e-06
4.999999999998254e-06

  137  0  1
4.999999999998200e-06
4.999999999998268e-06
4.999999999998247e-06
4.999999999998256e-06

  138  0  0
4.999999999998258e-06
4.999999999998252e-06
4.999999999998256e-06
4.999999999998254e-06

  138  0  1
4.999999999998254e-06
4.999999999998256e-06
4.999999999998253e-06
4.999999999998255e-06

  139  0  0
4.999999999998258e-06
4.999999999998252e-06
4.999999999998256e-06
4.999999999998254e-06

  139  0  1
4.999999999998252e-06
4.999999999998256e-06
4.999999999998252e-06
4.999999999998255e-06

  140  0  0
4.999999999998258e-06
4.999999999998252e-06
4.999999999998256e-06
4.999999999998254e-06

  140  0  1
4.999999999998252e-06
4.999999999998256e-06
4.999999999998252e-06
4.999999999998255e-06

  141  0  0
4.999999999998258e-06
4.999999999998252e-06
4.999999999998256e-06
4.999999999998254e-06

  141  0  1
4.999999999998252e-06
4.999999999998256e-06
4.999999999998252e-06
4.999999999998255e-06

  142  0  0
4.999999999998258e-06
4.999999999998252e-06
4.999999999998256e-06
4.999999999998254e-06

  142  0  1
4.999999999998252e-06
4.999999999998256e-06
4.999999999998252e-06
4.999999999998255e-06

  143  0  0
4.999999999998258e-06
4.999999999998252e-06
4.999999999998256e-06
4.999999999998254e-06

  143  0  1
4.999999999998252e-06
4.999999999998256e-06
4.999999999998252e-06
4.999999999998255e-06

  144  0  0
4.999999999998258e-06
4.999999999998252e-06
4.999999999998256e-06
4.999999999998254e-06

  144  0  1
4.999999999998252e-06
4.999999999998256e-06
4.999999999998252e-06
4.999999999998255e-06

  145  0  0
4.999999999998258e-06
4.999999999998252e-06
4.999999999998256e-06
4.999999999998254e-06

  145  0  1
4.999999999998252e-06
4.999999999998256e-06
4.999999999998252e-06
4.999999999998255e-06

  146  0  0
4.999999999998258e-06
4.999999999998252e-06
4.999999999998256e-06
4.999999999998254e-06

  146  0  1
4.999999999998252e-06
4.999999999998256e-06
4.999999999998252e-06
4.999999999998255e-06

  147  0  0
4.999999999998258e-06
4.999999999998252e-06
4.999999999998256e-06
4.999999999998254e-06

  147  0  1
4.999999999998252e-06
4.999999999998256e-06
4.999999999998252e-06
4.999999999998255e-06

  148  0  0
4.999999999998258e-06
4.999999999998252e-06
4.999999999998256e-06
4.999999999998254e-06

  148  0  1
4.999999999998252e-06
4.999999999998256e-06
4.999999999998252e-06
4.999999999998255e-06

  149  0  0
4.999999999998258e-06
4.999999999998252e-06
4.999999999998256e-06
4.999999999998254e-06

  149  0  1
4.999999999998252e-06
4.999999999998256e-06
4.999999999998252e-06
4.999999999998255e-06

  150  0  0
4.999999999998258e-06
4.999999999998252e-06
4.999999999998256e-06
4.999999999998254e-06

  150  0  1
4.999999999998252e-06
4.999999999998256e-06
4.999999999998252e-06
4.999999999998255e-06

  151  0  0
4.999999999998258e-06
4.999999999998252e-06
4.999999999998256e-06
4.999999999998254e-06

  151  0  1
4.999999999998252e-06
4.999999999998256e-06
4.999999999998252e-06
4.999999999998255e-06

  152  0  0
4.999999999998258e-06
4.999999999998252e-06
4.999999999998256e-06
4.999999999998254e-06

  152  0  1
4.999999999998252e-06
4.999999999998256e-06
4.999999999998252e-06
4.999999999998255e-06

  153  0  0
4.999999999998258e-06
4.999999999998252e-06
4.999999999998256e-06
4.999999999998254e-06

  153  0  1
4.999999999998252e-06
4.999999999998256e-06
4.999999999998252e-06
4.999999999998255e-06

  154  0  0
4.999999999998258e-06
4.999999999998252e-06
4.999999999998256e-06
4.999999999998254e-06

  154  0  1
4.999999999998252e-06
4.999999999998256e-06
4.999999999998252e-06
4.999999999998255e-06

  155  0  0
4.999999999998258e-06
4.999999999998252e-06
4.999999999998256e-06
4.999999999998254e-06

  155  0  1
4.999999999998252e-06
4.999999999998256e-06
4.999999999998252e-06
4.999999999998255e-06

  156  0  0
4.999999999998258e-06
4.999999999998252e-06
4.999999999998256e-06
4.999999999998254e-06

  156  0  1
4.999999999998252e-06
4.999999999998256e-06
4.999999999998252e-06
4.999999999998255e-06

  157  0  0
4.999999999998258e-06
4.999999999998252e-06
4.999999999998256e-06
4.999999999998254e-06

  157  0  1
4.999999999998252e-06
4.999999999998256e-06
4.999999999998252e-06
4.999999999998255e-06

  158  0  0
4.999999999998258e-06
4.999999999998252e-06
4.999999999998256e-06
4.999999999998254e-06

  158  0  1
4.999999999998252e-06
4.999999999998256e-06
4.999999999998252e-06
4.999999999998255e-06

  159  0  0
4.999999999998258e-06
4.999999999998252e-06
4.999999999998256e-06
4.999999999998254e-06

  159  0  1
4.999999999998252e-06
4.999999999998256e-06
4.999999999998252e-06
4.999999999998255e-06

  160  0  0
4.999999999998258e-06
4.999999999998252e-06
4.999999999998256e-06
4.999999999998254e-06

  160  0  1
4.999999999998252e-06
4.999999999998256e-06
4.999999999998252e-06
4.999999999998255e-06

  161  0  0
4.999999999998258e-06
4.999999999998252e-06
4.999999999998256e-06
4.999999999998254e-06

  161  0  1
4.999999999998252e-06
4.999999999998256e-06
4.999999999998252e-06
4.999999999998255e-06

  162  0  0
4.999999999998258e-06
4.999999999998252e-06
4.999999999998256e-06
4.999999999998254e-06

  162  0  1
4.999999999998252e-06
4.999999999998256e-06
4.999999999998252e-06
4.999999999998255e-06

  163  0  0
4.999999999998258e-06
4.999999999998252e-06
4.999999999998256e-06
4.999999999998254e-06

  163  0  1
4.999999999998252e-06
4.999999999998256e-06
4.999999999998252e-06
4.999999999998255e-06

  164  0  0
4.999999999998258e-06
4.999999999998252e-06
4.999999999998256e-06
4.999999999998254e-06

  164  0  1
4.999999999998252e-06
4.999999999998256e-06
4.999999999998252e-06
4.999999999998255e-06

  165  0  0
4.999999999998258e-06
4.999999999998252e-06
4.999999999998256e-06
4.999999999998254e-06

  165  0  1
4.999999999998252e-06
4.999999999998256e-06
4.999999999998252e-06
4.999999999998255e-06

  166  0  0
4.999999999998258e-06
4.999999999998252e-06
4.999999999998256e-06
4.999999999998254e-06

  166  0  1
4.999999999998252e-06
4.999999999998256e-06
4.999999999998252e-06
4.999999999998255e-06

  167  0  0
4.999999999998258e-06
4.999999999998252e-06
4.999999999998256e-06
4.999999999998254e-06

  167  0  1
4.999999999998252e-06
4.999999999998256e-06
4.999999999998252e-06
4.999999999998255e-06

  168  0  0
4.999999999998258e-06
4.999999999998252e-06
4.999999999998256e-06
4.999999999998254e-06

  168  0  1
4.999999999998252e-06
4.999999999998256e-06
4.999999999998252e-06
4.999999999998255e-06

  169  0  0
4.999999999998258e-06
4.999999999998252e-06
4.999999999998256e-06
4.999999999998254e-06

  169  0  1
4.999999999998252e-06
4.999999999998256e-06
4.999999999998252e-06
4.999999999998255e-06

  170  0  0
4.999999999998258e-06
4.999999999998252e-06
4.999999999998256e-06
4.999999999998254e-06

  170  0  1
4.999999999998252e-06
4.999999999998256e-06
4.999999999998252e-06
4.999999999998255e-06

  171  0  0
4.999999999998258e-06
4.999999999998252e-06
4.999999999998256e-06
4.999999999998254e-06

  171  0  1
4.999999999998252e-06
4.999999999998256e-06
4.999999999998252e-06
4.999999999998255e-06

  172  0  0
4.999999999998258e-06
4.999999999998252e-06
4.999999999998256e-06
4.999999999998254e-06

  172  0  1
4.999999999998252e-06
4.999999999998256e-06
4.999999999998252e-06
4.999999999998255e-06

  173  0  0
4.999999999998258e-06
4.999999999998252e-06
4.999999999998256e-06
4.999999999998254e-06

  173  0  1
4.999999999998252e-06
4.999999999998256e-06
4.999999999998252e-06
4.999999999998255e-06

  174  0  0
4.999999999998258e-06
4.999999999998252e-06
4.999999999998256e-06
4.999999999998254e-06

  174  0  1
4.999999999998252e-06
4.999999999998256e-06
4.999999999998252e-06
4.999999999998255e-06

  175  0  0
4.999999999998258e-06
4.999999999998252e-06
4.999999999998256e-06
4.999999999998254e-06

  175  0  1
4.999999999998252e-06
4.999999999998256e-06
4.999999999998252e-06
4.999999999998255e-06

  176  0  0
4.999999999998258e-06
4.999999999998252e-06
4.999999999998256e-06
4.999999999998254e-06

  176  0  1
4.999999999998252e-06
4.999999999998256e-06
4.999999999998252e-06
4.999999999998255e-06

  177  0  0
4.999999999998258e-06
4.999999999998252e-06
4.999999999998256e-06
4.999999999998254e-06

  177  0  1
4.999999999998252e-06
4.999999999998256e-06
4.999999999998252e-06
4.999999999998255e-06

  178  0  0
4.999999999998258e-06
4.999999999998252e-06
4.999999999998256e-06
4.999999999998254e-06

  178  0  1
4.999999999998252e-06
4.999999999998256e-06
4.999999999998252e-06
4.999999999998255e-06

  179  0  0
4.999999999998258e-06
4.999999999998252e-06
4.999999999998256e-06
4.999999999998254e-06

  179  0  1
4.999999999998252e-06
4.999999999998256e-06
4.999999999998252e-06
4.999999999998255e-06

  180  0  0
4.999999999998258e-06
4.999999999998252e-06
4.999999999998256e-06
4.999999999998254e-06

  180  0  1
4.999999999998252e-06
4.999999999998256e-06
4.999999999998252e-06
4.999999999998255e-06

  181  0  0
4.999999999998258e-06
4.999999999998252e-06
4.999999999998256e-06
4.999999999998254e-06

  181  0  1
4.999999999998252e-06
4.999999999998256e-06
4.999999999998252e-06
4.999999999998255e-06

  182  0  0
4.999999999998258e-06
4.999999999998252e-06
4.999999999998256e-06
4.999999999998254e-06

  182  0  1
4.999999999998252e-06
4.999999999998256e-06
4.999999999998252e-06
4.999999999998255e-06

  183  0  0
4.999999999998258e-06
4.999999999998252e-06
4.999999999998256e-06
4.999999999998254e-06

  183  0  1
4.999999999998252e-06
4.999999999998256e-06
4.999999999998252e-06
4.999999999998255e-06

  184  0  0
4.999999999998258e-06
4.999999999998252e-06
4.999999999998256e-06
4.999999999998254e-06

  184  0  1
4.999999999998252e-06
4.999999999998256e-06
4.999999999998252e-06
4.999999999998255e-06

  185  0  0
4.999999999998258e-06
4.999999999998252e-06
4.999999999998256e-06
4.999999999998254e-06

  185  0  1
4.999999999998252e-06
4.999999999998256e-06
4.999999999998252e-06
4.999999999998255e-06

  186  0  0
4.999999999998258e-06
4.999999999998252e-06
4.999999999998256e-06
4.999999999998254e-06

  186  0  1
4.999999999998252e-06
4.999999999998256e-06
4.999999999998252e-06
4.999999999998255e-06

  187  0  0
4.999999999998258e-06
4.999999999998252e-06
4.999999999998256e-06
4.999999999998254e-06

  187  0  1
4.999999999998252e-06
4.999999999998256e-06
4.999999999998252e-06
4.999999999998255e-06

  188  0  0
4.999999999998258e-06
4.999999999998252e-06
4.999999999998256e-06
4.999999999998254e-06

  188  0  1
4.999999999998252e-06
4.999999999998256e-06
4.999999999998252e-06
4.999999999998255e-06

  189  0  0
4.999999999998258e-06
4.999999999998252e-06
4.999999999998256e-06
4.999999999998254e-06

  189  0  1
4.999999999998252e-06
4.999999999998256e-06
4.999999999998252e-06
4.999999999998255e-06

  190  0  0
4.999999999998258e-06
4.999999999998252e-06
4.999999999998256e-06
4.999999999998254e-06

  190  0  1
4.999999999998252e-06
4.999999999998256e-06
4.999999999998252e-06
4.999999999998255e-06

  191  0  0
4.999999999998258e-06
4.999999999998252e-06
4.999999999998256e-06
4.999999999998254e-06

  191  0  1
4.999999999998252e-06
4.999999999998256e-06
4.999999999998252e-06
4.999999999998255e-06

  192  0  0
4.999999999998258e-06
4.999999999998252e-06
4.999999999998256e-06
4.999999999998254e-06

  192  0  1
4.999999999998252e-06
4.999999999998256e-06
4.999999999998252e-06
4.999999999998255e-06

  193  0  0
4.999999999998258e-06
4.999999999998252e-06
4.999999999998256e-06
4.999999999998254e-06

  193  0  1
4.999999999998252e-06
4.999999999998256e-06
4.999999999998252e-06
4.999999999998255e-06

  194  0  0
4.999999999998258e-06
4.999999999998252e-06
4.999999999998256e-06
4.999999999998254e-06

  194  0  1
4.999999999998252e-06
4.999999999998256e-06
4.999999999998252e-06
4.999999999998255e-06

  195  0  0
4.999999999998258e-06
4.999999999998252e-06
4.999999999998256e-06
4.999999999998254e-06

  195  0  1
4.999999999998252e-06
4.999999999998256e-06
4.999999999998252e-06
4.999999999998255e-06

  196  0  0
4.999999999998258e-06
4.999999999998252e-06
4.999999999998256e-06
4.999999999998254e-06

  196  0  1
4.999999999998252e-06
4.999999999998256e-06
4.999999999998252e-06
4.999999999998255e-06

  197  0  0
4.999999999998258e-06
4.999999999998252e-06
4.999999999998256e-06
4.999999999998254e-06

  197  0  1
4.999999999998252e-06
4.999999999998256e-06
4.999999999998252e-06
4.999999999998255e-06

  198  0  0
4.999999999998258e-06
4.999999999998252e-06
4.999999999998256e-06
4.999999999998254e-06

  198  0  1
4.999999999998252e-06
4.999999999998256e-06
4.999999999998252e-06
4.999999999998255e-06

  199  0  0
4.999999999998258e-06
4.999999999998252e-06
4.999999999998256e-06
4.999999999998254e-06

  199  0  1
4.999999999998252e-06
4.999999999998256e-06
4.999999999998252e-06
4.999999999998255e-06

  200  0  0
4.999999999998258e-06
4.999999999998252e-06
4.999999999998256e-06
4.999999999998254e-06

  200  0  1
4.999999999998252e-06
4.999999999998256e-06
4.999999999998252e-06
4.999999999998255e-06

  201  0  0
4.999999999998258e-06
4.999999999998252e-06
4.999999999998256e-06
4.999999999998254e-06

  201  0  1
4.999999999998252e-06
4.999999999998256e-06
4.999999999998252e-06
4.999999999998255e-06

  202  0  0
4.999999999998258e-06
4.999999999998252e-06
4.999999999998256e-06
4.999999999998254e-06

  202  0  1
4.999999999998252e-06
4.999999999998256e-06
4.999999999998252e-06
4.999999999998255e-06

  203  0  0
4.999999999998258e-06
4.999999999998252e-06
4.999999999998256e-06
4.999999999998254e-06

  203  0  1
4.999999999998252e-06
4.999999999998256e-06
4.999999999998252e-06
4.999999999998255e-06

  204  0  0
4.999999999998258e-06
4.999999999998252e-06
4.999999999998256e-06
4.999999999998254e-06

  204  0  1
4.999999999998252e-06
4.999999999998256e-06
4.999999999998252e-06
4.999999999998255e-06

  205  0  0
4.999999999998258e-06
4.999999999998252e-06
4.999999999998256e-06
4.999999999998254e-06

  205  0  1
4.999999999998252e-06
4.999999999998256e-06
4.999999999998252e-06
4.999999999998255e-06

  206  0  0
4.999999999998258e-06
4.999999999998252e-06
4.999999999998256e-06
4.999999999998254e-06

  206  0  1
4.999999999998252e-06
4.999999999998256e-06
4.999999999998252e-06
4.999999999998255e-06

  207  0  0
4.999999999998258e-06
4.999999999998252e-06
4.999999999998256e-06
4.999999999998254e-06

  207  0  1
4.999999999998252e-06
4.999999999998256e-06
4.999999999998252e-06
4.999999999998255e-06

  208  0  0
4.999999999998258e-06
4.999999999998252e-06
4.999999999998256e-06
4.999999999998254e-06

  208  0  1
4.999999999998252e-06
4.999999999998256e-06
4.999999999998252e-06
4.999999999998255e-06

  209  0  0
4.999999999998258e-06
4.999999999998252e-06
4.999999999998256e-06
4.999999999998254e-06

  209  0  1
4.999999999998252e-06
4.999999999998256e-06
4.999999999998252e-06
4.999999999998255e-06

  210  0  0
4.999999999998258e-06
4.999999999998252e-06
4.999999999998256e-06
4.999999999998254e-06

  210  0  1
4.999999999998252e-06
4.999999999998256e-06
4.999999999998252e-06
4.999999999998255e-06

  211  0  0
4.999999999998258e-06
4.999999999998252e-06
4.999999999998256e-06
4.999999999998254e-06

  211  0  1
4.999999999998252e-06
4.999999999998256e-06
4.999999999998252e-06
4.999999999998255e-06

  212  0  0
4.999999999998258e-06
4.999999999998252e-06
4.999999999998256e-06
4.999999999998254e-06

  212  0  1
4.999999999998252e-06
4.999999999998256e-06
4.999999999998252e-06
4.999999999998255e-06

  213  0  0
4.999999999998258e-06
4.999999999998252e-06
4.999999999998256e-06
4.999999999998254e-06

  213  0  1
4.999999999998252e-06
4.999999999998256e-06
4.999999999998252e-06
4.999999999998255e-06

  214  0  0
4.999999999998258e-06
4.999999999998252e-06
4.999999999998256e-06
4.999999999998254e-06

  214  0  1
4.999999999998252e-06
4.999999999998256e-06
4.999999999998252e-06
4.999999999998255e-06

  215  0  0
4.999999999998258e-06
4.999999999998252e-06
4.999999999998256e-06
4.999999999998254e-06

  215  0  1
4.999999999998252e-06
4.999999999998256e-06
4.999999999998252e-06
4.999999999998255e-06

  216  0  0
4.999999999998258e-06
4.999999999998252e-06
4.999999999998256e-06
4.999999999998254e-06

  216  0  1
4.999999999998252e-06
4.999999999998256e-06
4.999999999998252e-06
4.999999999998255e-06

  217  0  0
4.999999999998258e-06
4.999999999998252e-06
4.999999999998256e-06
4.999999999998254e-06

  217  0  1
4.999999999998252e-06
4.999999999998256e-06
4.999999999998252e-06
4.999999999998255e-06

  218  0  0
4.999999999998258e-06
4.999999999998252e-06
4.999999999998256e-06
4.999999999998254e-06

  218  0  1
4.999999999998252e-06
4.999999999998256e-06
4.999999999998252e-06
4.999999999998255e-06

  219  0  0
4.999999999998258e-06
4.999999999998252e-06
4.999999999998256e-06
4.999999999998254e-06

  219  0  1
4.999999999998252e-06
4.999999999998256e-06
4.999999999998252e-06
4.999999999998255e-06

  220  0  0
4.999999999998258e-06
4.999999999998252e-06
4.999999999998256e-06
4.999999999998254e-06

  220  0  1
4.999999999998252e-06
4.999999999998256e-06
4.999999999998252e-06
4.999999999998255e-06

  221  0  0
4.999999999998258e-06
4.999999999998252e-06
4.999999999998256e-06
4.999999999998254e-06

  221  0  1
4.999999999998252e-06
4.999999999998256e-06
4.999999999998252e-06
4.999999999998255e-06

  222  0  0
4.999999999998258e-06
4.999999999998252e-06
4.999999999998256e-06
4.999999999998254e-06

  222  0  1
4.999999999998252e-06
4.999999999998256e-06
4.999999999998252e-06
4.999999999998255e-06

  223  0  0
4.999999999998258e-06
4.999999999998252e-06
4.999999999998256e-06
4.999999999998254e-06

  223  0  1
4.999999999998252e-06
4.999999999998256e-06
4.999999999998252e-06
4.999999999998255e-06

  224  0  0
4.999999999998258e-06
4.999999999998252e-06
4.999999999998256e-06
4.999999999998254e-06

  224  0  1
4.999999999998252e-06
4.999999999998256e-06
4.999999999998252e-06
4.999999999998255e-06

  225  0  0
4.999999999998258e-06
4.999999999998252e-06
4.999999999998256e-06
4.999999999998254e-06

  225  0  1
4.999999999998252e-06
4.999999999998256e-06
4.999999999998252e-06
4.999999999998255e-06

  226  0  0
4.999999999998258e-06
4.999999999998252e-06
4.999999999998256e-06
4.999999999998254e-06

  226  0  1
4.999999999998252e-06
4.999999999998256e-06
4.999999999998252e-06
4.999999999998255e-06

  227  0  0
4.999999999998258e-06
4.999999999998252e-06
4.999999999998256e-06
4.999999999998254e-06

  227  0  1
4.999999999998252e-06
4.999999999998256e-06
4.999999999998252e-06
4.999999999998255e-06

  228  0  0
4.999999999998258e-06
4.999999999998252e-06
4.999999999998256e-06
4.999999999998254e-06

  228  0  1
4.999999999998252e-06
4.999999999998256e-06
4.999999999998252e-06
4.999999999998255e-06

  229  0  0
4.999999999998258e-06
4.999999999998252e-06
4.999999999998256e-06
4.999999999998254e-06

  229  0  1
4.999999999998252e-06
4.999999999998256e-06
4.999999999998252e-06
4.999999999998255e-06

  230  0  0
4.999999999998258e-06
4.999999999998252e-06
4.999999999998256e-06
4.999999999998254e-06

  230  0  1
4.999999999998252e-06
4.999999999998256e-06
4.999999999998252e-06
4.999999999998255e-06

  231  0  0
4.999999999998258e-06
4.999999999998252e-06
4.999999999998256e-06
4.999999999998254e-06

  231  0  1
4.999999999998252e-06
4.999999999998256e-06
4.999999999998252e-06
4.999999999998255e-06

  232  0  0
4.999999999998258e-06
4.999999999998252e-06
4.999999999998256e-06
4.999999999998254e-06

  232  0  1
4.999999999998252e-06
4.999999999998256e-06
4.999999999998252e-06
4.999999999998255e-06

  233  0  0
4.999999999998258e-06
4.999999999998252e-06
4.999999999998256e-06
4.999999999998254e-06

  233  0  1
4.999999999998252e-06
4.999999999998256e-06
4.999999999998252e-06
4.999999999998255e-06

  234  0  0
4.999999999998258e-06
4.999999999998252e-06
4.999999999998256e-06
4.999999999998254e-06

  234  0  1
4.999999999998252e-06
4.999999999998256e-06
4.999999999998252e-06
4.999999999998255e-06

  235  0  0
4.999999999998258e-06
4.999999999998252e-06
4.999999999998256e-06
4.999999999998254e-06

  235  0  1
4.999999999998252e-06
4.999999999998256e-06
4.999999999998252e-06
4.999999999998255e-06

  236  0  0
4.999999999998258e-06
4.999999999998252e-06
4.999999999998256e-06
4.999999999998254e-06

  236  0  1
4.999999999998252e-06
4.999999999998256e-06
4.999999999998252e-06
4.999999999998255e-06

  237  0  0
4.999999999998258e-06
4.999999999998252e-06
4.999999999998256e-06
4.999999999998254e-06

  237  0  1
4.999999999998252e-06
4.999999999998256e-06
4.999999999998252e-06
4.999999999998255e-06

  238  0  0
4.999999999998258e-06
4.999999999998252e-06
4.999999999998256e-06
4.999999999998254e-06

  238  0  1
4.999999999998252e-06
4.999999999998256e-06
4.999999999998252e-06
4.999999999998255e-06

  239  0  0
4.999999999998258e-06
4.999999999998252e-06
4.999999999998256e-06
4.999999999998254e-06

  239  0  1
4.999999999998252e-06
4.999999999998256e-06
4.999999999998252e-06
4.999999999998255e-06

  240  0  0
4.999999999998258e-06
4.999999999998252e-06
4.999999999998256e-06
4.999999999998254e-06

  240  0  1
4.999999999998252e-06
4.999999999998256e-06
4.999999999998252e-06
4.999999999998255e-06

  241  0  0
4.999999999998258e-06
4.999999999998252e-06
4.999999999998256e-06
4.999999999998254e-06

  241  0  1
4.999999999998252e-06
4.999999999998256e-06
4.999999999998252e-06
4.999999999998255e-06

  242  0  0
4.999999999998258e-06
4.999999999998252e-06
4.999999999998256e-06
4.999999999998254e-06

  242  0  1
4.999999999998252e-06
4.999999999998256e-06
4.999999999998252e-06
4.999999999998255e-06

  243  0  0
4.999999999998258e-06
4.999999999998252e-06
4.999999999998256e-06
4.999999999998254e-06

  243  0  1
4.999999999998252e-06
4.999999999998256e-06
4.999999999998252e-06
4.999999999998255e-06

  244  0  0
4.999999999998258e-06
4.999999999998252e-06
4.999999999998256e-06
4.999999999998254e-06

  244  0  1
4.999999999998252e-06
4.999999999998256e-06
4.999999999998252e-06
4.999999999998255e-06

  245  0  0
4.999999999998258e-06
4.999999999998252e-06
4.999999999998256e-06
4.999999999998254e-06

  245  0  1
4.999999999998252e-06
4.999999999998256e-06
4.999999999998252e-06
4.999999999998255e-06

  246  0  0
4.999999999998258e-06
4.999999999998252e-06
4.999999999998256e-06
4.999999999998254e-06

  246  0  1
4.999999999998252e-06
4.999999999998256e-06
4.999999999998252e-06
4.999999999998255e-06

  247  0  0
4.999999999998258e-06
4.999999999998252e-06
4.999999999998256e-06
4.999999999998254e-06

  247  0  1
4.999999999998252e-06
4.999999999998256e-06
4.999999999998252e-06
4.999999999998255e-06

  248  0  0
4.999999999998258e-06
4.999999999998252e-06
4.999999999998256e-06
4.999999999998254e-06

  248  0  1
4.999999999998252e-06
4.999999999998256e-06
4.999999999998252e-06
4.999999999998255e-06

  249  0  0
4.999999999998258e-06
4.999999999998252e-06
4.999999999998256e-06
4.999999999998254e-06

  249  0  1
4.999999999998252e-06
4.999999999998256e-06
4.999999999998252e-06
4.999999999998255e-06

  250  0  0
4.999999999998258e-06
4.999999999998252e-06
4.999999999998256e-06
4.999999999998254e-06

  250  0  1
4.999999999998252e-06
4.999999999998256e-06
4.999999999998252e-06
4.999999999998255e-06

  251  0  0
4.999999999998258e-06
4.999999999998252e-06
4.999999999998256e-06
4.999999999998254e-06

  251  0  1
4.999999999998252e-06
4.999999999998256e-06
4.999999999998252e-06
4.999999999998255e-06

  252  0  0
4.999999999998258e-06
4.999999999998252e-06
4.999999999998256e-06
4.999999999998254e-06

  252  0  1
4.999999999998252e-06
4.999999999998256e-06
4.999999999998252e-06
4.999999999998255e-06

  253  0  0
4.999999999998258e-06
4.999999999998252e-06
4.999999999998256e-06
4.999999999998254e-06

  253  0  1
4.999999999998252e-06
4.999999999998256e-06
4.999999999998252e-06
4.999999999998255e-06

  254  0  0
4.999999999998258e-06
4.999999999998252e-06
4.999999999998256e-06
4.999999999998254e-06

  254  0  1
4.999999999998252e-06
4.999999999998256e-06
4.999999999998252e-06
4.999999999998255e-06

  255  0  0
4.999999999998258e-06
4.999999999998252e-06
4.999999999998256e-06
4.999999999998254e-06

  255  0  1
4.999999999998252e-06
4.999999999998256e-06
4.999999999998252e-06
4.999999999998255e-06

  256  0  0
4.999999999998258e-06
4.999999999998252e-06
4.999999999998256e-06
4.999999999998254e-06

  256  0  1
4.999999999998252e-06
4.999999999998256e-06
4.999999999998252e-06
4.999999999998255e-06

  257  0  0
4.999999999998258e-06
4.999999999998252e-06
4.999999999998256e-06
4.999999999998254e-06

  257  0  1
4.999999999998252e-06
4.999999999998256e-06
4.999999999998252e-06
4.999999999998255e-06

  258  0  0
4.999999999998258e-06
4.999999999998252e-06
4.999999999998256e-06
4.999999999998254e-06

  258  0  1
4.999999999998252e-06
4.999999999998256e-06
4.999999999998252e-06
4.999999999998255e-06

  259  0  0
4.999999999998258e-06
4.999999999998252e-06
4.999999999998256e-06
4.999999999998254e-06

  259  0  1
4.999999999998252e-06
4.999999999998256e-06
4.999999999998252e-06
4.999999999998255e-06

  260  0  0
4.999999999998258e-06
4.999999999998252e-06
4.999999999998256e-06
4.999999999998254e-06

  260  0  1
4.999999999998252e-06
4.999999999998256e-06
4.999999999998252e-06
4.999999999998255e-06

  261  0  0
4.999999999998258e-06
4.999999999998252e-06
4.999999999998256e-06
4.999999999998254e-06

  261  0  1
4.999999999998252e-06
4.999999999998256e-06
4.999999999998252e-06
4.999999999998255e-06

  262  0  0
4.999999999998258e-06
4.999999999998252e-06
4.999999999998256e-06
4.999999999998254e-06

  262  0  1
4.999999999998252e-06
4.999999999998256e-06
4.999999999998252e-06
4.999999999998255e-06

  263  0  0
4.999999999998258e-06
4.999999999998252e-06
4.999999999998256e-06
4.999999999998254e-06

  263  0  1
4.999999999998252e-06
4.999999999998256e-06
4.999999999998252e-06
4.999999999998255e-06

  264  0  0
4.999999999998258e-06
4.999999999998252e-06
4.999999999998256e-06
4.999999999998254e-06

  264  0  1
4.999999999998252e-06
4.999999999998256e-06
4.999999999998252e-06
4.999999999998255e-06

  265  0  0
4.999999999998258e-06
4.999999999998252e-06
4.999999999998256e-06
4.999999999998254e-06

  265  0  1
4.999999999998252e-06
4.999999999998256e-06
4.999999999998252e-06
4.999999999998255e-06

  266  0  0
4.999999999998258e-06
4.999999999998252e-06
4.999999999998256e-06
4.999999999998254e-06

  266  0  1
4.999999999998252e-06
4.999999999998256e-06
4.999999999998252e-06
4.999999999998255e-06

  267  0  0
4.999999999998258e-06
4.999999999998252e-06
4.999999999998256e-06
4.999999999998254e-06

  267  0  1
4.999999999998252e-06
4.999999999998256e-06
4.999999999998252e-06
4.999999999998255e-06

  268  0  0
4.999999999998258e-06
4.999999999998252e-06
4.999999999998256e-06
4.999999999998254e-06

  268  0  1
4.999999999998252e-06
4.999999999998256e-06
4.999999999998252e-06
4.999999999998255e-06

  269  0  0
4.999999999998258e-06
4.999999999998252e-06
4.999999999998256e-06
4.999999999998254e-06

  269  0  1
4.999999999998252e-06
4.999999999998256e-06
4.999999999998252e-06
4.999999999998255e-06

  270  0  0
4.999999999998258e-06
4.999999999998252e-06
4.999999999998256e-06
4.999999999998254e-06

  270  0  1
4.999999999998252e-06
4.999999999998256e-06
4.999999999998252e-06
4.999999999998255e-06

  271  0  0
4.999999999998258e-06
4.999999999998252e-06
4.999999999998256e-06
4.999999999998254e-06

  271  0  1
4.999999999998252e-06
4.999999999998256e-06
4.999999999998252e-06
4.999999999998255e-06

  272  0  0
4.999999999998258e-06
4.999999999998252e-06
4.999999999998256e-06
4.999999999998254e-06

  272  0  1
4.999999999998252e-06
4.999999999998256e-06
4.999999999998252e-06
4.999999999998255e-06

  273  0  0
4.999999999998258e-06
4.999999999998252e-06
4.999999999998256e-06
4.999999999998254e-06

  273  0  1
4.999999999998252e-06
4.999999999998256e-06
4.999999999998252e-06
4.999999999998255e-06

  274  0  0
4.999999999998258e-06
4.999999999998252e-06
4.999999999998256e-06
4.999999999998254e-06

  274  0  1
4.999999999998252e-06
4.999999999998256e-06
4.999999999998252e-06
4.999999999998255e-06

  275  0  0
4.999999999998258e-06
4.999999999998252e-06
4.999999999998256e-06
4.999999999998254e-06

  275  0  1
4.999999999998252e-06
4.999999999998256e-06
4.999999999998252e-06
4.999999999998255e-06

  276  0  0
4.999999999998258e-06
4.999999999998252e-06
4.999999999998256e-06
4.999999999998254e-06

  276  0  1
4.999999999998252e-06
4.999999999998256e-06
4.999999999998252e-06
4.999999999998255e-06

  277  0  0
4.999999999998258e-06
4.999999999998252e-06
4.999999999998256e-06
4.999999999998254e-06

  277  0  1
4.999999999998252e-06
4.999999999998256e-06
4.999999999998252e-06
4.999999999998255e-06

  278  0  0
4.999999999998258e-06
4.999999999998252e-06
4.999999999998256e-06
4.999999999998254e-06

  278  0  1
4.999999999998252e-06
4.999999999998256e-06
4.999999999998252e-06
4.999999999998255e-06

  279  0  0
4.999999999998258e-06
4.999999999998252e-06
4.999999999998256e-06
4.999999999998254e-06

  279  0  1
4.999999999998252e-06
4.999999999998256e-06
4.999999999998252e-06
4.999999999998255e-06

  280  0  0
4.999999999998258e-06
4.999999999998252e-06
4.999999999998256e-06
4.999999999998254e-06

  280  0  1
4.999999999998252e-06
4.999999999998256e-06
4.999999999998252e-06
4.999999999998255e-06

  281  0  0
4.999999999998258e-06
4.999999999998252e-06
4.999999999998256e-06
4.999999999998254e-06

  281  0  1
4.999999999998252e-06
4.999999999998256e-06
4.999999999998252e-06
4.999999999998255e-06

  282  0  0
4.999999999998258e-06
4.999999999998252e-06
4.999999999998256e-06
4.999999999998254e-06

  282  0  1
4.999999999998252e-06
4.999999999998256e-06
4.999999999998252e-06
4.999999999998255e-06

  283  0  0
4.999999999998258e-06
4.999999999998252e-06
4.999999999998256e-06
4.999999999998254e-06

  283  0  1
4.999999999998252e-06
4.999999999998256e-06
4.999999999998252e-06
4.999999999998255e-06

  284  0  0
4.999999999998258e-06
4.999999999998252e-06
4.999999999998256e-06
4.999999999998254e-06

  284  0  1
4.999999999998252e-06
4.999999999998256e-06
4.999999999998252e-06
4.999999999998255e-06

  285  0  0
4.999999999998258e-06
4.999999999998252e-06
4.999999999998256e-06
4.999999999998254e-06

  285  0  1
4.999999999998252e-06
4.999999999998256e-06
4.999999999998252e-06
4.999999999998255e-06

  286  0  0
4.999999999998258e-06
4.999999999998252e-06
4.999999999998256e-06
4.999999999998254e-06

  286  0  1
4.999999999998252e-06
4.999999999998256e-06
4.999999999998252e-06
4.999999999998255e-06

  287  0  0
4.999999999998258e-06
4.999999999998252e-06
4.999999999998256e-06
4.999999999998254e-06

  287  0  1
4.999999999998252e-06
4.999999999998256e-06
4.999999999998252e-06
4.999999999998255e-06

  288  0  0
4.999999999998258e-06
4.999999999998252e-06
4.999999999998256e-06
4.999999999998254e-06

  288  0  1
4.999999999998252e-06
4.999999999998256e-06
4.999999999998252e-06
4.999999999998255e-06

  289  0  0
4.999999999998258e-06
4.999999999998252e-06
4.999999999998256e-06
4.999999999998254e-06

  289  0  1
4.999999999998252e-06
4.999999999998256e-06
4.999999999998252e-06
4.999999999998255e-06

  290  0  0
4.999999999998258e-06
4.999999999998252e-06
4.999999999998256e-06
4.999999999998254e-06

  290  0  1
4.999999999998252e-06
4.999999999998256e-06
4.999999999998252e-06
4.999999999998255e-06

  291  0  0
4.999999999998258e-06
4.999999999998252e-06
4.999999999998256e-06
4.999999999998254e-06

  291  0  1
4.999999999998252e-06
4.999999999998256e-06
4.999999999998252e-06
4.999999999998255e-06

  292  0  0
4.999999999998258e-06
4.999999999998252e-06
4.999999999998256e-06
4.999999999998254e-06

  292  0  1
4.999999999998252e-06
4.999999999998256e-06
4.999999999998252e-06
4.999999999998255e-06

  293  0  0
4.999999999998258e-06
4.999999999998252e-06
4.999999999998256e-06
4.999999999998254e-06

  293  0  1
4.999999999998252e-06
4.999999999998256e-06
4.999999999998252e-06
4.999999999998255e-06

  294  0  0
4.999999999998258e-06
4.999999999998252e-06
4.999999999998256e-06
4.999999999998254e-06

  294  0  1
4.999999999998252e-06
4.999999999998256e-06
4.999999999998252e-06
4.999999999998255e-06

  295  0  0
4.999999999998258e-06
4.999999999998252e-06
4.999999999998256e-06
4.999999999998254e-06

  295  0  1
4.999999999998252e-06
4.999999999998256e-06
4.999999999998252e-06
4.999999999998255e-06

  296  0  0
4.999999999998258e-06
4.999999999998252e-06
4.999999999998256e-06
4.999999999998254e-06

  296  0  1
4.999999999998252e-06
4.999999999998256e-06
4.999999999998252e-06
4.999999999998255e-06

  297  0  0
4.999999999998258e-06
4.999999999998252e-06
4.999999999998256e-06
4.999999999998254e-06

  297  0  1
4.999999999998252e-06
4.999999999998256e-06
4.999999999998252e-06
4.999999999998255e-06

  298  0  0
4.999999999998258e-06
4.999999999998252e-06
4.999999999998256e-06
4.999999999998254e-06

  298  0  1
4.999999999998252e-06
4.999999999998256e-06
4.999999999998252e-06
4.999999999998255e-06

  299  0  0
4.999999999998258e-06
4.999999999998252e-06
4.999999999998256e-06
4.999999999998254e-06

  299  0  1
4.999999999998252e-06
4.999999999998256e-06
4.999999999998252e-06
4.999999999998255e-06

  300  0  0
4.999999999998258e-06
4.999999999998252e-06
4.999999999998256e-06
4.999999999998254e-06

  300  0  1
4.999999999998252e-06
4.999999999998256e-06
4.999999999998252e-06
4.999999999998255e-06

  301  0  0
4.999999999998258e-06
4.999999999998252e-06
4.999999999998256e-06
4.999999999998254e-06

  301  0  1
4.999999999998252e-06
4.999999999998256e-06
4.999999999998252e-06
4.999999999998255e-06

  302  0  0
4.999999999998258e-06
4.999999999998252e-06
4.999999999998256e-06
4.999999999998254e-06

  302  0  1
4.999999999998252e-06
4.999999999998256e-06
4.999999999998252e-06
4.999999999998255e-06

  303  0  0
4.999999999998258e-06
4.999999999998252e-06
4.999999999998256e-06
4.999999999998254e-06

  303  0  1
4.999999999998252e-06
4.999999999998256e-06
4.999999999998252e-06
4.999999999998255e-06

  304  0  0
4.999999999998258e-06
4.999999999998252e-06
4.999999999998256e-06
4.999999999998254e-06

  304  0  1
4.999999999998252e-06
4.999999999998256e-06
4.999999999998252e-06
4.999999999998255e-06

  305  0  0
4.999999999998258e-06
4.999999999998252e-06
4.999999999998256e-06
4.999999999998254e-06

  305  0  1
4.999999999998252e-06
4.999999999998256e-06
4.999999999998252e-06
4.999999999998255e-06

  306  0  0
4.999999999998258e-06
4.999999999998252e-06
4.999999999998256e-06
4.999999999998254e-06

  306  0  1
4.999999999998252e-06
4.999999999998256e-06
4.999999999998252e-06
4.999999999998255e-06

  307  0  0
4.999999999998258e-06
4.999999999998252e-06
4.999999999998256e-06
4.999999999998254e-06

  307  0  1
4.999999999998252e-06
4.999999999998256e-06
4.999999999998252e-06
4.999999999998255e-06

  308  0  0
4.999999999998258e-06
4.999999999998252e-06
4.999999999998254e-06
4.999999999998251e-06

  308  0  1
4.999999999998252e-06
4.999999999998256e-06
4.999999999998252e-06
4.999999999998255e-06

  309  0  0
4.999999999998259e-06
4.999999999998253e-06
4.999999999998246e-06
4.999999999998291e-06

  309  0  1
4.999999999998252e-06
4.999999999998256e-06
4.999999999998252e-06
4.999999999998255e-06

  310  0  0
4.999999999998239e-06
4.999999999998203e-06
4.999999999998389e-06
4.999999999997446e-06

  310  0  1
4.999999999998252e-06
4.999999999998256e-06
4.999999999998252e-06
4.999999999998255e-06

  311  0  0
4.999999999998500e-06
4.999999999999587e-06
4.999999999995628e-06
5.000000000012447e-06

  311  0  1
4.999999999998289e-06
4.999999999998173e-06
4.999999999999133e-06
4.999999999995390e-06

  312  0  0
5.000000000000928e-06
4.999999999972081e-06
5.000000000068280e-06
4.999999999831332e-06

  312  0  1
5.000000000003173e-06
5.000000000000323e-06
4.999999999993205e-06
5.000000000122562e-06

  313  0  0
4.999999999786926e-06
5.000000000468953e-06
4.999999998793764e-06
5.000000000244484e-06

  313  0  1
4.999999999888843e-06
4.999999999833358e-06
5.000000000359032e-06
4.999999996038566e-06

  314  0  0
5.000000008093322e-06
4.999999991960230e-06
5.000000018564195e-06
5.000000074217369e-06

  314  0  1
5.000000002394887e-06
5.000000006117997e-06
4.999999986451687e-06
5.000000114691600e-06

  315  0  0
4.999999743298618e-06
5.000000121292527e-06
4.999999779332052e-06
4.999996523542515e-06

  315  0  1
4.999999947623696e-06
4.999999809174707e-06
5.000000424496700e-06
4.999996857508254e-06

  316  0  0
5.000007435559491e-06
4.999998651655584e-06
5.000000438699053e-06
5.000118998299826e-06

  316  0  1
5.000001140972427e-06
5.000005462868904e-06
4.999987814661382e-06
5.000083015989729e-06

  317  0  0
4.999795859154288e-06
4.999998466918632e-06
5.000093794959809e-06
4.996406275628636e-06

  317  0  1
4.999975236386500e-06
4.999851371547455e-06
5.000332121522498e-06
4.997863349371333e-06

  318  0  0
5.005425403836785e-06
5.000733669409437e-06
4.995663149349747e-06
5.102307981031237e-06

  318  0  1
5.000544188839759e-06
5.003891209418717e-06
4.991315580898692e-06
5.054176788635144e-06

  319  0  0
4.869147058513375e-06
4.948732457910864e-06
5.230563446199798e-06
2.761867564152127e-06

  319  0  1
4.992688032173723e-06
4.891584025060257e-06
5.255503479079300e-06
3.783260221775706e-06

