#Cell    Group    L_mom 
# Element_0
# Element_1
# Element_2
# Element_3
# Element_4
    0  0  0
2.192323691815997e+00
2.188238949207264e+00
2.182240890647685e+00
2.176222948722945e+00
2.172102003193640e+00

    1  0  0
2.169995391422504e+00
2.165859291268642e+00
2.159781991643626e+00
2.153678906931835e+00
2.149496290711608e+00

    2  0  0
2.147357303504271e+00
2.143156257804035e+00
2.136980486899809e+00
2.130774280776539e+00
2.126517738144118e+00

    3  0  0
2.124339815277000e+00
2.120060079507626e+00
2.113763761587663e+00
2.107430690275611e+00
2.103083423250138e+00

    4  0  0
2.100857679101061e+00
2.096480984908585e+00
2.090034633462325e+00
2.083542083749247e+00
2.079080796984495e+00

    5  0  0
2.076795275357109e+00
2.072298256213437e+00
2.065667536028852e+00
2.058979809708898e+00
2.054378270080478e+00

    6  0  0
2.052018833537411e+00
2.047372100712407e+00
2.040510392820117e+00
2.033577621256796e+00
2.028800593510239e+00

    7  0  0
2.026348910463418e+00
2.021515788372045e+00
2.014366529837834e+00
2.007127714300514e+00
2.002130872019561e+00

    8  0  0
1.999563658992460e+00
1.994497372818099e+00
1.986988997827705e+00
1.979367644188793e+00
1.974094904684818e+00

    9  0  0
1.971382273224850e+00
1.966021849884165e+00
1.958060395001169e+00
1.949957724058372e+00
1.944338597161197e+00

   10  0  0
1.941443311726753e+00
1.935712915539504e+00
1.927179667899299e+00
1.918467314067342e+00
1.912408583600910e+00

   11  0  0
1.909281286845841e+00
1.903080584615048e+00
1.893819660779244e+00
1.884330456812352e+00
1.877711011675391e+00

   12  0  0
1.874287573448774e+00
1.867486060502051e+00
1.857293791773488e+00
1.846807282031684e+00
1.839465754366838e+00

   13  0  0
1.835660119438433e+00
1.828081319740502e+00
1.816678289062138e+00
1.804886974330228e+00
1.796596893043402e+00

   14  0  0
1.792288302644775e+00
1.783686300541082e+00
1.770682601137061e+00
1.757141085815079e+00
1.747567291773850e+00

   15  0  0
1.742578482021702e+00
1.732599583521034e+00
1.717446321299430e+00
1.701379382329736e+00
1.689872240013282e+00

   16  0  0
1.683890005209164e+00
1.671928906586171e+00
1.654203609387860e+00
1.634045835848989e+00
1.618438425962780e+00

   17  0  0
1.610315358529770e+00
1.593761051509537e+00
1.574749586930074e+00
1.550143300535328e+00
1.519483315634668e+00

   18  0  0
1.496751074786064e+00
1.439624778050942e+00
1.349775463759042e+00
1.297590463829059e+00
1.291002511886035e+00

   19  0  0
1.293855068548789e+00
1.301278342208827e+00
1.296830442691571e+00
1.282911792319915e+00
1.275949640262786e+00

   20  0  0
1.274882822947206e+00
1.274004208895553e+00
1.268029559633469e+00
1.258897514176969e+00
1.253578739521410e+00

   21  0  0
1.251772970675372e+00
1.248292472393905e+00
1.241182587717434e+00
1.233440917178393e+00
1.228699155810435e+00

   22  0  0
1.226542786159651e+00
1.221968644148071e+00
1.214552789673064e+00
1.207233706623520e+00
1.202438962127801e+00

   23  0  0
1.199993871291637e+00
1.194967901243240e+00
1.187508930476983e+00
1.180141093401148e+00
1.175100013577270e+00

   24  0  0
1.172480443266155e+00
1.167294334723423e+00
1.159715450307593e+00
1.152095322448813e+00
1.146831383093167e+00

   25  0  0
1.144121922000156e+00
1.138808785063206e+00
1.130984306227640e+00
1.123073884981276e+00
1.117623483145731e+00

   26  0  0
1.114831120373119e+00
1.109335403161321e+00
1.101212399237444e+00
1.093004506838105e+00
1.087353467443348e+00

   27  0  0
1.084455219485455e+00
1.078741428134822e+00
1.070295513261341e+00
1.061756581491463e+00
1.055870732139802e+00

   28  0  0
1.052849190433600e+00
1.046892494823011e+00
1.038083383099205e+00
1.029167668525716e+00
1.023016154864329e+00

   29  0  0
1.019856861392741e+00
1.013625332417203e+00
1.004400490310158e+00
9.950536889679320e-01
9.885986555021138e-01

   30  0  0
9.852814348781875e-01
9.787341565529890e-01
9.690320295434280e-01
9.591893007993473e-01
9.523843808571577e-01

   31  0  0
9.488851406280054e-01
9.419738780266853e-01
9.317203408958680e-01
9.213036080433394e-01
9.140936684529103e-01

   32  0  0
9.103832904655703e-01
9.030481991622358e-01
8.921496497355244e-01
8.810589036499994e-01
8.733718627917888e-01

   33  0  0
8.694122046714088e-01
8.615778774302124e-01
8.499212125373488e-01
8.380364028365340e-01
8.297836395836022e-01

   34  0  0
8.255280871931514e-01
8.171005847377459e-01
8.045398160530388e-01
7.917031816457507e-01
7.827706200006301e-01

   35  0  0
7.781592752552650e-01
7.690153868040602e-01
7.553568154829218e-01
7.413609396553447e-01
7.316001901673703e-01

   36  0  0
7.265539187555199e-01
7.165312147482878e-01
7.015209341043392e-01
6.860916032205782e-01
6.753003080023885e-01

   37  0  0
6.697100425572383e-01
6.585852276136985e-01
6.418699353879671e-01
6.246172673170862e-01
6.125055006726905e-01

   38  0  0
6.062164532459525e-01
5.936690472138257e-01
5.747333558351055e-01
5.550789704631989e-01
5.412096859667386e-01

   39  0  0
5.339832112955936e-01
5.195159286810508e-01
4.975437217244653e-01
4.745410231068340e-01
4.581778033628235e-01

   40  0  0
4.496061532343962e-01
4.323431369112076e-01
4.058329920727468e-01
3.776459843202851e-01
3.572760973545857e-01

   41  0  0
3.464774060458816e-01
3.244617694592797e-01
2.896812688764289e-01
2.510502116462637e-01
2.215834798555115e-01

   42  0  0
2.025689232220219e-01
1.734861402503899e-01
9.616875144773854e-02
2.672481286713955e-03
-9.122762304411749e-03

   43  0  0
3.833370111386198e-04
-1.528601966110855e-04
7.300451993296186e-05
-2.328049225550477e-05
6.998766126152988e-06

   44  0  0
3.074128478552039e-05
5.495973212712544e-06
1.208230993105685e-05
8.992805510791591e-06
9.824099719430095e-06

   45  0  0
1.073406134210585e-05
9.845087641786858e-06
1.007204545892540e-05
9.965338620513438e-06
9.993549538242417e-06

   46  0  0
1.002563870471341e-05
9.994610085428672e-06
1.000250597378669e-05
9.998797117653896e-06
9.999767264831595e-06

   47  0  0
1.000089690941168e-05
9.999812001019982e-06
1.000008736228324e-05
9.999958157325820e-06
9.999991599265654e-06

   48  0  0
1.000003144143199e-05
9.999993428981432e-06
1.000000305189179e-05
9.999998541507291e-06
9.999999696409505e-06

   49  0  0
1.000000110446185e-05
9.999999769855977e-06
1.000000010682727e-05
9.999999949056919e-06
9.999999989011747e-06

   50  0  0
1.000000003887310e-05
9.999999991919867e-06
1.000000000374354e-05
9.999999998213878e-06
9.999999999598556e-06

   51  0  0
1.000000000136773e-05
9.999999999712418e-06
1.000000000012810e-05
9.999999999934024e-06
9.999999999982084e-06

   52  0  0
1.000000000004496e-05
9.999999999986443e-06
1.000000000000101e-05
9.999999999994275e-06
9.999999999995976e-06

   53  0  0
9.999999999998247e-06
9.999999999996150e-06
9.999999999996672e-06
9.999999999996426e-06
9.999999999996487e-06

   54  0  0
9.999999999996569e-06
9.999999999996496e-06
9.999999999996511e-06
9.999999999996503e-06
9.999999999996506e-06

   55  0  0
9.999999999996511e-06
9.999999999996508e-06
9.999999999996506e-06
9.999999999996504e-06
9.999999999996506e-06

   56  0  0
9.999999999996508e-06
9.999999999996508e-06
9.999999999996506e-06
9.999999999996504e-06
9.999999999996506e-06

   57  0  0
9.999999999996508e-06
9.999999999996508e-06
9.999999999996506e-06
9.999999999996504e-06
9.999999999996506e-06

   58  0  0
9.999999999996508e-06
9.999999999996508e-06
9.999999999996506e-06
9.999999999996504e-06
9.999999999996506e-06

   59  0  0
9.999999999996508e-06
9.999999999996508e-06
9.999999999996506e-06
9.999999999996504e-06
9.999999999996506e-06

   60  0  0
9.999999999996508e-06
9.999999999996508e-06
9.999999999996506e-06
9.999999999996504e-06
9.999999999996506e-06

   61  0  0
9.999999999996508e-06
9.999999999996508e-06
9.999999999996506e-06
9.999999999996504e-06
9.999999999996506e-06

   62  0  0
9.999999999996508e-06
9.999999999996508e-06
9.999999999996506e-06
9.999999999996504e-06
9.999999999996506e-06

   63  0  0
9.999999999996508e-06
9.999999999996508e-06
9.999999999996506e-06
9.999999999996504e-06
9.999999999996506e-06

   64  0  0
9.999999999996508e-06
9.999999999996508e-06
9.999999999996506e-06
9.999999999996504e-06
9.999999999996506e-06

   65  0  0
9.999999999996508e-06
9.999999999996508e-06
9.999999999996506e-06
9.999999999996504e-06
9.999999999996506e-06

   66  0  0
9.999999999996508e-06
9.999999999996508e-06
9.999999999996506e-06
9.999999999996504e-06
9.999999999996506e-06

   67  0  0
9.999999999996508e-06
9.999999999996508e-06
9.999999999996506e-06
9.999999999996504e-06
9.999999999996506e-06

   68  0  0
9.999999999996508e-06
9.999999999996508e-06
9.999999999996506e-06
9.999999999996504e-06
9.999999999996506e-06

   69  0  0
9.999999999996508e-06
9.999999999996508e-06
9.999999999996506e-06
9.999999999996504e-06
9.999999999996506e-06

   70  0  0
9.999999999996508e-06
9.999999999996508e-06
9.999999999996506e-06
9.999999999996504e-06
9.999999999996506e-06

   71  0  0
9.999999999996508e-06
9.999999999996508e-06
9.999999999996506e-06
9.999999999996504e-06
9.999999999996506e-06

   72  0  0
9.999999999996508e-06
9.999999999996508e-06
9.999999999996506e-06
9.999999999996504e-06
9.999999999996506e-06

   73  0  0
9.999999999996508e-06
9.999999999996508e-06
9.999999999996506e-06
9.999999999996504e-06
9.999999999996506e-06

   74  0  0
9.999999999996508e-06
9.999999999996508e-06
9.999999999996506e-06
9.999999999996504e-06
9.999999999996506e-06

   75  0  0
9.999999999996508e-06
9.999999999996508e-06
9.999999999996506e-06
9.999999999996504e-06
9.999999999996506e-06

   76  0  0
9.999999999996508e-06
9.999999999996508e-06
9.999999999996506e-06
9.999999999996504e-06
9.999999999996506e-06

   77  0  0
9.999999999996508e-06
9.999999999996508e-06
9.999999999996506e-06
9.999999999996504e-06
9.999999999996506e-06

   78  0  0
9.999999999996508e-06
9.999999999996508e-06
9.999999999996506e-06
9.999999999996504e-06
9.999999999996506e-06

   79  0  0
9.999999999996508e-06
9.999999999996508e-06
9.999999999996506e-06
9.999999999996504e-06
9.999999999996506e-06

   80  0  0
9.999999999996508e-06
9.999999999996508e-06
9.999999999996506e-06
9.999999999996504e-06
9.999999999996506e-06

   81  0  0
9.999999999996508e-06
9.999999999996508e-06
9.999999999996506e-06
9.999999999996504e-06
9.999999999996506e-06

   82  0  0
9.999999999996508e-06
9.999999999996508e-06
9.999999999996506e-06
9.999999999996504e-06
9.999999999996506e-06

   83  0  0
9.999999999996508e-06
9.999999999996508e-06
9.999999999996506e-06
9.999999999996504e-06
9.999999999996506e-06

   84  0  0
9.999999999996508e-06
9.999999999996508e-06
9.999999999996506e-06
9.999999999996504e-06
9.999999999996506e-06

   85  0  0
9.999999999996508e-06
9.999999999996508e-06
9.999999999996506e-06
9.999999999996504e-06
9.999999999996506e-06

   86  0  0
9.999999999996508e-06
9.999999999996508e-06
9.999999999996506e-06
9.999999999996504e-06
9.999999999996506e-06

   87  0  0
9.999999999996508e-06
9.999999999996508e-06
9.999999999996506e-06
9.999999999996504e-06
9.999999999996506e-06

   88  0  0
9.999999999996508e-06
9.999999999996508e-06
9.999999999996506e-06
9.999999999996504e-06
9.999999999996506e-06

   89  0  0
9.999999999996508e-06
9.999999999996508e-06
9.999999999996506e-06
9.999999999996506e-06
9.999999999996501e-06

   90  0  0
9.999999999996509e-06
9.999999999996514e-06
9.999999999996491e-06
9.999999999996536e-06
9.999999999996360e-06

   91  0  0
9.999999999996516e-06
9.999999999996750e-06
9.999999999996023e-06
9.999999999997529e-06
9.999999999991900e-06

   92  0  0
9.999999999998717e-06
1.000000000000060e-05
9.999999999964408e-06
1.000000000006573e-05
9.999999999661086e-06

   93  0  0
1.000000000012965e-05
1.000000000037944e-05
9.999999999167860e-06
1.000000000176717e-05
9.999999991419660e-06

   94  0  0
1.000000000339321e-05
1.000000000972047e-05
9.999999978909800e-06
1.000000004506819e-05
9.999999781609527e-06

   95  0  0
1.000000008744226e-05
1.000000024613138e-05
9.999999465447132e-06
1.000000114227186e-05
9.999994462534573e-06

   96  0  0
1.000000224512242e-05
1.000000619856417e-05
9.999986514878309e-06
1.000002880726258e-05
9.999860280430123e-06

   97  0  0
1.000005743666936e-05
1.000015519465607e-05
9.999661720346173e-06
1.000072236690999e-05
9.996495921615587e-06

   98  0  0
1.000145999307578e-05
1.000386363632059e-05
9.991566080400381e-06
1.001801990731922e-05
9.913028637189122e-06

   99  0  0
1.003542521912585e-05
1.009828736232768e-05
9.788525219910801e-06
1.046551588101938e-05
8.008625883877739e-06

