#Cell 
# Element_0
# Element_1
# Element_2
0
1.164471505446025e+00
1.164009485480300e+00
1.163549131459593e+00

1
1.163548837014372e+00
1.163085596026832e+00
1.162620315989956e+00

2
1.162620401876238e+00
1.162152247774429e+00
1.161684885317054e+00

3
1.161679597545248e+00
1.161204997498769e+00
1.160725598433556e+00

4
1.160725614787560e+00
1.160246826741937e+00
1.159764909091677e+00

5
1.159764426469215e+00
1.159274687654981e+00
1.158782443159073e+00

6
1.158782248184637e+00
1.158288728048533e+00
1.157794040047432e+00

7
1.157793200271564e+00
1.157295083025534e+00
1.156794865229468e+00

8
1.156794917155532e+00
1.156290780110713e+00
1.155784877805117e+00

9
1.155781544034307e+00
1.155270581437108e+00
1.154754780802060e+00

10
1.154753891917460e+00
1.154235704323714e+00
1.153716874758982e+00

11
1.153717379782779e+00
1.153197106749879e+00
1.152672094951224e+00

12
1.152671906554867e+00
1.152130276617930e+00
1.151585136312700e+00

13
1.151585588104405e+00
1.151045755366181e+00
1.150503138171430e+00

14
1.150501528605763e+00
1.149957475863798e+00
1.149410452886285e+00

15
1.149415959612726e+00
1.148850683513562e+00
1.148330371463969e+00

16
1.148288668360529e+00
1.147725387718624e+00
1.147157596167092e+00

17
1.147157347880744e+00
1.146586471795515e+00
1.146011898642400e+00

18
1.146011194514675e+00
1.145432842257135e+00
1.144851322251861e+00

19
1.144853695446867e+00
1.144260753827824e+00
1.143672713973518e+00

20
1.143670369122157e+00
1.143070726593022e+00
1.142471421095896e+00

21
1.142467979425390e+00
1.141868531994063e+00
1.141264049125718e+00

22
1.141279822739847e+00
1.140641802773092e+00
1.140097984434345e+00

23
1.140009591338111e+00
1.139386458423537e+00
1.138761155863384e+00

24
1.138757743094948e+00
1.138121472744640e+00
1.137481062092253e+00

25
1.137478188163899e+00
1.136833925581868e+00
1.136185427986123e+00

26
1.136184560486491e+00
1.135529502225577e+00
1.134875183802273e+00

27
1.134879255445579e+00
1.134222370139896e+00
1.133541079967031e+00

28
1.133584087403888e+00
1.132836874243046e+00
1.132145983810610e+00

29
1.132145441318547e+00
1.131454708679068e+00
1.130759756332913e+00

30
1.130759583621849e+00
1.130057206852004e+00
1.129350871586345e+00

31
1.129346184960899e+00
1.128637931528318e+00
1.127924632883296e+00

32
1.127944181071980e+00
1.127192318298821e+00
1.126541193313828e+00

33
1.126444462333231e+00
1.125702670894777e+00
1.124964714645478e+00

34
1.124973078850231e+00
1.124200245365019e+00
1.123460246901913e+00

35
1.123438387969870e+00
1.122664183649980e+00
1.121892156783190e+00

36
1.121891279601414e+00
1.121108932121404e+00
1.120320367359628e+00

37
1.120319383228773e+00
1.119523383695533e+00
1.118721059523188e+00

38
1.118718599390648e+00
1.117910489965125e+00
1.117100490795536e+00

39
1.117115157928521e+00
1.116274603767485e+00
1.115488586576353e+00

40
1.115455635974174e+00
1.114569911097773e+00
1.113734256180268e+00

41
1.113714058949842e+00
1.112867131433858e+00
1.112011630566590e+00

42
1.112035039753498e+00
1.111119714288315e+00
1.110298491350201e+00

43
1.110196310126760e+00
1.109311057759395e+00
1.108412470208924e+00

44
1.108419729108175e+00
1.107496051562123e+00
1.106580665402699e+00

45
1.106575603453058e+00
1.105638112627562e+00
1.104703213506439e+00

46
1.104703930669700e+00
1.103772939736212e+00
1.102819269725695e+00

47
1.102851734697854e+00
1.101789202417599e+00
1.100790935017561e+00

48
1.100788626871521e+00
1.099795150871193e+00
1.098791293862938e+00

49
1.098790967286402e+00
1.097776466929928e+00
1.096752856574105e+00

50
1.096746242098331e+00
1.095719320015692e+00
1.094694235088057e+00

51
1.094744454374567e+00
1.093652193409017e+00
1.092819867129778e+00

52
1.092527706642949e+00
1.091388303030721e+00
1.090304492566737e+00

53
1.090308877952269e+00
1.089191936480266e+00
1.088065533795496e+00

54
1.088071159015290e+00
1.086923045853278e+00
1.085774137309525e+00

55
1.085775405019448e+00
1.084606880584062e+00
1.083430500049920e+00

56
1.083429954631284e+00
1.082236817912216e+00
1.081033742852147e+00

57
1.081031143922677e+00
1.079815736310086e+00
1.078589052818008e+00

58
1.078606656511517e+00
1.077336238764057e+00
1.076119743502580e+00

59
1.076065022117613e+00
1.074779436204127e+00
1.073490776211766e+00

60
1.073489032471558e+00
1.072180313237638e+00
1.070864252823377e+00

61
1.070856264084270e+00
1.069515321948481e+00
1.068176993751747e+00

62
1.068201517151988e+00
1.066857282049070e+00
1.065503485189029e+00

63
1.065600504993534e+00
1.063921849225041e+00
1.062504863987825e+00

64
1.062497895628336e+00
1.061042205087057e+00
1.059569745643132e+00

65
1.059567356898708e+00
1.058079860040781e+00
1.056569732836040e+00

66
1.056566976741858e+00
1.055049364704139e+00
1.053507344217547e+00

67
1.053506640212807e+00
1.051929170838460e+00
1.050337303981888e+00

68
1.050332456563436e+00
1.048718737197164e+00
1.047092210949230e+00

69
1.047090058103674e+00
1.045440567749256e+00
1.043767125671737e+00

70
1.043765184029804e+00
1.042065279134204e+00
1.040350537738918e+00

71
1.040354117752519e+00
1.038608226725991e+00
1.036841919326527e+00

72
1.036838143120225e+00
1.035051886456820e+00
1.033245841647221e+00

73
1.033245993506168e+00
1.031400127596884e+00
1.029512546259054e+00

74
1.029546479668507e+00
1.027608600693256e+00
1.025682133094887e+00

75
1.025680492973954e+00
1.023733580908152e+00
1.021757933557695e+00

76
1.021770923755208e+00
1.019729050516688e+00
1.017684937310878e+00

77
1.017677034986985e+00
1.015616007088284e+00
1.013520161514871e+00

78
1.013513600718909e+00
1.011380059181280e+00
1.009211374652694e+00

79
1.009207242595886e+00
1.007015406836389e+00
1.004793973392420e+00

80
1.004792398621513e+00
1.002532854319900e+00
1.000257000415553e+00

81
1.000269656329936e+00
9.979519551138949e-01
9.955860486632151e-01

82
9.957807178904459e-01
9.931534056414441e-01
9.920637548837845e-01

83
9.906475231146022e-01
9.881480884861263e-01
9.856293809771194e-01

84
9.856195532509303e-01
9.830541735824740e-01
9.804503161366159e-01

85
9.804439161173067e-01
9.777972379964377e-01
9.751118210082806e-01

86
9.751125610761813e-01
9.723692001657441e-01
9.696015912272550e-01

87
9.695902583235446e-01
9.667429514672988e-01
9.638586198859277e-01

88
9.638701395999378e-01
9.609701427380567e-01
9.580205844936113e-01

89
9.580007821654224e-01
9.550154932719244e-01
9.520302722161268e-01

90
9.521819033839892e-01
9.490901883277310e-01
9.468442850336140e-01

91
9.459114184695611e-01
9.421176173680659e-01
9.389107758883629e-01

92
9.388890763542975e-01
9.356041621710930e-01
9.321713006610558e-01

93
9.321089446367276e-01
9.288312666464948e-01
9.252368452372975e-01

94
9.261661059261737e-01
9.211686658923826e-01
9.174545562930151e-01

95
9.173976232769258e-01
9.136322698096581e-01
9.098513617375974e-01

96
9.100105183114995e-01
9.059290236523837e-01
9.024415626472888e-01

97
9.018717073611598e-01
8.976259349816486e-01
8.934975934512666e-01

98
8.934670754773352e-01
8.892987414183094e-01
8.851792807843504e-01

99
8.857737725099760e-01
8.809531678348779e-01
8.793110542793670e-01

100
8.752382331012056e-01
8.707432694417868e-01
8.660531120458443e-01

101
8.660752628028169e-01
8.611086949481346e-01
8.561475370163626e-01

102
8.561403889314295e-01
8.510631138002260e-01
8.459164596451880e-01

103
8.459226491253469e-01
8.408610061515732e-01
8.355111889575204e-01

104
8.360668443056581e-01
8.290511091587671e-01
8.233355816427804e-01

105
8.233734558227054e-01
8.174166050736322e-01
8.113660645044691e-01

106
8.114764447853289e-01
8.049697571623988e-01
7.986021303939160e-01

107
7.986627451687333e-01
7.917948752866917e-01
7.850784174027043e-01

108
7.850904516843432e-01
7.779381082763690e-01
7.707972158589730e-01

109
7.707923204976389e-01
7.634183720402303e-01
7.558947715159060e-01

110
7.558858912767386e-01
7.485175469335651e-01
7.406453940451512e-01

111
7.415700270578973e-01
7.307083933341495e-01
7.220396312267635e-01

112
7.219294605544532e-01
7.128657565702078e-01
7.035834135076792e-01

113
7.040293220920538e-01
6.938642302528155e-01
6.849277007678605e-01

114
6.836003836971023e-01
6.724174384559995e-01
6.615011109359045e-01

115
6.614267188057263e-01
6.496619394875416e-01
6.374443290914394e-01

116
6.376202366981473e-01
6.249495932657978e-01
6.115155620289644e-01

117
6.115941870287959e-01
5.971119090296477e-01
5.822457928049954e-01

118
5.822364652514121e-01
5.663764238024085e-01
5.496536925326336e-01

119
5.498568694756983e-01
5.323042724985058e-01
5.125938658152910e-01

120
5.106845417857503e-01
4.932608697289428e-01
4.701897734218913e-01

121
4.843771557836312e-01
4.336287599619833e-01
4.017456200206902e-01

122
4.006733925220688e-01
3.613020429495130e-01
3.116477012479385e-01

123
3.152218274394790e-01
2.332660335718252e-01
9.724052958206804e-02

124
6.958572684409205e-02
5.673169966706243e-02
5.581595477650191e-02

125
5.618051955955299e-02
5.623288367215264e-02
5.623517753120966e-02

126
5.623426363963555e-02
5.623413539597459e-02
5.623413006713648e-02

127
5.623413223769155e-02
5.623413251386854e-02
5.623413252368756e-02

128
5.623413251941414e-02
5.623413251903071e-02
5.623413251902742e-02

129
5.623413251903085e-02
5.623413251903006e-02
5.623413251902996e-02

130
5.623413251902999e-02
5.623413251903000e-02
5.623413251903000e-02

131
5.623413251903000e-02
5.623413251903000e-02
5.623413251903000e-02

132
5.623413251903000e-02
5.623413251903000e-02
5.623413251903000e-02

133
5.623413251903000e-02
5.623413251903000e-02
5.623413251903000e-02

134
5.623413251903000e-02
5.623413251903000e-02
5.623413251903000e-02

135
5.623413251903000e-02
5.623413251903000e-02
5.623413251903000e-02

136
5.623413251903000e-02
5.623413251903000e-02
5.623413251903000e-02

137
5.623413251903000e-02
5.623413251903000e-02
5.623413251903000e-02

138
5.623413251903000e-02
5.623413251903000e-02
5.623413251903000e-02

139
5.623413251903000e-02
5.623413251903000e-02
5.623413251903000e-02

140
5.623413251903000e-02
5.623413251903000e-02
5.623413251903000e-02

141
5.623413251903000e-02
5.623413251903000e-02
5.623413251903000e-02

142
5.623413251903000e-02
5.623413251903000e-02
5.623413251903000e-02

143
5.623413251903000e-02
5.623413251903000e-02
5.623413251903000e-02

144
5.623413251903000e-02
5.623413251903000e-02
5.623413251903000e-02

145
5.623413251903000e-02
5.623413251903000e-02
5.623413251903000e-02

146
5.623413251903000e-02
5.623413251903000e-02
5.623413251903000e-02

147
5.623413251903000e-02
5.623413251903000e-02
5.623413251903000e-02

148
5.623413251903000e-02
5.623413251903000e-02
5.623413251903000e-02

149
5.623413251903000e-02
5.623413251903000e-02
5.623413251903000e-02

150
5.623413251903000e-02
5.623413251903000e-02
5.623413251903000e-02

151
5.623413251903000e-02
5.623413251903000e-02
5.623413251903000e-02

152
5.623413251903000e-02
5.623413251903000e-02
5.623413251903000e-02

153
5.623413251903000e-02
5.623413251903000e-02
5.623413251903000e-02

154
5.623413251903000e-02
5.623413251903000e-02
5.623413251903000e-02

155
5.623413251903000e-02
5.623413251903000e-02
5.623413251903000e-02

156
5.623413251903000e-02
5.623413251903000e-02
5.623413251903000e-02

157
5.623413251903000e-02
5.623413251903000e-02
5.623413251903000e-02

158
5.623413251903000e-02
5.623413251903000e-02
5.623413251903000e-02

159
5.623413251903000e-02
5.623413251903000e-02
5.623413251903000e-02

160
5.623413251903000e-02
5.623413251903000e-02
5.623413251903000e-02

161
5.623413251903000e-02
5.623413251903000e-02
5.623413251903000e-02

162
5.623413251903000e-02
5.623413251903000e-02
5.623413251903000e-02

163
5.623413251903000e-02
5.623413251903000e-02
5.623413251903000e-02

164
5.623413251903000e-02
5.623413251903000e-02
5.623413251903000e-02

165
5.623413251903000e-02
5.623413251903000e-02
5.623413251903000e-02

166
5.623413251903000e-02
5.623413251903000e-02
5.623413251903000e-02

167
5.623413251903000e-02
5.623413251903000e-02
5.623413251903000e-02

168
5.623413251903000e-02
5.623413251903000e-02
5.623413251903000e-02

169
5.623413251903000e-02
5.623413251903000e-02
5.623413251903000e-02

170
5.623413251903000e-02
5.623413251903000e-02
5.623413251903000e-02

171
5.623413251903000e-02
5.623413251903000e-02
5.623413251903000e-02

172
5.623413251903000e-02
5.623413251903000e-02
5.623413251903000e-02

173
5.623413251903000e-02
5.623413251903000e-02
5.623413251903000e-02

174
5.623413251903000e-02
5.623413251903000e-02
5.623413251903000e-02

175
5.623413251903000e-02
5.623413251903000e-02
5.623413251903000e-02

176
5.623413251903000e-02
5.623413251903000e-02
5.623413251903000e-02

177
5.623413251903000e-02
5.623413251903000e-02
5.623413251903000e-02

178
5.623413251903000e-02
5.623413251903000e-02
5.623413251903000e-02

179
5.623413251903000e-02
5.623413251903000e-02
5.623413251903000e-02

180
5.623413251903000e-02
5.623413251903000e-02
5.623413251903000e-02

181
5.623413251903000e-02
5.623413251903000e-02
5.623413251903000e-02

182
5.623413251903000e-02
5.623413251903000e-02
5.623413251903000e-02

183
5.623413251903000e-02
5.623413251903000e-02
5.623413251903000e-02

184
5.623413251903000e-02
5.623413251903000e-02
5.623413251903000e-02

185
5.623413251903000e-02
5.623413251903000e-02
5.623413251903000e-02

186
5.623413251903000e-02
5.623413251903000e-02
5.623413251903000e-02

187
5.623413251903000e-02
5.623413251903000e-02
5.623413251903000e-02

188
5.623413251903000e-02
5.623413251903000e-02
5.623413251903000e-02

189
5.623413251903000e-02
5.623413251903000e-02
5.623413251903000e-02

190
5.623413251903000e-02
5.623413251903000e-02
5.623413251903000e-02

191
5.623413251903000e-02
5.623413251903000e-02
5.623413251903000e-02

192
5.623413251903000e-02
5.623413251903000e-02
5.623413251903000e-02

193
5.623413251903000e-02
5.623413251903000e-02
5.623413251903000e-02

194
5.623413251903000e-02
5.623413251903000e-02
5.623413251903000e-02

195
5.623413251903000e-02
5.623413251903000e-02
5.623413251903000e-02

196
5.623413251903000e-02
5.623413251903000e-02
5.623413251903000e-02

197
5.623413251903000e-02
5.623413251903000e-02
5.623413251903000e-02

198
5.623413251903000e-02
5.623413251903000e-02
5.623413251903000e-02

199
5.623413251903000e-02
5.623413251903000e-02
5.623413251903000e-02

200
5.623413251903000e-02
5.623413251903000e-02
5.623413251903000e-02

201
5.623413251903000e-02
5.623413251903000e-02
5.623413251903000e-02

202
5.623413251903000e-02
5.623413251903000e-02
5.623413251903000e-02

203
5.623413251903000e-02
5.623413251903000e-02
5.623413251903000e-02

204
5.623413251903000e-02
5.623413251903000e-02
5.623413251903000e-02

205
5.623413251903000e-02
5.623413251903000e-02
5.623413251903000e-02

206
5.623413251903000e-02
5.623413251903000e-02
5.623413251903000e-02

207
5.623413251903000e-02
5.623413251903000e-02
5.623413251903000e-02

208
5.623413251903000e-02
5.623413251903000e-02
5.623413251903000e-02

209
5.623413251903000e-02
5.623413251903000e-02
5.623413251903000e-02

210
5.623413251903000e-02
5.623413251903000e-02
5.623413251903000e-02

211
5.623413251903000e-02
5.623413251903000e-02
5.623413251903000e-02

212
5.623413251903000e-02
5.623413251903000e-02
5.623413251903000e-02

213
5.623413251903000e-02
5.623413251903000e-02
5.623413251903000e-02

214
5.623413251903000e-02
5.623413251903000e-02
5.623413251903000e-02

215
5.623413251903000e-02
5.623413251903000e-02
5.623413251903000e-02

216
5.623413251903000e-02
5.623413251903000e-02
5.623413251903000e-02

217
5.623413251903000e-02
5.623413251903000e-02
5.623413251903000e-02

218
5.623413251903000e-02
5.623413251903000e-02
5.623413251903000e-02

219
5.623413251903000e-02
5.623413251903000e-02
5.623413251903000e-02

220
5.623413251903000e-02
5.623413251903000e-02
5.623413251903000e-02

221
5.623413251903000e-02
5.623413251903000e-02
5.623413251903000e-02

222
5.623413251903000e-02
5.623413251903000e-02
5.623413251903000e-02

223
5.623413251903000e-02
5.623413251903000e-02
5.623413251903000e-02

224
5.623413251903000e-02
5.623413251903000e-02
5.623413251903000e-02

225
5.623413251903000e-02
5.623413251903000e-02
5.623413251903000e-02

226
5.623413251903000e-02
5.623413251903000e-02
5.623413251903000e-02

227
5.623413251903000e-02
5.623413251903000e-02
5.623413251903000e-02

228
5.623413251903000e-02
5.623413251903000e-02
5.623413251903000e-02

229
5.623413251903000e-02
5.623413251903000e-02
5.623413251903000e-02

230
5.623413251903000e-02
5.623413251903000e-02
5.623413251903000e-02

231
5.623413251903000e-02
5.623413251903000e-02
5.623413251903000e-02

232
5.623413251903000e-02
5.623413251903000e-02
5.623413251903000e-02

233
5.623413251903000e-02
5.623413251903000e-02
5.623413251903000e-02

234
5.623413251903000e-02
5.623413251903000e-02
5.623413251903000e-02

235
5.623413251903000e-02
5.623413251903000e-02
5.623413251903000e-02

236
5.623413251903000e-02
5.623413251903000e-02
5.623413251903000e-02

237
5.623413251903000e-02
5.623413251903000e-02
5.623413251903000e-02

238
5.623413251903000e-02
5.623413251903000e-02
5.623413251903000e-02

239
5.623413251903000e-02
5.623413251903000e-02
5.623413251903000e-02

240
5.623413251903000e-02
5.623413251903000e-02
5.623413251903000e-02

241
5.623413251903000e-02
5.623413251903000e-02
5.623413251903000e-02

242
5.623413251903000e-02
5.623413251903000e-02
5.623413251903000e-02

243
5.623413251903000e-02
5.623413251903000e-02
5.623413251903000e-02

244
5.623413251903000e-02
5.623413251903000e-02
5.623413251903000e-02

245
5.623413251903000e-02
5.623413251903000e-02
5.623413251903000e-02

246
5.623413251903000e-02
5.623413251903000e-02
5.623413251903000e-02

247
5.623413251903000e-02
5.623413251903000e-02
5.623413251903000e-02

248
5.623413251903000e-02
5.623413251903000e-02
5.623413251903000e-02

249
5.623413251903000e-02
5.623413251903000e-02
5.623413251903000e-02

250
5.623413251903000e-02
5.623413251903000e-02
5.623413251903000e-02

251
5.623413251903000e-02
5.623413251903000e-02
5.623413251903000e-02

252
5.623413251903000e-02
5.623413251903000e-02
5.623413251903000e-02

253
5.623413251903000e-02
5.623413251903000e-02
5.623413251903000e-02

254
5.623413251903000e-02
5.623413251903000e-02
5.623413251903000e-02

255
5.623413251903000e-02
5.623413251903000e-02
5.623413251903000e-02

256
5.623413251903000e-02
5.623413251903000e-02
5.623413251903000e-02

257
5.623413251903000e-02
5.623413251903000e-02
5.623413251903000e-02

258
5.623413251903000e-02
5.623413251903000e-02
5.623413251903000e-02

259
5.623413251903000e-02
5.623413251903000e-02
5.623413251903000e-02

260
5.623413251903000e-02
5.623413251903000e-02
5.623413251903000e-02

261
5.623413251903000e-02
5.623413251903000e-02
5.623413251903000e-02

262
5.623413251903000e-02
5.623413251903000e-02
5.623413251903000e-02

263
5.623413251903000e-02
5.623413251903000e-02
5.623413251903000e-02

264
5.623413251903000e-02
5.623413251903000e-02
5.623413251903000e-02

265
5.623413251903000e-02
5.623413251903000e-02
5.623413251903000e-02

266
5.623413251903000e-02
5.623413251903000e-02
5.623413251903000e-02

267
5.623413251903000e-02
5.623413251903000e-02
5.623413251903000e-02

268
5.623413251903000e-02
5.623413251903000e-02
5.623413251903000e-02

269
5.623413251903000e-02
5.623413251903000e-02
5.623413251903000e-02

270
5.623413251903000e-02
5.623413251903000e-02
5.623413251903000e-02

271
5.623413251903000e-02
5.623413251903000e-02
5.623413251903000e-02

272
5.623413251903000e-02
5.623413251903000e-02
5.623413251903000e-02

273
5.623413251903000e-02
5.623413251903000e-02
5.623413251903000e-02

274
5.623413251903000e-02
5.623413251903000e-02
5.623413251903000e-02

275
5.623413251903000e-02
5.623413251903000e-02
5.623413251903000e-02

276
5.623413251903000e-02
5.623413251903000e-02
5.623413251903000e-02

277
5.623413251903000e-02
5.623413251903000e-02
5.623413251903000e-02

278
5.623413251903000e-02
5.623413251903000e-02
5.623413251903000e-02

279
5.623413251903000e-02
5.623413251903000e-02
5.623413251903000e-02

280
5.623413251903000e-02
5.623413251903000e-02
5.623413251903000e-02

281
5.623413251903000e-02
5.623413251903000e-02
5.623413251903000e-02

282
5.623413251903000e-02
5.623413251903000e-02
5.623413251903000e-02

283
5.623413251903000e-02
5.623413251903000e-02
5.623413251903000e-02

284
5.623413251903000e-02
5.623413251903000e-02
5.623413251903000e-02

285
5.623413251903000e-02
5.623413251903000e-02
5.623413251903000e-02

286
5.623413251903000e-02
5.623413251903000e-02
5.623413251903000e-02

287
5.623413251903000e-02
5.623413251903000e-02
5.623413251903000e-02

288
5.623413251903000e-02
5.623413251903000e-02
5.623413251903000e-02

289
5.623413251903000e-02
5.623413251903000e-02
5.623413251903000e-02

290
5.623413251903000e-02
5.623413251903000e-02
5.623413251903000e-02

291
5.623413251903000e-02
5.623413251903000e-02
5.623413251903000e-02

292
5.623413251903000e-02
5.623413251903000e-02
5.623413251903000e-02

293
5.623413251903000e-02
5.623413251903000e-02
5.623413251903000e-02

294
5.623413251903000e-02
5.623413251903000e-02
5.623413251903000e-02

295
5.623413251903000e-02
5.623413251903000e-02
5.623413251903000e-02

296
5.623413251903000e-02
5.623413251903000e-02
5.623413251903000e-02

297
5.623413251903000e-02
5.623413251903000e-02
5.623413251903000e-02

298
5.623413251903000e-02
5.623413251903000e-02
5.623413251903000e-02

299
5.623413251903000e-02
5.623413251903000e-02
5.623413251903000e-02

300
5.623413251903000e-02
5.623413251903000e-02
5.623413251903000e-02

301
5.623413251903000e-02
5.623413251903000e-02
5.623413251903000e-02

302
5.623413251903000e-02
5.623413251903000e-02
5.623413251903000e-02

303
5.623413251903000e-02
5.623413251903000e-02
5.623413251903000e-02

304
5.623413251903000e-02
5.623413251903000e-02
5.623413251903000e-02

305
5.623413251903000e-02
5.623413251903000e-02
5.623413251903000e-02

306
5.623413251903000e-02
5.623413251903000e-02
5.623413251903000e-02

307
5.623413251903000e-02
5.623413251903000e-02
5.623413251903000e-02

308
5.623413251903000e-02
5.623413251903000e-02
5.623413251903000e-02

309
5.623413251903000e-02
5.623413251903000e-02
5.623413251903000e-02

310
5.623413251903000e-02
5.623413251903000e-02
5.623413251903000e-02

311
5.623413251903000e-02
5.623413251903000e-02
5.623413251903000e-02

312
5.623413251903000e-02
5.623413251903000e-02
5.623413251903000e-02

313
5.623413251903000e-02
5.623413251903000e-02
5.623413251902765e-02

314
5.623413251902305e-02
5.623413251904147e-02
5.623413251933708e-02

315
5.623413251984369e-02
5.623413251765391e-02
5.623413248292978e-02

316
5.623413242884008e-02
5.623413267582778e-02
5.623413657915656e-02

317
5.623414192146273e-02
5.623411555565486e-02
5.623370079673062e-02

318
5.623323031498451e-02
5.623584877612973e-02
5.627670005756995e-02

319
5.630882934883226e-02
5.607794686826932e-02
5.195536127438944e-02

