#Cell    Group    L_mom 
# Element_0
# Element_1
    0  0  0
1.915571468596685e+00
1.914455513210022e+00

    1  0  0
1.914473156501448e+00
1.913358563223555e+00

    2  0  0
1.913374829751198e+00
1.912260246960903e+00

    3  0  0
1.912275951717461e+00
1.911160979699829e+00

    4  0  0
1.911176383311178e+00
1.910060859464978e+00

    5  0  0
1.910076072143295e+00
1.908959916966132e+00

    6  0  0
1.908974992060336e+00
1.907858163562125e+00

    7  0  0
1.907873129307229e+00
1.906755601124084e+00

    8  0  0
1.906770475355400e+00
1.905652227457906e+00

    9  0  0
1.905667021200511e+00
1.904548041555914e+00

   10  0  0
1.904562758245709e+00
1.903443042753578e+00

   11  0  0
1.903457680616232e+00
1.902337228148448e+00

   12  0  0
1.902351796472222e+00
1.901230579655115e+00

   13  0  0
1.901245108096625e+00
1.900123082929188e+00

   14  0  0
1.900137554918079e+00
1.899014790864203e+00

   15  0  0
1.899029166132666e+00
1.897905669076527e+00

   16  0  0
1.897920020140653e+00
1.896795622832865e+00

   17  0  0
1.896809905368560e+00
1.895684858181929e+00

   18  0  0
1.895699087942575e+00
1.894573098374891e+00

   19  0  0
1.894587282913429e+00
1.893460617523282e+00

   20  0  0
1.893474758996493e+00
1.892347137288690e+00

   21  0  0
1.892361214469018e+00
1.891232951118734e+00

   22  0  0
1.891247015205826e+00
1.890117678527948e+00

   23  0  0
1.890131653537666e+00
1.889001823948833e+00

   24  0  0
1.889015776677858e+00
1.887884723445204e+00

   25  0  0
1.887898660245257e+00
1.886767091179611e+00

   26  0  0
1.886780912717592e+00
1.885648316363937e+00

   27  0  0
1.885662276616180e+00
1.884528623130210e+00

   28  0  0
1.884542388481931e+00
1.883408394389928e+00

   29  0  0
1.883422113389154e+00
1.882286739240559e+00

   30  0  0
1.882300667842307e+00
1.881164409741247e+00

   31  0  0
1.881178045553603e+00
1.880041444583757e+00

   32  0  0
1.880055075266258e+00
1.878916975864902e+00

   33  0  0
1.878930900966693e+00
1.877791825550228e+00

   34  0  0
1.877805396586108e+00
1.876666164090299e+00

   35  0  0
1.876679633491830e+00
1.875538883293729e+00

   36  0  0
1.875552774966976e+00
1.874410764947539e+00

   37  0  0
1.874424450988459e+00
1.873282224329611e+00

   38  0  0
1.873295538736108e+00
1.872152382935929e+00

   39  0  0
1.872165991534686e+00
1.871021215490330e+00

   40  0  0
1.871035185804223e+00
1.869889333909699e+00

   41  0  0
1.869902837669365e+00
1.868757080308884e+00

   42  0  0
1.868770262768873e+00
1.867623109215701e+00

   43  0  0
1.867636777601954e+00
1.866488022786342e+00

   44  0  0
1.866502052777623e+00
1.865352154821732e+00

   45  0  0
1.865365679560097e+00
1.864215975566087e+00

   46  0  0
1.864229033479420e+00
1.863078086912157e+00

   47  0  0
1.863091628378819e+00
1.861938881502425e+00

   48  0  0
1.861952944955685e+00
1.860798866582112e+00

   49  0  0
1.860812749903641e+00
1.859658328656917e+00

   50  0  0
1.859671456633793e+00
1.858516882192719e+00

   51  0  0
1.858530018239466e+00
1.857373491300496e+00

   52  0  0
1.857387315787054e+00
1.856229207816235e+00

   53  0  0
1.856243439917276e+00
1.855083955527541e+00

   54  0  0
1.855097803276283e+00
1.853938381501824e+00

   55  0  0
1.853951367722892e+00
1.852791538713486e+00

   56  0  0
1.852804678353746e+00
1.851642779954031e+00

   57  0  0
1.851656666635560e+00
1.850493113349800e+00

   58  0  0
1.850507455922846e+00
1.849342425856694e+00

   59  0  0
1.849356675151179e+00
1.848191132267686e+00

   60  0  0
1.848204393525443e+00
1.847039213933598e+00

   61  0  0
1.847052143903214e+00
1.845885062294965e+00

   62  0  0
1.845898879705640e+00
1.844729618410756e+00

   63  0  0
1.844744124524935e+00
1.843573354923131e+00

   64  0  0
1.843588191602824e+00
1.842415979400122e+00

   65  0  0
1.842430155604372e+00
1.841258486461724e+00

   66  0  0
1.841271711981287e+00
1.840099177716795e+00

   67  0  0
1.840112838360453e+00
1.838937952061143e+00

   68  0  0
1.838952609515688e+00
1.837775677326644e+00

   69  0  0
1.837790964539747e+00
1.836612424626640e+00

   70  0  0
1.836627656839260e+00
1.835448488997904e+00

   71  0  0
1.835462662529620e+00
1.834283950971287e+00

   72  0  0
1.834297730756082e+00
1.833116985311608e+00

   73  0  0
1.833131765884605e+00
1.831948569194008e+00

   74  0  0
1.831964191959562e+00
1.830779269376963e+00

   75  0  0
1.830795264231079e+00
1.829608856700964e+00

   76  0  0
1.829624080124400e+00
1.828438310206050e+00

   77  0  0
1.828452580616750e+00
1.827265675670420e+00

   78  0  0
1.827280533329880e+00
1.826091049869604e+00

   79  0  0
1.826106956930065e+00
1.824915361256512e+00

   80  0  0
1.824931904880471e+00
1.823738569952017e+00

   81  0  0
1.823754851499249e+00
1.822561264966025e+00

   82  0  0
1.822576390074799e+00
1.821382896896481e+00

   83  0  0
1.821397898958447e+00
1.820201983067877e+00

   84  0  0
1.820218128916069e+00
1.819019662727643e+00

   85  0  0
1.819036647717186e+00
1.817836368354574e+00

   86  0  0
1.817853566217065e+00
1.816652029400582e+00

   87  0  0
1.816668181882856e+00
1.815467427515743e+00

   88  0  0
1.815482803777101e+00
1.814280204229356e+00

   89  0  0
1.814296526863814e+00
1.813091117577316e+00

   90  0  0
1.813108482434248e+00
1.811901006629020e+00

   91  0  0
1.811918916938649e+00
1.810709648217770e+00

   92  0  0
1.810726893537759e+00
1.809518062597846e+00

   93  0  0
1.809534145078525e+00
1.808324525957375e+00

   94  0  0
1.808341016723997e+00
1.807128550306302e+00

   95  0  0
1.807146264641363e+00
1.805931299494810e+00

   96  0  0
1.805949792659579e+00
1.804732881423890e+00

   97  0  0
1.804751205608447e+00
1.803533757324130e+00

   98  0  0
1.803550802143589e+00
1.802333687632197e+00

   99  0  0
1.802350445839025e+00
1.801130703419076e+00

  100  0  0
1.801148729085690e+00
1.799926078243619e+00

  101  0  0
1.799945081002043e+00
1.798720378374502e+00

  102  0  0
1.798739650378417e+00
1.797513498911853e+00

  103  0  0
1.797531621684871e+00
1.796306344459302e+00

  104  0  0
1.796323586952688e+00
1.795096269477090e+00

  105  0  0
1.795114566342859e+00
1.793884087172229e+00

  106  0  0
1.793903560147506e+00
1.792670761413697e+00

  107  0  0
1.792690827852837e+00
1.791456059608641e+00

  108  0  0
1.791475314195332e+00
1.790241131699503e+00

  109  0  0
1.790259129784690e+00
1.789023867311061e+00

  110  0  0
1.789042439502860e+00
1.787803935686283e+00

  111  0  0
1.787823866315737e+00
1.786582631121762e+00

  112  0  0
1.786603395163969e+00
1.785359983601603e+00

  113  0  0
1.785380377238576e+00
1.784136724555279e+00

  114  0  0
1.784155692443922e+00
1.782912022965315e+00

  115  0  0
1.782930944747179e+00
1.781684136853685e+00

  116  0  0
1.781704515396256e+00
1.780454550572176e+00

  117  0  0
1.780475961202286e+00
1.779223709298032e+00

  118  0  0
1.779245178701174e+00
1.777991780357456e+00

  119  0  0
1.778011831969553e+00
1.776759185509960e+00

  120  0  0
1.776778600797001e+00
1.775523148781402e+00

  121  0  0
1.775543963363412e+00
1.774285016579589e+00

  122  0  0
1.774307050394524e+00
1.773045639641012e+00

  123  0  0
1.773068088428591e+00
1.771804837801093e+00

  124  0  0
1.771826028794496e+00
1.770563766590914e+00

  125  0  0
1.770583862174418e+00
1.769319384717281e+00

  126  0  0
1.769340639407620e+00
1.768072445129929e+00

  127  0  0
1.768095103061022e+00
1.766824155463032e+00

  128  0  0
1.766847508017296e+00
1.765574293537451e+00

  129  0  0
1.765596659291560e+00
1.764324166961829e+00

  130  0  0
1.764345124339953e+00
1.763071201686477e+00

  131  0  0
1.763092930306834e+00
1.761815173898061e+00

  132  0  0
1.761838473613068e+00
1.760557597366441e+00

  133  0  0
1.760581814693180e+00
1.759298433408230e+00

  134  0  0
1.759321989756645e+00
1.758038753295300e+00

  135  0  0
1.758060709963637e+00
1.756776879074202e+00

  136  0  0
1.756799145791135e+00
1.755511457913734e+00

  137  0  0
1.755535423925971e+00
1.754244230200843e+00

  138  0  0
1.754269301221382e+00
1.752975450267405e+00

  139  0  0
1.753000190024518e+00
1.751705802431362e+00

  140  0  0
1.751728844767826e+00
1.750434599335969e+00

  141  0  0
1.750457491266527e+00
1.749159455282217e+00

  142  0  0
1.749184115765553e+00
1.747882210956313e+00

  143  0  0
1.747908143561351e+00
1.746603440122195e+00

  144  0  0
1.746629343453274e+00
1.745323458420674e+00

  145  0  0
1.745347637086750e+00
1.744042438552294e+00

  146  0  0
1.744066054896681e+00
1.742757215873888e+00

  147  0  0
1.742782605281415e+00
1.741469575933919e+00

  148  0  0
1.741496393176192e+00
1.740180398447235e+00

  149  0  0
1.740207448287330e+00
1.738889727171385e+00

  150  0  0
1.738915075257627e+00
1.737598372856268e+00

  151  0  0
1.737622813570715e+00
1.736302687545733e+00

  152  0  0
1.736328849641366e+00
1.735004254054355e+00

  153  0  0
1.735031991922162e+00
1.733704231862877e+00

  154  0  0
1.733732423578380e+00
1.732402502293782e+00

  155  0  0
1.732429045790694e+00
1.731100295087846e+00

  156  0  0
1.731125651658566e+00
1.729793732331640e+00

  157  0  0
1.729820720534903e+00
1.728484086120646e+00

  158  0  0
1.728512790699357e+00
1.727172767632056e+00

  159  0  0
1.727202111221138e+00
1.725859585175078e+00

  160  0  0
1.725887346670447e+00
1.724546016320618e+00

  161  0  0
1.724572366872120e+00
1.723228126946969e+00

  162  0  0
1.723256002865839e+00
1.721906824577687e+00

  163  0  0
1.721936549513434e+00
1.720583744717062e+00

  164  0  0
1.720614263241643e+00
1.719258682782114e+00

  165  0  0
1.719287682598355e+00
1.717933250553859e+00

  166  0  0
1.717960659307636e+00
1.716603548655958e+00

  167  0  0
1.716632380080895e+00
1.715270118541187e+00

  168  0  0
1.715300923134997e+00
1.713934793533065e+00

  169  0  0
1.713966520230118e+00
1.712597389221026e+00

  170  0  0
1.712627645724989e+00
1.711259587754035e+00

  171  0  0
1.711288106872083e+00
1.709917546633344e+00

  172  0  0
1.709947405757863e+00
1.708571482325490e+00

  173  0  0
1.708603430509043e+00
1.707223401083953e+00

  174  0  0
1.707256377017550e+00
1.705873151396883e+00

  175  0  0
1.705904681873955e+00
1.704522459115356e+00

  176  0  0
1.704552132404896e+00
1.703167510499188e+00

  177  0  0
1.703198473845684e+00
1.701808269511026e+00

  178  0  0
1.701841430360559e+00
1.700446892459912e+00

  179  0  0
1.700481165458983e+00
1.699083259369042e+00

  180  0  0
1.699116081242779e+00
1.697719137281848e+00

  181  0  0
1.697750004068846e+00
1.696350678466326e+00

  182  0  0
1.696382827238061e+00
1.694977688438696e+00

  183  0  0
1.695012136238453e+00
1.693602451645471e+00

  184  0  0
1.693638074471279e+00
1.692224868975949e+00

  185  0  0
1.692258999434573e+00
1.690846759311507e+00

  186  0  0
1.690878856729430e+00
1.689464156035866e+00

  187  0  0
1.689497575932621e+00
1.688076815962543e+00

  188  0  0
1.688112629603552e+00
1.686687129651095e+00

  189  0  0
1.686724157911672e+00
1.685295003898720e+00

  190  0  0
1.685330459390245e+00
1.683902324750533e+00

  191  0  0
1.683935690383406e+00
1.682504910468877e+00

  192  0  0
1.682539692667819e+00
1.681102591236586e+00

  193  0  0
1.681139854521228e+00
1.679697839368313e+00

  194  0  0
1.679736330036437e+00
1.678290552478237e+00

  195  0  0
1.678327348524285e+00
1.676882694338721e+00

  196  0  0
1.676917368916621e+00
1.675469770102135e+00

  197  0  0
1.675506011732897e+00
1.674051813773202e+00

  198  0  0
1.674090614627154e+00
1.672631349197996e+00

  199  0  0
1.672671357454160e+00
1.671208254284104e+00

  200  0  0
1.671246404102065e+00
1.669784565631208e+00

  201  0  0
1.669820595164220e+00
1.668355388929362e+00

  202  0  0
1.668393192807796e+00
1.666921096757867e+00

  203  0  0
1.666961526482825e+00
1.665484226457364e+00

  204  0  0
1.665525802939507e+00
1.664044638182111e+00

  205  0  0
1.664084153390790e+00
1.662604408211147e+00

  206  0  0
1.662641849291115e+00
1.661158187451595e+00

  207  0  0
1.661197663945309e+00
1.659706818309435e+00

  208  0  0
1.659748973109604e+00
1.658252803246455e+00

  209  0  0
1.658295992672230e+00
1.656796007390543e+00

  210  0  0
1.656836900511908e+00
1.655338465967477e+00

  211  0  0
1.655377392403987e+00
1.653874374555106e+00

  212  0  0
1.653915641953640e+00
1.652405157976332e+00

  213  0  0
1.652449138122316e+00
1.650933221396496e+00

  214  0  0
1.650978057742776e+00
1.649458487116005e+00

  215  0  0
1.649500771312102e+00
1.647982797943476e+00

  216  0  0
1.648023304899771e+00
1.646499978761388e+00

  217  0  0
1.646543160022060e+00
1.645012112593301e+00

  218  0  0
1.645058018710720e+00
1.643521430952374e+00

  219  0  0
1.643567931419892e+00
1.642028005759664e+00

  220  0  0
1.642071695311576e+00
1.640533246036647e+00

  221  0  0
1.640575455470537e+00
1.639030808668432e+00

  222  0  0
1.639076029879160e+00
1.637523454700939e+00

  223  0  0
1.637571385439079e+00
1.636013154217748e+00

  224  0  0
1.636061316655079e+00
1.634500264949987e+00

  225  0  0
1.634545378530677e+00
1.632985420737876e+00

  226  0  0
1.633029486047359e+00
1.631462450578972e+00

  227  0  0
1.631509839328875e+00
1.629934739008160e+00

  228  0  0
1.629984785678245e+00
1.628403900520596e+00

  229  0  0
1.628453701594798e+00
1.626870744803979e+00

  230  0  0
1.626917308018096e+00
1.625334706679745e+00

  231  0  0
1.625380810177655e+00
1.623790256759832e+00

  232  0  0
1.623839938643609e+00
1.622241267926955e+00

  233  0  0
1.622293505308696e+00
1.620688915289046e+00

  234  0  0
1.620740313820546e+00
1.619134617954855e+00

  235  0  0
1.619182672039162e+00
1.617576174141220e+00

  236  0  0
1.617624521520544e+00
1.616009245307793e+00

  237  0  0
1.616061346101427e+00
1.614437988414287e+00

  238  0  0
1.614492468670321e+00
1.612863097601883e+00

  239  0  0
1.612916050272571e+00
1.611286672733234e+00

  240  0  0
1.611336296501802e+00
1.609704549331343e+00

  241  0  0
1.609755362419571e+00
1.608114104897240e+00

  242  0  0
1.608168755645607e+00
1.606519527881141e+00

  243  0  0
1.606576272050009e+00
1.604921075436057e+00

  244  0  0
1.604975553928006e+00
1.603321396023356e+00

  245  0  0
1.603372731250947e+00
1.601714316941493e+00

  246  0  0
1.601767817222408e+00
1.600099294371594e+00

  247  0  0
1.600156627606035e+00
1.598480273493601e+00

  248  0  0
1.598539253913802e+00
1.596857257653882e+00

  249  0  0
1.596913255916182e+00
1.595232986431263e+00

  250  0  0
1.595286258868210e+00
1.593599687965108e+00

  251  0  0
1.593656077818282e+00
1.591958972475236e+00

  252  0  0
1.592019111089421e+00
1.590314271526741e+00

  253  0  0
1.590375397252358e+00
1.588665695142713e+00

  254  0  0
1.588723230108960e+00
1.587015229054628e+00

  255  0  0
1.587070759813415e+00
1.585354458185704e+00

  256  0  0
1.585413913313133e+00
1.583686873131400e+00

  257  0  0
1.583749915445117e+00
1.582015148511486e+00

  258  0  0
1.582078269742642e+00
1.580339997156669e+00

  259  0  0
1.580399109746695e+00
1.578661508908288e+00

  260  0  0
1.578719697142575e+00
1.576972027185602e+00

  261  0  0
1.577034698446111e+00
1.575276339353229e+00

  262  0  0
1.575342333760235e+00
1.573576188908507e+00

  263  0  0
1.573641128001904e+00
1.571873338484218e+00

  264  0  0
1.571934112052028e+00
1.570164882040412e+00

  265  0  0
1.570226152543833e+00
1.568445423031141e+00

  266  0  0
1.568511447497952e+00
1.566720295672695e+00

  267  0  0
1.566789213812102e+00
1.564990307521024e+00

  268  0  0
1.565056920351637e+00
1.563258334655658e+00

  269  0  0
1.563320959093778e+00
1.561517973507071e+00

  270  0  0
1.561582718953815e+00
1.559767186197088e+00

  271  0  0
1.559836703790888e+00
1.558011112533012e+00

  272  0  0
1.558082828409161e+00
1.556249934142433e+00

  273  0  0
1.556318164734895e+00
1.554486948770757e+00

  274  0  0
1.554551802844036e+00
1.552712891984565e+00

  275  0  0
1.552781431751376e+00
1.550929353630730e+00

  276  0  0
1.551002497576480e+00
1.549140655947594e+00

  277  0  0
1.549214924981573e+00
1.547347062232353e+00

  278  0  0
1.547416937691118e+00
1.545550682533395e+00

  279  0  0
1.545618351557824e+00
1.543741338497157e+00

  280  0  0
1.543813898860585e+00
1.541923572349332e+00

  281  0  0
1.542000413584867e+00
1.540100430029226e+00

  282  0  0
1.540176904881446e+00
1.538273192793987e+00

  283  0  0
1.538344793430902e+00
1.536440659015009e+00

  284  0  0
1.536511841463406e+00
1.534594499743737e+00

  285  0  0
1.534671233584394e+00
1.532740882489449e+00

  286  0  0
1.532821361784325e+00
1.530881393116023e+00

  287  0  0
1.530959738139016e+00
1.529018905892288e+00

  288  0  0
1.529092431293830e+00
1.527147391404733e+00

  289  0  0
1.527222743289475e+00
1.525262797394914e+00

  290  0  0
1.525343841430984e+00
1.523371460873393e+00

  291  0  0
1.523455351511858e+00
1.521473839406145e+00

  292  0  0
1.521553890184994e+00
1.519573751564116e+00

  293  0  0
1.519649702971379e+00
1.517660762235222e+00

  294  0  0
1.517740785289295e+00
1.515736004096005e+00

  295  0  0
1.515821498678382e+00
1.513804796092132e+00

  296  0  0
1.513891679294795e+00
1.511867509685815e+00

  297  0  0
1.511949289832826e+00
1.509926567495950e+00

  298  0  0
1.510005812826431e+00
1.507970035434859e+00

  299  0  0
1.508055024519376e+00
1.506003259815771e+00

  300  0  0
1.506093236457323e+00
1.504029777627750e+00

  301  0  0
1.504119070067804e+00
1.502051325229096e+00

  302  0  0
1.502134956365432e+00
1.500065694498265e+00

  303  0  0
1.500149271499526e+00
1.498063787220376e+00

  304  0  0
1.498153893432850e+00
1.496052971217513e+00

  305  0  0
1.496147236588520e+00
1.494034817633214e+00

  306  0  0
1.494126032414597e+00
1.492013061639578e+00

  307  0  0
1.492098912822300e+00
1.489979016031740e+00

  308  0  0
1.490067835260976e+00
1.487929757764126e+00

  309  0  0
1.488025123722561e+00
1.485872414479285e+00

  310  0  0
1.485970497636846e+00
1.483807395037735e+00

  311  0  0
1.483900380321940e+00
1.481738757866985e+00

  312  0  0
1.481827717354974e+00
1.479653182134006e+00

  313  0  0
1.479747795701234e+00
1.477554324198268e+00

  314  0  0
1.477655018117188e+00
1.475447488714732e+00

  315  0  0
1.475548599795813e+00
1.473333795825187e+00

  316  0  0
1.473428633532200e+00
1.471213512725530e+00

  317  0  0
1.471306938163748e+00
1.469074107296108e+00

  318  0  0
1.469174752604217e+00
1.466923367748131e+00

  319  0  0
1.467029230493254e+00
1.464764036883308e+00

  320  0  0
1.464867388808527e+00
1.462599577936476e+00

  321  0  0
1.462696625407290e+00
1.460422606002576e+00

  322  0  0
1.460521892918801e+00
1.458227081588040e+00

  323  0  0
1.458333915854624e+00
1.456021507586222e+00

  324  0  0
1.456131987799713e+00
1.453806650554132e+00

  325  0  0
1.453911858896390e+00
1.451587303126147e+00

  326  0  0
1.451687480985986e+00
1.449349152743897e+00

  327  0  0
1.449455130062812e+00
1.447094709062491e+00

  328  0  0
1.447207749628986e+00
1.444830633576527e+00

  329  0  0
1.444944657757800e+00
1.442557973152998e+00

  330  0  0
1.442665047300500e+00
1.440277995622393e+00

  331  0  0
1.440382975867738e+00
1.437975869652608e+00

  332  0  0
1.438088879618477e+00
1.435659987061551e+00

  333  0  0
1.435779066809490e+00
1.433333845843265e+00

  334  0  0
1.433450378000066e+00
1.431001084575925e+00

  335  0  0
1.431110517736422e+00
1.428653957560896e+00

  336  0  0
1.428765682890465e+00
1.426284949701859e+00

  337  0  0
1.426405219467072e+00
1.423903724806981e+00

  338  0  0
1.424028147151070e+00
1.421511267198538e+00

  339  0  0
1.421629747702944e+00
1.419112885005688e+00

  340  0  0
1.419225759239239e+00
1.416692412094720e+00

  341  0  0
1.416811862818382e+00
1.414252808266142e+00

  342  0  0
1.414380172092392e+00
1.411801567760563e+00

  343  0  0
1.411929769214958e+00
1.409340115644585e+00

  344  0  0
1.409460461910952e+00
1.406869194701176e+00

  345  0  0
1.406987614616853e+00
1.404372518502482e+00

  346  0  0
1.404500107183214e+00
1.401859850704551e+00

  347  0  0
1.401994101390465e+00
1.399334735714453e+00

  348  0  0
1.399465573359351e+00
1.396801622097767e+00

  349  0  0
1.396924717225887e+00
1.394249994945731e+00

  350  0  0
1.394376527381213e+00
1.391673108107346e+00

  351  0  0
1.391809176476768e+00
1.389081573307734e+00

  352  0  0
1.389221682258510e+00
1.386476351926261e+00

  353  0  0
1.386609191781795e+00
1.383862939953759e+00

  354  0  0
1.383990216723624e+00
1.381222254867550e+00

  355  0  0
1.381357713755503e+00
1.378559896384638e+00

  356  0  0
1.378703906379548e+00
1.375883402492517e+00

  357  0  0
1.376027093838249e+00
1.373195236049820e+00

  358  0  0
1.373330002990971e+00
1.370493193808183e+00

  359  0  0
1.370627433023183e+00
1.367761203365231e+00

  360  0  0
1.367906030493971e+00
1.365011057475478e+00

  361  0  0
1.365162642137870e+00
1.362245514327658e+00

  362  0  0
1.362391773836117e+00
1.359470429198554e+00

  363  0  0
1.359608699588384e+00
1.356669769502646e+00

  364  0  0
1.356813948781383e+00
1.353840790138353e+00

  365  0  0
1.353995344104622e+00
1.350994409095905e+00

  366  0  0
1.351151846752973e+00
1.348131773326784e+00

  367  0  0
1.348280117807476e+00
1.345256827737271e+00

  368  0  0
1.345400881432045e+00
1.342347832761579e+00

  369  0  0
1.342502412100590e+00
1.339414798708133e+00

  370  0  0
1.339578203727955e+00
1.336463937994390e+00

  371  0  0
1.336624506707708e+00
1.333499766215392e+00

  372  0  0
1.333650566725753e+00
1.330513065061357e+00

  373  0  0
1.330666458623251e+00
1.327491853826519e+00

  374  0  0
1.327657074497061e+00
1.324449689329600e+00

  375  0  0
1.324620598377594e+00
1.321388331722235e+00

  376  0  0
1.321550916208452e+00
1.318314679605714e+00

  377  0  0
1.318470013713005e+00
1.315205935844262e+00

  378  0  0
1.315370830171619e+00
1.312067030208164e+00

  379  0  0
1.312242794820229e+00
1.308907663332034e+00

  380  0  0
1.309083598598769e+00
1.305730409574875e+00

  381  0  0
1.305895750018093e+00
1.302532535384360e+00

  382  0  0
1.302697260532602e+00
1.299293365080793e+00

  383  0  0
1.299471151456906e+00
1.296026847748626e+00

  384  0  0
1.296212835789975e+00
1.292736241629773e+00

  385  0  0
1.292915283964683e+00
1.289428669496861e+00

  386  0  0
1.289597916690065e+00
1.286083913925035e+00

  387  0  0
1.286260500320313e+00
1.282700319035737e+00

  388  0  0
1.282889098720872e+00
1.279291741377050e+00

  389  0  0
1.279482960268614e+00
1.275860849204459e+00

  390  0  0
1.276040633339717e+00
1.272411206706428e+00

  391  0  0
1.272587125928910e+00
1.268917013540729e+00

  392  0  0
1.269106700112301e+00
1.265391488361327e+00

  393  0  0
1.265591968040198e+00
1.261840123343361e+00

  394  0  0
1.262036085431195e+00
1.258268269671577e+00

  395  0  0
1.258453283073000e+00
1.254658519665115e+00

  396  0  0
1.254849167059048e+00
1.251000110103557e+00

  397  0  0
1.251204866125137e+00
1.247308592769228e+00

  398  0  0
1.247518136187088e+00
1.243586232120875e+00

  399  0  0
1.243783796822802e+00
1.239840369175063e+00

  400  0  0
1.240030783556786e+00
1.236042737707789e+00

  401  0  0
1.236246467887633e+00
1.232205430832445e+00

  402  0  0
1.232421643722607e+00
1.228337921743635e+00

  403  0  0
1.228551573436462e+00
1.224445035604337e+00

  404  0  0
1.224646704871570e+00
1.220513393862900e+00

  405  0  0
1.220719090633657e+00
1.216523882649483e+00

  406  0  0
1.216745753114272e+00
1.212492764472836e+00

  407  0  0
1.212721668734765e+00
1.208421963478958e+00

  408  0  0
1.208638429002280e+00
1.204320714254231e+00

  409  0  0
1.204526659332725e+00
1.200160147348263e+00

  410  0  0
1.200377914939970e+00
1.195951588435709e+00

  411  0  0
1.196182614259747e+00
1.191710194139048e+00

  412  0  0
1.191940059036667e+00
1.187442296127614e+00

  413  0  0
1.187659771594828e+00
1.183138660506148e+00

  414  0  0
1.183360297154083e+00
1.178771803132669e+00

  415  0  0
1.179013954949908e+00
1.174354977723745e+00

  416  0  0
1.174608828193121e+00
1.169885071199676e+00

  417  0  0
1.170128194991853e+00
1.165366604918930e+00

  418  0  0
1.165597047160462e+00
1.160766043580894e+00

  419  0  0
1.161005822406182e+00
1.156092152822042e+00

  420  0  0
1.156342964934672e+00
1.151367832396946e+00

  421  0  0
1.151614368319448e+00
1.146607742422501e+00

  422  0  0
1.146837334301608e+00
1.141814644190012e+00

  423  0  0
1.142046205469029e+00
1.136962611495670e+00

  424  0  0
1.137218861313844e+00
1.132067332150192e+00

  425  0  0
1.132342445248486e+00
1.127120778865838e+00

  426  0  0
1.127391583571353e+00
1.122116138945824e+00

  427  0  0
1.122377849367174e+00
1.117003949671247e+00

  428  0  0
1.117276679680906e+00
1.111779146907503e+00

  429  0  0
1.112061051104127e+00
1.106463830551703e+00

  430  0  0
1.106734105869079e+00
1.101080925144078e+00

  431  0  0
1.101322597806395e+00
1.095652454227082e+00

  432  0  0
1.095886716162771e+00
1.090170486861033e+00

  433  0  0
1.090428667956411e+00
1.084670072746690e+00

  434  0  0
1.084954624445960e+00
1.079148855618556e+00

  435  0  0
1.079442566363058e+00
1.073586815730217e+00

  436  0  0
1.073888237690892e+00
1.067900530832857e+00

  437  0  0
1.068229592639927e+00
1.062043517800883e+00

  438  0  0
1.062389959642828e+00
1.056005232123384e+00

  439  0  0
1.056332620763085e+00
1.049795777210125e+00

  440  0  0
1.050071173329953e+00
1.043454514089588e+00

  441  0  0
1.043692133885721e+00
1.037018258668906e+00

  442  0  0
1.037254081078088e+00
1.030589390676227e+00

  443  0  0
1.030839622275713e+00
1.024225511199466e+00

  444  0  0
1.024493725257196e+00
1.017934047945010e+00

  445  0  0
1.018243058159269e+00
1.011602695881800e+00

  446  0  0
1.011990393658066e+00
1.005108023870208e+00

  447  0  0
1.005562180941743e+00
9.983313840517629e-01

  448  0  0
9.987907010690799e-01
9.911813229164497e-01

  449  0  0
9.915733555969539e-01
9.836432338987522e-01

  450  0  0
9.839436058142835e-01
9.757839326155588e-01

  451  0  0
9.760034608099889e-01
9.678295836840070e-01

  452  0  0
9.679850854521572e-01
9.600164495130209e-01

  453  0  0
9.601456345401976e-01
9.525233190748110e-01

  454  0  0
9.527144903667791e-01
9.453178390059189e-01

  455  0  0
9.456825774108616e-01
9.382228370662313e-01

  456  0  0
9.387956127056154e-01
9.309113193021509e-01

  457  0  0
9.316260694284411e-01
9.229849658660833e-01

  458  0  0
9.237067978989060e-01
9.141234266067253e-01

  459  0  0
9.147223095239064e-01
9.042316728068572e-01

  460  0  0
9.045980525381699e-01
8.936195360625017e-01

  461  0  0
8.936846413680590e-01
8.828692860580685e-01

  462  0  0
8.826689612018563e-01
8.726808830770704e-01

  463  0  0
8.724113539927731e-01
8.635204828425458e-01

  464  0  0
8.634862744500531e-01
8.554836223102233e-01

  465  0  0
8.559284094518685e-01
8.480925459204437e-01

  466  0  0
8.490892609662224e-01
8.403436408307218e-01

  467  0  0
8.417553027770313e-01
8.309938641129920e-01

  468  0  0
8.325134695164821e-01
8.190536167660842e-01

  469  0  0
8.202393869767762e-01
8.043550423811935e-01

  470  0  0
8.047694030960456e-01
7.877404094015578e-01

  471  0  0
7.871703752628676e-01
7.709561233432134e-01

  472  0  0
7.696099192345385e-01
7.560224475498437e-01

  473  0  0
7.545463488316227e-01
7.445635101279380e-01

  474  0  0
7.437871012600967e-01
7.368508455807066e-01

  475  0  0
7.374743902716190e-01
7.313449857456081e-01

  476  0  0
7.336716814679350e-01
7.248481605186313e-01

  477  0  0
7.285357874407357e-01
7.134836346010804e-01

  478  0  0
7.174546374170934e-01
6.943563271668813e-01

  479  0  0
6.971487388509884e-01
6.670038744855858e-01

  480  0  0
6.672346117129561e-01
6.341126090173783e-01

  481  0  0
6.312482676605575e-01
6.011943342245899e-01

  482  0  0
5.961128122213891e-01
5.749067480340342e-01

  483  0  0
5.695143318414914e-01
5.600721061349786e-01

  484  0  0
5.569999020778686e-01
5.572875165370135e-01

  485  0  0
5.590831732476675e-01
5.608205767155013e-01

  486  0  0
5.681790108700613e-01
5.593813848623824e-01

  487  0  0
5.709420875444419e-01
5.400984803644165e-01

  488  0  0
5.524430856798095e-01
4.925832966306500e-01

  489  0  0
5.000432488172282e-01
4.145581595994347e-01

  490  0  0
4.130730658157191e-01
3.144809540346879e-01

  491  0  0
3.028080714047269e-01
2.076073849339187e-01

  492  0  0
1.869500893038712e-01
1.121390419698493e-01

  493  0  0
8.988506214151283e-02
4.459795622073474e-02

  494  0  0
2.893139907760999e-02
1.058999767991336e-02

  495  0  0
4.079277211571006e-03
8.149953109650867e-04

  496  0  0
1.980821719713910e-04
3.204414537743765e-05

  497  0  0
1.483994113095864e-05
1.053299503052150e-05

  498  0  0
1.011679006399709e-05
1.001283859180694e-05

  499  0  0
1.000281305752000e-05
1.000030922274519e-05

  500  0  0
1.000006775355989e-05
1.000000744773667e-05

  501  0  0
1.000000163186519e-05
1.000000017937798e-05

  502  0  0
1.000000003930065e-05
1.000000000431698e-05

  503  0  0
1.000000000094316e-05
1.000000000010057e-05

  504  0  0
1.000000000001931e-05
9.999999999999022e-06

  505  0  0
9.999999999997060e-06
9.999999999996570e-06

  506  0  0
9.999999999996521e-06
9.999999999996511e-06

  507  0  0
9.999999999996508e-06
9.999999999996509e-06

  508  0  0
9.999999999996508e-06
9.999999999996509e-06

  509  0  0
9.999999999996508e-06
9.999999999996509e-06

  510  0  0
9.999999999996508e-06
9.999999999996509e-06

  511  0  0
9.999999999996508e-06
9.999999999996509e-06

  512  0  0
9.999999999996508e-06
9.999999999996509e-06

  513  0  0
9.999999999996508e-06
9.999999999996509e-06

  514  0  0
9.999999999996508e-06
9.999999999996509e-06

  515  0  0
9.999999999996508e-06
9.999999999996509e-06

  516  0  0
9.999999999996508e-06
9.999999999996509e-06

  517  0  0
9.999999999996508e-06
9.999999999996509e-06

  518  0  0
9.999999999996508e-06
9.999999999996509e-06

  519  0  0
9.999999999996508e-06
9.999999999996509e-06

  520  0  0
9.999999999996508e-06
9.999999999996509e-06

  521  0  0
9.999999999996508e-06
9.999999999996509e-06

  522  0  0
9.999999999996508e-06
9.999999999996509e-06

  523  0  0
9.999999999996508e-06
9.999999999996509e-06

  524  0  0
9.999999999996508e-06
9.999999999996509e-06

  525  0  0
9.999999999996508e-06
9.999999999996509e-06

  526  0  0
9.999999999996508e-06
9.999999999996509e-06

  527  0  0
9.999999999996508e-06
9.999999999996509e-06

  528  0  0
9.999999999996508e-06
9.999999999996509e-06

  529  0  0
9.999999999996508e-06
9.999999999996509e-06

  530  0  0
9.999999999996508e-06
9.999999999996509e-06

  531  0  0
9.999999999996508e-06
9.999999999996509e-06

  532  0  0
9.999999999996508e-06
9.999999999996509e-06

  533  0  0
9.999999999996508e-06
9.999999999996509e-06

  534  0  0
9.999999999996508e-06
9.999999999996509e-06

  535  0  0
9.999999999996508e-06
9.999999999996509e-06

  536  0  0
9.999999999996508e-06
9.999999999996509e-06

  537  0  0
9.999999999996508e-06
9.999999999996509e-06

  538  0  0
9.999999999996508e-06
9.999999999996509e-06

  539  0  0
9.999999999996508e-06
9.999999999996509e-06

  540  0  0
9.999999999996508e-06
9.999999999996509e-06

  541  0  0
9.999999999996508e-06
9.999999999996509e-06

  542  0  0
9.999999999996508e-06
9.999999999996509e-06

  543  0  0
9.999999999996508e-06
9.999999999996509e-06

  544  0  0
9.999999999996508e-06
9.999999999996509e-06

  545  0  0
9.999999999996508e-06
9.999999999996509e-06

  546  0  0
9.999999999996508e-06
9.999999999996509e-06

  547  0  0
9.999999999996508e-06
9.999999999996509e-06

  548  0  0
9.999999999996508e-06
9.999999999996509e-06

  549  0  0
9.999999999996508e-06
9.999999999996509e-06

  550  0  0
9.999999999996508e-06
9.999999999996509e-06

  551  0  0
9.999999999996508e-06
9.999999999996509e-06

  552  0  0
9.999999999996508e-06
9.999999999996509e-06

  553  0  0
9.999999999996508e-06
9.999999999996509e-06

  554  0  0
9.999999999996508e-06
9.999999999996509e-06

  555  0  0
9.999999999996508e-06
9.999999999996509e-06

  556  0  0
9.999999999996508e-06
9.999999999996509e-06

  557  0  0
9.999999999996508e-06
9.999999999996509e-06

  558  0  0
9.999999999996508e-06
9.999999999996509e-06

  559  0  0
9.999999999996508e-06
9.999999999996509e-06

  560  0  0
9.999999999996508e-06
9.999999999996509e-06

  561  0  0
9.999999999996508e-06
9.999999999996509e-06

  562  0  0
9.999999999996508e-06
9.999999999996509e-06

  563  0  0
9.999999999996508e-06
9.999999999996509e-06

  564  0  0
9.999999999996508e-06
9.999999999996509e-06

  565  0  0
9.999999999996508e-06
9.999999999996509e-06

  566  0  0
9.999999999996508e-06
9.999999999996509e-06

  567  0  0
9.999999999996508e-06
9.999999999996509e-06

  568  0  0
9.999999999996508e-06
9.999999999996509e-06

  569  0  0
9.999999999996508e-06
9.999999999996509e-06

  570  0  0
9.999999999996508e-06
9.999999999996509e-06

  571  0  0
9.999999999996508e-06
9.999999999996509e-06

  572  0  0
9.999999999996508e-06
9.999999999996509e-06

  573  0  0
9.999999999996508e-06
9.999999999996509e-06

  574  0  0
9.999999999996508e-06
9.999999999996509e-06

  575  0  0
9.999999999996508e-06
9.999999999996509e-06

  576  0  0
9.999999999996508e-06
9.999999999996509e-06

  577  0  0
9.999999999996508e-06
9.999999999996509e-06

  578  0  0
9.999999999996508e-06
9.999999999996509e-06

  579  0  0
9.999999999996508e-06
9.999999999996509e-06

  580  0  0
9.999999999996508e-06
9.999999999996509e-06

  581  0  0
9.999999999996508e-06
9.999999999996509e-06

  582  0  0
9.999999999996508e-06
9.999999999996509e-06

  583  0  0
9.999999999996508e-06
9.999999999996509e-06

  584  0  0
9.999999999996508e-06
9.999999999996509e-06

  585  0  0
9.999999999996508e-06
9.999999999996509e-06

  586  0  0
9.999999999996508e-06
9.999999999996509e-06

  587  0  0
9.999999999996508e-06
9.999999999996509e-06

  588  0  0
9.999999999996508e-06
9.999999999996509e-06

  589  0  0
9.999999999996508e-06
9.999999999996509e-06

  590  0  0
9.999999999996508e-06
9.999999999996509e-06

  591  0  0
9.999999999996508e-06
9.999999999996509e-06

  592  0  0
9.999999999996508e-06
9.999999999996509e-06

  593  0  0
9.999999999996508e-06
9.999999999996509e-06

  594  0  0
9.999999999996508e-06
9.999999999996509e-06

  595  0  0
9.999999999996508e-06
9.999999999996509e-06

  596  0  0
9.999999999996508e-06
9.999999999996509e-06

  597  0  0
9.999999999996508e-06
9.999999999996509e-06

  598  0  0
9.999999999996508e-06
9.999999999996509e-06

  599  0  0
9.999999999996508e-06
9.999999999996509e-06

  600  0  0
9.999999999996508e-06
9.999999999996509e-06

  601  0  0
9.999999999996508e-06
9.999999999996509e-06

  602  0  0
9.999999999996508e-06
9.999999999996509e-06

  603  0  0
9.999999999996508e-06
9.999999999996509e-06

  604  0  0
9.999999999996508e-06
9.999999999996509e-06

  605  0  0
9.999999999996508e-06
9.999999999996509e-06

  606  0  0
9.999999999996508e-06
9.999999999996509e-06

  607  0  0
9.999999999996508e-06
9.999999999996509e-06

  608  0  0
9.999999999996508e-06
9.999999999996509e-06

  609  0  0
9.999999999996508e-06
9.999999999996509e-06

  610  0  0
9.999999999996508e-06
9.999999999996509e-06

  611  0  0
9.999999999996508e-06
9.999999999996509e-06

  612  0  0
9.999999999996508e-06
9.999999999996509e-06

  613  0  0
9.999999999996508e-06
9.999999999996509e-06

  614  0  0
9.999999999996508e-06
9.999999999996509e-06

  615  0  0
9.999999999996508e-06
9.999999999996509e-06

  616  0  0
9.999999999996508e-06
9.999999999996509e-06

  617  0  0
9.999999999996508e-06
9.999999999996509e-06

  618  0  0
9.999999999996508e-06
9.999999999996509e-06

  619  0  0
9.999999999996508e-06
9.999999999996509e-06

  620  0  0
9.999999999996508e-06
9.999999999996509e-06

  621  0  0
9.999999999996508e-06
9.999999999996509e-06

  622  0  0
9.999999999996508e-06
9.999999999996509e-06

  623  0  0
9.999999999996508e-06
9.999999999996509e-06

  624  0  0
9.999999999996508e-06
9.999999999996509e-06

  625  0  0
9.999999999996508e-06
9.999999999996509e-06

  626  0  0
9.999999999996508e-06
9.999999999996509e-06

  627  0  0
9.999999999996508e-06
9.999999999996509e-06

  628  0  0
9.999999999996508e-06
9.999999999996509e-06

  629  0  0
9.999999999996508e-06
9.999999999996509e-06

  630  0  0
9.999999999996508e-06
9.999999999996509e-06

  631  0  0
9.999999999996508e-06
9.999999999996509e-06

  632  0  0
9.999999999996508e-06
9.999999999996509e-06

  633  0  0
9.999999999996508e-06
9.999999999996509e-06

  634  0  0
9.999999999996508e-06
9.999999999996509e-06

  635  0  0
9.999999999996508e-06
9.999999999996509e-06

  636  0  0
9.999999999996508e-06
9.999999999996509e-06

  637  0  0
9.999999999996508e-06
9.999999999996509e-06

  638  0  0
9.999999999996508e-06
9.999999999996509e-06

  639  0  0
9.999999999996508e-06
9.999999999996509e-06

  640  0  0
9.999999999996508e-06
9.999999999996509e-06

  641  0  0
9.999999999996508e-06
9.999999999996509e-06

  642  0  0
9.999999999996508e-06
9.999999999996509e-06

  643  0  0
9.999999999996508e-06
9.999999999996509e-06

  644  0  0
9.999999999996508e-06
9.999999999996509e-06

  645  0  0
9.999999999996508e-06
9.999999999996509e-06

  646  0  0
9.999999999996508e-06
9.999999999996509e-06

  647  0  0
9.999999999996508e-06
9.999999999996509e-06

  648  0  0
9.999999999996508e-06
9.999999999996509e-06

  649  0  0
9.999999999996508e-06
9.999999999996509e-06

  650  0  0
9.999999999996508e-06
9.999999999996509e-06

  651  0  0
9.999999999996508e-06
9.999999999996509e-06

  652  0  0
9.999999999996508e-06
9.999999999996509e-06

  653  0  0
9.999999999996508e-06
9.999999999996509e-06

  654  0  0
9.999999999996508e-06
9.999999999996509e-06

  655  0  0
9.999999999996508e-06
9.999999999996509e-06

  656  0  0
9.999999999996508e-06
9.999999999996509e-06

  657  0  0
9.999999999996508e-06
9.999999999996509e-06

  658  0  0
9.999999999996508e-06
9.999999999996509e-06

  659  0  0
9.999999999996508e-06
9.999999999996509e-06

  660  0  0
9.999999999996508e-06
9.999999999996509e-06

  661  0  0
9.999999999996508e-06
9.999999999996509e-06

  662  0  0
9.999999999996508e-06
9.999999999996509e-06

  663  0  0
9.999999999996508e-06
9.999999999996509e-06

  664  0  0
9.999999999996508e-06
9.999999999996509e-06

  665  0  0
9.999999999996508e-06
9.999999999996509e-06

  666  0  0
9.999999999996508e-06
9.999999999996509e-06

  667  0  0
9.999999999996508e-06
9.999999999996509e-06

  668  0  0
9.999999999996508e-06
9.999999999996509e-06

  669  0  0
9.999999999996508e-06
9.999999999996509e-06

  670  0  0
9.999999999996508e-06
9.999999999996509e-06

  671  0  0
9.999999999996508e-06
9.999999999996509e-06

  672  0  0
9.999999999996508e-06
9.999999999996509e-06

  673  0  0
9.999999999996508e-06
9.999999999996509e-06

  674  0  0
9.999999999996508e-06
9.999999999996509e-06

  675  0  0
9.999999999996508e-06
9.999999999996509e-06

  676  0  0
9.999999999996508e-06
9.999999999996509e-06

  677  0  0
9.999999999996508e-06
9.999999999996509e-06

  678  0  0
9.999999999996508e-06
9.999999999996509e-06

  679  0  0
9.999999999996508e-06
9.999999999996509e-06

  680  0  0
9.999999999996508e-06
9.999999999996509e-06

  681  0  0
9.999999999996508e-06
9.999999999996509e-06

  682  0  0
9.999999999996508e-06
9.999999999996509e-06

  683  0  0
9.999999999996508e-06
9.999999999996509e-06

  684  0  0
9.999999999996508e-06
9.999999999996509e-06

  685  0  0
9.999999999996508e-06
9.999999999996509e-06

  686  0  0
9.999999999996508e-06
9.999999999996509e-06

  687  0  0
9.999999999996508e-06
9.999999999996509e-06

  688  0  0
9.999999999996508e-06
9.999999999996509e-06

  689  0  0
9.999999999996508e-06
9.999999999996509e-06

  690  0  0
9.999999999996508e-06
9.999999999996509e-06

  691  0  0
9.999999999996508e-06
9.999999999996509e-06

  692  0  0
9.999999999996508e-06
9.999999999996509e-06

  693  0  0
9.999999999996508e-06
9.999999999996509e-06

  694  0  0
9.999999999996508e-06
9.999999999996509e-06

  695  0  0
9.999999999996508e-06
9.999999999996509e-06

  696  0  0
9.999999999996508e-06
9.999999999996509e-06

  697  0  0
9.999999999996508e-06
9.999999999996509e-06

  698  0  0
9.999999999996508e-06
9.999999999996509e-06

  699  0  0
9.999999999996508e-06
9.999999999996509e-06

  700  0  0
9.999999999996508e-06
9.999999999996509e-06

  701  0  0
9.999999999996508e-06
9.999999999996509e-06

  702  0  0
9.999999999996508e-06
9.999999999996509e-06

  703  0  0
9.999999999996508e-06
9.999999999996509e-06

  704  0  0
9.999999999996508e-06
9.999999999996509e-06

  705  0  0
9.999999999996508e-06
9.999999999996509e-06

  706  0  0
9.999999999996508e-06
9.999999999996509e-06

  707  0  0
9.999999999996508e-06
9.999999999996509e-06

  708  0  0
9.999999999996508e-06
9.999999999996509e-06

  709  0  0
9.999999999996508e-06
9.999999999996509e-06

  710  0  0
9.999999999996508e-06
9.999999999996509e-06

  711  0  0
9.999999999996508e-06
9.999999999996509e-06

  712  0  0
9.999999999996508e-06
9.999999999996509e-06

  713  0  0
9.999999999996508e-06
9.999999999996509e-06

  714  0  0
9.999999999996508e-06
9.999999999996509e-06

  715  0  0
9.999999999996508e-06
9.999999999996509e-06

  716  0  0
9.999999999996508e-06
9.999999999996509e-06

  717  0  0
9.999999999996508e-06
9.999999999996509e-06

  718  0  0
9.999999999996508e-06
9.999999999996509e-06

  719  0  0
9.999999999996508e-06
9.999999999996509e-06

  720  0  0
9.999999999996508e-06
9.999999999996509e-06

  721  0  0
9.999999999996508e-06
9.999999999996509e-06

  722  0  0
9.999999999996508e-06
9.999999999996509e-06

  723  0  0
9.999999999996508e-06
9.999999999996509e-06

  724  0  0
9.999999999996508e-06
9.999999999996509e-06

  725  0  0
9.999999999996508e-06
9.999999999996509e-06

  726  0  0
9.999999999996508e-06
9.999999999996509e-06

  727  0  0
9.999999999996508e-06
9.999999999996509e-06

  728  0  0
9.999999999996508e-06
9.999999999996509e-06

  729  0  0
9.999999999996508e-06
9.999999999996509e-06

  730  0  0
9.999999999996508e-06
9.999999999996509e-06

  731  0  0
9.999999999996508e-06
9.999999999996509e-06

  732  0  0
9.999999999996508e-06
9.999999999996509e-06

  733  0  0
9.999999999996508e-06
9.999999999996509e-06

  734  0  0
9.999999999996508e-06
9.999999999996509e-06

  735  0  0
9.999999999996508e-06
9.999999999996509e-06

  736  0  0
9.999999999996508e-06
9.999999999996509e-06

  737  0  0
9.999999999996508e-06
9.999999999996509e-06

  738  0  0
9.999999999996508e-06
9.999999999996509e-06

  739  0  0
9.999999999996508e-06
9.999999999996509e-06

  740  0  0
9.999999999996508e-06
9.999999999996509e-06

  741  0  0
9.999999999996508e-06
9.999999999996509e-06

  742  0  0
9.999999999996508e-06
9.999999999996509e-06

  743  0  0
9.999999999996508e-06
9.999999999996509e-06

  744  0  0
9.999999999996508e-06
9.999999999996509e-06

  745  0  0
9.999999999996508e-06
9.999999999996509e-06

  746  0  0
9.999999999996508e-06
9.999999999996509e-06

  747  0  0
9.999999999996508e-06
9.999999999996509e-06

  748  0  0
9.999999999996508e-06
9.999999999996509e-06

  749  0  0
9.999999999996508e-06
9.999999999996509e-06

  750  0  0
9.999999999996508e-06
9.999999999996509e-06

  751  0  0
9.999999999996508e-06
9.999999999996509e-06

  752  0  0
9.999999999996508e-06
9.999999999996509e-06

  753  0  0
9.999999999996508e-06
9.999999999996509e-06

  754  0  0
9.999999999996508e-06
9.999999999996509e-06

  755  0  0
9.999999999996508e-06
9.999999999996509e-06

  756  0  0
9.999999999996508e-06
9.999999999996509e-06

  757  0  0
9.999999999996508e-06
9.999999999996509e-06

  758  0  0
9.999999999996508e-06
9.999999999996509e-06

  759  0  0
9.999999999996508e-06
9.999999999996509e-06

  760  0  0
9.999999999996508e-06
9.999999999996509e-06

  761  0  0
9.999999999996508e-06
9.999999999996509e-06

  762  0  0
9.999999999996508e-06
9.999999999996509e-06

  763  0  0
9.999999999996508e-06
9.999999999996509e-06

  764  0  0
9.999999999996508e-06
9.999999999996509e-06

  765  0  0
9.999999999996508e-06
9.999999999996509e-06

  766  0  0
9.999999999996508e-06
9.999999999996509e-06

  767  0  0
9.999999999996508e-06
9.999999999996509e-06

  768  0  0
9.999999999996508e-06
9.999999999996509e-06

  769  0  0
9.999999999996508e-06
9.999999999996509e-06

  770  0  0
9.999999999996508e-06
9.999999999996509e-06

  771  0  0
9.999999999996508e-06
9.999999999996509e-06

  772  0  0
9.999999999996508e-06
9.999999999996509e-06

  773  0  0
9.999999999996508e-06
9.999999999996509e-06

  774  0  0
9.999999999996508e-06
9.999999999996509e-06

  775  0  0
9.999999999996508e-06
9.999999999996509e-06

  776  0  0
9.999999999996508e-06
9.999999999996509e-06

  777  0  0
9.999999999996508e-06
9.999999999996509e-06

  778  0  0
9.999999999996508e-06
9.999999999996509e-06

  779  0  0
9.999999999996508e-06
9.999999999996509e-06

  780  0  0
9.999999999996508e-06
9.999999999996509e-06

  781  0  0
9.999999999996508e-06
9.999999999996509e-06

  782  0  0
9.999999999996508e-06
9.999999999996509e-06

  783  0  0
9.999999999996508e-06
9.999999999996509e-06

  784  0  0
9.999999999996508e-06
9.999999999996509e-06

  785  0  0
9.999999999996508e-06
9.999999999996509e-06

  786  0  0
9.999999999996508e-06
9.999999999996509e-06

  787  0  0
9.999999999996508e-06
9.999999999996509e-06

  788  0  0
9.999999999996508e-06
9.999999999996509e-06

  789  0  0
9.999999999996508e-06
9.999999999996509e-06

  790  0  0
9.999999999996508e-06
9.999999999996509e-06

  791  0  0
9.999999999996508e-06
9.999999999996509e-06

  792  0  0
9.999999999996508e-06
9.999999999996509e-06

  793  0  0
9.999999999996508e-06
9.999999999996509e-06

  794  0  0
9.999999999996508e-06
9.999999999996509e-06

  795  0  0
9.999999999996508e-06
9.999999999996509e-06

  796  0  0
9.999999999996508e-06
9.999999999996509e-06

  797  0  0
9.999999999996508e-06
9.999999999996509e-06

  798  0  0
9.999999999996508e-06
9.999999999996509e-06

  799  0  0
9.999999999996508e-06
9.999999999996509e-06

  800  0  0
9.999999999996508e-06
9.999999999996509e-06

  801  0  0
9.999999999996508e-06
9.999999999996509e-06

  802  0  0
9.999999999996508e-06
9.999999999996509e-06

  803  0  0
9.999999999996508e-06
9.999999999996509e-06

  804  0  0
9.999999999996508e-06
9.999999999996509e-06

  805  0  0
9.999999999996508e-06
9.999999999996509e-06

  806  0  0
9.999999999996508e-06
9.999999999996509e-06

  807  0  0
9.999999999996508e-06
9.999999999996509e-06

  808  0  0
9.999999999996508e-06
9.999999999996509e-06

  809  0  0
9.999999999996508e-06
9.999999999996509e-06

  810  0  0
9.999999999996508e-06
9.999999999996509e-06

  811  0  0
9.999999999996508e-06
9.999999999996509e-06

  812  0  0
9.999999999996508e-06
9.999999999996509e-06

  813  0  0
9.999999999996508e-06
9.999999999996509e-06

  814  0  0
9.999999999996508e-06
9.999999999996509e-06

  815  0  0
9.999999999996508e-06
9.999999999996509e-06

  816  0  0
9.999999999996508e-06
9.999999999996509e-06

  817  0  0
9.999999999996508e-06
9.999999999996509e-06

  818  0  0
9.999999999996508e-06
9.999999999996509e-06

  819  0  0
9.999999999996508e-06
9.999999999996509e-06

  820  0  0
9.999999999996508e-06
9.999999999996509e-06

  821  0  0
9.999999999996508e-06
9.999999999996509e-06

  822  0  0
9.999999999996508e-06
9.999999999996509e-06

  823  0  0
9.999999999996508e-06
9.999999999996509e-06

  824  0  0
9.999999999996508e-06
9.999999999996509e-06

  825  0  0
9.999999999996508e-06
9.999999999996509e-06

  826  0  0
9.999999999996508e-06
9.999999999996509e-06

  827  0  0
9.999999999996508e-06
9.999999999996509e-06

  828  0  0
9.999999999996508e-06
9.999999999996509e-06

  829  0  0
9.999999999996508e-06
9.999999999996509e-06

  830  0  0
9.999999999996508e-06
9.999999999996509e-06

  831  0  0
9.999999999996508e-06
9.999999999996509e-06

  832  0  0
9.999999999996508e-06
9.999999999996509e-06

  833  0  0
9.999999999996508e-06
9.999999999996509e-06

  834  0  0
9.999999999996508e-06
9.999999999996509e-06

  835  0  0
9.999999999996508e-06
9.999999999996509e-06

  836  0  0
9.999999999996508e-06
9.999999999996509e-06

  837  0  0
9.999999999996508e-06
9.999999999996509e-06

  838  0  0
9.999999999996508e-06
9.999999999996509e-06

  839  0  0
9.999999999996508e-06
9.999999999996509e-06

  840  0  0
9.999999999996508e-06
9.999999999996509e-06

  841  0  0
9.999999999996508e-06
9.999999999996509e-06

  842  0  0
9.999999999996508e-06
9.999999999996509e-06

  843  0  0
9.999999999996508e-06
9.999999999996509e-06

  844  0  0
9.999999999996508e-06
9.999999999996509e-06

  845  0  0
9.999999999996508e-06
9.999999999996509e-06

  846  0  0
9.999999999996508e-06
9.999999999996509e-06

  847  0  0
9.999999999996508e-06
9.999999999996509e-06

  848  0  0
9.999999999996508e-06
9.999999999996509e-06

  849  0  0
9.999999999996508e-06
9.999999999996509e-06

  850  0  0
9.999999999996508e-06
9.999999999996509e-06

  851  0  0
9.999999999996508e-06
9.999999999996509e-06

  852  0  0
9.999999999996508e-06
9.999999999996509e-06

  853  0  0
9.999999999996508e-06
9.999999999996509e-06

  854  0  0
9.999999999996508e-06
9.999999999996509e-06

  855  0  0
9.999999999996508e-06
9.999999999996509e-06

  856  0  0
9.999999999996508e-06
9.999999999996509e-06

  857  0  0
9.999999999996508e-06
9.999999999996509e-06

  858  0  0
9.999999999996508e-06
9.999999999996509e-06

  859  0  0
9.999999999996508e-06
9.999999999996509e-06

  860  0  0
9.999999999996508e-06
9.999999999996509e-06

  861  0  0
9.999999999996508e-06
9.999999999996509e-06

  862  0  0
9.999999999996508e-06
9.999999999996509e-06

  863  0  0
9.999999999996508e-06
9.999999999996509e-06

  864  0  0
9.999999999996508e-06
9.999999999996509e-06

  865  0  0
9.999999999996508e-06
9.999999999996509e-06

  866  0  0
9.999999999996508e-06
9.999999999996509e-06

  867  0  0
9.999999999996508e-06
9.999999999996509e-06

  868  0  0
9.999999999996508e-06
9.999999999996509e-06

  869  0  0
9.999999999996508e-06
9.999999999996509e-06

  870  0  0
9.999999999996508e-06
9.999999999996509e-06

  871  0  0
9.999999999996508e-06
9.999999999996509e-06

  872  0  0
9.999999999996508e-06
9.999999999996509e-06

  873  0  0
9.999999999996508e-06
9.999999999996509e-06

  874  0  0
9.999999999996508e-06
9.999999999996509e-06

  875  0  0
9.999999999996508e-06
9.999999999996509e-06

  876  0  0
9.999999999996508e-06
9.999999999996509e-06

  877  0  0
9.999999999996508e-06
9.999999999996509e-06

  878  0  0
9.999999999996508e-06
9.999999999996509e-06

  879  0  0
9.999999999996508e-06
9.999999999996509e-06

  880  0  0
9.999999999996508e-06
9.999999999996509e-06

  881  0  0
9.999999999996508e-06
9.999999999996509e-06

  882  0  0
9.999999999996508e-06
9.999999999996509e-06

  883  0  0
9.999999999996508e-06
9.999999999996509e-06

  884  0  0
9.999999999996508e-06
9.999999999996509e-06

  885  0  0
9.999999999996508e-06
9.999999999996509e-06

  886  0  0
9.999999999996508e-06
9.999999999996509e-06

  887  0  0
9.999999999996508e-06
9.999999999996509e-06

  888  0  0
9.999999999996508e-06
9.999999999996509e-06

  889  0  0
9.999999999996508e-06
9.999999999996509e-06

  890  0  0
9.999999999996508e-06
9.999999999996509e-06

  891  0  0
9.999999999996508e-06
9.999999999996509e-06

  892  0  0
9.999999999996508e-06
9.999999999996509e-06

  893  0  0
9.999999999996508e-06
9.999999999996509e-06

  894  0  0
9.999999999996508e-06
9.999999999996509e-06

  895  0  0
9.999999999996508e-06
9.999999999996509e-06

  896  0  0
9.999999999996508e-06
9.999999999996509e-06

  897  0  0
9.999999999996508e-06
9.999999999996509e-06

  898  0  0
9.999999999996508e-06
9.999999999996509e-06

  899  0  0
9.999999999996508e-06
9.999999999996509e-06

  900  0  0
9.999999999996508e-06
9.999999999996509e-06

  901  0  0
9.999999999996508e-06
9.999999999996509e-06

  902  0  0
9.999999999996508e-06
9.999999999996509e-06

  903  0  0
9.999999999996508e-06
9.999999999996509e-06

  904  0  0
9.999999999996508e-06
9.999999999996509e-06

  905  0  0
9.999999999996508e-06
9.999999999996509e-06

  906  0  0
9.999999999996508e-06
9.999999999996509e-06

  907  0  0
9.999999999996508e-06
9.999999999996509e-06

  908  0  0
9.999999999996508e-06
9.999999999996509e-06

  909  0  0
9.999999999996508e-06
9.999999999996509e-06

  910  0  0
9.999999999996508e-06
9.999999999996509e-06

  911  0  0
9.999999999996508e-06
9.999999999996509e-06

  912  0  0
9.999999999996508e-06
9.999999999996509e-06

  913  0  0
9.999999999996508e-06
9.999999999996509e-06

  914  0  0
9.999999999996508e-06
9.999999999996509e-06

  915  0  0
9.999999999996508e-06
9.999999999996509e-06

  916  0  0
9.999999999996508e-06
9.999999999996509e-06

  917  0  0
9.999999999996508e-06
9.999999999996509e-06

  918  0  0
9.999999999996508e-06
9.999999999996509e-06

  919  0  0
9.999999999996508e-06
9.999999999996509e-06

  920  0  0
9.999999999996508e-06
9.999999999996509e-06

  921  0  0
9.999999999996508e-06
9.999999999996509e-06

  922  0  0
9.999999999996508e-06
9.999999999996509e-06

  923  0  0
9.999999999996508e-06
9.999999999996509e-06

  924  0  0
9.999999999996508e-06
9.999999999996509e-06

  925  0  0
9.999999999996508e-06
9.999999999996509e-06

  926  0  0
9.999999999996508e-06
9.999999999996509e-06

  927  0  0
9.999999999996508e-06
9.999999999996509e-06

  928  0  0
9.999999999996508e-06
9.999999999996509e-06

  929  0  0
9.999999999996508e-06
9.999999999996509e-06

  930  0  0
9.999999999996508e-06
9.999999999996509e-06

  931  0  0
9.999999999996508e-06
9.999999999996509e-06

  932  0  0
9.999999999996508e-06
9.999999999996509e-06

  933  0  0
9.999999999996508e-06
9.999999999996509e-06

  934  0  0
9.999999999996508e-06
9.999999999996509e-06

  935  0  0
9.999999999996508e-06
9.999999999996509e-06

  936  0  0
9.999999999996508e-06
9.999999999996509e-06

  937  0  0
9.999999999996508e-06
9.999999999996509e-06

  938  0  0
9.999999999996508e-06
9.999999999996509e-06

  939  0  0
9.999999999996508e-06
9.999999999996509e-06

  940  0  0
9.999999999996508e-06
9.999999999996509e-06

  941  0  0
9.999999999996508e-06
9.999999999996509e-06

  942  0  0
9.999999999996508e-06
9.999999999996509e-06

  943  0  0
9.999999999996508e-06
9.999999999996509e-06

  944  0  0
9.999999999996508e-06
9.999999999996509e-06

  945  0  0
9.999999999996508e-06
9.999999999996509e-06

  946  0  0
9.999999999996508e-06
9.999999999996509e-06

  947  0  0
9.999999999996508e-06
9.999999999996509e-06

  948  0  0
9.999999999996508e-06
9.999999999996509e-06

  949  0  0
9.999999999996508e-06
9.999999999996509e-06

  950  0  0
9.999999999996508e-06
9.999999999996509e-06

  951  0  0
9.999999999996508e-06
9.999999999996509e-06

  952  0  0
9.999999999996508e-06
9.999999999996509e-06

  953  0  0
9.999999999996508e-06
9.999999999996509e-06

  954  0  0
9.999999999996508e-06
9.999999999996509e-06

  955  0  0
9.999999999996508e-06
9.999999999996509e-06

  956  0  0
9.999999999996508e-06
9.999999999996509e-06

  957  0  0
9.999999999996508e-06
9.999999999996509e-06

  958  0  0
9.999999999996508e-06
9.999999999996509e-06

  959  0  0
9.999999999996508e-06
9.999999999996509e-06

  960  0  0
9.999999999996508e-06
9.999999999996509e-06

  961  0  0
9.999999999996508e-06
9.999999999996509e-06

  962  0  0
9.999999999996508e-06
9.999999999996509e-06

  963  0  0
9.999999999996508e-06
9.999999999996509e-06

  964  0  0
9.999999999996508e-06
9.999999999996509e-06

  965  0  0
9.999999999996508e-06
9.999999999996509e-06

  966  0  0
9.999999999996508e-06
9.999999999996509e-06

  967  0  0
9.999999999996508e-06
9.999999999996509e-06

  968  0  0
9.999999999996508e-06
9.999999999996509e-06

  969  0  0
9.999999999996508e-06
9.999999999996509e-06

  970  0  0
9.999999999996508e-06
9.999999999996509e-06

  971  0  0
9.999999999996508e-06
9.999999999996509e-06

  972  0  0
9.999999999996508e-06
9.999999999996509e-06

  973  0  0
9.999999999996508e-06
9.999999999996509e-06

  974  0  0
9.999999999996508e-06
9.999999999996509e-06

  975  0  0
9.999999999996508e-06
9.999999999996509e-06

  976  0  0
9.999999999996508e-06
9.999999999996509e-06

  977  0  0
9.999999999996508e-06
9.999999999996509e-06

  978  0  0
9.999999999996508e-06
9.999999999996509e-06

  979  0  0
9.999999999996508e-06
9.999999999996509e-06

  980  0  0
9.999999999996508e-06
9.999999999996509e-06

  981  0  0
9.999999999996508e-06
9.999999999996509e-06

  982  0  0
9.999999999996508e-06
9.999999999996509e-06

  983  0  0
9.999999999996508e-06
9.999999999996509e-06

  984  0  0
9.999999999996508e-06
9.999999999996509e-06

  985  0  0
9.999999999996508e-06
9.999999999996509e-06

  986  0  0
9.999999999996508e-06
9.999999999996509e-06

  987  0  0
9.999999999996508e-06
9.999999999996509e-06

  988  0  0
9.999999999996508e-06
9.999999999996509e-06

  989  0  0
9.999999999996508e-06
9.999999999996509e-06

  990  0  0
9.999999999996508e-06
9.999999999996509e-06

  991  0  0
9.999999999996508e-06
9.999999999996509e-06

  992  0  0
9.999999999996508e-06
9.999999999996509e-06

  993  0  0
9.999999999996508e-06
9.999999999996509e-06

  994  0  0
9.999999999996508e-06
9.999999999996509e-06

  995  0  0
9.999999999996508e-06
9.999999999996509e-06

  996  0  0
9.999999999996508e-06
9.999999999996509e-06

  997  0  0
9.999999999996508e-06
9.999999999996509e-06

  998  0  0
9.999999999996508e-06
9.999999999996509e-06

  999  0  0
9.999999999996508e-06
9.999999999996509e-06

 1000  0  0
9.999999999996508e-06
9.999999999996509e-06

 1001  0  0
9.999999999996508e-06
9.999999999996509e-06

 1002  0  0
9.999999999996508e-06
9.999999999996509e-06

 1003  0  0
9.999999999996508e-06
9.999999999996509e-06

 1004  0  0
9.999999999996508e-06
9.999999999996509e-06

 1005  0  0
9.999999999996508e-06
9.999999999996509e-06

 1006  0  0
9.999999999996508e-06
9.999999999996509e-06

 1007  0  0
9.999999999996508e-06
9.999999999996509e-06

 1008  0  0
9.999999999996508e-06
9.999999999996509e-06

 1009  0  0
9.999999999996508e-06
9.999999999996509e-06

 1010  0  0
9.999999999996508e-06
9.999999999996509e-06

 1011  0  0
9.999999999996508e-06
9.999999999996509e-06

 1012  0  0
9.999999999996508e-06
9.999999999996509e-06

 1013  0  0
9.999999999996508e-06
9.999999999996509e-06

 1014  0  0
9.999999999996508e-06
9.999999999996509e-06

 1015  0  0
9.999999999996508e-06
9.999999999996509e-06

 1016  0  0
9.999999999996508e-06
9.999999999996509e-06

 1017  0  0
9.999999999996508e-06
9.999999999996509e-06

 1018  0  0
9.999999999996508e-06
9.999999999996509e-06

 1019  0  0
9.999999999996508e-06
9.999999999996509e-06

 1020  0  0
9.999999999996508e-06
9.999999999996509e-06

 1021  0  0
9.999999999996508e-06
9.999999999996509e-06

 1022  0  0
9.999999999996508e-06
9.999999999996509e-06

 1023  0  0
9.999999999996508e-06
9.999999999996509e-06

 1024  0  0
9.999999999996508e-06
9.999999999996509e-06

 1025  0  0
9.999999999996508e-06
9.999999999996509e-06

 1026  0  0
9.999999999996508e-06
9.999999999996509e-06

 1027  0  0
9.999999999996508e-06
9.999999999996509e-06

 1028  0  0
9.999999999996508e-06
9.999999999996509e-06

 1029  0  0
9.999999999996508e-06
9.999999999996509e-06

 1030  0  0
9.999999999996508e-06
9.999999999996509e-06

 1031  0  0
9.999999999996508e-06
9.999999999996509e-06

 1032  0  0
9.999999999996508e-06
9.999999999996509e-06

 1033  0  0
9.999999999996508e-06
9.999999999996509e-06

 1034  0  0
9.999999999996508e-06
9.999999999996509e-06

 1035  0  0
9.999999999996508e-06
9.999999999996509e-06

 1036  0  0
9.999999999996508e-06
9.999999999996509e-06

 1037  0  0
9.999999999996508e-06
9.999999999996509e-06

 1038  0  0
9.999999999996508e-06
9.999999999996509e-06

 1039  0  0
9.999999999996508e-06
9.999999999996509e-06

 1040  0  0
9.999999999996508e-06
9.999999999996509e-06

 1041  0  0
9.999999999996508e-06
9.999999999996509e-06

 1042  0  0
9.999999999996508e-06
9.999999999996509e-06

 1043  0  0
9.999999999996508e-06
9.999999999996509e-06

 1044  0  0
9.999999999996508e-06
9.999999999996509e-06

 1045  0  0
9.999999999996508e-06
9.999999999996509e-06

 1046  0  0
9.999999999996508e-06
9.999999999996509e-06

 1047  0  0
9.999999999996508e-06
9.999999999996509e-06

 1048  0  0
9.999999999996508e-06
9.999999999996509e-06

 1049  0  0
9.999999999996508e-06
9.999999999996509e-06

 1050  0  0
9.999999999996508e-06
9.999999999996509e-06

 1051  0  0
9.999999999996508e-06
9.999999999996509e-06

 1052  0  0
9.999999999996508e-06
9.999999999996509e-06

 1053  0  0
9.999999999996508e-06
9.999999999996509e-06

 1054  0  0
9.999999999996508e-06
9.999999999996509e-06

 1055  0  0
9.999999999996508e-06
9.999999999996509e-06

 1056  0  0
9.999999999996508e-06
9.999999999996509e-06

 1057  0  0
9.999999999996508e-06
9.999999999996509e-06

 1058  0  0
9.999999999996508e-06
9.999999999996509e-06

 1059  0  0
9.999999999996508e-06
9.999999999996509e-06

 1060  0  0
9.999999999996508e-06
9.999999999996509e-06

 1061  0  0
9.999999999996508e-06
9.999999999996509e-06

 1062  0  0
9.999999999996508e-06
9.999999999996509e-06

 1063  0  0
9.999999999996508e-06
9.999999999996509e-06

 1064  0  0
9.999999999996508e-06
9.999999999996509e-06

 1065  0  0
9.999999999996508e-06
9.999999999996509e-06

 1066  0  0
9.999999999996508e-06
9.999999999996509e-06

 1067  0  0
9.999999999996508e-06
9.999999999996509e-06

 1068  0  0
9.999999999996508e-06
9.999999999996509e-06

 1069  0  0
9.999999999996508e-06
9.999999999996509e-06

 1070  0  0
9.999999999996508e-06
9.999999999996509e-06

 1071  0  0
9.999999999996508e-06
9.999999999996509e-06

 1072  0  0
9.999999999996508e-06
9.999999999996509e-06

 1073  0  0
9.999999999996508e-06
9.999999999996509e-06

 1074  0  0
9.999999999996508e-06
9.999999999996509e-06

 1075  0  0
9.999999999996508e-06
9.999999999996509e-06

 1076  0  0
9.999999999996508e-06
9.999999999996509e-06

 1077  0  0
9.999999999996508e-06
9.999999999996509e-06

 1078  0  0
9.999999999996508e-06
9.999999999996509e-06

 1079  0  0
9.999999999996508e-06
9.999999999996509e-06

 1080  0  0
9.999999999996508e-06
9.999999999996509e-06

 1081  0  0
9.999999999996508e-06
9.999999999996509e-06

 1082  0  0
9.999999999996508e-06
9.999999999996509e-06

 1083  0  0
9.999999999996508e-06
9.999999999996509e-06

 1084  0  0
9.999999999996508e-06
9.999999999996509e-06

 1085  0  0
9.999999999996508e-06
9.999999999996509e-06

 1086  0  0
9.999999999996508e-06
9.999999999996509e-06

 1087  0  0
9.999999999996508e-06
9.999999999996509e-06

 1088  0  0
9.999999999996508e-06
9.999999999996509e-06

 1089  0  0
9.999999999996508e-06
9.999999999996509e-06

 1090  0  0
9.999999999996508e-06
9.999999999996509e-06

 1091  0  0
9.999999999996508e-06
9.999999999996509e-06

 1092  0  0
9.999999999996508e-06
9.999999999996509e-06

 1093  0  0
9.999999999996508e-06
9.999999999996509e-06

 1094  0  0
9.999999999996508e-06
9.999999999996509e-06

 1095  0  0
9.999999999996508e-06
9.999999999996509e-06

 1096  0  0
9.999999999996508e-06
9.999999999996509e-06

 1097  0  0
9.999999999996508e-06
9.999999999996509e-06

 1098  0  0
9.999999999996508e-06
9.999999999996509e-06

 1099  0  0
9.999999999996508e-06
9.999999999996509e-06

 1100  0  0
9.999999999996508e-06
9.999999999996509e-06

 1101  0  0
9.999999999996508e-06
9.999999999996509e-06

 1102  0  0
9.999999999996508e-06
9.999999999996509e-06

 1103  0  0
9.999999999996508e-06
9.999999999996509e-06

 1104  0  0
9.999999999996508e-06
9.999999999996509e-06

 1105  0  0
9.999999999996508e-06
9.999999999996509e-06

 1106  0  0
9.999999999996508e-06
9.999999999996509e-06

 1107  0  0
9.999999999996508e-06
9.999999999996509e-06

 1108  0  0
9.999999999996508e-06
9.999999999996509e-06

 1109  0  0
9.999999999996508e-06
9.999999999996509e-06

 1110  0  0
9.999999999996508e-06
9.999999999996509e-06

 1111  0  0
9.999999999996508e-06
9.999999999996509e-06

 1112  0  0
9.999999999996508e-06
9.999999999996509e-06

 1113  0  0
9.999999999996508e-06
9.999999999996509e-06

 1114  0  0
9.999999999996508e-06
9.999999999996509e-06

 1115  0  0
9.999999999996508e-06
9.999999999996509e-06

 1116  0  0
9.999999999996508e-06
9.999999999996509e-06

 1117  0  0
9.999999999996508e-06
9.999999999996509e-06

 1118  0  0
9.999999999996508e-06
9.999999999996509e-06

 1119  0  0
9.999999999996508e-06
9.999999999996509e-06

 1120  0  0
9.999999999996508e-06
9.999999999996509e-06

 1121  0  0
9.999999999996508e-06
9.999999999996509e-06

 1122  0  0
9.999999999996508e-06
9.999999999996509e-06

 1123  0  0
9.999999999996508e-06
9.999999999996509e-06

 1124  0  0
9.999999999996508e-06
9.999999999996509e-06

 1125  0  0
9.999999999996508e-06
9.999999999996509e-06

 1126  0  0
9.999999999996508e-06
9.999999999996509e-06

 1127  0  0
9.999999999996508e-06
9.999999999996509e-06

 1128  0  0
9.999999999996508e-06
9.999999999996509e-06

 1129  0  0
9.999999999996508e-06
9.999999999996509e-06

 1130  0  0
9.999999999996508e-06
9.999999999996509e-06

 1131  0  0
9.999999999996508e-06
9.999999999996509e-06

 1132  0  0
9.999999999996508e-06
9.999999999996509e-06

 1133  0  0
9.999999999996508e-06
9.999999999996509e-06

 1134  0  0
9.999999999996508e-06
9.999999999996509e-06

 1135  0  0
9.999999999996508e-06
9.999999999996509e-06

 1136  0  0
9.999999999996508e-06
9.999999999996509e-06

 1137  0  0
9.999999999996508e-06
9.999999999996509e-06

 1138  0  0
9.999999999996508e-06
9.999999999996509e-06

 1139  0  0
9.999999999996508e-06
9.999999999996509e-06

 1140  0  0
9.999999999996508e-06
9.999999999996509e-06

 1141  0  0
9.999999999996508e-06
9.999999999996509e-06

 1142  0  0
9.999999999996508e-06
9.999999999996509e-06

 1143  0  0
9.999999999996508e-06
9.999999999996509e-06

 1144  0  0
9.999999999996508e-06
9.999999999996509e-06

 1145  0  0
9.999999999996508e-06
9.999999999996509e-06

 1146  0  0
9.999999999996508e-06
9.999999999996509e-06

 1147  0  0
9.999999999996508e-06
9.999999999996509e-06

 1148  0  0
9.999999999996508e-06
9.999999999996509e-06

 1149  0  0
9.999999999996508e-06
9.999999999996509e-06

 1150  0  0
9.999999999996508e-06
9.999999999996509e-06

 1151  0  0
9.999999999996508e-06
9.999999999996509e-06

 1152  0  0
9.999999999996508e-06
9.999999999996509e-06

 1153  0  0
9.999999999996508e-06
9.999999999996509e-06

 1154  0  0
9.999999999996508e-06
9.999999999996509e-06

 1155  0  0
9.999999999996508e-06
9.999999999996509e-06

 1156  0  0
9.999999999996508e-06
9.999999999996509e-06

 1157  0  0
9.999999999996508e-06
9.999999999996509e-06

 1158  0  0
9.999999999996508e-06
9.999999999996509e-06

 1159  0  0
9.999999999996508e-06
9.999999999996509e-06

 1160  0  0
9.999999999996508e-06
9.999999999996509e-06

 1161  0  0
9.999999999996508e-06
9.999999999996509e-06

 1162  0  0
9.999999999996508e-06
9.999999999996509e-06

 1163  0  0
9.999999999996508e-06
9.999999999996509e-06

 1164  0  0
9.999999999996508e-06
9.999999999996509e-06

 1165  0  0
9.999999999996508e-06
9.999999999996509e-06

 1166  0  0
9.999999999996508e-06
9.999999999996509e-06

 1167  0  0
9.999999999996508e-06
9.999999999996509e-06

 1168  0  0
9.999999999996508e-06
9.999999999996509e-06

 1169  0  0
9.999999999996508e-06
9.999999999996509e-06

 1170  0  0
9.999999999996508e-06
9.999999999996509e-06

 1171  0  0
9.999999999996508e-06
9.999999999996509e-06

 1172  0  0
9.999999999996508e-06
9.999999999996509e-06

 1173  0  0
9.999999999996508e-06
9.999999999996509e-06

 1174  0  0
9.999999999996508e-06
9.999999999996509e-06

 1175  0  0
9.999999999996508e-06
9.999999999996509e-06

 1176  0  0
9.999999999996508e-06
9.999999999996509e-06

 1177  0  0
9.999999999996508e-06
9.999999999996509e-06

 1178  0  0
9.999999999996508e-06
9.999999999996509e-06

 1179  0  0
9.999999999996508e-06
9.999999999996509e-06

 1180  0  0
9.999999999996508e-06
9.999999999996509e-06

 1181  0  0
9.999999999996508e-06
9.999999999996509e-06

 1182  0  0
9.999999999996508e-06
9.999999999996509e-06

 1183  0  0
9.999999999996508e-06
9.999999999996509e-06

 1184  0  0
9.999999999996508e-06
9.999999999996509e-06

 1185  0  0
9.999999999996508e-06
9.999999999996509e-06

 1186  0  0
9.999999999996508e-06
9.999999999996509e-06

 1187  0  0
9.999999999996508e-06
9.999999999996509e-06

 1188  0  0
9.999999999996508e-06
9.999999999996509e-06

 1189  0  0
9.999999999996508e-06
9.999999999996509e-06

 1190  0  0
9.999999999996508e-06
9.999999999996509e-06

 1191  0  0
9.999999999996508e-06
9.999999999996509e-06

 1192  0  0
9.999999999996508e-06
9.999999999996509e-06

 1193  0  0
9.999999999996508e-06
9.999999999996509e-06

 1194  0  0
9.999999999996508e-06
9.999999999996509e-06

 1195  0  0
9.999999999996508e-06
9.999999999996509e-06

 1196  0  0
9.999999999996508e-06
9.999999999996509e-06

 1197  0  0
9.999999999996508e-06
9.999999999996509e-06

 1198  0  0
9.999999999996508e-06
9.999999999996509e-06

 1199  0  0
9.999999999996508e-06
9.999999999996509e-06

 1200  0  0
9.999999999996508e-06
9.999999999996509e-06

 1201  0  0
9.999999999996508e-06
9.999999999996509e-06

 1202  0  0
9.999999999996508e-06
9.999999999996509e-06

 1203  0  0
9.999999999996508e-06
9.999999999996509e-06

 1204  0  0
9.999999999996508e-06
9.999999999996509e-06

 1205  0  0
9.999999999996508e-06
9.999999999996509e-06

 1206  0  0
9.999999999996508e-06
9.999999999996509e-06

 1207  0  0
9.999999999996508e-06
9.999999999996509e-06

 1208  0  0
9.999999999996508e-06
9.999999999996509e-06

 1209  0  0
9.999999999996508e-06
9.999999999996509e-06

 1210  0  0
9.999999999996508e-06
9.999999999996509e-06

 1211  0  0
9.999999999996508e-06
9.999999999996509e-06

 1212  0  0
9.999999999996508e-06
9.999999999996509e-06

 1213  0  0
9.999999999996508e-06
9.999999999996509e-06

 1214  0  0
9.999999999996508e-06
9.999999999996509e-06

 1215  0  0
9.999999999996508e-06
9.999999999996509e-06

 1216  0  0
9.999999999996508e-06
9.999999999996509e-06

 1217  0  0
9.999999999996508e-06
9.999999999996509e-06

 1218  0  0
9.999999999996508e-06
9.999999999996509e-06

 1219  0  0
9.999999999996508e-06
9.999999999996509e-06

 1220  0  0
9.999999999996508e-06
9.999999999996509e-06

 1221  0  0
9.999999999996508e-06
9.999999999996509e-06

 1222  0  0
9.999999999996508e-06
9.999999999996509e-06

 1223  0  0
9.999999999996508e-06
9.999999999996509e-06

 1224  0  0
9.999999999996508e-06
9.999999999996509e-06

 1225  0  0
9.999999999996508e-06
9.999999999996509e-06

 1226  0  0
9.999999999996508e-06
9.999999999996509e-06

 1227  0  0
9.999999999996508e-06
9.999999999996509e-06

 1228  0  0
9.999999999996508e-06
9.999999999996509e-06

 1229  0  0
9.999999999996508e-06
9.999999999996509e-06

 1230  0  0
9.999999999996508e-06
9.999999999996509e-06

 1231  0  0
9.999999999996508e-06
9.999999999996509e-06

 1232  0  0
9.999999999996508e-06
9.999999999996509e-06

 1233  0  0
9.999999999996508e-06
9.999999999996509e-06

 1234  0  0
9.999999999996508e-06
9.999999999996509e-06

 1235  0  0
9.999999999996508e-06
9.999999999996509e-06

 1236  0  0
9.999999999996508e-06
9.999999999996509e-06

 1237  0  0
9.999999999996508e-06
9.999999999996509e-06

 1238  0  0
9.999999999996508e-06
9.999999999996509e-06

 1239  0  0
9.999999999996508e-06
9.999999999996509e-06

 1240  0  0
9.999999999996508e-06
9.999999999996509e-06

 1241  0  0
9.999999999996508e-06
9.999999999996509e-06

 1242  0  0
9.999999999996508e-06
9.999999999996509e-06

 1243  0  0
9.999999999996508e-06
9.999999999996509e-06

 1244  0  0
9.999999999996508e-06
9.999999999996509e-06

 1245  0  0
9.999999999996508e-06
9.999999999996509e-06

 1246  0  0
9.999999999996508e-06
9.999999999996509e-06

 1247  0  0
9.999999999996508e-06
9.999999999996509e-06

 1248  0  0
9.999999999996508e-06
9.999999999996509e-06

 1249  0  0
9.999999999996508e-06
9.999999999996509e-06

 1250  0  0
9.999999999996508e-06
9.999999999996509e-06

 1251  0  0
9.999999999996508e-06
9.999999999996509e-06

 1252  0  0
9.999999999996508e-06
9.999999999996509e-06

 1253  0  0
9.999999999996508e-06
9.999999999996509e-06

 1254  0  0
9.999999999996508e-06
9.999999999996509e-06

 1255  0  0
9.999999999996508e-06
9.999999999996509e-06

 1256  0  0
9.999999999996508e-06
9.999999999996509e-06

 1257  0  0
9.999999999996508e-06
9.999999999996509e-06

 1258  0  0
9.999999999996508e-06
9.999999999996509e-06

 1259  0  0
9.999999999996508e-06
9.999999999996509e-06

 1260  0  0
9.999999999996508e-06
9.999999999996509e-06

 1261  0  0
9.999999999996508e-06
9.999999999996509e-06

 1262  0  0
9.999999999996508e-06
9.999999999996509e-06

 1263  0  0
9.999999999996508e-06
9.999999999996509e-06

 1264  0  0
9.999999999996508e-06
9.999999999996509e-06

 1265  0  0
9.999999999996508e-06
9.999999999996509e-06

 1266  0  0
9.999999999996508e-06
9.999999999996509e-06

 1267  0  0
9.999999999996506e-06
9.999999999996506e-06

 1268  0  0
9.999999999996506e-06
9.999999999996489e-06

 1269  0  0
9.999999999996438e-06
9.999999999995581e-06

 1270  0  0
9.999999999994016e-06
9.999999999975454e-06

 1271  0  0
9.999999999942103e-06
9.999999999541990e-06

 1272  0  0
9.999999998851307e-06
9.999999990460944e-06

 1273  0  0
9.999999976663628e-06
9.999999806376843e-06

 1274  0  0
9.999999542383226e-06
9.999996218989342e-06

 1275  0  0
9.999991431371479e-06
9.999929600824622e-06

 1276  0  0
9.999848597928774e-06
9.998765682278782e-06

 1277  0  0
9.997519401877498e-06
9.980001841255990e-06

 1278  0  0
9.963282268967459e-06
9.708743824667471e-06

 1279  0  0
9.509003291611399e-06
6.130547013418166e-06

