#Cell    Group    L_mom 
# Element_0
# Element_1
# Element_2
    0  0  0
1.912094965882078e+00
1.905263323014812e+00
1.898407480227659e+00

    1  0  0
1.894401898007571e+00
1.887489931801909e+00
1.880539075884961e+00

    2  0  0
1.876477623901887e+00
1.869473735989706e+00
1.862435681841242e+00

    3  0  0
1.858322669473542e+00
1.851226300104894e+00
1.844092743110773e+00

    4  0  0
1.839927480686824e+00
1.832743351119594e+00
1.825520331995614e+00

    5  0  0
1.821291573242136e+00
1.813974907811460e+00
1.806591867184038e+00

    6  0  0
1.802267378946049e+00
1.794805155431241e+00
1.787300541022326e+00

    7  0  0
1.782916001417292e+00
1.775328391088465e+00
1.767665789169801e+00

    8  0  0
1.763160976496128e+00
1.755353609958592e+00
1.747458071395813e+00

    9  0  0
1.742829467611614e+00
1.734822984981023e+00
1.726743634974611e+00

   10  0  0
1.722008464327538e+00
1.713801567382998e+00
1.705495980372394e+00

   11  0  0
1.700608562966195e+00
1.692119602226809e+00
1.683508766913403e+00

   12  0  0
1.678445658246168e+00
1.669661420092921e+00
1.660762287889619e+00

   13  0  0
1.655531993007979e+00
1.646423713885301e+00
1.637179529081841e+00

   14  0  0
1.631721583078254e+00
1.622210386524322e+00
1.612529416945214e+00

   15  0  0
1.606822277933641e+00
1.596879171202269e+00
1.586747287668190e+00

   16  0  0
1.580755142007319e+00
1.570276328475958e+00
1.559547533651636e+00

   17  0  0
1.553185845599011e+00
1.542062940759474e+00
1.530677679990240e+00

   18  0  0
1.523932409468891e+00
1.512110692001257e+00
1.499960395134289e+00

   19  0  0
1.492724437363915e+00
1.479999092187535e+00
1.466872517531337e+00

   20  0  0
1.459051856916073e+00
1.445282048314668e+00
1.431055302783194e+00

   21  0  0
1.422552660215593e+00
1.407519910582405e+00
1.391897733524772e+00

   22  0  0
1.382519122658147e+00
1.365883440814650e+00
1.348512599570286e+00

   23  0  0
1.338060355644389e+00
1.319467889139797e+00
1.299945308646542e+00

   24  0  0
1.288128204719062e+00
1.266983879488485e+00
1.244603897072571e+00

   25  0  0
1.230969331732499e+00
1.206457049057293e+00
1.180284369923494e+00

   26  0  0
1.164242223299631e+00
1.135123085864025e+00
1.103571383971590e+00

   27  0  0
1.083987567148067e+00
1.048101839465147e+00
1.008417758635491e+00

   28  0  0
9.833126943832098e-01
9.365437266878827e-01
8.828723399296927e-01

   29  0  0
8.475456833476495e-01
7.798114217109294e-01
6.942977992394774e-01

   30  0  0
6.366561394019322e-01
5.079391641762999e-01
2.440086533774533e-01

   31  0  0
-4.840344606122329e-02
-4.992155526153994e-03
1.209237401994039e-03

   32  0  0
-1.725855364087158e-04
5.411237420657424e-05
-7.871846431528364e-06

   33  0  0
7.263545377401196e-06
1.074505254224489e-05
9.687078626922607e-06

   34  0  0
9.973567902843345e-06
1.000772741291888e-05
9.996322593004227e-06

   35  0  0
1.000016939996617e-05
9.999972678711845e-06
9.999994538425423e-06

   36  0  0
1.000001809177599e-05
9.999995590105180e-06
1.000000136725457e-05

   37  0  0
1.000000064307979e-05
9.999999837463040e-06
1.000000005616350e-05

   38  0  0
1.000000001784621e-05
9.999999995420187e-06
1.000000000164068e-05

   39  0  0
1.000000000043550e-05
9.999999999883027e-06
1.000000000003813e-05

   40  0  0
1.000000000000650e-05
9.999999999993931e-06
9.999999999997470e-06

   41  0  0
9.999999999996713e-06
9.999999999996445e-06
9.999999999996547e-06

   42  0  0
9.999999999996496e-06
9.999999999996496e-06
9.999999999996518e-06

   43  0  0
9.999999999996496e-06
9.999999999996499e-06
9.999999999996513e-06

   44  0  0
9.999999999996496e-06
9.999999999996497e-06
9.999999999996514e-06

   45  0  0
9.999999999996486e-06
9.999999999996497e-06
9.999999999996513e-06

   46  0  0
9.999999999996486e-06
9.999999999996497e-06
9.999999999996513e-06

   47  0  0
9.999999999996486e-06
9.999999999996499e-06
9.999999999996513e-06

   48  0  0
9.999999999996499e-06
9.999999999996499e-06
9.999999999996513e-06

   49  0  0
9.999999999996496e-06
9.999999999996499e-06
9.999999999996516e-06

   50  0  0
9.999999999996496e-06
9.999999999996497e-06
9.999999999996514e-06

   51  0  0
9.999999999996486e-06
9.999999999996499e-06
9.999999999996513e-06

   52  0  0
9.999999999996496e-06
9.999999999996497e-06
9.999999999996520e-06

   53  0  0
9.999999999996486e-06
9.999999999996499e-06
9.999999999996513e-06

   54  0  0
9.999999999996496e-06
9.999999999996499e-06
9.999999999996514e-06

   55  0  0
9.999999999996496e-06
9.999999999996499e-06
9.999999999996516e-06

   56  0  0
9.999999999996496e-06
9.999999999996499e-06
9.999999999996514e-06

   57  0  0
9.999999999996496e-06
9.999999999996499e-06
9.999999999996514e-06

   58  0  0
9.999999999996496e-06
9.999999999996499e-06
9.999999999996514e-06

   59  0  0
9.999999999996496e-06
9.999999999996497e-06
9.999999999996514e-06

   60  0  0
9.999999999996486e-06
9.999999999996499e-06
9.999999999996511e-06

   61  0  0
9.999999999996491e-06
9.999999999996497e-06
9.999999999996514e-06

   62  0  0
9.999999999996486e-06
9.999999999996499e-06
9.999999999996513e-06

   63  0  0
9.999999999996496e-06
9.999999999996499e-06
9.999999999996516e-06

   64  0  0
9.999999999996499e-06
9.999999999996497e-06
9.999999999996513e-06

   65  0  0
9.999999999996486e-06
9.999999999996497e-06
9.999999999996513e-06

   66  0  0
9.999999999996486e-06
9.999999999996499e-06
9.999999999996513e-06

   67  0  0
9.999999999996496e-06
9.999999999996497e-06
9.999999999996514e-06

   68  0  0
9.999999999996486e-06
9.999999999996497e-06
9.999999999996513e-06

   69  0  0
9.999999999996486e-06
9.999999999996497e-06
9.999999999996506e-06

   70  0  0
9.999999999996497e-06
9.999999999996504e-06
9.999999999996497e-06

   71  0  0
9.999999999996411e-06
9.999999999996852e-06
9.999999999994443e-06

   72  0  0
9.999999999990546e-06
1.000000000001445e-05
9.999999999926197e-06

   73  0  0
9.999999999810067e-06
1.000000000055719e-05
9.999999997804188e-06

   74  0  0
9.999999994375019e-06
1.000000001703960e-05
9.999999933276798e-06

   75  0  0
9.999999835489419e-06
1.000000050401947e-05
9.999998024101818e-06

   76  0  0
9.999995359559603e-06
1.000001441078652e-05
9.999943406188319e-06

   77  0  0
9.999875171973391e-06
1.000039474734463e-05
9.998446230689967e-06

   78  0  0
9.996851533234637e-06
1.001022159956992e-05
9.959708353298771e-06

   79  0  0
9.926933275043021e-06
1.024881884117575e-05
9.058188462809957e-06

