#Cell  Group   Direction 
# Element_0
# Element_1
# Element_2
    0  0  0
1.819068878444962e-01
1.812855930496872e-01
1.806638944186075e-01

    0  0  1
1.731736677836271e+00
1.730656063811903e+00
1.729573678364926e+00

    1  0  0
1.803021700318361e-01
1.796809755152015e-01
1.790602164711397e-01

    1  0  1
1.728942909307663e+00
1.727857666897383e+00
1.726770621072971e+00

    2  0  0
1.786990760713870e-01
1.780783552770935e-01
1.774573551061623e-01

    2  0  1
1.726137133497216e+00
1.725047200125180e+00
1.723955401895732e+00

    3  0  0
1.770957216221339e-01
1.764743691834454e-01
1.758530727927234e-01

    3  0  1
1.723319126162285e+00
1.722224358536833e+00
1.721127701577441e+00

    4  0  0
1.754916525095498e-01
1.748705445970402e-01
1.742492402237958e-01

    4  0  1
1.720488579993360e+00
1.719388873550206e+00
1.718287224600684e+00

    5  0  0
1.738873186171896e-01
1.732651487718778e-01
1.726426636639231e-01

    5  0  1
1.717645176627557e+00
1.716540419349104e+00
1.715433659714132e+00

    6  0  0
1.722805079724555e-01
1.716585469585662e-01
1.710369767632347e-01

    6  0  1
1.714788609278106e+00
1.713678649731434e+00
1.712566630627803e+00

    7  0  0
1.706752892971785e-01
1.700535457542257e-01
1.694314376202303e-01

    7  0  1
1.711918495234191e+00
1.710803184567489e+00
1.709685773303694e+00

    8  0  0
1.690691953466513e-01
1.684470361851833e-01
1.678252697844553e-01

    8  0  1
1.709034486559701e+00
1.707913719012824e+00
1.706790802369145e+00

    9  0  0
1.674637753339756e-01
1.668425336472407e-01
1.662210124956422e-01

    9  0  1
1.706136279031928e+00
1.705009901501629e+00
1.703881300989072e+00

   10  0  0
1.658587180224489e-01
1.652354460345637e-01
1.646112187008012e-01

   10  0  1
1.703223439580604e+00
1.702091287810895e+00
1.700956854516193e+00

   11  0  0
1.642477265467465e-01
1.636230543212011e-01
1.629982708993938e-01

   11  0  1
1.700295568437379e+00
1.699157488157421e+00
1.698017048968300e+00

   12  0  0
1.626345733939101e-01
1.620093637750851e-01
1.613838594128581e-01

   12  0  1
1.697352235116922e+00
1.696208034605597e+00
1.695061427811036e+00

   13  0  0
1.610198130393656e-01
1.603947425228070e-01
1.597703196027819e-01

   13  0  1
1.694393001209249e+00
1.693242542786532e+00
1.692089609767253e+00

   14  0  0
1.594073539531096e-01
1.587837902065724e-01
1.581602428691352e-01

   14  0  1
1.691417468336299e+00
1.690260584688984e+00
1.689101187639472e+00

   15  0  0
1.577969985700754e-01
1.571725811310104e-01
1.565478453908677e-01

   15  0  1
1.688425394840577e+00
1.687261622152041e+00
1.686096374864293e+00

   16  0  0
1.561843488824508e-01
1.555605287652968e-01
1.549375097327048e-01

   16  0  1
1.685417344338888e+00
1.684247744123805e+00
1.683074864513027e+00

   17  0  0
1.545749913397227e-01
1.539512211299521e-01
1.533261948610924e-01

   17  0  1
1.682390835218377e+00
1.681213394169411e+00
1.680033167447504e+00

   18  0  0
1.529615584706923e-01
1.523348176105263e-01
1.517080291543132e-01

   18  0  1
1.679345000008581e+00
1.678160326286419e+00
1.676972792679190e+00

   19  0  0
1.513439416785137e-01
1.507189992075717e-01
1.500948217570978e-01

   19  0  1
1.676280335567824e+00
1.675088229527222e+00
1.673893160455749e+00

   20  0  0
1.497314048862718e-01
1.491063692077213e-01
1.484805592968965e-01

   20  0  1
1.673196270680539e+00
1.671996475919255e+00
1.670793628880884e+00

   21  0  0
1.481161222702430e-01
1.474903196246997e-01
1.468650719545424e-01

   21  0  1
1.670092172104685e+00
1.668884452383801e+00
1.667673608773222e+00

   22  0  0
1.465016039766338e-01
1.458770686460538e-01
1.452524786687346e-01

   22  0  1
1.666967465155712e+00
1.665751622911365e+00
1.664532567735767e+00

   23  0  0
1.448887060535616e-01
1.442639731017849e-01
1.436397807109887e-01

   23  0  1
1.663821601504189e+00
1.662597415016152e+00
1.661369936685731e+00

   24  0  0
1.432772479992455e-01
1.426547072950863e-01
1.420323631301665e-01

   24  0  1
1.660654044773199e+00
1.659421244547514e+00
1.658184929841293e+00

   25  0  0
1.416693121197350e-01
1.410434496623443e-01
1.404149008758039e-01

   25  0  1
1.657463784057562e+00
1.656221955771477e+00
1.654976559109199e+00

   26  0  0
1.400480804557971e-01
1.394182492261688e-01
1.387893668768956e-01

   26  0  1
1.654250098613718e+00
1.652999020818371e+00
1.651744306532472e+00

   27  0  0
1.384246992641670e-01
1.377986410336551e-01
1.371730805857188e-01

   27  0  1
1.651012397317334e+00
1.649751835133965e+00
1.648487514513172e+00

   28  0  0
1.368082535051393e-01
1.361806084673626e-01
1.355520522074205e-01

   28  0  1
1.647749967302555e+00
1.646479628160774e+00
1.645205405076864e+00

   29  0  0
1.351864460315687e-01
1.345591795002996e-01
1.339331234233784e-01

   29  0  1
1.644462025238676e+00
1.643181599982858e+00
1.641897182573291e+00

   30  0  0
1.335691956833986e-01
1.329435394025928e-01
1.323173705421520e-01

   30  0  1
1.641147816177117e+00
1.639857000138702e+00
1.638562071033118e+00

   31  0  0
1.319524589980365e-01
1.313256969470046e-01
1.306993575657565e-01

   31  0  1
1.637806530161376e+00
1.636505028540598e+00
1.635199256804821e+00

   32  0  0
1.303355003372041e-01
1.297106366973066e-01
1.290860627011631e-01

   32  0  1
1.634437356631807e+00
1.633124757126594e+00
1.631807751312280e+00

   33  0  0
1.287221061455197e-01
1.280960786743397e-01
1.274692607097510e-01

   33  0  1
1.631039232204013e+00
1.629715209061914e+00
1.628386682335097e+00

   34  0  0
1.271044819790699e-01
1.264783706991481e-01
1.258531462220924e-01

   34  0  1
1.627611399795812e+00
1.626275736628984e+00
1.624935496362990e+00

   35  0  0
1.254896345564895e-01
1.248646536608923e-01
1.242391983135435e-01

   35  0  1
1.624153746079788e+00
1.622805823304377e+00
1.621452846642933e+00

   36  0  0
1.238744243159970e-01
1.232476615191926e-01
1.226210108882464e-01

   36  0  1
1.620663134860908e+00
1.619302305463154e+00
1.617936455962856e+00

   37  0  0
1.222569906459668e-01
1.216320971755291e-01
1.210078312414205e-01

   37  0  1
1.617139240870455e+00
1.615765329039205e+00
1.614386230854761e+00

   38  0  0
1.206442104172631e-01
1.200186682911504e-01
1.193921790877784e-01

   38  0  1
1.613581212389239e+00
1.612193855711413e+00
1.610801132125980e+00

   39  0  0
1.190273794003968e-01
1.184012082721524e-01
1.177759643488727e-01

   39  0  1
1.609988113404471e+00
1.608586804571294e+00
1.607179947110825e+00

   40  0  0
1.174127178468744e-01
1.167885835675823e-01
1.161643502574168e-01

   40  0  1
1.606358613719162e+00
1.604942854875094e+00
1.603521363840354e+00

   41  0  0
1.158005334343409e-01
1.151753375838331e-01
1.145501867821717e-01

   41  0  1
1.602691419671996e+00
1.601260762076566e+00
1.599824200898317e+00

   42  0  0
1.141869604109306e-01
1.135639324713909e-01
1.129422808505590e-01

   42  0  1
1.598985401333367e+00
1.597539355856664e+00
1.596087217075669e+00

   43  0  0
1.125808787739354e-01
1.119595565828927e-01
1.113376052549739e-01

   43  0  1
1.595239288200039e+00
1.593777356116738e+00
1.592309283328631e+00

   44  0  0
1.109748508974965e-01
1.103512142398316e-01
1.097274244851628e-01

   44  0  1
1.591452378141234e+00
1.589975388478535e+00
1.588490697359755e+00

   45  0  0
1.093647742081954e-01
1.087416569946602e-01
1.081185229063884e-01

   45  0  1
1.587623260917667e+00
1.586127619227172e+00
1.584625192141805e+00

   46  0  0
1.077554095325923e-01
1.071307768479405e-01
1.065053317085507e-01

   46  0  1
1.583747648424462e+00
1.582234389010001e+00
1.580713938333024e+00

   47  0  0
1.061413444235256e-01
1.055166497263954e-01
1.048929705674105e-01

   47  0  1
1.579825733604043e+00
1.578293874419976e+00
1.576754708251414e+00

   48  0  0
1.045305503645365e-01
1.039077715695477e-01
1.032848376582469e-01

   48  0  1
1.575855542099605e+00
1.574304680985301e+00
1.572746264058181e+00

   49  0  0
1.029218930086084e-01
1.022984997067048e-01
1.016755342881348e-01

   49  0  1
1.571835776988083e+00
1.570265244765892e+00
1.568686848131705e+00

   50  0  0
1.013136927638548e-01
1.006926477776121e-01
1.000723590242864e-01

   50  0  1
1.567764596985281e+00
1.566173619595356e+00
1.564574529650727e+00

   51  0  0
9.971118136566148e-02
9.909008619237086e-02
9.846835790883406e-02

   51  0  1
1.563640114283428e+00
1.562028031519498e+00
1.560407596703528e+00

   52  0  0
9.810646249408243e-02
9.748543580074608e-02
9.686551140669152e-02

   52  0  1
1.559460648876615e+00
1.557826779542786e+00
1.556183965989322e+00

   53  0  0
9.650540053446145e-02
9.588647795632545e-02
9.526715013871322e-02

   53  0  1
1.555223743481022e+00
1.553566778993349e+00
1.551900743968700e+00

   54  0  0
9.490587749931792e-02
9.428444429388312e-02
9.366224705338412e-02

   54  0  1
1.550926936091333e+00
1.549246340499328e+00
1.547556338554437e+00

   55  0  0
9.330035091841940e-02
9.267928377707116e-02
9.205926278728933e-02

   55  0  1
1.546568421262128e+00
1.544863351897676e+00
1.543148535823416e+00

   56  0  0
9.169885696688404e-02
9.107966314441969e-02
9.046054394259831e-02

   56  0  1
1.542146019506821e+00
1.540415570249170e+00
1.538674976207509e+00

   57  0  0
9.010013787971438e-02
8.948164730614530e-02
8.886428796053521e-02

   57  0  1
1.537657266438867e+00
1.535900388209710e+00
1.534133001251895e+00

   58  0  0
8.850598444426479e-02
8.789139574907254e-02
8.727803343857705e-02

   58  0  1
1.533099530045440e+00
1.531315298479621e+00
1.529520087569317e+00

   59  0  0
8.692108528640247e-02
8.630740853609500e-02
8.569320023872128e-02

   59  0  1
1.528470223532213e+00
1.526657364950885e+00
1.524833127969919e+00

   60  0  0
8.533553095577326e-02
8.472138140732181e-02
8.410776852567374e-02

   60  0  1
1.523766174256513e+00
1.521923720948322e+00
1.520069470053284e+00

   61  0  0
8.375099405874600e-02
8.313738815322938e-02
8.252286532315038e-02

   61  0  1
1.518984846746957e+00
1.517111683310053e+00
1.515226248589086e+00

   62  0  0
8.216427426234432e-02
8.154780039722272e-02
8.093117842326972e-02

   62  0  1
1.514123288955170e+00
1.512218111583173e+00
1.510300173683974e+00

   63  0  0
8.057311847810841e-02
7.995910789764424e-02
7.934662881439269e-02

   63  0  1
1.509178065295728e+00
1.507239589653316e+00
1.505287820523267e+00

   64  0  0
7.899040744424771e-02
7.837782280663377e-02
7.776447523733379e-02

   64  0  1
1.504145757828161e+00
1.502172717883907e+00
1.500185857964530e+00

   65  0  0
7.740699969790682e-02
7.679313027424844e-02
7.617987282928962e-02

   65  0  1
1.499023153661435e+00
1.497014053994723e+00
1.494990552848813e+00

   66  0  0
7.582376394528670e-02
7.521259172407954e-02
7.460225524313288e-02

   66  0  1
1.493806228340169e+00
1.491759720767724e+00
1.489698223415261e+00

   67  0  0
7.424698572534404e-02
7.363659272682177e-02
7.302632994438063e-02

   67  0  1
1.488491494237382e+00
1.486405762827758e+00
1.484304384909702e+00

   68  0  0
7.267157999816462e-02
7.206323179038743e-02
7.145642193520829e-02

   68  0  1
1.483074179524654e+00
1.480947663618074e+00
1.478804852691578e+00

   69  0  0
7.110388078465087e-02
7.049824868335627e-02
6.989266557384767e-02

   69  0  1
1.477550201577130e+00
1.475381251457857e+00
1.473195267554041e+00

   70  0  0
6.953997831214798e-02
6.893490589433071e-02
6.833126405020785e-02

   70  0  1
1.471915149947724e+00
1.469701816485419e+00
1.467470750296206e+00

   71  0  0
6.798144400225344e-02
6.738163105990196e-02
6.678301073016092e-02

   71  0  1
1.466164063849744e+00
1.463904491554379e+00
1.461626473576368e+00

   72  0  0
6.643377030475266e-02
6.583099967436187e-02
6.522460330453378e-02

   72  0  1
1.460292134365396e+00
1.457984420480762e+00
1.455657447635257e+00

   73  0  0
6.487014730214091e-02
6.426203511642206e-02
6.365566615294363e-02

   73  0  1
1.454294245021453e+00
1.451936344621464e+00
1.449558425152699e+00

   74  0  0
6.330507117596891e-02
6.270401936049683e-02
6.210439622248157e-02

   74  0  1
1.448165017922766e+00
1.445754057566860e+00
1.443322015689446e+00

   75  0  0
6.175465830184904e-02
6.115335023442950e-02
6.055171844854346e-02

   75  0  1
1.441896827404463e+00
1.439430819287806e+00
1.436942734207275e+00

   76  0  0
6.020239128686950e-02
5.960402072198240e-02
5.900796745102388e-02

   76  0  1
1.435484458711569e+00
1.432960911099250e+00
1.430414272071912e+00

   77  0  0
5.866175403598325e-02
5.806674091822377e-02
5.747145654574579e-02

   77  0  1
1.428921440595469e+00
1.426337658216200e+00
1.423729719843947e+00

   78  0  0
5.712466356233727e-02
5.652962115273800e-02
5.593574891650961e-02

   78  0  1
1.422200694564201e+00
1.419553799816930e+00
1.416881617479797e+00

   79  0  0
5.559119860875443e-02
5.500011115242032e-02
5.441010579644026e-02

   79  0  1
1.415314699300209e+00
1.412601929827100e+00
1.409862633700821e+00

   80  0  0
5.406666473078050e-02
5.347673816657517e-02
5.288715939826918e-02

   80  0  1
1.408256123787038e+00
1.405474325034090e+00
1.402664401999130e+00

   81  0  0
5.254466092525020e-02
5.195765072282425e-02
5.137251890524951e-02

   81  0  1
1.401015989354059e+00
1.398160845278092e+00
1.395276525426953e+00

   82  0  0
5.103268505522329e-02
5.044879958735300e-02
4.986479313751118e-02

   82  0  1
1.393584380257724e+00
1.390653075024853e+00
1.387691467949397e+00

   83  0  0
4.952451362491402e-02
4.894080006047348e-02
4.835845596249995e-02

   83  0  1
1.385953345483169e+00
1.382941276239596e+00
1.379896986011185e+00

   84  0  0
4.802109524343479e-02
4.744298668729823e-02
4.686657188186286e-02

   84  0  1
1.378110261795351e+00
1.375013929604722e+00
1.371883734734261e+00

   85  0  0
4.653074566380256e-02
4.595258064059010e-02
4.537297158913949e-02

   85  0  1
1.370046289579710e+00
1.366861711130604e+00
1.363641884243102e+00

   86  0  0
4.503551742309723e-02
4.445793479585254e-02
4.388341283697540e-02

   86  0  1
1.361751369857140e+00
1.358471896811752e+00
1.355154525085319e+00

   87  0  0
4.355099563486905e-02
4.298075249807366e-02
4.241135317039748e-02

   87  0  1
1.353206352880688e+00
1.349827752335646e+00
1.346409184626254e+00

   88  0  0
4.207911797556578e-02
4.150832466158827e-02
4.093779528731325e-02

   88  0  1
1.344401062493466e+00
1.340918253968217e+00
1.337393282125289e+00

   89  0  0
4.060695782990444e-02
4.004056025622679e-02
3.947673269286034e-02

   89  0  1
1.335322309604653e+00
1.331729081852377e+00
1.328091194855527e+00

   90  0  0
3.914914504415373e-02
3.858609446004330e-02
3.802271066918366e-02

   90  0  1
1.325953272939905e+00
1.322243263347912e+00
1.318486008313823e+00

   91  0  0
3.769455257573007e-02
3.713209238927492e-02
3.657163329649338e-02

   91  0  1
1.316277377378661e+00
1.312443772807850e+00
1.308560144713474e+00

   92  0  0
3.624714720717678e-02
3.569120326178825e-02
3.513709507796019e-02

   92  0  1
1.306276652775294e+00
1.302312403655157e+00
1.298295595449164e+00

   93  0  0
3.481454551428987e-02
3.426051810294908e-02
3.370686557945763e-02

   93  0  1
1.295933706681471e+00
1.291830616086489e+00
1.287669729294498e+00

   94  0  0
3.338521939098292e-02
3.283468979696003e-02
3.228703121390284e-02

   94  0  1
1.285221684283874e+00
1.280969461042241e+00
1.276656921733520e+00

   95  0  0
3.196976552335432e-02
3.142561661349194e-02
3.088254322744572e-02

   95  0  1
1.274118985080519e+00
1.269708986313338e+00
1.265234758810303e+00

   96  0  0
3.056634599863368e-02
3.002398534508914e-02
2.948301876079124e-02

   96  0  1
1.262600876670425e+00
1.258022675154192e+00
1.253375781063027e+00

   97  0  0
2.916973886330014e-02
2.863424193794335e-02
2.810222569257394e-02

   97  0  1
1.250639366514624e+00
1.245881397561283e+00
1.241049584116834e+00

   98  0  0
2.779356210424845e-02
2.726298343379589e-02
2.673193819858399e-02

   98  0  1
1.238203121538520e+00
1.233251994167839e+00
1.228222994702022e+00

   99  0  0
2.642241305505527e-02
2.589325129012431e-02
2.536810008413484e-02

   99  0  1
1.225260556081495e+00
1.220102799193598e+00
1.214858575031581e+00

  100  0  0
2.506562768815369e-02
2.454841378598862e-02
2.403370899625194e-02

  100  0  1
1.211766960670220e+00
1.206385394353341e+00
1.200912197342657e+00

  101  0  0
2.373263917810564e-02
2.321272725685321e-02
2.268972914010270e-02

  101  0  1
1.197684098344730e+00
1.192062205822821e+00
1.186340809625043e+00

  102  0  0
2.238567204120669e-02
2.186782086880992e-02
2.135621196553802e-02

  102  0  1
1.182964574750921e+00
1.177081838645541e+00
1.171092123394900e+00

  103  0  0
2.106189271297040e-02
2.055735443040876e-02
2.005398609430615e-02

  103  0  1
1.167556098676371e+00
1.161393907545873e+00
1.155117323511783e+00

  104  0  0
1.976005408467875e-02
1.925709548947362e-02
1.875752251706489e-02

  104  0  1
1.151414935356565e+00
1.144942376784468e+00
1.138338690437692e+00

  105  0  0
1.846889522763308e-02
1.797712211738729e-02
1.749034379222028e-02

  105  0  1
1.134435226888134e+00
1.127620938341118e+00
1.120666057338581e+00

  106  0  0
1.720844506567698e-02
1.672439702531579e-02
1.624041429967863e-02

  106  0  1
1.116552744823262e+00
1.109368565817453e+00
1.102030104109971e+00

  107  0  0
1.595841664051393e-02
1.547711574810246e-02
1.500035966949595e-02

  107  0  1
1.097686889132556e+00
1.090095034822823e+00
1.082332502695263e+00

  108  0  0
1.472643092949545e-02
1.425872454269851e-02
1.379428757423635e-02

  108  0  1
1.077734320458465e+00
1.069690263632489e+00
1.061456593105306e+00

  109  0  0
1.352364014262715e-02
1.305980438333200e-02
1.259793893674664e-02

  109  0  1
1.056576860981020e+00
1.048028012800246e+00
1.039264361458704e+00

  110  0  0
1.233135935610596e-02
1.187799162360147e-02
1.143054128687619e-02

  110  0  1
1.034063486965394e+00
1.024946513697824e+00
1.015587423706465e+00

  111  0  0
1.117245907384267e-02
1.073103207802541e-02
1.029185278079816e-02

  111  0  1
1.010026627507986e+00
1.000268584078137e+00
9.902351260386160e-01

  112  0  0
1.003665364165621e-02
9.601591847105358e-03
9.171221741675319e-03

  112  0  1
9.842658048025993e-01
9.737756705999105e-01
9.629685417490784e-01

  113  0  0
8.924098224587737e-03
8.504226560068740e-03
8.090337463156043e-03

  113  0  1
9.565283166748304e-01
9.451950281804667e-01
9.334940944381952e-01

  114  0  0
7.851293546493995e-03
7.441934339634063e-03
7.034464645285148e-03

  114  0  1
9.265111445224615e-01
9.141941089426570e-01
9.014472384091687e-01

  115  0  0
6.798784242002739e-03
6.400901005663241e-03
6.012500238198114e-03

  115  0  1
8.938337516000631e-01
8.803342735461683e-01
8.662963422422821e-01

  116  0  0
5.790353836919350e-03
5.413951943152340e-03
5.042962993779340e-03

  116  0  1
8.578708925585994e-01
8.429363106455177e-01
8.273484940787139e-01

  117  0  0
4.827091633352966e-03
4.461327922304360e-03
4.103200636685372e-03

  117  0  1
8.179607259076127e-01
8.012568162824708e-01
7.837139673470709e-01

  118  0  0
3.899755139421430e-03
3.555815566338033e-03
3.221119682865274e-03

  118  0  1
7.730981604983922e-01
7.541099706809880e-01
7.340140393199427e-01

  119  0  0
3.033996953575201e-03
2.716753962872318e-03
2.401611595391911e-03

  119  0  1
7.217722926210213e-01
6.997302168205815e-01
6.761337728394808e-01

  120  0  0
2.215685775689565e-03
1.911458445132660e-03
1.626533412644748e-03

  120  0  1
6.616196787797345e-01
6.352201741719217e-01
6.064083713894897e-01

  121  0  0
1.469048346160405e-03
1.205847279857274e-03
9.557419608104533e-04

  121  0  1
5.883568480667687e-01
5.550592191581832e-01
5.174813742082366e-01

  122  0  0
8.198332277412011e-04
5.962777551915678e-04
3.855320434506187e-04

  122  0  1
4.931382970871566e-01
4.465989218063752e-01
3.893068553015742e-01

  123  0  0
2.719932391448914e-04
1.221291628582268e-04
2.384888207106395e-05

  123  0  1
3.552163192142507e-01
2.592190354703677e-01
7.895655540784614e-02

  124  0  0
1.406818422050655e-06
6.567182903887998e-06
4.565500752278866e-06

  124  0  1
5.671193500811299e-04
-1.007739797341837e-04
1.025062981399497e-04

  125  0  0
4.805479014050619e-06
5.053339193371743e-06
4.984550033064646e-06

  125  0  1
-2.924009959942017e-05
2.564808429636803e-06
1.218028683311444e-05

  126  0  0
4.990275520912312e-06
5.002658924076187e-06
4.999190611718439e-06

  126  0  1
2.735745750372059e-07
5.405977283537402e-06
5.339600385137795e-06

  127  0  0
4.999548085544795e-06
5.000126615189460e-06
4.999958909852139e-06

  127  0  1
4.566208964172068e-06
5.057387268083855e-06
5.013207942705795e-06

  128  0  0
4.999981021864623e-06
5.000005553580311e-06
4.999998017305155e-06

  128  0  1
4.966346053428007e-06
5.005189925670506e-06
5.000358463013432e-06

  129  0  0
4.999999348250842e-06
5.000000210092824e-06
4.999999911045928e-06

  129  0  1
4.997624963999131e-06
5.000396148194925e-06
4.999998067570365e-06

  130  0  0
4.999999989280044e-06
5.000000005383522e-06
4.999999996466122e-06

  130  0  1
4.999842251351903e-06
5.000027589205789e-06
4.999998701092252e-06

  131  0  0
5.000000000973099e-06
4.999999999907656e-06
4.999999999891995e-06

  131  0  1
4.999989952487521e-06
5.000001813847418e-06
4.999999865217048e-06

  132  0  0
5.000000000147129e-06
4.999999999969587e-06
4.999999999997923e-06

  132  0  1
4.999999379322594e-06
5.000000114626892e-06
4.999999989296154e-06

  133  0  0
5.000000000012144e-06
4.999999999995257e-06
4.999999999998573e-06

  133  0  1
4.999999962540559e-06
5.000000007036432e-06
4.999999999241477e-06

  134  0  0
4.999999999999353e-06
4.999999999998006e-06
4.999999999998285e-06

  134  0  1
4.999999997779008e-06
5.000000000420974e-06
4.999999999948132e-06

  135  0  0
4.999999999998333e-06
4.999999999998234e-06
4.999999999998257e-06

  135  0  1
4.999999999868735e-06
5.000000000023201e-06
4.999999999995072e-06

  136  0  0
4.999999999998259e-06
4.999999999998250e-06
4.999999999998256e-06

  136  0  1
4.999999999990790e-06
4.999999999999702e-06
4.999999999998059e-06

  137  0  0
4.999999999998256e-06
4.999999999998256e-06
4.999999999998255e-06

  137  0  1
4.999999999997829e-06
4.999999999998339e-06
4.999999999998243e-06

  138  0  0
4.999999999998256e-06
4.999999999998256e-06
4.999999999998256e-06

  138  0  1
4.999999999998229e-06
4.999999999998259e-06
4.999999999998255e-06

  139  0  0
4.999999999998256e-06
4.999999999998255e-06
4.999999999998257e-06

  139  0  1
4.999999999998254e-06
4.999999999998256e-06
4.999999999998254e-06

  140  0  0
4.999999999998256e-06
4.999999999998255e-06
4.999999999998255e-06

  140  0  1
4.999999999998255e-06
4.999999999998254e-06
4.999999999998255e-06

  141  0  0
4.999999999998256e-06
4.999999999998256e-06
4.999999999998255e-06

  141  0  1
4.999999999998256e-06
4.999999999998255e-06
4.999999999998255e-06

  142  0  0
4.999999999998256e-06
4.999999999998255e-06
4.999999999998256e-06

  142  0  1
4.999999999998256e-06
4.999999999998255e-06
4.999999999998255e-06

  143  0  0
4.999999999998256e-06
4.999999999998256e-06
4.999999999998255e-06

  143  0  1
4.999999999998255e-06
4.999999999998256e-06
4.999999999998254e-06

  144  0  0
4.999999999998256e-06
4.999999999998256e-06
4.999999999998255e-06

  144  0  1
4.999999999998254e-06
4.999999999998254e-06
4.999999999998256e-06

  145  0  0
4.999999999998255e-06
4.999999999998255e-06
4.999999999998255e-06

  145  0  1
4.999999999998255e-06
4.999999999998255e-06
4.999999999998255e-06

  146  0  0
4.999999999998256e-06
4.999999999998256e-06
4.999999999998256e-06

  146  0  1
4.999999999998256e-06
4.999999999998255e-06
4.999999999998255e-06

  147  0  0
4.999999999998256e-06
4.999999999998254e-06
4.999999999998256e-06

  147  0  1
4.999999999998254e-06
4.999999999998255e-06
4.999999999998254e-06

  148  0  0
4.999999999998256e-06
4.999999999998256e-06
4.999999999998256e-06

  148  0  1
4.999999999998255e-06
4.999999999998254e-06
4.999999999998256e-06

  149  0  0
4.999999999998256e-06
4.999999999998256e-06
4.999999999998256e-06

  149  0  1
4.999999999998255e-06
4.999999999998254e-06
4.999999999998256e-06

  150  0  0
4.999999999998256e-06
4.999999999998256e-06
4.999999999998255e-06

  150  0  1
4.999999999998256e-06
4.999999999998255e-06
4.999999999998255e-06

  151  0  0
4.999999999998256e-06
4.999999999998256e-06
4.999999999998255e-06

  151  0  1
4.999999999998255e-06
4.999999999998255e-06
4.999999999998254e-06

  152  0  0
4.999999999998256e-06
4.999999999998256e-06
4.999999999998256e-06

  152  0  1
4.999999999998254e-06
4.999999999998253e-06
4.999999999998257e-06

  153  0  0
4.999999999998256e-06
4.999999999998256e-06
4.999999999998256e-06

  153  0  1
4.999999999998254e-06
4.999999999998255e-06
4.999999999998256e-06

  154  0  0
4.999999999998256e-06
4.999999999998256e-06
4.999999999998255e-06

  154  0  1
4.999999999998256e-06
4.999999999998254e-06
4.999999999998254e-06

  155  0  0
4.999999999998256e-06
4.999999999998256e-06
4.999999999998256e-06

  155  0  1
4.999999999998255e-06
4.999999999998255e-06
4.999999999998256e-06

  156  0  0
4.999999999998256e-06
4.999999999998256e-06
4.999999999998255e-06

  156  0  1
4.999999999998253e-06
4.999999999998255e-06
4.999999999998255e-06

  157  0  0
4.999999999998255e-06
4.999999999998256e-06
4.999999999998256e-06

  157  0  1
4.999999999998256e-06
4.999999999998255e-06
4.999999999998255e-06

  158  0  0
4.999999999998254e-06
4.999999999998256e-06
4.999999999998255e-06

  158  0  1
4.999999999998254e-06
4.999999999998255e-06
4.999999999998254e-06

  159  0  0
4.999999999998256e-06
4.999999999998256e-06
4.999999999998256e-06

  159  0  1
4.999999999998254e-06
4.999999999998255e-06
4.999999999998255e-06

  160  0  0
4.999999999998256e-06
4.999999999998256e-06
4.999999999998256e-06

  160  0  1
4.999999999998253e-06
4.999999999998254e-06
4.999999999998256e-06

  161  0  0
4.999999999998257e-06
4.999999999998255e-06
4.999999999998256e-06

  161  0  1
4.999999999998255e-06
4.999999999998254e-06
4.999999999998256e-06

  162  0  0
4.999999999998256e-06
4.999999999998256e-06
4.999999999998256e-06

  162  0  1
4.999999999998255e-06
4.999999999998255e-06
4.999999999998256e-06

  163  0  0
4.999999999998256e-06
4.999999999998255e-06
4.999999999998256e-06

  163  0  1
4.999999999998255e-06
4.999999999998256e-06
4.999999999998256e-06

  164  0  0
4.999999999998256e-06
4.999999999998255e-06
4.999999999998257e-06

  164  0  1
4.999999999998255e-06
4.999999999998255e-06
4.999999999998254e-06

  165  0  0
4.999999999998256e-06
4.999999999998254e-06
4.999999999998255e-06

  165  0  1
4.999999999998255e-06
4.999999999998254e-06
4.999999999998255e-06

  166  0  0
4.999999999998256e-06
4.999999999998256e-06
4.999999999998256e-06

  166  0  1
4.999999999998255e-06
4.999999999998254e-06
4.999999999998255e-06

  167  0  0
4.999999999998256e-06
4.999999999998255e-06
4.999999999998256e-06

  167  0  1
4.999999999998254e-06
4.999999999998255e-06
4.999999999998255e-06

  168  0  0
4.999999999998256e-06
4.999999999998256e-06
4.999999999998255e-06

  168  0  1
4.999999999998256e-06
4.999999999998254e-06
4.999999999998256e-06

  169  0  0
4.999999999998256e-06
4.999999999998255e-06
4.999999999998255e-06

  169  0  1
4.999999999998254e-06
4.999999999998256e-06
4.999999999998256e-06

  170  0  0
4.999999999998256e-06
4.999999999998256e-06
4.999999999998256e-06

  170  0  1
4.999999999998255e-06
4.999999999998256e-06
4.999999999998255e-06

  171  0  0
4.999999999998257e-06
4.999999999998256e-06
4.999999999998256e-06

  171  0  1
4.999999999998255e-06
4.999999999998255e-06
4.999999999998256e-06

  172  0  0
4.999999999998256e-06
4.999999999998255e-06
4.999999999998256e-06

  172  0  1
4.999999999998254e-06
4.999999999998254e-06
4.999999999998255e-06

  173  0  0
4.999999999998256e-06
4.999999999998255e-06
4.999999999998256e-06

  173  0  1
4.999999999998255e-06
4.999999999998255e-06
4.999999999998256e-06

  174  0  0
4.999999999998256e-06
4.999999999998255e-06
4.999999999998256e-06

  174  0  1
4.999999999998255e-06
4.999999999998254e-06
4.999999999998255e-06

  175  0  0
4.999999999998256e-06
4.999999999998255e-06
4.999999999998256e-06

  175  0  1
4.999999999998255e-06
4.999999999998256e-06
4.999999999998255e-06

  176  0  0
4.999999999998256e-06
4.999999999998256e-06
4.999999999998256e-06

  176  0  1
4.999999999998254e-06
4.999999999998255e-06
4.999999999998254e-06

  177  0  0
4.999999999998256e-06
4.999999999998256e-06
4.999999999998255e-06

  177  0  1
4.999999999998255e-06
4.999999999998255e-06
4.999999999998254e-06

  178  0  0
4.999999999998257e-06
4.999999999998256e-06
4.999999999998256e-06

  178  0  1
4.999999999998254e-06
4.999999999998255e-06
4.999999999998256e-06

  179  0  0
4.999999999998256e-06
4.999999999998256e-06
4.999999999998255e-06

  179  0  1
4.999999999998254e-06
4.999999999998254e-06
4.999999999998256e-06

  180  0  0
4.999999999998256e-06
4.999999999998256e-06
4.999999999998255e-06

  180  0  1
4.999999999998255e-06
4.999999999998254e-06
4.999999999998256e-06

  181  0  0
4.999999999998255e-06
4.999999999998254e-06
4.999999999998255e-06

  181  0  1
4.999999999998254e-06
4.999999999998255e-06
4.999999999998255e-06

  182  0  0
4.999999999998256e-06
4.999999999998255e-06
4.999999999998256e-06

  182  0  1
4.999999999998255e-06
4.999999999998254e-06
4.999999999998254e-06

  183  0  0
4.999999999998255e-06
4.999999999998256e-06
4.999999999998256e-06

  183  0  1
4.999999999998254e-06
4.999999999998256e-06
4.999999999998255e-06

  184  0  0
4.999999999998256e-06
4.999999999998255e-06
4.999999999998256e-06

  184  0  1
4.999999999998255e-06
4.999999999998256e-06
4.999999999998254e-06

  185  0  0
4.999999999998256e-06
4.999999999998256e-06
4.999999999998255e-06

  185  0  1
4.999999999998254e-06
4.999999999998254e-06
4.999999999998256e-06

  186  0  0
4.999999999998256e-06
4.999999999998255e-06
4.999999999998256e-06

  186  0  1
4.999999999998254e-06
4.999999999998256e-06
4.999999999998255e-06

  187  0  0
4.999999999998257e-06
4.999999999998256e-06
4.999999999998256e-06

  187  0  1
4.999999999998254e-06
4.999999999998255e-06
4.999999999998256e-06

  188  0  0
4.999999999998256e-06
4.999999999998256e-06
4.999999999998255e-06

  188  0  1
4.999999999998255e-06
4.999999999998255e-06
4.999999999998254e-06

  189  0  0
4.999999999998257e-06
4.999999999998256e-06
4.999999999998256e-06

  189  0  1
4.999999999998256e-06
4.999999999998255e-06
4.999999999998254e-06

  190  0  0
4.999999999998256e-06
4.999999999998255e-06
4.999999999998256e-06

  190  0  1
4.999999999998255e-06
4.999999999998254e-06
4.999999999998256e-06

  191  0  0
4.999999999998256e-06
4.999999999998256e-06
4.999999999998257e-06

  191  0  1
4.999999999998255e-06
4.999999999998255e-06
4.999999999998255e-06

  192  0  0
4.999999999998256e-06
4.999999999998256e-06
4.999999999998257e-06

  192  0  1
4.999999999998255e-06
4.999999999998255e-06
4.999999999998256e-06

  193  0  0
4.999999999998256e-06
4.999999999998256e-06
4.999999999998256e-06

  193  0  1
4.999999999998255e-06
4.999999999998255e-06
4.999999999998256e-06

  194  0  0
4.999999999998256e-06
4.999999999998255e-06
4.999999999998256e-06

  194  0  1
4.999999999998255e-06
4.999999999998255e-06
4.999999999998254e-06

  195  0  0
4.999999999998255e-06
4.999999999998255e-06
4.999999999998256e-06

  195  0  1
4.999999999998255e-06
4.999999999998254e-06
4.999999999998255e-06

  196  0  0
4.999999999998257e-06
4.999999999998256e-06
4.999999999998255e-06

  196  0  1
4.999999999998254e-06
4.999999999998255e-06
4.999999999998255e-06

  197  0  0
4.999999999998256e-06
4.999999999998256e-06
4.999999999998256e-06

  197  0  1
4.999999999998255e-06
4.999999999998253e-06
4.999999999998255e-06

  198  0  0
4.999999999998256e-06
4.999999999998256e-06
4.999999999998256e-06

  198  0  1
4.999999999998256e-06
4.999999999998255e-06
4.999999999998256e-06

  199  0  0
4.999999999998256e-06
4.999999999998254e-06
4.999999999998255e-06

  199  0  1
4.999999999998254e-06
4.999999999998254e-06
4.999999999998255e-06

  200  0  0
4.999999999998256e-06
4.999999999998256e-06
4.999999999998256e-06

  200  0  1
4.999999999998256e-06
4.999999999998254e-06
4.999999999998256e-06

  201  0  0
4.999999999998256e-06
4.999999999998254e-06
4.999999999998256e-06

  201  0  1
4.999999999998255e-06
4.999999999998255e-06
4.999999999998254e-06

  202  0  0
4.999999999998256e-06
4.999999999998256e-06
4.999999999998256e-06

  202  0  1
4.999999999998254e-06
4.999999999998255e-06
4.999999999998254e-06

  203  0  0
4.999999999998256e-06
4.999999999998256e-06
4.999999999998255e-06

  203  0  1
4.999999999998255e-06
4.999999999998255e-06
4.999999999998255e-06

  204  0  0
4.999999999998256e-06
4.999999999998254e-06
4.999999999998256e-06

  204  0  1
4.999999999998255e-06
4.999999999998255e-06
4.999999999998256e-06

  205  0  0
4.999999999998256e-06
4.999999999998254e-06
4.999999999998255e-06

  205  0  1
4.999999999998255e-06
4.999999999998254e-06
4.999999999998255e-06

  206  0  0
4.999999999998256e-06
4.999999999998256e-06
4.999999999998255e-06

  206  0  1
4.999999999998255e-06
4.999999999998254e-06
4.999999999998254e-06

  207  0  0
4.999999999998256e-06
4.999999999998255e-06
4.999999999998255e-06

  207  0  1
4.999999999998255e-06
4.999999999998255e-06
4.999999999998254e-06

  208  0  0
4.999999999998256e-06
4.999999999998256e-06
4.999999999998255e-06

  208  0  1
4.999999999998253e-06
4.999999999998255e-06
4.999999999998256e-06

  209  0  0
4.999999999998256e-06
4.999999999998256e-06
4.999999999998256e-06

  209  0  1
4.999999999998256e-06
4.999999999998254e-06
4.999999999998255e-06

  210  0  0
4.999999999998257e-06
4.999999999998256e-06
4.999999999998256e-06

  210  0  1
4.999999999998255e-06
4.999999999998254e-06
4.999999999998256e-06

  211  0  0
4.999999999998256e-06
4.999999999998256e-06
4.999999999998255e-06

  211  0  1
4.999999999998255e-06
4.999999999998256e-06
4.999999999998254e-06

  212  0  0
4.999999999998256e-06
4.999999999998255e-06
4.999999999998256e-06

  212  0  1
4.999999999998255e-06
4.999999999998254e-06
4.999999999998256e-06

  213  0  0
4.999999999998257e-06
4.999999999998255e-06
4.999999999998255e-06

  213  0  1
4.999999999998255e-06
4.999999999998255e-06
4.999999999998256e-06

  214  0  0
4.999999999998256e-06
4.999999999998255e-06
4.999999999998256e-06

  214  0  1
4.999999999998255e-06
4.999999999998254e-06
4.999999999998255e-06

  215  0  0
4.999999999998256e-06
4.999999999998255e-06
4.999999999998256e-06

  215  0  1
4.999999999998254e-06
4.999999999998254e-06
4.999999999998255e-06

  216  0  0
4.999999999998256e-06
4.999999999998256e-06
4.999999999998256e-06

  216  0  1
4.999999999998255e-06
4.999999999998255e-06
4.999999999998255e-06

  217  0  0
4.999999999998256e-06
4.999999999998255e-06
4.999999999998256e-06

  217  0  1
4.999999999998255e-06
4.999999999998254e-06
4.999999999998256e-06

  218  0  0
4.999999999998255e-06
4.999999999998256e-06
4.999999999998255e-06

  218  0  1
4.999999999998253e-06
4.999999999998255e-06
4.999999999998256e-06

  219  0  0
4.999999999998256e-06
4.999999999998256e-06
4.999999999998256e-06

  219  0  1
4.999999999998254e-06
4.999999999998255e-06
4.999999999998255e-06

  220  0  0
4.999999999998256e-06
4.999999999998256e-06
4.999999999998256e-06

  220  0  1
4.999999999998256e-06
4.999999999998254e-06
4.999999999998256e-06

  221  0  0
4.999999999998256e-06
4.999999999998255e-06
4.999999999998256e-06

  221  0  1
4.999999999998255e-06
4.999999999998255e-06
4.999999999998255e-06

  222  0  0
4.999999999998255e-06
4.999999999998256e-06
4.999999999998255e-06

  222  0  1
4.999999999998255e-06
4.999999999998255e-06
4.999999999998255e-06

  223  0  0
4.999999999998256e-06
4.999999999998256e-06
4.999999999998255e-06

  223  0  1
4.999999999998254e-06
4.999999999998254e-06
4.999999999998257e-06

  224  0  0
4.999999999998256e-06
4.999999999998256e-06
4.999999999998255e-06

  224  0  1
4.999999999998255e-06
4.999999999998255e-06
4.999999999998255e-06

  225  0  0
4.999999999998257e-06
4.999999999998256e-06
4.999999999998256e-06

  225  0  1
4.999999999998255e-06
4.999999999998255e-06
4.999999999998256e-06

  226  0  0
4.999999999998256e-06
4.999999999998256e-06
4.999999999998256e-06

  226  0  1
4.999999999998255e-06
4.999999999998256e-06
4.999999999998254e-06

  227  0  0
4.999999999998256e-06
4.999999999998255e-06
4.999999999998256e-06

  227  0  1
4.999999999998255e-06
4.999999999998255e-06
4.999999999998254e-06

  228  0  0
4.999999999998256e-06
4.999999999998256e-06
4.999999999998255e-06

  228  0  1
4.999999999998254e-06
4.999999999998255e-06
4.999999999998256e-06

  229  0  0
4.999999999998256e-06
4.999999999998255e-06
4.999999999998255e-06

  229  0  1
4.999999999998255e-06
4.999999999998255e-06
4.999999999998255e-06

  230  0  0
4.999999999998255e-06
4.999999999998254e-06
4.999999999998256e-06

  230  0  1
4.999999999998256e-06
4.999999999998255e-06
4.999999999998255e-06

  231  0  0
4.999999999998255e-06
4.999999999998256e-06
4.999999999998256e-06

  231  0  1
4.999999999998254e-06
4.999999999998256e-06
4.999999999998256e-06

  232  0  0
4.999999999998256e-06
4.999999999998256e-06
4.999999999998256e-06

  232  0  1
4.999999999998256e-06
4.999999999998254e-06
4.999999999998255e-06

  233  0  0
4.999999999998256e-06
4.999999999998256e-06
4.999999999998256e-06

  233  0  1
4.999999999998254e-06
4.999999999998255e-06
4.999999999998256e-06

  234  0  0
4.999999999998256e-06
4.999999999998254e-06
4.999999999998255e-06

  234  0  1
4.999999999998255e-06
4.999999999998255e-06
4.999999999998255e-06

  235  0  0
4.999999999998256e-06
4.999999999998256e-06
4.999999999998255e-06

  235  0  1
4.999999999998255e-06
4.999999999998254e-06
4.999999999998255e-06

  236  0  0
4.999999999998256e-06
4.999999999998256e-06
4.999999999998256e-06

  236  0  1
4.999999999998255e-06
4.999999999998254e-06
4.999999999998254e-06

  237  0  0
4.999999999998256e-06
4.999999999998255e-06
4.999999999998255e-06

  237  0  1
4.999999999998255e-06
4.999999999998255e-06
4.999999999998255e-06

  238  0  0
4.999999999998256e-06
4.999999999998256e-06
4.999999999998255e-06

  238  0  1
4.999999999998253e-06
4.999999999998255e-06
4.999999999998256e-06

  239  0  0
4.999999999998257e-06
4.999999999998254e-06
4.999999999998256e-06

  239  0  1
4.999999999998253e-06
4.999999999998255e-06
4.999999999998255e-06

  240  0  0
4.999999999998257e-06
4.999999999998255e-06
4.999999999998255e-06

  240  0  1
4.999999999998255e-06
4.999999999998254e-06
4.999999999998255e-06

  241  0  0
4.999999999998257e-06
4.999999999998256e-06
4.999999999998257e-06

  241  0  1
4.999999999998256e-06
4.999999999998255e-06
4.999999999998255e-06

  242  0  0
4.999999999998257e-06
4.999999999998256e-06
4.999999999998255e-06

  242  0  1
4.999999999998255e-06
4.999999999998255e-06
4.999999999998254e-06

  243  0  0
4.999999999998256e-06
4.999999999998256e-06
4.999999999998255e-06

  243  0  1
4.999999999998253e-06
4.999999999998255e-06
4.999999999998255e-06

  244  0  0
4.999999999998256e-06
4.999999999998256e-06
4.999999999998256e-06

  244  0  1
4.999999999998255e-06
4.999999999998254e-06
4.999999999998256e-06

  245  0  0
4.999999999998255e-06
4.999999999998256e-06
4.999999999998256e-06

  245  0  1
4.999999999998255e-06
4.999999999998254e-06
4.999999999998255e-06

  246  0  0
4.999999999998256e-06
4.999999999998254e-06
4.999999999998256e-06

  246  0  1
4.999999999998255e-06
4.999999999998256e-06
4.999999999998255e-06

  247  0  0
4.999999999998256e-06
4.999999999998256e-06
4.999999999998255e-06

  247  0  1
4.999999999998255e-06
4.999999999998255e-06
4.999999999998255e-06

  248  0  0
4.999999999998256e-06
4.999999999998256e-06
4.999999999998255e-06

  248  0  1
4.999999999998254e-06
4.999999999998256e-06
4.999999999998256e-06

  249  0  0
4.999999999998256e-06
4.999999999998255e-06
4.999999999998256e-06

  249  0  1
4.999999999998255e-06
4.999999999998255e-06
4.999999999998254e-06

  250  0  0
4.999999999998256e-06
4.999999999998255e-06
4.999999999998256e-06

  250  0  1
4.999999999998254e-06
4.999999999998255e-06
4.999999999998256e-06

  251  0  0
4.999999999998256e-06
4.999999999998255e-06
4.999999999998256e-06

  251  0  1
4.999999999998254e-06
4.999999999998255e-06
4.999999999998255e-06

  252  0  0
4.999999999998256e-06
4.999999999998256e-06
4.999999999998256e-06

  252  0  1
4.999999999998253e-06
4.999999999998255e-06
4.999999999998254e-06

  253  0  0
4.999999999998255e-06
4.999999999998255e-06
4.999999999998255e-06

  253  0  1
4.999999999998255e-06
4.999999999998255e-06
4.999999999998255e-06

  254  0  0
4.999999999998255e-06
4.999999999998255e-06
4.999999999998255e-06

  254  0  1
4.999999999998255e-06
4.999999999998255e-06
4.999999999998254e-06

  255  0  0
4.999999999998256e-06
4.999999999998256e-06
4.999999999998256e-06

  255  0  1
4.999999999998255e-06
4.999999999998255e-06
4.999999999998256e-06

  256  0  0
4.999999999998256e-06
4.999999999998256e-06
4.999999999998256e-06

  256  0  1
4.999999999998255e-06
4.999999999998255e-06
4.999999999998254e-06

  257  0  0
4.999999999998256e-06
4.999999999998256e-06
4.999999999998256e-06

  257  0  1
4.999999999998255e-06
4.999999999998254e-06
4.999999999998255e-06

  258  0  0
4.999999999998256e-06
4.999999999998256e-06
4.999999999998255e-06

  258  0  1
4.999999999998254e-06
4.999999999998255e-06
4.999999999998256e-06

  259  0  0
4.999999999998255e-06
4.999999999998256e-06
4.999999999998255e-06

  259  0  1
4.999999999998255e-06
4.999999999998254e-06
4.999999999998255e-06

  260  0  0
4.999999999998256e-06
4.999999999998256e-06
4.999999999998257e-06

  260  0  1
4.999999999998254e-06
4.999999999998254e-06
4.999999999998255e-06

  261  0  0
4.999999999998256e-06
4.999999999998255e-06
4.999999999998257e-06

  261  0  1
4.999999999998255e-06
4.999999999998255e-06
4.999999999998254e-06

  262  0  0
4.999999999998256e-06
4.999999999998255e-06
4.999999999998256e-06

  262  0  1
4.999999999998254e-06
4.999999999998255e-06
4.999999999998254e-06

  263  0  0
4.999999999998256e-06
4.999999999998254e-06
4.999999999998255e-06

  263  0  1
4.999999999998253e-06
4.999999999998254e-06
4.999999999998255e-06

  264  0  0
4.999999999998257e-06
4.999999999998255e-06
4.999999999998255e-06

  264  0  1
4.999999999998253e-06
4.999999999998254e-06
4.999999999998255e-06

  265  0  0
4.999999999998256e-06
4.999999999998256e-06
4.999999999998257e-06

  265  0  1
4.999999999998255e-06
4.999999999998254e-06
4.999999999998256e-06

  266  0  0
4.999999999998256e-06
4.999999999998256e-06
4.999999999998256e-06

  266  0  1
4.999999999998255e-06
4.999999999998255e-06
4.999999999998256e-06

  267  0  0
4.999999999998256e-06
4.999999999998255e-06
4.999999999998255e-06

  267  0  1
4.999999999998253e-06
4.999999999998255e-06
4.999999999998256e-06

  268  0  0
4.999999999998257e-06
4.999999999998256e-06
4.999999999998256e-06

  268  0  1
4.999999999998255e-06
4.999999999998255e-06
4.999999999998254e-06

  269  0  0
4.999999999998256e-06
4.999999999998256e-06
4.999999999998256e-06

  269  0  1
4.999999999998255e-06
4.999999999998255e-06
4.999999999998254e-06

  270  0  0
4.999999999998256e-06
4.999999999998256e-06
4.999999999998256e-06

  270  0  1
4.999999999998255e-06
4.999999999998254e-06
4.999999999998255e-06

  271  0  0
4.999999999998256e-06
4.999999999998256e-06
4.999999999998256e-06

  271  0  1
4.999999999998254e-06
4.999999999998255e-06
4.999999999998255e-06

  272  0  0
4.999999999998256e-06
4.999999999998255e-06
4.999999999998255e-06

  272  0  1
4.999999999998254e-06
4.999999999998255e-06
4.999999999998255e-06

  273  0  0
4.999999999998255e-06
4.999999999998255e-06
4.999999999998255e-06

  273  0  1
4.999999999998253e-06
4.999999999998255e-06
4.999999999998254e-06

  274  0  0
4.999999999998256e-06
4.999999999998255e-06
4.999999999998256e-06

  274  0  1
4.999999999998255e-06
4.999999999998255e-06
4.999999999998255e-06

  275  0  0
4.999999999998256e-06
4.999999999998256e-06
4.999999999998257e-06

  275  0  1
4.999999999998256e-06
4.999999999998254e-06
4.999999999998256e-06

  276  0  0
4.999999999998256e-06
4.999999999998256e-06
4.999999999998256e-06

  276  0  1
4.999999999998256e-06
4.999999999998256e-06
4.999999999998255e-06

  277  0  0
4.999999999998256e-06
4.999999999998256e-06
4.999999999998255e-06

  277  0  1
4.999999999998255e-06
4.999999999998255e-06
4.999999999998256e-06

  278  0  0
4.999999999998257e-06
4.999999999998256e-06
4.999999999998255e-06

  278  0  1
4.999999999998254e-06
4.999999999998255e-06
4.999999999998254e-06

  279  0  0
4.999999999998256e-06
4.999999999998256e-06
4.999999999998256e-06

  279  0  1
4.999999999998256e-06
4.999999999998255e-06
4.999999999998255e-06

  280  0  0
4.999999999998256e-06
4.999999999998254e-06
4.999999999998256e-06

  280  0  1
4.999999999998256e-06
4.999999999998254e-06
4.999999999998256e-06

  281  0  0
4.999999999998255e-06
4.999999999998256e-06
4.999999999998255e-06

  281  0  1
4.999999999998254e-06
4.999999999998254e-06
4.999999999998256e-06

  282  0  0
4.999999999998256e-06
4.999999999998256e-06
4.999999999998256e-06

  282  0  1
4.999999999998254e-06
4.999999999998255e-06
4.999999999998256e-06

  283  0  0
4.999999999998257e-06
4.999999999998256e-06
4.999999999998256e-06

  283  0  1
4.999999999998256e-06
4.999999999998254e-06
4.999999999998256e-06

  284  0  0
4.999999999998256e-06
4.999999999998255e-06
4.999999999998256e-06

  284  0  1
4.999999999998255e-06
4.999999999998255e-06
4.999999999998255e-06

  285  0  0
4.999999999998256e-06
4.999999999998256e-06
4.999999999998255e-06

  285  0  1
4.999999999998254e-06
4.999999999998254e-06
4.999999999998256e-06

  286  0  0
4.999999999998256e-06
4.999999999998256e-06
4.999999999998256e-06

  286  0  1
4.999999999998256e-06
4.999999999998255e-06
4.999999999998255e-06

  287  0  0
4.999999999998256e-06
4.999999999998256e-06
4.999999999998256e-06

  287  0  1
4.999999999998254e-06
4.999999999998255e-06
4.999999999998254e-06

  288  0  0
4.999999999998256e-06
4.999999999998256e-06
4.999999999998256e-06

  288  0  1
4.999999999998254e-06
4.999999999998256e-06
4.999999999998255e-06

  289  0  0
4.999999999998256e-06
4.999999999998256e-06
4.999999999998255e-06

  289  0  1
4.999999999998256e-06
4.999999999998255e-06
4.999999999998255e-06

  290  0  0
4.999999999998256e-06
4.999999999998255e-06
4.999999999998255e-06

  290  0  1
4.999999999998254e-06
4.999999999998255e-06
4.999999999998255e-06

  291  0  0
4.999999999998255e-06
4.999999999998256e-06
4.999999999998255e-06

  291  0  1
4.999999999998254e-06
4.999999999998255e-06
4.999999999998255e-06

  292  0  0
4.999999999998255e-06
4.999999999998256e-06
4.999999999998256e-06

  292  0  1
4.999999999998256e-06
4.999999999998256e-06
4.999999999998254e-06

  293  0  0
4.999999999998256e-06
4.999999999998255e-06
4.999999999998255e-06

  293  0  1
4.999999999998255e-06
4.999999999998255e-06
4.999999999998255e-06

  294  0  0
4.999999999998255e-06
4.999999999998256e-06
4.999999999998256e-06

  294  0  1
4.999999999998255e-06
4.999999999998255e-06
4.999999999998254e-06

  295  0  0
4.999999999998256e-06
4.999999999998256e-06
4.999999999998256e-06

  295  0  1
4.999999999998255e-06
4.999999999998255e-06
4.999999999998255e-06

  296  0  0
4.999999999998256e-06
4.999999999998256e-06
4.999999999998255e-06

  296  0  1
4.999999999998254e-06
4.999999999998255e-06
4.999999999998256e-06

  297  0  0
4.999999999998256e-06
4.999999999998254e-06
4.999999999998256e-06

  297  0  1
4.999999999998255e-06
4.999999999998255e-06
4.999999999998254e-06

  298  0  0
4.999999999998255e-06
4.999999999998256e-06
4.999999999998255e-06

  298  0  1
4.999999999998254e-06
4.999999999998254e-06
4.999999999998255e-06

  299  0  0
4.999999999998256e-06
4.999999999998256e-06
4.999999999998256e-06

  299  0  1
4.999999999998255e-06
4.999999999998254e-06
4.999999999998256e-06

  300  0  0
4.999999999998257e-06
4.999999999998256e-06
4.999999999998256e-06

  300  0  1
4.999999999998256e-06
4.999999999998254e-06
4.999999999998255e-06

  301  0  0
4.999999999998256e-06
4.999999999998256e-06
4.999999999998256e-06

  301  0  1
4.999999999998255e-06
4.999999999998255e-06
4.999999999998256e-06

  302  0  0
4.999999999998256e-06
4.999999999998255e-06
4.999999999998255e-06

  302  0  1
4.999999999998255e-06
4.999999999998256e-06
4.999999999998255e-06

  303  0  0
4.999999999998256e-06
4.999999999998256e-06
4.999999999998256e-06

  303  0  1
4.999999999998255e-06
4.999999999998255e-06
4.999999999998254e-06

  304  0  0
4.999999999998256e-06
4.999999999998256e-06
4.999999999998255e-06

  304  0  1
4.999999999998253e-06
4.999999999998255e-06
4.999999999998255e-06

  305  0  0
4.999999999998256e-06
4.999999999998256e-06
4.999999999998256e-06

  305  0  1
4.999999999998254e-06
4.999999999998255e-06
4.999999999998256e-06

  306  0  0
4.999999999998256e-06
4.999999999998256e-06
4.999999999998254e-06

  306  0  1
4.999999999998254e-06
4.999999999998254e-06
4.999999999998256e-06

  307  0  0
4.999999999998255e-06
4.999999999998256e-06
4.999999999998242e-06

  307  0  1
4.999999999998255e-06
4.999999999998256e-06
4.999999999998254e-06

  308  0  0
4.999999999998249e-06
4.999999999998303e-06
4.999999999997992e-06

  308  0  1
4.999999999998255e-06
4.999999999998256e-06
4.999999999998245e-06

  309  0  0
4.999999999998337e-06
4.999999999999042e-06
4.999999999991784e-06

  309  0  1
4.999999999998209e-06
4.999999999998684e-06
4.999999999995657e-06

  310  0  0
4.999999999999967e-06
5.000000000011750e-06
4.999999999903103e-06

  310  0  1
4.999999999996873e-06
5.000000000007150e-06
4.999999999958901e-06

  311  0  0
5.000000000023198e-06
5.000000000190246e-06
4.999999998633020e-06

  311  0  1
4.999999999975970e-06
5.000000000129616e-06
4.999999999418334e-06

  312  0  0
5.000000000384920e-06
5.000000002697116e-06
4.999999980532566e-06

  312  0  1
4.999999999678021e-06
5.000000001917289e-06
4.999999991492407e-06

  313  0  0
5.000000005958587e-06
5.000000037624424e-06
4.999999724251855e-06

  313  0  1
4.999999995437408e-06
5.000000027871864e-06
4.999999875878370e-06

  314  0  0
5.000000091273011e-06
5.000000519922411e-06
4.999996121090796e-06

  314  0  1
4.999999935591716e-06
5.000000402407369e-06
4.999998198878339e-06

  315  0  0
5.000001388229192e-06
5.000007114695521e-06
4.999945844690159e-06

  315  0  1
4.999999099236298e-06
5.000005771217973e-06
4.999974021009410e-06

  316  0  0
5.000020960697450e-06
5.000096325092121e-06
4.999250022858907e-06

  316  0  1
4.999987539838618e-06
5.000082173150753e-06
4.999627738567427e-06

  317  0  0
5.000313805861960e-06
5.001289725943100e-06
4.989708570113028e-06

  317  0  1
4.999829705946822e-06
5.001161087073704e-06
4.994704989316015e-06

  318  0  0
5.004613470498972e-06
5.017213308773260e-06
4.861049268449802e-06

  318  0  1
4.997685465875027e-06
5.016333419367473e-06
4.925525633450003e-06

  319  0  0
5.059187087843483e-06
5.257516033199158e-06
3.319128563890836e-06

  319  0  1
4.965078029898902e-06
5.241563932380842e-06
4.012966445391767e-06

