#Cell 
# Element_0
# Element_1
0
1.191692832648242e+00
1.149647697763269e+00

1
1.182240384955682e+00
1.115660433306772e+00

2
1.172740504682771e+00
1.060387646235652e+00

3
1.163611788217384e+00
9.673704136524794e-01

4
1.155901489298493e+00
8.031866278710945e-01

5
1.112500188978153e+00
4.886596436228469e-01

6
8.574504212615992e-01
1.278442183275922e-01

7
9.043966897858242e-02
5.633621938282183e-02

8
5.623481355998460e-02
5.623413389781664e-02

9
5.623413252495407e-02
5.623413251904175e-02

10
5.623413251903000e-02
5.623413251903000e-02

11
5.623413251903000e-02
5.623413251903000e-02

12
5.623413251903000e-02
5.623413251903000e-02

13
5.623413251903000e-02
5.623413251903000e-02

14
5.623413251903000e-02
5.623413251903000e-02

15
5.623413251903000e-02
5.623413251903000e-02

16
5.623413251903000e-02
5.623413251903000e-02

17
5.623413251903000e-02
5.623413251896903e-02

18
5.623413251314974e-02
5.623412964867590e-02

19
5.623389795271121e-02
5.611947103395125e-02

