#Cell  Group   Direction 
# Element_0
# Element_1
# Element_2
# Element_3
    0  0  0
1.817437693472072e-01
1.800690774232844e-01
1.778900077491981e-01
1.762311273181215e-01

    0  0  1
1.731276569868221e+00
1.728362112004621e+00
1.724540950326191e+00
1.721596602109947e+00

    1  0  0
1.753492927694377e-01
1.736855917593872e-01
1.714936371606250e-01
1.697972499683217e-01

    1  0  1
1.720021643126716e+00
1.717055568681416e+00
1.713163777530271e+00
1.710164055153772e+00

    2  0  0
1.688934921319938e-01
1.672013242197973e-01
1.650036431453822e-01
1.633271890786779e-01

    2  0  1
1.708559288691124e+00
1.705535574159123e+00
1.701566401211344e+00
1.698505059171374e+00

    3  0  0
1.624354541880867e-01
1.607644986595506e-01
1.585809743931300e-01
1.568986689615922e-01

    3  0  1
1.696866658248078e+00
1.693778875424973e+00
1.689723256223289e+00
1.686593462112517e+00

    4  0  0
1.559984493959733e-01
1.543085039494680e-01
1.521071453022144e-01
1.504255914011793e-01

    4  0  1
1.684917791230106e+00
1.681758323156772e+00
1.677605980495933e+00
1.674399376900559e+00

    5  0  0
1.495292104657044e-01
1.478465700051332e-01
1.456528049121103e-01
1.439752708123843e-01

    5  0  1
1.672681744854781e+00
1.669441751983078e+00
1.665180463208482e+00
1.661887425877895e+00

    6  0  0
1.430823918643087e-01
1.414015663356779e-01
1.391980721163890e-01
1.375030439297397e-01

    6  0  1
1.660122696761541e+00
1.656792194621209e+00
1.652408461217183e+00
1.649018077165104e+00

    7  0  0
1.366018366755296e-01
1.349146549560196e-01
1.327180409194307e-01
1.310343598011440e-01

    7  0  1
1.647200186033853e+00
1.643767443118716e+00
1.639245240335039e+00
1.635744672324570e+00

    8  0  0
1.301366576706633e-01
1.284556699952494e-01
1.262654812960906e-01
1.245849192693495e-01

    8  0  1
1.633866571798446e+00
1.630317941221553e+00
1.625638635310788e+00
1.622012923355390e+00

    9  0  0
1.236856607868665e-01
1.219959523509783e-01
1.197939876759461e-01
1.181141442372429e-01

    9  0  1
1.620066391230318e+00
1.616385971486636e+00
1.611527823834069e+00
1.607759522146371e+00

   10  0  0
1.172205285104211e-01
1.155409164311355e-01
1.133466944546117e-01
1.116665525322822e-01

   10  0  1
1.605734970082932e+00
1.601904180565713e+00
1.596841781189079e+00
1.592910453294456e+00

   11  0  0
1.107750339055975e-01
1.091023205785905e-01
1.069133299749941e-01
1.052253243791609e-01

   11  0  1
1.590796638598027e+00
1.586793705317956e+00
1.581497237407498e+00
1.577378894910185e+00

   12  0  0
1.043249279959693e-01
1.026418978643541e-01
1.004575970803301e-01
9.878879222813924e-02

   12  0  1
1.575162611795132e+00
1.570961925407924e+00
1.565396265236882e+00
1.561062603431520e+00

   13  0  0
9.789708773465532e-02
9.622554655510294e-02
9.405128479143192e-02
9.239216126243044e-02

   13  0  1
1.558728224994858e+00
1.554299576608605e+00
1.548423092972619e+00
1.543840619123667e+00

   14  0  0
9.150721121649646e-02
8.983876206514391e-02
8.765425584756488e-02
8.598337062597444e-02

   14  0  1
1.541369837749216e+00
1.536677463564257e+00
1.530441298319100e+00
1.525570334532951e+00

   15  0  0
8.509951381249017e-02
8.344574698943577e-02
8.129150100245545e-02
7.963805606184814e-02

   15  0  1
1.522940997620141e+00
1.517941831443302e+00
1.511286429523796e+00
1.506078801556954e+00

   16  0  0
7.875879275660651e-02
7.711679824251565e-02
7.498119889386216e-02
7.334020576686529e-02

   16  0  1
1.503264355486771e+00
1.497906738131068e+00
1.490760722793057e+00
1.485158542630998e+00

   17  0  0
7.246036310223454e-02
7.081118913601696e-02
6.867273271789477e-02
6.705076238144046e-02

   17  0  1
1.482126987439170e+00
1.476348461627812e+00
1.468625290726367e+00
1.462558045627719e+00

   18  0  0
6.618826515936281e-02
6.456841258028605e-02
6.245786325052957e-02
6.084918154024273e-02

   18  0  1
1.459270245691177e+00
1.452994098612757e+00
1.444587323450685e+00
1.437967890610233e+00

   19  0  0
5.999800657880273e-02
5.840014209690052e-02
5.631020492853179e-02
5.470324080312217e-02

   19  0  1
1.434375311226301e+00
1.427505980996742e+00
1.418282637418297e+00
1.411001539156492e+00

   20  0  0
5.385162813242516e-02
5.226774740213587e-02
5.022058115055508e-02
4.865623385044177e-02

   20  0  1
1.407042565057031e+00
1.399459475024820e+00
1.389249449856967e+00
1.381167161571179e+00

   21  0  0
4.782012163125150e-02
4.625959326770261e-02
4.424267948713602e-02
4.271196010728266e-02

   21  0  1
1.376764564153723e+00
1.368315212655955e+00
1.356903917575148e+00
1.347841899380610e+00

   22  0  0
4.189515825703808e-02
4.035703907725825e-02
3.835410733458326e-02
3.683769833243008e-02

   22  0  1
1.342894744020690e+00
1.333379224406914e+00
1.320482119288580e+00
1.310202859370700e+00

   23  0  0
3.604179751414129e-02
3.455654279530192e-02
3.262802531357347e-02
3.115299572901586e-02

   23  0  1
1.304577622301105e+00
1.293728801066739e+00
1.278964147903071e+00
1.267144291475414e+00

   24  0  0
3.037479840549710e-02
2.893179268237770e-02
2.706901089970769e-02
2.564290425153621e-02

   24  0  1
1.260655845400486e+00
1.248101396588854e+00
1.230929064433312e+00
1.217107103006259e+00

   25  0  0
2.488105083714049e-02
2.346511488981335e-02
2.165587033454361e-02
2.030617522241680e-02

   25  0  1
1.209490950523633e+00
1.194694175997010e+00
1.174323748564096e+00
1.157811889710667e+00

   26  0  0
1.959314104586648e-02
1.825846300101309e-02
1.653919806431036e-02
1.525441966812307e-02

   26  0  1
1.148668289160897e+00
1.130807134998697e+00
1.106000860840846e+00
1.085696528577296e+00

   27  0  0
1.458551359593551e-02
1.333920007045423e-02
1.173005922633555e-02
1.051227934349601e-02

   27  0  1
1.074375929535304e+00
1.052083573043324e+00
1.020723623777947e+00
9.946655895775230e-01

   28  0  0
9.878755843497710e-03
8.730144263081429e-03
7.298760156743161e-03
6.235465575888196e-03

   28  0  1
9.799796961840860e-01
9.506662359047034e-01
9.085293526511008e-01
8.725518900818369e-01

   29  0  0
5.681429567239021e-03
4.677128896873483e-03
3.444523250033131e-03
2.593172171797253e-03

   29  0  1
8.519224303298861e-01
8.093471237989808e-01
7.456460169844823e-01
6.873507799650821e-01

   30  0  0
2.168372065884378e-03
1.371865317524187e-03
5.124824688638162e-04
8.566353349457386e-05

   30  0  1
6.468582139995815e-01
5.748088099568585e-01
4.364191706790375e-01
1.664079607727764e-01

   31  0  0
1.370594880577816e-06
7.549637824277350e-06
4.126604704456048e-06
5.404828707884747e-06

   31  0  1
1.281423998857888e-03
-1.137132978653107e-03
3.785426243726655e-04
-1.674269021075267e-04

   32  0  0
5.145875427803375e-06
4.960051216408382e-06
5.019046911551340e-06
4.992888329496834e-06

   32  0  1
-6.096456811211830e-05
2.184545382932541e-05
-2.948963101234257e-06
8.002035569776002e-06

   33  0  0
4.996473420285457e-06
5.000986187856842e-06
4.999532211459430e-06
5.000177379140589e-06

   33  0  1
6.353124514088002e-06
4.643986204755721e-06
5.167440037997025e-06
4.934742279040991e-06

   34  0  0
5.000084194454623e-06
4.999976445377967e-06
5.000011186772565e-06
4.999995706271725e-06

   34  0  1
4.973285586523097e-06
5.007093191264011e-06
4.996645620283703e-06
5.001359795829210e-06

   35  0  0
4.999998046248272e-06
5.000000547171243e-06
4.999999739796085e-06
5.000000101289799e-06

   35  0  1
5.000481611928354e-06
4.999870173471703e-06
5.000061897524915e-06
4.999973428944809e-06

   36  0  0
5.000000043819219e-06
4.999999987708948e-06
5.000000005851683e-06
4.999999997679790e-06

   36  0  1
4.999992621591594e-06
5.000002048896764e-06
4.999999008097187e-06
5.000000469487822e-06

   37  0  0
4.999999999057912e-06
5.000000000262471e-06
4.999999999872105e-06
5.000000000049403e-06

   37  0  1
5.000000073995903e-06
4.999999977203356e-06
5.000000011574622e-06
4.999999992981337e-06

   38  0  0
5.000000000017150e-06
4.999999999992920e-06
5.000000000000805e-06
4.999999999997179e-06

   38  0  1
5.000000000677794e-06
4.999999999919786e-06
5.000000000009818e-06
5.000000000067611e-06

   39  0  0
4.999999999997914e-06
4.999999999998355e-06
4.999999999998204e-06
4.999999999998268e-06

   39  0  1
4.999999999922596e-06
5.000000000015087e-06
4.999999999991103e-06
4.999999999998805e-06

   40  0  0
4.999999999998251e-06
4.999999999998257e-06
4.999999999998250e-06
4.999999999998256e-06

   40  0  1
5.000000000001595e-06
4.999999999997475e-06
4.999999999998594e-06
4.999999999998191e-06

   41  0  0
4.999999999998248e-06
4.999999999998252e-06
4.999999999998254e-06
4.999999999998251e-06

   41  0  1
4.999999999998123e-06
4.999999999998283e-06
4.999999999998241e-06
4.999999999998256e-06

   42  0  0
4.999999999998252e-06
4.999999999998252e-06
4.999999999998254e-06
4.999999999998251e-06

   42  0  1
4.999999999998256e-06
4.999999999998254e-06
4.999999999998253e-06
4.999999999998253e-06

   43  0  0
4.999999999998252e-06
4.999999999998252e-06
4.999999999998254e-06
4.999999999998251e-06

   43  0  1
4.999999999998250e-06
4.999999999998253e-06
4.999999999998250e-06
4.999999999998255e-06

   44  0  0
4.999999999998252e-06
4.999999999998252e-06
4.999999999998254e-06
4.999999999998251e-06

   44  0  1
4.999999999998253e-06
4.999999999998253e-06
4.999999999998250e-06
4.999999999998255e-06

   45  0  0
4.999999999998252e-06
4.999999999998252e-06
4.999999999998254e-06
4.999999999998251e-06

   45  0  1
4.999999999998253e-06
4.999999999998253e-06
4.999999999998250e-06
4.999999999998255e-06

   46  0  0
4.999999999998252e-06
4.999999999998252e-06
4.999999999998254e-06
4.999999999998251e-06

   46  0  1
4.999999999998253e-06
4.999999999998253e-06
4.999999999998250e-06
4.999999999998255e-06

   47  0  0
4.999999999998252e-06
4.999999999998252e-06
4.999999999998254e-06
4.999999999998251e-06

   47  0  1
4.999999999998253e-06
4.999999999998253e-06
4.999999999998250e-06
4.999999999998255e-06

   48  0  0
4.999999999998252e-06
4.999999999998252e-06
4.999999999998254e-06
4.999999999998251e-06

   48  0  1
4.999999999998253e-06
4.999999999998253e-06
4.999999999998250e-06
4.999999999998255e-06

   49  0  0
4.999999999998252e-06
4.999999999998252e-06
4.999999999998254e-06
4.999999999998251e-06

   49  0  1
4.999999999998253e-06
4.999999999998253e-06
4.999999999998250e-06
4.999999999998255e-06

   50  0  0
4.999999999998252e-06
4.999999999998252e-06
4.999999999998254e-06
4.999999999998251e-06

   50  0  1
4.999999999998253e-06
4.999999999998253e-06
4.999999999998250e-06
4.999999999998255e-06

   51  0  0
4.999999999998252e-06
4.999999999998252e-06
4.999999999998254e-06
4.999999999998251e-06

   51  0  1
4.999999999998253e-06
4.999999999998253e-06
4.999999999998250e-06
4.999999999998255e-06

   52  0  0
4.999999999998252e-06
4.999999999998252e-06
4.999999999998254e-06
4.999999999998251e-06

   52  0  1
4.999999999998253e-06
4.999999999998253e-06
4.999999999998250e-06
4.999999999998255e-06

   53  0  0
4.999999999998252e-06
4.999999999998252e-06
4.999999999998254e-06
4.999999999998251e-06

   53  0  1
4.999999999998253e-06
4.999999999998253e-06
4.999999999998250e-06
4.999999999998255e-06

   54  0  0
4.999999999998252e-06
4.999999999998252e-06
4.999999999998254e-06
4.999999999998251e-06

   54  0  1
4.999999999998253e-06
4.999999999998253e-06
4.999999999998250e-06
4.999999999998255e-06

   55  0  0
4.999999999998252e-06
4.999999999998252e-06
4.999999999998254e-06
4.999999999998251e-06

   55  0  1
4.999999999998253e-06
4.999999999998253e-06
4.999999999998250e-06
4.999999999998255e-06

   56  0  0
4.999999999998252e-06
4.999999999998252e-06
4.999999999998254e-06
4.999999999998251e-06

   56  0  1
4.999999999998253e-06
4.999999999998253e-06
4.999999999998250e-06
4.999999999998255e-06

   57  0  0
4.999999999998252e-06
4.999999999998252e-06
4.999999999998254e-06
4.999999999998251e-06

   57  0  1
4.999999999998253e-06
4.999999999998253e-06
4.999999999998250e-06
4.999999999998255e-06

   58  0  0
4.999999999998252e-06
4.999999999998252e-06
4.999999999998254e-06
4.999999999998251e-06

   58  0  1
4.999999999998253e-06
4.999999999998253e-06
4.999999999998250e-06
4.999999999998255e-06

   59  0  0
4.999999999998252e-06
4.999999999998252e-06
4.999999999998254e-06
4.999999999998251e-06

   59  0  1
4.999999999998253e-06
4.999999999998253e-06
4.999999999998250e-06
4.999999999998255e-06

   60  0  0
4.999999999998252e-06
4.999999999998252e-06
4.999999999998254e-06
4.999999999998251e-06

   60  0  1
4.999999999998253e-06
4.999999999998253e-06
4.999999999998250e-06
4.999999999998255e-06

   61  0  0
4.999999999998252e-06
4.999999999998252e-06
4.999999999998254e-06
4.999999999998251e-06

   61  0  1
4.999999999998253e-06
4.999999999998253e-06
4.999999999998250e-06
4.999999999998255e-06

   62  0  0
4.999999999998252e-06
4.999999999998252e-06
4.999999999998254e-06
4.999999999998251e-06

   62  0  1
4.999999999998253e-06
4.999999999998253e-06
4.999999999998250e-06
4.999999999998255e-06

   63  0  0
4.999999999998252e-06
4.999999999998252e-06
4.999999999998254e-06
4.999999999998251e-06

   63  0  1
4.999999999998253e-06
4.999999999998253e-06
4.999999999998250e-06
4.999999999998255e-06

   64  0  0
4.999999999998252e-06
4.999999999998252e-06
4.999999999998254e-06
4.999999999998251e-06

   64  0  1
4.999999999998253e-06
4.999999999998253e-06
4.999999999998250e-06
4.999999999998255e-06

   65  0  0
4.999999999998252e-06
4.999999999998252e-06
4.999999999998254e-06
4.999999999998251e-06

   65  0  1
4.999999999998253e-06
4.999999999998253e-06
4.999999999998250e-06
4.999999999998255e-06

   66  0  0
4.999999999998252e-06
4.999999999998252e-06
4.999999999998254e-06
4.999999999998251e-06

   66  0  1
4.999999999998253e-06
4.999999999998253e-06
4.999999999998250e-06
4.999999999998255e-06

   67  0  0
4.999999999998252e-06
4.999999999998252e-06
4.999999999998254e-06
4.999999999998251e-06

   67  0  1
4.999999999998253e-06
4.999999999998253e-06
4.999999999998250e-06
4.999999999998255e-06

   68  0  0
4.999999999998252e-06
4.999999999998252e-06
4.999999999998254e-06
4.999999999998251e-06

   68  0  1
4.999999999998253e-06
4.999999999998253e-06
4.999999999998250e-06
4.999999999998255e-06

   69  0  0
4.999999999998254e-06
4.999999999998254e-06
4.999999999998254e-06
4.999999999998250e-06

   69  0  1
4.999999999998253e-06
4.999999999998253e-06
4.999999999998250e-06
4.999999999998255e-06

   70  0  0
4.999999999998250e-06
4.999999999998266e-06
4.999999999998227e-06
4.999999999998357e-06

   70  0  1
4.999999999998253e-06
4.999999999998253e-06
4.999999999998250e-06
4.999999999998255e-06

   71  0  0
4.999999999998372e-06
4.999999999997849e-06
4.999999999999126e-06
4.999999999992353e-06

   71  0  1
4.999999999998250e-06
4.999999999998249e-06
4.999999999998276e-06
4.999999999996157e-06

   72  0  0
4.999999999994762e-06
5.000000000016143e-06
4.999999999957783e-06
5.000000000167542e-06

   72  0  1
4.999999999996080e-06
5.000000000006413e-06
4.999999999980600e-06
5.000000000062884e-06

   73  0  0
5.000000000093321e-06
4.999999999516079e-06
5.000000001088596e-06
4.999999995435674e-06

   73  0  1
5.000000000066010e-06
4.999999999766258e-06
5.000000000497360e-06
4.999999998180467e-06

   74  0  0
4.999999997629037e-06
5.000000012646369e-06
4.999999971313272e-06
5.000000120457386e-06

   74  0  1
4.999999998155099e-06
5.000000006409174e-06
4.999999986191086e-06
5.000000050331395e-06

   75  0  0
5.000000056644597e-06
4.999999676729333e-06
5.000000735762285e-06
4.999996897030624e-06

   75  0  1
5.000000049016726e-06
4.999999826214235e-06
5.000000374751149e-06
4.999998632315058e-06

   76  0  0
4.999998720143084e-06
5.000008003649634e-06
4.999981701794368e-06
5.000077578190656e-06

   76  0  1
4.999998732060267e-06
5.000004603817981e-06
4.999990056752762e-06
5.000036338996709e-06

   77  0  0
5.000026596302899e-06
4.999809641977267e-06
5.000437780162005e-06
4.998131710097866e-06

   77  0  1
5.000031663468737e-06
4.999881421321979e-06
5.000256613525158e-06
4.999060615367638e-06

   78  0  0
4.999523152382640e-06
5.004291001657955e-06
4.990061647587382e-06
5.042968241254282e-06

   78  0  1
4.999246389078733e-06
5.002946274315919e-06
4.993612192566560e-06
5.023494249452787e-06

   79  0  0
5.007119190206269e-06
4.908991415029597e-06
5.218371367676039e-06
4.127275772684359e-06

   79  0  1
5.017302050428487e-06
4.929637693427353e-06
5.155746437265393e-06
4.457966692525607e-06

