#Cell 
# Element_0
# Element_1
# Element_2
# Element_3
# Element_4
0
1.164437906220217e+00
1.164277788390330e+00
1.163978103707217e+00
1.163671861448424e+00
1.163512756890696e+00

1
1.163512585291047e+00
1.163352904753172e+00
1.163048249433706e+00
1.162743400973233e+00
1.162579099403013e+00

2
1.162582642745869e+00
1.162421724833617e+00
1.162112074617532e+00
1.161802254511334e+00
1.161639810153472e+00

3
1.161640031279938e+00
1.161475963495714e+00
1.161163782583102e+00
1.160851184250489e+00
1.160686544316113e+00

4
1.160684388927791e+00
1.160523162012129e+00
1.160205905912907e+00
1.159931368092001e+00
1.159723984637593e+00

5
1.159723157403622e+00
1.159555350853072e+00
1.159236204952517e+00
1.158915614386030e+00
1.158752293641222e+00

6
1.158745660559611e+00
1.158576246997777e+00
1.158253273467273e+00
1.157928521766163e+00
1.157767520288529e+00

7
1.157756186358039e+00
1.157584321468268e+00
1.157257076823367e+00
1.156928332324273e+00
1.156758004267779e+00

8
1.156754366512842e+00
1.156579929605609e+00
1.156248351229490e+00
1.155915669931364e+00
1.155739565452601e+00

9
1.155739692046280e+00
1.155562986855336e+00
1.155227099028638e+00
1.154890123892085e+00
1.154711915894323e+00

10
1.154711894937364e+00
1.154532953019609e+00
1.154192855679521e+00
1.153851526440813e+00
1.153670837455730e+00

11
1.153670609373975e+00
1.153489125063884e+00
1.153144394739891e+00
1.152797945054802e+00
1.152613983382470e+00

12
1.152613961254645e+00
1.152429316059133e+00
1.152081393700459e+00
1.151730897702927e+00
1.151544982882411e+00

13
1.151545103770026e+00
1.151358776042004e+00
1.151004376487182e+00
1.150648151840589e+00
1.150458569173620e+00

14
1.150458774435297e+00
1.150269379690890e+00
1.149910141158169e+00
1.149550850444461e+00
1.149359878803976e+00

15
1.149360183271928e+00
1.149168404051427e+00
1.148804151064562e+00
1.148438415862683e+00
1.148244297121440e+00

16
1.148244672956485e+00
1.148049502140383e+00
1.147679977339690e+00
1.147308909241891e+00
1.147111704145505e+00

17
1.147112082029463e+00
1.146914452634716e+00
1.146539446277002e+00
1.146162879989686e+00
1.145962511315312e+00

18
1.145962815295548e+00
1.145762623642205e+00
1.145381945911670e+00
1.144999671802249e+00
1.144796285855302e+00

19
1.144796497342448e+00
1.144593503982083e+00
1.144206990128819e+00
1.143818809087664e+00
1.143612530359406e+00

20
1.143612654099494e+00
1.143406573835489e+00
1.143014079650901e+00
1.142619801919811e+00
1.142410600128154e+00

21
1.142410679189623e+00
1.142201212623549e+00
1.141802601828264e+00
1.141401898512056e+00
1.141189330233421e+00

22
1.141189542968109e+00
1.140975760764275e+00
1.140570870912519e+00
1.140165839143913e+00
1.139950350477212e+00

23
1.139950915357151e+00
1.139733826500423e+00
1.139322334426339e+00
1.138910214849831e+00
1.138691918050770e+00

24
1.138692042245521e+00
1.138472446818944e+00
1.138054851186335e+00
1.137635436255386e+00
1.137411927013287e+00

25
1.137412322440390e+00
1.137189096966589e+00
1.136764535730108e+00
1.136338049294168e+00
1.136111127708236e+00

26
1.136111504555641e+00
1.135884582269515e+00
1.135452995776850e+00
1.135019418511164e+00
1.134788713019004e+00

27
1.134789116346610e+00
1.134558338891421e+00
1.134119506604217e+00
1.133678619516958e+00
1.133444024581408e+00

28
1.133444456970927e+00
1.133209693650872e+00
1.132763398252705e+00
1.132314978058460e+00
1.132076404267102e+00

29
1.132076869981513e+00
1.131837968677911e+00
1.131383986799026e+00
1.130927801472790e+00
1.130685171893991e+00

30
1.130685674166897e+00
1.130442461244082e+00
1.129980561527671e+00
1.129516367028576e+00
1.129269616637496e+00

31
1.129270150920148e+00
1.129022440251330e+00
1.128552375065869e+00
1.128079909034884e+00
1.127828974529871e+00

32
1.127829522639480e+00
1.127577131310030e+00
1.127098629269899e+00
1.126617607599673e+00
1.126362394963003e+00

33
1.126362945056832e+00
1.126105661330876e+00
1.125618422256347e+00
1.125128494583528e+00
1.124868685135519e+00

34
1.124869361502277e+00
1.124606305225178e+00
1.124109656182405e+00
1.123612247013642e+00
1.123348241808401e+00

35
1.123348390499228e+00
1.123082897668508e+00
1.122577609183821e+00
1.122069618256294e+00
1.121799677848467e+00

36
1.121800243978724e+00
1.121528603837217e+00
1.121013731500333e+00
1.120495930337605e+00
1.120221518413982e+00

37
1.120221983734399e+00
1.119944850728176e+00
1.119420066794572e+00
1.118892073788902e+00
1.118612395231426e+00

38
1.118612906094135e+00
1.118329485499914e+00
1.117794199581197e+00
1.117258266841166e+00
1.116973204719861e+00

39
1.116973657497969e+00
1.116686966264631e+00
1.116141668723387e+00
1.115592973353680e+00
1.115302200675014e+00

40
1.115302786317478e+00
1.115008104028152e+00
1.114451688563243e+00
1.113894464083654e+00
1.113598102927128e+00

41
1.113598528797163e+00
1.113300517361147e+00
1.112733500830437e+00
1.112162887162716e+00
1.111860769715860e+00

42
1.111861003097227e+00
1.111555816835760e+00
1.110977200826478e+00
1.110394907054414e+00
1.110086568438292e+00

43
1.110086568342752e+00
1.109776057627986e+00
1.109185477199455e+00
1.108591367830278e+00
1.108275796264195e+00

44
1.108275856746171e+00
1.107959752692320e+00
1.107357010827456e+00
1.106750844729684e+00
1.106428012729439e+00

45
1.106428550014871e+00
1.106105657529451e+00
1.105490478591090e+00
1.104871701614223e+00
1.104542495420138e+00

46
1.104543299273131e+00
1.104212554829812e+00
1.103584486545852e+00
1.102952443591193e+00
1.102617311590740e+00

47
1.102617858921164e+00
1.102279267980635e+00
1.101637704496143e+00
1.100991791088217e+00
1.100649887675549e+00

48
1.100650018923234e+00
1.100304669259535e+00
1.099649004475296e+00
1.098989024859273e+00
1.098638878201115e+00

49
1.098638829636671e+00
1.098287297768054e+00
1.097617250921251e+00
1.096943148843037e+00
1.096584103716704e+00

50
1.096584642833990e+00
1.096225506048553e+00
1.095540848798338e+00
1.094851963671150e+00
1.094485381165386e+00

51
1.094486318800503e+00
1.094117807327200e+00
1.093417998257461e+00
1.092713439648360e+00
1.092340027130527e+00

52
1.092340516379066e+00
1.091962857409647e+00
1.091247093616585e+00
1.090526181442712e+00
1.090144373447062e+00

53
1.090144369293307e+00
1.089759317179539e+00
1.089026947142983e+00
1.088289754209972e+00
1.087897568101217e+00

54
1.087897804095537e+00
1.087505180674660e+00
1.086756031404674e+00
1.086002128728857e+00
1.085600475573906e+00

55
1.085601527556217e+00
1.085198525540332e+00
1.084432128891767e+00
1.083660389089635e+00
1.083251067264528e+00

56
1.083251723168806e+00
1.082837778174706e+00
1.082053197021277e+00
1.081262701214672e+00
1.080844009712336e+00

57
1.080844004850909e+00
1.080421488475369e+00
1.079617873309726e+00
1.078808759863578e+00
1.078378034730685e+00

58
1.078378399090399e+00
1.077947236824768e+00
1.077124419770277e+00
1.076296109630852e+00
1.075854961756208e+00

59
1.075856190242754e+00
1.075412731631031e+00
1.074570100638151e+00
1.073721165087566e+00
1.073271303000472e+00

60
1.073271754000803e+00
1.072816306510474e+00
1.071952660717421e+00
1.071082344150765e+00
1.070620638101519e+00

61
1.070620503269340e+00
1.070156088169121e+00
1.069270721425958e+00
1.068379290560100e+00
1.067903892542414e+00

62
1.067904993135279e+00
1.067428924673557e+00
1.066521611546298e+00
1.065607647926111e+00
1.065122231015726e+00

63
1.065123247608465e+00
1.064632563256202e+00
1.063702158256228e+00
1.062764167713275e+00
1.062267246604007e+00

64
1.062267220047396e+00
1.061765310097999e+00
1.060810535626145e+00
1.059848791031282e+00
1.059336185747749e+00

65
1.059336924201817e+00
1.058823789132067e+00
1.057844451662167e+00
1.056857902950652e+00
1.056333060682027e+00

66
1.056334462017536e+00
1.055804907795633e+00
1.054799981786225e+00
1.053786634041833e+00
1.053249855168749e+00

67
1.053249936584145e+00
1.052706834377465e+00
1.051674688917207e+00
1.050634602251573e+00
1.050080418241875e+00

68
1.050081014935465e+00
1.049526030194061e+00
1.048466341390726e+00
1.047398633198648e+00
1.046830325395085e+00

69
1.046831929741168e+00
1.046258612336006e+00
1.045170330054014e+00
1.044072612841197e+00
1.043491062268738e+00

70
1.043491116367876e+00
1.042902575674340e+00
1.041783812043944e+00
1.040656217165897e+00
1.040054986468230e+00

71
1.040055858920458e+00
1.039453777013346e+00
1.038304167916225e+00
1.037145438078736e+00
1.036529099746309e+00

72
1.036530694974215e+00
1.035907816387157e+00
1.034725994202208e+00
1.033533499537640e+00
1.032901422314005e+00

73
1.032901285568209e+00
1.032262503498460e+00
1.031046440131571e+00
1.029820719493467e+00
1.029166348671772e+00

74
1.029168007404198e+00
1.028512408519554e+00
1.027261771857843e+00
1.026000478983100e+00
1.025330805848632e+00

75
1.025331931506125e+00
1.024653206483108e+00
1.023365939678527e+00
1.022066816364895e+00
1.021376821320294e+00

76
1.021376527267206e+00
1.020682039980479e+00
1.019356373208224e+00
1.018019954938325e+00
1.017306616592037e+00

77
1.017309068859425e+00
1.016591837803815e+00
1.015227102480728e+00
1.013849613719797e+00
1.013119490278027e+00

78
1.013119759472356e+00
1.012379140611154e+00
1.010972460093407e+00
1.009553306517498e+00
1.008796282426181e+00

79
1.008797291154470e+00
1.008038683237086e+00
1.006589097039006e+00
1.005126741692374e+00
1.004348868775595e+00

80
1.004350800352517e+00
1.003563143753929e+00
1.002068633146371e+00
1.000559273940402e+00
9.997580058195489e-01

81
9.997575839001487e-01
9.989493265284796e-01
9.974071160304668e-01
9.958515367651420e-01
9.950205640925138e-01

82
9.950236073057865e-01
9.941880066722428e-01
9.925972437221093e-01
9.909905466889731e-01
9.901387246722488e-01

83
9.901389002607737e-01
9.892743270186868e-01
9.876312825189809e-01
9.859728886233085e-01
9.850869432933751e-01

84
9.850888725175897e-01
9.842009342221720e-01
9.825043397865252e-01
9.807913032793342e-01
9.798811089885041e-01

85
9.798826722617890e-01
9.789586212949115e-01
9.772052809997656e-01
9.754337355055178e-01
9.744905917775575e-01

86
9.744904582374517e-01
9.735423405226797e-01
9.717293007817853e-01
9.698990273725961e-01
9.689230365930132e-01

87
9.689263362751120e-01
9.679393340220435e-01
9.660644732537227e-01
9.641689008247910e-01
9.631625536278319e-01

88
9.631619579131114e-01
9.621444795376592e-01
9.602031599801193e-01
9.582430605920188e-01
9.571949229400092e-01

89
9.571991728973391e-01
9.561439970286786e-01
9.541345902164975e-01
9.521025378185201e-01
9.510246101414641e-01

90
9.510244334383867e-01
9.499299090946037e-01
9.478467863804888e-01
9.457424039920792e-01
9.446159243178723e-01

91
9.446200377867764e-01
9.434891796309893e-01
9.413302283819311e-01
9.391467576012941e-01
9.379878871696968e-01

92
9.379883822633367e-01
9.368092704648773e-01
9.345685110722013e-01
9.323032205318603e-01
9.310910195515034e-01

93
9.310941759173621e-01
9.298781478086343e-01
9.275522638146230e-01
9.251996332128147e-01
9.239495065851444e-01

94
9.239509266847930e-01
9.226782458769873e-01
9.202611513211277e-01
9.178156876481030e-01
9.165081622168890e-01

95
9.165101689573774e-01
9.151977035344041e-01
9.126845060146589e-01
9.101417227186820e-01
9.087888006880335e-01

96
9.087912260664498e-01
9.074139284943377e-01
9.047982770148774e-01
9.021499340660292e-01
9.007347805004933e-01

97
9.007359375085061e-01
8.993139384866721e-01
8.965892038592373e-01
8.938312213057356e-01
8.923622244236500e-01

98
8.923655207225711e-01
8.908699670827563e-01
8.880291071546281e-01
8.851506606621123e-01
8.836125825748208e-01

99
8.836133596161690e-01
8.820665244391119e-01
8.791010600178230e-01
8.760976204275017e-01
8.744967889566047e-01

100
8.745006636925452e-01
8.728700087161815e-01
8.697715654197580e-01
8.666298657605336e-01
8.649499652807395e-01

101
8.649509256095081e-01
8.632608649793735e-01
8.600189302965100e-01
8.567328739935107e-01
8.549809825510303e-01

102
8.549849859475416e-01
8.531983692054063e-01
8.498023636756291e-01
8.463564044306576e-01
8.445111055663692e-01

103
8.445130937528679e-01
8.426568803543198e-01
8.390939570534620e-01
8.354787966164379e-01
8.335517619316960e-01

104
8.335552509847091e-01
8.315866822500694e-01
8.278428010180746e-01
8.240408950239720e-01
8.220004093705158e-01

105
8.220048226308904e-01
8.199527722226434e-01
8.160122267826587e-01
8.120085039695528e-01
8.098751449989616e-01

106
8.098773362288827e-01
8.076940257415877e-01
8.035374697036092e-01
7.993128132227534e-01
7.970392307967619e-01

107
7.970479346266921e-01
7.947603636443036e-01
7.903682605656911e-01
7.858979526475336e-01
7.835162651061093e-01

108
7.835164945223086e-01
7.810762147575961e-01
7.764212289879586e-01
7.716846686179920e-01
7.691295394917427e-01

109
7.691437726830137e-01
7.665664582950776e-01
7.616231275303832e-01
7.565806927692826e-01
7.538916144494429e-01

110
7.538895707769740e-01
7.511361364194975e-01
7.458652657220782e-01
7.404929708633240e-01
7.375925750094334e-01

111
7.376111101823815e-01
7.346685578683559e-01
7.290340819709941e-01
7.232714781112854e-01
7.201881837977304e-01

112
7.201840563610579e-01
7.170383419993691e-01
7.109834631779938e-01
7.047951660738687e-01
7.014586550692354e-01

113
7.014766955703660e-01
6.980612362198159e-01
6.915288481496604e-01
6.848279753560456e-01
6.812168563416472e-01

114
6.812160588926883e-01
6.775523389321711e-01
6.704577582163735e-01
6.631746931440532e-01
6.592563546146234e-01

115
6.592664547416804e-01
6.552170927900630e-01
6.474593197165013e-01
6.394716105517598e-01
6.351216443858555e-01

116
6.351419391072837e-01
6.307348751981571e-01
6.221762967334410e-01
6.133285637553082e-01
6.085643178940091e-01

117
6.085623292626700e-01
6.036107393531440e-01
5.940540594873386e-01
5.841492016882336e-01
5.787091285613454e-01

118
5.787575952849164e-01
5.731873320310775e-01
5.623634900471020e-01
5.510468240596484e-01
5.448915284796101e-01

119
5.448789116406918e-01
5.384907692348516e-01
5.259539056410425e-01
5.127711328072342e-01
5.054910597659985e-01

120
5.055439221913616e-01
4.978959274558676e-01
4.829279975268186e-01
4.669362492880519e-01
4.579674167105494e-01

121
4.579899592975480e-01
4.486756977276353e-01
4.298424037198232e-01
4.092397225034604e-01
3.975948519420575e-01

122
3.976259911391004e-01
3.847833680098252e-01
3.585801271975141e-01
3.281305743080448e-01
3.092220649201244e-01

123
3.084096328850926e-01
2.890969469489611e-01
2.379012309581589e-01
1.536099764708562e-01
8.242528055829926e-02

124
6.987382121748177e-02
5.722488035545745e-02
5.598268421560802e-02
5.639799783180133e-02
5.601576365495059e-02

125
5.616285308307420e-02
5.623046335072352e-02
5.623502916019850e-02
5.623354677652258e-02
5.623490387903875e-02

126
5.623438193663362e-02
5.623414628502548e-02
5.623412935572863e-02
5.623413455897668e-02
5.623412994233684e-02

127
5.623413165678229e-02
5.623413245953388e-02
5.623413253117883e-02
5.623413251144355e-02
5.623413252737991e-02

128
5.623413252239254e-02
5.623413251936728e-02
5.623413251896860e-02
5.623413251906678e-02
5.623413251899839e-02

129
5.623413251901166e-02
5.623413251902758e-02
5.623413251903043e-02
5.623413251902975e-02
5.623413251903019e-02

130
5.623413251903014e-02
5.623413251903003e-02
5.623413251902999e-02
5.623413251903000e-02
5.623413251903000e-02

131
5.623413251903000e-02
5.623413251903000e-02
5.623413251903000e-02
5.623413251903000e-02
5.623413251903000e-02

132
5.623413251903000e-02
5.623413251903000e-02
5.623413251903000e-02
5.623413251903000e-02
5.623413251903000e-02

133
5.623413251903000e-02
5.623413251903000e-02
5.623413251903000e-02
5.623413251903000e-02
5.623413251903000e-02

134
5.623413251903000e-02
5.623413251903000e-02
5.623413251903000e-02
5.623413251903000e-02
5.623413251903000e-02

135
5.623413251903000e-02
5.623413251903000e-02
5.623413251903000e-02
5.623413251903000e-02
5.623413251903000e-02

136
5.623413251903000e-02
5.623413251903000e-02
5.623413251903000e-02
5.623413251903000e-02
5.623413251903000e-02

137
5.623413251903000e-02
5.623413251903000e-02
5.623413251903000e-02
5.623413251903000e-02
5.623413251903000e-02

138
5.623413251903000e-02
5.623413251903000e-02
5.623413251903000e-02
5.623413251903000e-02
5.623413251903000e-02

139
5.623413251903000e-02
5.623413251903000e-02
5.623413251903000e-02
5.623413251903000e-02
5.623413251903000e-02

140
5.623413251903000e-02
5.623413251903000e-02
5.623413251903000e-02
5.623413251903000e-02
5.623413251903000e-02

141
5.623413251903000e-02
5.623413251903000e-02
5.623413251903000e-02
5.623413251903000e-02
5.623413251903000e-02

142
5.623413251903000e-02
5.623413251903000e-02
5.623413251903000e-02
5.623413251903000e-02
5.623413251903000e-02

143
5.623413251903000e-02
5.623413251903000e-02
5.623413251903000e-02
5.623413251903000e-02
5.623413251903000e-02

144
5.623413251903000e-02
5.623413251903000e-02
5.623413251903000e-02
5.623413251903000e-02
5.623413251903000e-02

145
5.623413251903000e-02
5.623413251903000e-02
5.623413251903000e-02
5.623413251903000e-02
5.623413251903000e-02

146
5.623413251903000e-02
5.623413251903000e-02
5.623413251903000e-02
5.623413251903000e-02
5.623413251903000e-02

147
5.623413251903000e-02
5.623413251903000e-02
5.623413251903000e-02
5.623413251903000e-02
5.623413251903000e-02

148
5.623413251903000e-02
5.623413251903000e-02
5.623413251903000e-02
5.623413251903000e-02
5.623413251903000e-02

149
5.623413251903000e-02
5.623413251903000e-02
5.623413251903000e-02
5.623413251903000e-02
5.623413251903000e-02

150
5.623413251903000e-02
5.623413251903000e-02
5.623413251903000e-02
5.623413251903000e-02
5.623413251903000e-02

151
5.623413251903000e-02
5.623413251903000e-02
5.623413251903000e-02
5.623413251903000e-02
5.623413251903000e-02

152
5.623413251903000e-02
5.623413251903000e-02
5.623413251903000e-02
5.623413251903000e-02
5.623413251903000e-02

153
5.623413251903000e-02
5.623413251903000e-02
5.623413251903000e-02
5.623413251903000e-02
5.623413251903000e-02

154
5.623413251903000e-02
5.623413251903000e-02
5.623413251903000e-02
5.623413251903000e-02
5.623413251903000e-02

155
5.623413251903000e-02
5.623413251903000e-02
5.623413251903000e-02
5.623413251903000e-02
5.623413251903000e-02

156
5.623413251903000e-02
5.623413251903000e-02
5.623413251903000e-02
5.623413251903000e-02
5.623413251903000e-02

157
5.623413251903000e-02
5.623413251903000e-02
5.623413251903000e-02
5.623413251903000e-02
5.623413251903000e-02

158
5.623413251903000e-02
5.623413251903000e-02
5.623413251903000e-02
5.623413251903000e-02
5.623413251903000e-02

159
5.623413251903000e-02
5.623413251903000e-02
5.623413251903000e-02
5.623413251903000e-02
5.623413251903000e-02

160
5.623413251903000e-02
5.623413251903000e-02
5.623413251903000e-02
5.623413251903000e-02
5.623413251903000e-02

161
5.623413251903000e-02
5.623413251903000e-02
5.623413251903000e-02
5.623413251903000e-02
5.623413251903000e-02

162
5.623413251903000e-02
5.623413251903000e-02
5.623413251903000e-02
5.623413251903000e-02
5.623413251903000e-02

163
5.623413251903000e-02
5.623413251903000e-02
5.623413251903000e-02
5.623413251903000e-02
5.623413251903000e-02

164
5.623413251903000e-02
5.623413251903000e-02
5.623413251903000e-02
5.623413251903000e-02
5.623413251903000e-02

165
5.623413251903000e-02
5.623413251903000e-02
5.623413251903000e-02
5.623413251903000e-02
5.623413251903000e-02

166
5.623413251903000e-02
5.623413251903000e-02
5.623413251903000e-02
5.623413251903000e-02
5.623413251903000e-02

167
5.623413251903000e-02
5.623413251903000e-02
5.623413251903000e-02
5.623413251903000e-02
5.623413251903000e-02

168
5.623413251903000e-02
5.623413251903000e-02
5.623413251903000e-02
5.623413251903000e-02
5.623413251903000e-02

169
5.623413251903000e-02
5.623413251903000e-02
5.623413251903000e-02
5.623413251903000e-02
5.623413251903000e-02

170
5.623413251903000e-02
5.623413251903000e-02
5.623413251903000e-02
5.623413251903000e-02
5.623413251903000e-02

171
5.623413251903000e-02
5.623413251903000e-02
5.623413251903000e-02
5.623413251903000e-02
5.623413251903000e-02

172
5.623413251903000e-02
5.623413251903000e-02
5.623413251903000e-02
5.623413251903000e-02
5.623413251903000e-02

173
5.623413251903000e-02
5.623413251903000e-02
5.623413251903000e-02
5.623413251903000e-02
5.623413251903000e-02

174
5.623413251903000e-02
5.623413251903000e-02
5.623413251903000e-02
5.623413251903000e-02
5.623413251903000e-02

175
5.623413251903000e-02
5.623413251903000e-02
5.623413251903000e-02
5.623413251903000e-02
5.623413251903000e-02

176
5.623413251903000e-02
5.623413251903000e-02
5.623413251903000e-02
5.623413251903000e-02
5.623413251903000e-02

177
5.623413251903000e-02
5.623413251903000e-02
5.623413251903000e-02
5.623413251903000e-02
5.623413251903000e-02

178
5.623413251903000e-02
5.623413251903000e-02
5.623413251903000e-02
5.623413251903000e-02
5.623413251903000e-02

179
5.623413251903000e-02
5.623413251903000e-02
5.623413251903000e-02
5.623413251903000e-02
5.623413251903000e-02

180
5.623413251903000e-02
5.623413251903000e-02
5.623413251903000e-02
5.623413251903000e-02
5.623413251903000e-02

181
5.623413251903000e-02
5.623413251903000e-02
5.623413251903000e-02
5.623413251903000e-02
5.623413251903000e-02

182
5.623413251903000e-02
5.623413251903000e-02
5.623413251903000e-02
5.623413251903000e-02
5.623413251903000e-02

183
5.623413251903000e-02
5.623413251903000e-02
5.623413251903000e-02
5.623413251903000e-02
5.623413251903000e-02

184
5.623413251903000e-02
5.623413251903000e-02
5.623413251903000e-02
5.623413251903000e-02
5.623413251903000e-02

185
5.623413251903000e-02
5.623413251903000e-02
5.623413251903000e-02
5.623413251903000e-02
5.623413251903000e-02

186
5.623413251903000e-02
5.623413251903000e-02
5.623413251903000e-02
5.623413251903000e-02
5.623413251903000e-02

187
5.623413251903000e-02
5.623413251903000e-02
5.623413251903000e-02
5.623413251903000e-02
5.623413251903000e-02

188
5.623413251903000e-02
5.623413251903000e-02
5.623413251903000e-02
5.623413251903000e-02
5.623413251903000e-02

189
5.623413251903000e-02
5.623413251903000e-02
5.623413251903000e-02
5.623413251903000e-02
5.623413251903000e-02

190
5.623413251903000e-02
5.623413251903000e-02
5.623413251903000e-02
5.623413251903000e-02
5.623413251903000e-02

191
5.623413251903000e-02
5.623413251903000e-02
5.623413251903000e-02
5.623413251903000e-02
5.623413251903000e-02

192
5.623413251903000e-02
5.623413251903000e-02
5.623413251903000e-02
5.623413251903000e-02
5.623413251903000e-02

193
5.623413251903000e-02
5.623413251903000e-02
5.623413251903000e-02
5.623413251903000e-02
5.623413251903000e-02

194
5.623413251903000e-02
5.623413251903000e-02
5.623413251903000e-02
5.623413251903000e-02
5.623413251903000e-02

195
5.623413251903000e-02
5.623413251903000e-02
5.623413251903000e-02
5.623413251903000e-02
5.623413251903000e-02

196
5.623413251903000e-02
5.623413251903000e-02
5.623413251903000e-02
5.623413251903000e-02
5.623413251903000e-02

197
5.623413251903000e-02
5.623413251903000e-02
5.623413251903000e-02
5.623413251903000e-02
5.623413251903000e-02

198
5.623413251903000e-02
5.623413251903000e-02
5.623413251903000e-02
5.623413251903000e-02
5.623413251903000e-02

199
5.623413251903000e-02
5.623413251903000e-02
5.623413251903000e-02
5.623413251903000e-02
5.623413251903000e-02

200
5.623413251903000e-02
5.623413251903000e-02
5.623413251903000e-02
5.623413251903000e-02
5.623413251903000e-02

201
5.623413251903000e-02
5.623413251903000e-02
5.623413251903000e-02
5.623413251903000e-02
5.623413251903000e-02

202
5.623413251903000e-02
5.623413251903000e-02
5.623413251903000e-02
5.623413251903000e-02
5.623413251903000e-02

203
5.623413251903000e-02
5.623413251903000e-02
5.623413251903000e-02
5.623413251903000e-02
5.623413251903000e-02

204
5.623413251903000e-02
5.623413251903000e-02
5.623413251903000e-02
5.623413251903000e-02
5.623413251903000e-02

205
5.623413251903000e-02
5.623413251903000e-02
5.623413251903000e-02
5.623413251903000e-02
5.623413251903000e-02

206
5.623413251903000e-02
5.623413251903000e-02
5.623413251903000e-02
5.623413251903000e-02
5.623413251903000e-02

207
5.623413251903000e-02
5.623413251903000e-02
5.623413251903000e-02
5.623413251903000e-02
5.623413251903000e-02

208
5.623413251903000e-02
5.623413251903000e-02
5.623413251903000e-02
5.623413251903000e-02
5.623413251903000e-02

209
5.623413251903000e-02
5.623413251903000e-02
5.623413251903000e-02
5.623413251903000e-02
5.623413251903000e-02

210
5.623413251903000e-02
5.623413251903000e-02
5.623413251903000e-02
5.623413251903000e-02
5.623413251903000e-02

211
5.623413251903000e-02
5.623413251903000e-02
5.623413251903000e-02
5.623413251903000e-02
5.623413251903000e-02

212
5.623413251903000e-02
5.623413251903000e-02
5.623413251903000e-02
5.623413251903000e-02
5.623413251903000e-02

213
5.623413251903000e-02
5.623413251903000e-02
5.623413251903000e-02
5.623413251903000e-02
5.623413251903000e-02

214
5.623413251903000e-02
5.623413251903000e-02
5.623413251903000e-02
5.623413251903000e-02
5.623413251903000e-02

215
5.623413251903000e-02
5.623413251903000e-02
5.623413251903000e-02
5.623413251903000e-02
5.623413251903000e-02

216
5.623413251903000e-02
5.623413251903000e-02
5.623413251903000e-02
5.623413251903000e-02
5.623413251903000e-02

217
5.623413251903000e-02
5.623413251903000e-02
5.623413251903000e-02
5.623413251903000e-02
5.623413251903000e-02

218
5.623413251903000e-02
5.623413251903000e-02
5.623413251903000e-02
5.623413251903000e-02
5.623413251903000e-02

219
5.623413251903000e-02
5.623413251903000e-02
5.623413251903000e-02
5.623413251903000e-02
5.623413251903000e-02

220
5.623413251903000e-02
5.623413251903000e-02
5.623413251903000e-02
5.623413251903000e-02
5.623413251903000e-02

221
5.623413251903000e-02
5.623413251903000e-02
5.623413251903000e-02
5.623413251903000e-02
5.623413251903000e-02

222
5.623413251903000e-02
5.623413251903000e-02
5.623413251903000e-02
5.623413251903000e-02
5.623413251903000e-02

223
5.623413251903000e-02
5.623413251903000e-02
5.623413251903000e-02
5.623413251903000e-02
5.623413251903000e-02

224
5.623413251903000e-02
5.623413251903000e-02
5.623413251903000e-02
5.623413251903000e-02
5.623413251903000e-02

225
5.623413251903000e-02
5.623413251903000e-02
5.623413251903000e-02
5.623413251903000e-02
5.623413251903000e-02

226
5.623413251903000e-02
5.623413251903000e-02
5.623413251903000e-02
5.623413251903000e-02
5.623413251903000e-02

227
5.623413251903000e-02
5.623413251903000e-02
5.623413251903000e-02
5.623413251903000e-02
5.623413251903000e-02

228
5.623413251903000e-02
5.623413251903000e-02
5.623413251903000e-02
5.623413251903000e-02
5.623413251903000e-02

229
5.623413251903000e-02
5.623413251903000e-02
5.623413251903000e-02
5.623413251903000e-02
5.623413251903000e-02

230
5.623413251903000e-02
5.623413251903000e-02
5.623413251903000e-02
5.623413251903000e-02
5.623413251903000e-02

231
5.623413251903000e-02
5.623413251903000e-02
5.623413251903000e-02
5.623413251903000e-02
5.623413251903000e-02

232
5.623413251903000e-02
5.623413251903000e-02
5.623413251903000e-02
5.623413251903000e-02
5.623413251903000e-02

233
5.623413251903000e-02
5.623413251903000e-02
5.623413251903000e-02
5.623413251903000e-02
5.623413251903000e-02

234
5.623413251903000e-02
5.623413251903000e-02
5.623413251903000e-02
5.623413251903000e-02
5.623413251903000e-02

235
5.623413251903000e-02
5.623413251903000e-02
5.623413251903000e-02
5.623413251903000e-02
5.623413251903000e-02

236
5.623413251903000e-02
5.623413251903000e-02
5.623413251903000e-02
5.623413251903000e-02
5.623413251903000e-02

237
5.623413251903000e-02
5.623413251903000e-02
5.623413251903000e-02
5.623413251903000e-02
5.623413251903000e-02

238
5.623413251903000e-02
5.623413251903000e-02
5.623413251903000e-02
5.623413251903000e-02
5.623413251903000e-02

239
5.623413251903000e-02
5.623413251903000e-02
5.623413251903000e-02
5.623413251903000e-02
5.623413251903000e-02

240
5.623413251903000e-02
5.623413251903000e-02
5.623413251903000e-02
5.623413251903000e-02
5.623413251903000e-02

241
5.623413251903000e-02
5.623413251903000e-02
5.623413251903000e-02
5.623413251903000e-02
5.623413251903000e-02

242
5.623413251903000e-02
5.623413251903000e-02
5.623413251903000e-02
5.623413251903000e-02
5.623413251903000e-02

243
5.623413251903000e-02
5.623413251903000e-02
5.623413251903000e-02
5.623413251903000e-02
5.623413251903000e-02

244
5.623413251903000e-02
5.623413251903000e-02
5.623413251903000e-02
5.623413251903000e-02
5.623413251903000e-02

245
5.623413251903000e-02
5.623413251903000e-02
5.623413251903000e-02
5.623413251903000e-02
5.623413251903000e-02

246
5.623413251903000e-02
5.623413251903000e-02
5.623413251903000e-02
5.623413251903000e-02
5.623413251903000e-02

247
5.623413251903000e-02
5.623413251903000e-02
5.623413251903000e-02
5.623413251903000e-02
5.623413251903000e-02

248
5.623413251903000e-02
5.623413251903000e-02
5.623413251903000e-02
5.623413251903000e-02
5.623413251903000e-02

249
5.623413251903000e-02
5.623413251903000e-02
5.623413251903000e-02
5.623413251903000e-02
5.623413251903000e-02

250
5.623413251903000e-02
5.623413251903000e-02
5.623413251903000e-02
5.623413251903000e-02
5.623413251903000e-02

251
5.623413251903000e-02
5.623413251903000e-02
5.623413251903000e-02
5.623413251903000e-02
5.623413251903000e-02

252
5.623413251903000e-02
5.623413251903000e-02
5.623413251903000e-02
5.623413251903000e-02
5.623413251903000e-02

253
5.623413251903000e-02
5.623413251903000e-02
5.623413251903000e-02
5.623413251903000e-02
5.623413251903000e-02

254
5.623413251903000e-02
5.623413251903000e-02
5.623413251903000e-02
5.623413251903000e-02
5.623413251903000e-02

255
5.623413251903000e-02
5.623413251903000e-02
5.623413251903000e-02
5.623413251903000e-02
5.623413251903000e-02

256
5.623413251903000e-02
5.623413251903000e-02
5.623413251903000e-02
5.623413251903000e-02
5.623413251903000e-02

257
5.623413251903000e-02
5.623413251903000e-02
5.623413251903000e-02
5.623413251903000e-02
5.623413251903000e-02

258
5.623413251903000e-02
5.623413251903000e-02
5.623413251903000e-02
5.623413251903000e-02
5.623413251903000e-02

259
5.623413251903000e-02
5.623413251903000e-02
5.623413251903000e-02
5.623413251903000e-02
5.623413251903000e-02

260
5.623413251903000e-02
5.623413251903000e-02
5.623413251903000e-02
5.623413251903000e-02
5.623413251903000e-02

261
5.623413251903000e-02
5.623413251903000e-02
5.623413251903000e-02
5.623413251903000e-02
5.623413251903000e-02

262
5.623413251903000e-02
5.623413251903000e-02
5.623413251903000e-02
5.623413251903000e-02
5.623413251903000e-02

263
5.623413251903000e-02
5.623413251903000e-02
5.623413251903000e-02
5.623413251903000e-02
5.623413251903000e-02

264
5.623413251903000e-02
5.623413251903000e-02
5.623413251903000e-02
5.623413251903000e-02
5.623413251903000e-02

265
5.623413251903000e-02
5.623413251903000e-02
5.623413251903000e-02
5.623413251903000e-02
5.623413251903000e-02

266
5.623413251903000e-02
5.623413251903000e-02
5.623413251903000e-02
5.623413251903000e-02
5.623413251903000e-02

267
5.623413251903000e-02
5.623413251903000e-02
5.623413251903000e-02
5.623413251903000e-02
5.623413251903000e-02

268
5.623413251903000e-02
5.623413251903000e-02
5.623413251903000e-02
5.623413251903000e-02
5.623413251903000e-02

269
5.623413251903000e-02
5.623413251903000e-02
5.623413251903000e-02
5.623413251903000e-02
5.623413251903000e-02

270
5.623413251903000e-02
5.623413251903000e-02
5.623413251903000e-02
5.623413251903000e-02
5.623413251903000e-02

271
5.623413251903000e-02
5.623413251903000e-02
5.623413251903000e-02
5.623413251903000e-02
5.623413251903000e-02

272
5.623413251903000e-02
5.623413251903000e-02
5.623413251903000e-02
5.623413251903000e-02
5.623413251903000e-02

273
5.623413251903000e-02
5.623413251903000e-02
5.623413251903000e-02
5.623413251903000e-02
5.623413251903000e-02

274
5.623413251903000e-02
5.623413251903000e-02
5.623413251903000e-02
5.623413251903000e-02
5.623413251903000e-02

275
5.623413251903000e-02
5.623413251903000e-02
5.623413251903000e-02
5.623413251903000e-02
5.623413251903000e-02

276
5.623413251903000e-02
5.623413251903000e-02
5.623413251903000e-02
5.623413251903000e-02
5.623413251903000e-02

277
5.623413251903000e-02
5.623413251903000e-02
5.623413251903000e-02
5.623413251903000e-02
5.623413251903000e-02

278
5.623413251903000e-02
5.623413251903000e-02
5.623413251903000e-02
5.623413251903000e-02
5.623413251903000e-02

279
5.623413251903000e-02
5.623413251903000e-02
5.623413251903000e-02
5.623413251903000e-02
5.623413251903000e-02

280
5.623413251903000e-02
5.623413251903000e-02
5.623413251903000e-02
5.623413251903000e-02
5.623413251903000e-02

281
5.623413251903000e-02
5.623413251903000e-02
5.623413251903000e-02
5.623413251903000e-02
5.623413251903000e-02

282
5.623413251903000e-02
5.623413251903000e-02
5.623413251903000e-02
5.623413251903000e-02
5.623413251903000e-02

283
5.623413251903000e-02
5.623413251903000e-02
5.623413251903000e-02
5.623413251903000e-02
5.623413251903000e-02

284
5.623413251903000e-02
5.623413251903000e-02
5.623413251903000e-02
5.623413251903000e-02
5.623413251903000e-02

285
5.623413251903000e-02
5.623413251903000e-02
5.623413251903000e-02
5.623413251903000e-02
5.623413251903000e-02

286
5.623413251903000e-02
5.623413251903000e-02
5.623413251903000e-02
5.623413251903000e-02
5.623413251903000e-02

287
5.623413251903000e-02
5.623413251903000e-02
5.623413251903000e-02
5.623413251903000e-02
5.623413251903000e-02

288
5.623413251903000e-02
5.623413251903000e-02
5.623413251903000e-02
5.623413251903000e-02
5.623413251903000e-02

289
5.623413251903000e-02
5.623413251903000e-02
5.623413251903000e-02
5.623413251903000e-02
5.623413251903000e-02

290
5.623413251903000e-02
5.623413251903000e-02
5.623413251903000e-02
5.623413251903000e-02
5.623413251903000e-02

291
5.623413251903000e-02
5.623413251903000e-02
5.623413251903000e-02
5.623413251903000e-02
5.623413251903000e-02

292
5.623413251903000e-02
5.623413251903000e-02
5.623413251903000e-02
5.623413251903000e-02
5.623413251903000e-02

293
5.623413251903000e-02
5.623413251903000e-02
5.623413251903000e-02
5.623413251903000e-02
5.623413251903000e-02

294
5.623413251903000e-02
5.623413251903000e-02
5.623413251903000e-02
5.623413251903000e-02
5.623413251903000e-02

295
5.623413251903000e-02
5.623413251903000e-02
5.623413251903000e-02
5.623413251903000e-02
5.623413251903000e-02

296
5.623413251903000e-02
5.623413251903000e-02
5.623413251903000e-02
5.623413251903000e-02
5.623413251903000e-02

297
5.623413251903000e-02
5.623413251903000e-02
5.623413251903000e-02
5.623413251903000e-02
5.623413251903000e-02

298
5.623413251903000e-02
5.623413251903000e-02
5.623413251903000e-02
5.623413251903000e-02
5.623413251903000e-02

299
5.623413251903000e-02
5.623413251903000e-02
5.623413251903000e-02
5.623413251903000e-02
5.623413251903000e-02

300
5.623413251903000e-02
5.623413251903000e-02
5.623413251903000e-02
5.623413251903000e-02
5.623413251903000e-02

301
5.623413251903000e-02
5.623413251903000e-02
5.623413251903000e-02
5.623413251903000e-02
5.623413251903000e-02

302
5.623413251903000e-02
5.623413251903000e-02
5.623413251903000e-02
5.623413251903000e-02
5.623413251903000e-02

303
5.623413251903000e-02
5.623413251903000e-02
5.623413251903000e-02
5.623413251903000e-02
5.623413251903000e-02

304
5.623413251903000e-02
5.623413251903000e-02
5.623413251903000e-02
5.623413251903000e-02
5.623413251903000e-02

305
5.623413251903000e-02
5.623413251903000e-02
5.623413251903000e-02
5.623413251903000e-02
5.623413251903000e-02

306
5.623413251903000e-02
5.623413251903000e-02
5.623413251903000e-02
5.623413251903000e-02
5.623413251903000e-02

307
5.623413251903000e-02
5.623413251903000e-02
5.623413251903000e-02
5.623413251903000e-02
5.623413251903000e-02

308
5.623413251903000e-02
5.623413251903000e-02
5.623413251903000e-02
5.623413251903000e-02
5.623413251903000e-02

309
5.623413251903000e-02
5.623413251903000e-02
5.623413251903000e-02
5.623413251903000e-02
5.623413251903000e-02

310
5.623413251903000e-02
5.623413251903000e-02
5.623413251903000e-02
5.623413251903000e-02
5.623413251903000e-02

311
5.623413251903000e-02
5.623413251903000e-02
5.623413251903000e-02
5.623413251903000e-02
5.623413251903000e-02

312
5.623413251903000e-02
5.623413251903000e-02
5.623413251903000e-02
5.623413251903000e-02
5.623413251903000e-02

313
5.623413251903000e-02
5.623413251903000e-02
5.623413251903000e-02
5.623413251903000e-02
5.623413251902983e-02

314
5.623413251903057e-02
5.623413251903098e-02
5.623413251902867e-02
5.623413251904360e-02
5.623413251912440e-02

315
5.623413251902119e-02
5.623413251891277e-02
5.623413251925777e-02
5.623413251702344e-02
5.623413250510314e-02

316
5.623413251945891e-02
5.623413253661735e-02
5.623413248513985e-02
5.623413281273039e-02
5.623413458391634e-02

317
5.623413259046554e-02
5.623412986728731e-02
5.623413758618719e-02
5.623408938368914e-02
5.623382502327301e-02

318
5.623410072332938e-02
5.623453425319071e-02
5.623337154234159e-02
5.624048884636668e-02
5.628002435662943e-02

319
5.622466341167672e-02
5.618192118448390e-02
5.633906306929994e-02
5.533132950612728e-02
4.690998904446793e-02

