#Cell    Group    L_mom 
# Element_0
# Element_1
    0  0  0
1.914256179271041e+00
1.913158201814499e+00

    1  0  0
1.913158544656759e+00
1.912059785724716e+00

    2  0  0
1.912060130679780e+00
1.910960585556081e+00

    3  0  0
1.910960932728176e+00
1.909860596820816e+00

    4  0  0
1.909860946329934e+00
1.908759815207290e+00

    5  0  0
1.908760167188063e+00
1.907658236593757e+00

    6  0  0
1.907658591179738e+00
1.906555857011877e+00

    7  0  0
1.906556214318305e+00
1.905452672578527e+00

    8  0  0
1.905453032689407e+00
1.904348679404588e+00

    9  0  0
1.904349042366634e+00
1.903243873506457e+00

   10  0  0
1.903244239324138e+00
1.902138250705086e+00

   11  0  0
1.902138619358364e+00
1.901031806541921e+00

   12  0  0
1.901032178004061e+00
1.899924536226044e+00

   13  0  0
1.899924910467824e+00
1.898816434631831e+00

   14  0  0
1.898816811551871e+00
1.897707496390320e+00

   15  0  0
1.897707875711478e+00
1.896597715995335e+00

   16  0  0
1.896598097700223e+00
1.895487087767313e+00

   17  0  0
1.895487472124892e+00
1.894375606410627e+00

   18  0  0
1.894375992986035e+00
1.893263266742501e+00

   19  0  0
1.893263655910547e+00
1.892150063404697e+00

   20  0  0
1.892150455480553e+00
1.891035991680458e+00

   21  0  0
1.891036386384768e+00
1.889921046801837e+00

   22  0  0
1.889921444533140e+00
1.888805223941999e+00

   23  0  0
1.888805624946025e+00
1.887688518741182e+00

   24  0  0
1.887688922692420e+00
1.886570926597071e+00

   25  0  0
1.886571333783881e+00
1.885452442611833e+00

   26  0  0
1.885452853175193e+00
1.884333062063516e+00

   27  0  0
1.884333475560673e+00
1.883212779778480e+00

   28  0  0
1.883213196358286e+00
1.882091590100036e+00

   29  0  0
1.882092009872413e+00
1.880969487453903e+00

   30  0  0
1.880969909949668e+00
1.879846465889206e+00

   31  0  0
1.879846891215612e+00
1.878722519062033e+00

   32  0  0
1.878722947449205e+00
1.877597640895110e+00

   33  0  0
1.877598071987342e+00
1.876471825259192e+00

   34  0  0
1.876472259195824e+00
1.875345065852833e+00

   35  0  0
1.875345503047908e+00
1.874217356837362e+00

   36  0  0
1.874217797082660e+00
1.873088692581276e+00

   37  0  0
1.873089135979290e+00
1.871959067319643e+00

   38  0  0
1.871959514370017e+00
1.870828475662884e+00

   39  0  0
1.870828926223410e+00
1.869696912408903e+00

   40  0  0
1.869697366396098e+00
1.868564371998743e+00

   41  0  0
1.868564829839532e+00
1.867430848901580e+00

   42  0  0
1.867431310462580e+00
1.866296337607264e+00

   43  0  0
1.866296802563180e+00
1.865160832026500e+00

   44  0  0
1.865161300661520e+00
1.864024325797156e+00

   45  0  0
1.864024798062525e+00
1.862886812556873e+00

   46  0  0
1.862887288008923e+00
1.861748285447044e+00

   47  0  0
1.861748764264112e+00
1.860608737306587e+00

   48  0  0
1.860609219666577e+00
1.859468161177607e+00

   49  0  0
1.859468646727333e+00
1.858326549986817e+00

   50  0  0
1.858327038827302e+00
1.857183896499425e+00

   51  0  0
1.857184389064351e+00
1.856040193865417e+00

   52  0  0
1.856040690023617e+00
1.854895435483360e+00

   53  0  0
1.854895935198372e+00
1.853749614635338e+00

   54  0  0
1.853750118418329e+00
1.852602724863023e+00

   55  0  0
1.852603232797718e+00
1.851454760019805e+00

   56  0  0
1.851455271864554e+00
1.850305713714315e+00

   57  0  0
1.850306229775474e+00
1.849155579402554e+00

   58  0  0
1.849156099902154e+00
1.848004350643220e+00

   59  0  0
1.848004875216502e+00
1.846852020662564e+00

   60  0  0
1.846852549244566e+00
1.845698582171108e+00

   61  0  0
1.845699115048221e+00
1.844544027766395e+00

   62  0  0
1.844544564706107e+00
1.843388349883527e+00

   63  0  0
1.843388890546224e+00
1.842231540456899e+00

   64  0  0
1.842232085101217e+00
1.841073591267117e+00

   65  0  0
1.841074140026890e+00
1.839914494266423e+00

   66  0  0
1.839915046828217e+00
1.838754241292953e+00

   67  0  0
1.838754797753124e+00
1.837592824089885e+00

   68  0  0
1.837593384905324e+00
1.836430234735897e+00

   69  0  0
1.836430799891118e+00
1.835266465584904e+00

   70  0  0
1.835267034945498e+00
1.834101508907417e+00

   71  0  0
1.834102082885331e+00
1.832935357090268e+00

   72  0  0
1.832935935991686e+00
1.831768002806631e+00

   73  0  0
1.831768586401786e+00
1.830599438617921e+00

   74  0  0
1.830600026895467e+00
1.829429656766859e+00

   75  0  0
1.829430250094640e+00
1.828258649435080e+00

   76  0  0
1.828259247752087e+00
1.827086408691746e+00

   77  0  0
1.827087011614411e+00
1.825912926098763e+00

   78  0  0
1.825913533709933e+00
1.824738192820049e+00

   79  0  0
1.824738805346258e+00
1.823562199936508e+00

   80  0  0
1.823562817105665e+00
1.822384938320355e+00

   81  0  0
1.822385559869907e+00
1.821206398455609e+00

   82  0  0
1.821207024680565e+00
1.820026570779425e+00

   83  0  0
1.820027201892250e+00
1.818845445940257e+00

   84  0  0
1.818846081710659e+00
1.817663014580838e+00

   85  0  0
1.817663655035683e+00
1.816479267288319e+00

   86  0  0
1.816479912914607e+00
1.815294194918296e+00

   87  0  0
1.815294845896269e+00
1.814107788631542e+00

   88  0  0
1.814108444766587e+00
1.812920039535305e+00

   89  0  0
1.812920700999538e+00
1.811730938655688e+00

   90  0  0
1.811731605891336e+00
1.810540477144536e+00

   91  0  0
1.810541150127492e+00
1.809348646129266e+00

   92  0  0
1.809349324561995e+00
1.808155436336246e+00

   93  0  0
1.808156120354793e+00
1.806960838158593e+00

   94  0  0
1.806961528031908e+00
1.805764841861434e+00

   95  0  0
1.805765537360926e+00
1.804567437427628e+00

   96  0  0
1.804568138209756e+00
1.803368614328885e+00

   97  0  0
1.803369320560959e+00
1.802168361762780e+00

   98  0  0
1.802169073685176e+00
1.800966668921785e+00

   99  0  0
1.800967386314373e+00
1.799763524883959e+00

  100  0  0
1.799764247545734e+00
1.798558918497247e+00

  101  0  0
1.798559646768591e+00
1.797352838672253e+00

  102  0  0
1.797353572903668e+00
1.796145274601322e+00

  103  0  0
1.796146014679892e+00
1.794936215576310e+00

  104  0  0
1.794936961439386e+00
1.793725650828179e+00

  105  0  0
1.793726402909386e+00
1.792513569726990e+00

  106  0  0
1.792514328386935e+00
1.791299961867357e+00

  107  0  0
1.791300726959788e+00
1.790084816778317e+00

  108  0  0
1.790085588178428e+00
1.788868123698295e+00

  109  0  0
1.788868901735020e+00
1.787649871719141e+00

  110  0  0
1.787650656625875e+00
1.786430049845405e+00

  111  0  0
1.786430841345500e+00
1.785208646733354e+00

  112  0  0
1.785209444564353e+00
1.783985650522601e+00

  113  0  0
1.783986454901423e+00
1.782761049053574e+00

  114  0  0
1.782761860177113e+00
1.781534830033107e+00

  115  0  0
1.781535647636633e+00
1.780306980898306e+00

  116  0  0
1.780307804726648e+00
1.779077488728994e+00

  117  0  0
1.779078319046587e+00
1.777846340521017e+00

  118  0  0
1.777847177676050e+00
1.776613523413485e+00

  119  0  0
1.776614367320838e+00
1.775379024593948e+00

  120  0  0
1.775379875096436e+00
1.774142831157963e+00

  121  0  0
1.774143688585707e+00
1.772904930290417e+00

  122  0  0
1.772905795129322e+00
1.771665309430846e+00

  123  0  0
1.771666181724350e+00
1.770423956124217e+00

  124  0  0
1.770424835688372e+00
1.769180857750909e+00

  125  0  0
1.769181744790248e+00
1.767936001565823e+00

  126  0  0
1.767936896519665e+00
1.766689374816547e+00

  127  0  0
1.766690277720815e+00
1.765440964611928e+00

  128  0  0
1.765441875139998e+00
1.764190757629543e+00

  129  0  0
1.764191675738149e+00
1.762938740111045e+00

  130  0  0
1.762939666124601e+00
1.761684898054463e+00

  131  0  0
1.761685832048815e+00
1.760429217234674e+00

  132  0  0
1.760430158864078e+00
1.759171683017738e+00

  133  0  0
1.759172632101121e+00
1.757912280364602e+00

  134  0  0
1.757913237213757e+00
1.756650994104452e+00

  135  0  0
1.756651959009104e+00
1.755387809094925e+00

  136  0  0
1.755388781913322e+00
1.754122710121924e+00

  137  0  0
1.754123690682437e+00
1.752855681819194e+00

  138  0  0
1.752856670440320e+00
1.751586708869278e+00

  139  0  0
1.751587706058879e+00
1.750315776171843e+00

  140  0  0
1.750316782036788e+00
1.749042868743215e+00

  141  0  0
1.749043883105157e+00
1.747767971483036e+00

  142  0  0
1.747768994484859e+00
1.746491069186176e+00

  143  0  0
1.746492101322271e+00
1.745212146666617e+00

  144  0  0
1.745213188169870e+00
1.743931188687177e+00

  145  0  0
1.743932239320820e+00
1.742648179687431e+00

  146  0  0
1.742649239274288e+00
1.741363103659376e+00

  147  0  0
1.741364172469156e+00
1.740075944286177e+00

  148  0  0
1.740077022616725e+00
1.738786685019011e+00

  149  0  0
1.738787772711725e+00
1.737495308949029e+00

  150  0  0
1.737496405645216e+00
1.736201798664497e+00

  151  0  0
1.736202904405125e+00
1.734906136398186e+00

  152  0  0
1.734907251579987e+00
1.733608304260263e+00

  153  0  0
1.733609429041309e+00
1.732308284288310e+00

  154  0  0
1.732309418436804e+00
1.731006058324758e+00

  155  0  0
1.731007201749686e+00
1.729701608033999e+00

  156  0  0
1.729702761146941e+00
1.728394915126487e+00

  157  0  0
1.728396078422717e+00
1.727085961476386e+00

  158  0  0
1.727087135024821e+00
1.725774729004969e+00

  159  0  0
1.725775912635031e+00
1.724461199492674e+00

  160  0  0
1.724462393371991e+00
1.723145354616950e+00

  161  0  0
1.723146559276129e+00
1.721827176063359e+00

  162  0  0
1.721828391813495e+00
1.720506645460381e+00

  163  0  0
1.720507872127110e+00
1.719183744135533e+00

  164  0  0
1.719184981503434e+00
1.717858452965788e+00

  165  0  0
1.717859701252751e+00
1.716530752478109e+00

  166  0  0
1.716532012083309e+00
1.715200622935714e+00

  167  0  0
1.715201893880214e+00
1.713868044255165e+00

  168  0  0
1.713869326187283e+00
1.712532995838364e+00

  169  0  0
1.712534288606403e+00
1.711195456611319e+00

  170  0  0
1.711196760547501e+00
1.709855405246303e+00

  171  0  0
1.709856720725490e+00
1.708512820285700e+00

  172  0  0
1.708514147265415e+00
1.707167680085810e+00

  173  0  0
1.707169018313902e+00
1.705819962730285e+00

  174  0  0
1.705821312319869e+00
1.704469646161149e+00

  175  0  0
1.704471007660610e+00
1.703116708377526e+00

  176  0  0
1.703118082220182e+00
1.701761127466241e+00

  177  0  0
1.701762513627332e+00
1.700402881447424e+00

  178  0  0
1.700404279784916e+00
1.699041948141736e+00

  179  0  0
1.699043358919946e+00
1.697678305247080e+00

  180  0  0
1.697679729043295e+00
1.696311930417797e+00

  181  0  0
1.696313367544399e+00
1.694942801173618e+00

  182  0  0
1.694944251459001e+00
1.693570894671091e+00

  183  0  0
1.693572357897247e+00
1.692196187574493e+00

  184  0  0
1.692197663954617e+00
1.690818656149272e+00

  185  0  0
1.690820146141226e+00
1.689438276344939e+00

  186  0  0
1.689439780090557e+00
1.688055023734178e+00

  187  0  0
1.688056540937728e+00
1.686668873360162e+00

  188  0  0
1.686670403780199e+00
1.685279799725733e+00

  189  0  0
1.685281343611177e+00
1.683887776988617e+00

  190  0  0
1.683889334834457e+00
1.682492779115190e+00

  191  0  0
1.682494351108532e+00
1.681094779878707e+00

  192  0  0
1.681096365814250e+00
1.679693752759040e+00

  193  0  0
1.679695352536278e+00
1.678289670967763e+00

  194  0  0
1.678291284992217e+00
1.676882507636114e+00

  195  0  0
1.676884136543850e+00
1.675472235923649e+00

  196  0  0
1.675473880018625e+00
1.674058828951843e+00

  197  0  0
1.674060488113451e+00
1.672642259627869e+00

  198  0  0
1.672643933795581e+00
1.671222500581169e+00

  199  0  0
1.671224190159718e+00
1.669799524259175e+00

  200  0  0
1.669801229864337e+00
1.668373302956251e+00

  201  0  0
1.668375024853545e+00
1.666943808690047e+00

  202  0  0
1.666945546674080e+00
1.665511012989751e+00

  203  0  0
1.665512766854696e+00
1.664074886808968e+00

  204  0  0
1.664076656801390e+00
1.662635400631134e+00

  205  0  0
1.662637187269514e+00
1.661192524549901e+00

  206  0  0
1.661194328071311e+00
1.659746228223205e+00

  207  0  0
1.659748048398818e+00
1.658296480745807e+00

  208  0  0
1.658298317304207e+00
1.656843250624345e+00

  209  0  0
1.656845103757692e+00
1.655386505951477e+00

  210  0  0
1.655388376237521e+00
1.653926214573791e+00

  211  0  0
1.653928102427934e+00
1.652462344121616e+00

  212  0  0
1.652464249500116e+00
1.650994861923882e+00

  213  0  0
1.650996784642329e+00
1.649523734958307e+00

  214  0  0
1.649525675231747e+00
1.648048929977160e+00

  215  0  0
1.648050888477081e+00
1.646570413647319e+00

  216  0  0
1.646572390991125e+00
1.645088152543381e+00

  217  0  0
1.645090148870408e+00
1.643602113003813e+00

  218  0  0
1.643604128143582e+00
1.642112260968815e+00

  219  0  0
1.642114294991484e+00
1.640618561982289e+00

  220  0  0
1.640620615437078e+00
1.639120981277532e+00

  221  0  0
1.639123054801485e+00
1.637619483757407e+00

  222  0  0
1.637621577557168e+00
1.636114033852999e+00

  223  0  0
1.636116147687701e+00
1.634604595341532e+00

  224  0  0
1.634606729028376e+00
1.633091131308918e+00

  225  0  0
1.633093285151832e+00
1.631573604275632e+00

  226  0  0
1.631575778881655e+00
1.630051976282487e+00

  227  0  0
1.630054172010549e+00
1.628526208862294e+00

  228  0  0
1.628528425583735e+00
1.626996262939705e+00

  229  0  0
1.626998500392161e+00
1.625462098801269e+00

  230  0  0
1.625464357136569e+00
1.623923676247803e+00

  231  0  0
1.623925956113645e+00
1.622380954769071e+00

  232  0  0
1.622383256824949e+00
1.620833893590640e+00

  233  0  0
1.620836218050047e+00
1.619282451603351e+00

  234  0  0
1.619284798323081e+00
1.617726587262493e+00

  235  0  0
1.617728956275066e+00
1.616166258620771e+00

  236  0  0
1.616168650488587e+00
1.614601423459646e+00

  237  0  0
1.614603839010532e+00
1.613032039325307e+00

  238  0  0
1.613034479084540e+00
1.611458063428982e+00

  239  0  0
1.611460527396603e+00
1.609879452465861e+00

  240  0  0
1.609881940475803e+00
1.608296162495369e+00

  241  0  0
1.608298674757940e+00
1.606708148988757e+00

  242  0  0
1.606710686182846e+00
1.605115366897199e+00

  243  0  0
1.605117929700923e+00
1.603517770607945e+00

  244  0  0
1.603520359220170e+00
1.601915313811352e+00

  245  0  0
1.601917927992741e+00
1.600307949358840e+00

  246  0  0
1.600310588954788e+00
1.598695629267996e+00

  247  0  0
1.598698294647954e+00
1.597078304871720e+00

  248  0  0
1.597080996782633e+00
1.595455926921513e+00

  249  0  0
1.595458645935836e+00
1.593828445580183e+00

  250  0  0
1.593831191762692e+00
1.592195810343640e+00

  251  0  0
1.592198583491706e+00
1.590557969992511e+00

  252  0  0
1.590560770203912e+00
1.588914872699894e+00

  253  0  0
1.588917700648739e+00
1.587266466200675e+00

  254  0  0
1.587269322803167e+00
1.585612697849472e+00

  255  0  0
1.585615583696673e+00
1.583953514556925e+00

  256  0  0
1.583956429717111e+00
1.582288862657709e+00

  257  0  0
1.582291807043705e+00
1.580618687835353e+00

  258  0  0
1.580621661755720e+00
1.578942935192355e+00

  259  0  0
1.578945939481942e+00
1.577261549326232e+00

  260  0  0
1.577264584902733e+00
1.575574474281703e+00

  261  0  0
1.575577541611341e+00
1.573881653404693e+00

  262  0  0
1.573884752424535e+00
1.572183029164104e+00

  263  0  0
1.572186159737415e+00
1.570478543077893e+00

  264  0  0
1.570481705525261e+00
1.568768135793410e+00

  265  0  0
1.568771330933547e+00
1.567051747161232e+00

  266  0  0
1.567054975821049e+00
1.565329316202970e+00

  267  0  0
1.565332578724725e+00
1.563600781009852e+00

  268  0  0
1.563604077252817e+00
1.561866078636911e+00

  269  0  0
1.561869408479510e+00
1.560125145121824e+00

  270  0  0
1.560128508974304e+00
1.558377915644920e+00

  271  0  0
1.558381314438815e+00
1.556624324656791e+00

  272  0  0
1.556627759326580e+00
1.554864305886813e+00

  273  0  0
1.554867776882848e+00
1.553097792271515e+00

  274  0  0
1.553101299576902e+00
1.551324715865255e+00

  275  0  0
1.551328259501660e+00
1.549545007857243e+00

  276  0  0
1.549548588389059e+00
1.547758598704720e+00

  277  0  0
1.547762217219453e+00
1.545965418212615e+00

  278  0  0
1.545969075792925e+00
1.544165395481107e+00

  279  0  0
1.544169092697103e+00
1.542358458767312e+00

  280  0  0
1.542362195664908e+00
1.540544535325335e+00

  281  0  0
1.540548311919283e+00
1.538723551348854e+00

  282  0  0
1.538727368154730e+00
1.536895432041687e+00

  283  0  0
1.536899290112566e+00
1.535060101658025e+00

  284  0  0
1.535064002087053e+00
1.533217483427362e+00

  285  0  0
1.533221426810402e+00
1.531367499411691e+00

  286  0  0
1.531371485771467e+00
1.529510070354524e+00

  287  0  0
1.529514099599789e+00
1.527645115635674e+00

  288  0  0
1.527649188144012e+00
1.525772553379011e+00

  289  0  0
1.525776670145232e+00
1.523892300566162e+00

  290  0  0
1.523896462773241e+00
1.522004273041423e+00

  291  0  0
1.522008481478535e+00
1.520108385440994e+00

  292  0  0
1.520112640306186e+00
1.518204551097132e+00

  293  0  0
1.518208852362393e+00
1.516292682010537e+00

  294  0  0
1.516297030033647e+00
1.514372688966839e+00

  295  0  0
1.514377084782651e+00
1.512444481683223e+00

  296  0  0
1.512448926689985e+00
1.510507968838170e+00

  297  0  0
1.510512464179548e+00
1.508563057994061e+00

  298  0  0
1.508567604195918e+00
1.506609655466996e+00

  299  0  0
1.506614252638903e+00
1.504647666217180e+00

  300  0  0
1.504652314647986e+00
1.502676993864221e+00

  301  0  0
1.502681694480096e+00
1.500697540779132e+00

  302  0  0
1.500702295029157e+00
1.498709208090001e+00

  303  0  0
1.498714017364196e+00
1.496711895567540e+00

  304  0  0
1.496716760672570e+00
1.494705501453245e+00

  305  0  0
1.494710422591210e+00
1.492689922288839e+00

  306  0  0
1.492694899561007e+00
1.490665052854038e+00

  307  0  0
1.490670086868384e+00
1.488630786244258e+00

  308  0  0
1.488635878284594e+00
1.486587013942922e+00

  309  0  0
1.486592165545934e+00
1.484533625781517e+00

  310  0  0
1.484538838109372e+00
1.482470509828981e+00

  311  0  0
1.482475783375952e+00
1.480397552264048e+00

  312  0  0
1.480402887141538e+00
1.478314637304885e+00

  313  0  0
1.478320033883976e+00
1.476221647284234e+00

  314  0  0
1.476227106656558e+00
1.474118462798847e+00

  315  0  0
1.474123986646065e+00
1.472004962769268e+00

  316  0  0
1.472010552760309e+00
1.469881024382383e+00

  317  0  0
1.469886681616781e+00
1.467746522978935e+00

  318  0  0
1.467752247925631e+00
1.465601331934496e+00

  319  0  0
1.465607124918125e+00
1.463445322626479e+00

  320  0  0
1.463451184476042e+00
1.461278364525580e+00

  321  0  0
1.461284296835030e+00
1.459100325276996e+00

  322  0  0
1.459106330044508e+00
1.456911070647049e+00

  323  0  0
1.456917149601463e+00
1.454710464368686e+00

  324  0  0
1.454716618529497e+00
1.452498367950284e+00

  325  0  0
1.452504597760826e+00
1.450274640508656e+00

  326  0  0
1.450280946446711e+00
1.448039138725368e+00

  327  0  0
1.448045521913027e+00
1.445791716914660e+00

  328  0  0
1.445798179218153e+00
1.443532227045220e+00

  329  0  0
1.443538770579901e+00
1.441260518637606e+00

  330  0  0
1.441267145091476e+00
1.438976438598408e+00

  331  0  0
1.438983148904910e+00
1.436679831047204e+00

  332  0  0
1.436686625658329e+00
1.434370537202423e+00

  333  0  0
1.434377416770948e+00
1.432048395411831e+00

  334  0  0
1.432055361360550e+00
1.429713241273236e+00

  335  0  0
1.429720295787985e+00
1.427364907679175e+00

  336  0  0
1.427372053134094e+00
1.425003224735347e+00

  337  0  0
1.425010463012758e+00
1.422628019622169e+00

  338  0  0
1.422635351840379e+00
1.420239116448625e+00

  339  0  0
1.420246543300858e+00
1.417836336165377e+00

  340  0  0
1.417843858634005e+00
1.415419496611797e+00

  341  0  0
1.415427116519346e+00
1.412988412623047e+00

  342  0  0
1.412996132577685e+00
1.410542896031145e+00

  343  0  0
1.410550718807702e+00
1.408082755524186e+00

  344  0  0
1.408090683357557e+00
1.405607796441370e+00

  345  0  0
1.405615830744877e+00
1.403117820556287e+00

  346  0  0
1.403125962266815e+00
1.400612625918146e+00

  347  0  0
1.400620876234100e+00
1.398092006829204e+00

  348  0  0
1.398100367801260e+00
1.395555753890813e+00

  349  0  0
1.395564228406240e+00
1.393003653953528e+00

  350  0  0
1.393012245125413e+00
1.390435489931641e+00

  351  0  0
1.390444200354483e+00
1.387851040564011e+00

  352  0  0
1.387859871965830e+00
1.385250080177278e+00

  353  0  0
1.385259033714156e+00
1.382632378512743e+00

  354  0  0
1.382641455520100e+00
1.379997700698445e+00

  355  0  0
1.380006903375502e+00
1.377345807318009e+00

  356  0  0
1.377355138836663e+00
1.374676454406064e+00

  357  0  0
1.374685918363112e+00
1.371989393299997e+00

  358  0  0
1.371998992920309e+00
1.369284370422929e+00

  359  0  0
1.369294108070842e+00
1.366561127062026e+00

  360  0  0
1.366571004393694e+00
1.363819399189280e+00

  361  0  0
1.363829417861474e+00
1.361058917407448e+00

  362  0  0
1.361069079872210e+00
1.358279407011198e+00

  363  0  0
1.358289716828551e+00
1.355480588000626e+00

  364  0  0
1.355491049436014e+00
1.352662174928356e+00

  365  0  0
1.352672792125453e+00
1.349823876631568e+00

  366  0  0
1.349834652927153e+00
1.346965395934111e+00

  367  0  0
1.346976333763468e+00
1.344086429362393e+00

  368  0  0
1.344097530828263e+00
1.341186666953261e+00

  369  0  0
1.341197934702882e+00
1.338265792200266e+00

  370  0  0
1.338277230017020e+00
1.335323482021785e+00

  371  0  0
1.335335094708284e+00
1.332359406585675e+00

  372  0  0
1.332371199219944e+00
1.329373228982951e+00

  373  0  0
1.329385206055459e+00
1.326364604851791e+00

  374  0  0
1.326376769841187e+00
1.323333182010599e+00

  375  0  0
1.323345537674154e+00
1.320278600155027e+00

  376  0  0
1.320291149375137e+00
1.317200490700494e+00

  377  0  0
1.317213237357879e+00
1.314098476735793e+00

  378  0  0
1.314111426023164e+00
1.310972172909817e+00

  379  0  0
1.310985330869242e+00
1.307821185142154e+00

  380  0  0
1.307834557742756e+00
1.304645110225594e+00

  381  0  0
1.304658702577835e+00
1.301443535415975e+00

  382  0  0
1.301457351611105e+00
1.298216038050222e+00

  383  0  0
1.298230081742711e+00
1.294962185261951e+00

  384  0  0
1.294976460665891e+00
1.291681533847170e+00

  385  0  0
1.291696046526497e+00
1.288373630172103e+00

  386  0  0
1.288388387101206e+00
1.285038009930613e+00

  387  0  0
1.285053018783140e+00
1.281674197702678e+00

  388  0  0
1.281689465828248e+00
1.278281706419523e+00

  389  0  0
1.278297240134657e+00
1.274860036817913e+00

  390  0  0
1.274875841437594e+00
1.271408676925325e+00

  391  0  0
1.271424757543186e+00
1.267927101657405e+00

  392  0  0
1.267943464236904e+00
1.264414772553508e+00

  393  0  0
1.264431424662329e+00
1.260871137501806e+00

  394  0  0
1.260888088214984e+00
1.257295630269065e+00

  395  0  0
1.257312889302046e+00
1.253687669829587e+00

  396  0  0
1.253705246438924e+00
1.250046659619157e+00

  397  0  0
1.250064561919088e+00
1.246371986791472e+00

  398  0  0
1.246390221891509e+00
1.242663021521174e+00

  399  0  0
1.242681596444184e+00
1.238919116437995e+00

  400  0  0
1.238938039323648e+00
1.235139606201631e+00

  401  0  0
1.235158887085891e+00
1.231323807045942e+00

  402  0  0
1.231343457733992e+00
1.227471016100932e+00

  403  0  0
1.227491049215418e+00
1.223580510496763e+00

  404  0  0
1.223600938274132e+00
1.219651546386648e+00

  405  0  0
1.219672379911088e+00
1.215683357969180e+00

  406  0  0
1.215704607289017e+00
1.211675156549822e+00

  407  0  0
1.211696831660827e+00
1.207626129723455e+00

  408  0  0
1.207648241917891e+00
1.203535440691128e+00

  409  0  0
1.203558003513691e+00
1.199402227533029e+00

  410  0  0
1.199425256775850e+00
1.195225602216804e+00

  411  0  0
1.195249114959702e+00
1.191004649319151e+00

  412  0  0
1.191028662576120e+00
1.186738424606658e+00

  413  0  0
1.186762954331761e+00
1.182425953579510e+00

  414  0  0
1.182451014587613e+00
1.178066230016664e+00

  415  0  0
1.178091836918560e+00
1.173658214602323e+00

  416  0  0
1.173684383319009e+00
1.169200833679526e+00

  417  0  0
1.169227582737495e+00
1.164692977981023e+00

  418  0  0
1.164720328860019e+00
1.160133501077248e+00

  419  0  0
1.160161477417515e+00
1.155521217447074e+00

  420  0  0
1.155549843575900e+00
1.150854900306279e+00

  421  0  0
1.150884199892344e+00
1.146133279341251e+00

  422  0  0
1.146163274905925e+00
1.141355038396031e+00

  423  0  0
1.141385752002988e+00
1.136518813173153e+00

  424  0  0
1.136550268041353e+00
1.131623189030762e+00

  425  0  0
1.131655411303720e+00
1.126666698796320e+00

  426  0  0
1.126699718548381e+00
1.121647820314009e+00

  427  0  0
1.121681671259890e+00
1.116564973500692e+00

  428  0  0
1.116599691597327e+00
1.111416516960383e+00

  429  0  0
1.111452138674856e+00
1.106200744346563e+00

  430  0  0
1.106237305513291e+00
1.100915880566326e+00

  431  0  0
1.100953416485381e+00
1.095560077853512e+00

  432  0  0
1.095598624722293e+00
1.090131411791412e+00

  433  0  0
1.090171008907414e+00
1.084627877306336e+00

  434  0  0
1.084668569023545e+00
1.079047384405016e+00

  435  0  0
1.079089220881780e+00
1.073387753290023e+00

  436  0  0
1.073430789692591e+00
1.067646708688267e+00

  437  0  0
1.067691003337055e+00
1.061821873532168e+00

  438  0  0
1.061867485999683e+00
1.055910762179530e+00

  439  0  0
1.055957752373311e+00
1.049910773215152e+00

  440  0  0
1.049959202072550e+00
1.043819181850398e+00

  441  0  0
1.043869113576872e+00
1.037633131992178e+00

  442  0  0
1.037684637027841e+00
1.031349627910319e+00

  443  0  0
1.031402785366859e+00
1.024965525122609e+00

  444  0  0
1.025020423626171e+00
1.018477520026531e+00

  445  0  0
1.018534256714410e+00
1.011882138102676e+00

  446  0  0
1.011940816469432e+00
1.005175720840625e+00

  447  0  0
1.005236448687534e+00
9.983544115266686e-01

  448  0  0
9.984173002660592e-01
9.914141398471220e-01

  449  0  0
9.914793059184812e-01
9.843506052403302e-01

  450  0  0
9.844181735512229e-01
9.771592589782857e-01

  451  0  0
9.772293673626038e-01
9.698352847430836e-01

  452  0  0
9.699080878622041e-01
9.623735770527629e-01

  453  0  0
9.624492483674936e-01
9.547687167595199e-01

  454  0  0
9.548474481779480e-01
9.470149431792231e-01

  455  0  0
9.470969431730446e-01
9.391061227804426e-01

  456  0  0
9.391916145341024e-01
9.310357143354066e-01

  457  0  0
9.311249356506369e-01
9.227967301835890e-01

  458  0  0
9.228899364112912e-01
9.143816930979736e-01

  459  0  0
9.144791632878340e-01
9.057825881383872e-01

  460  0  0
9.058846332758869e-01
8.969908087419842e-01

  461  0  0
8.970977802647296e-01
8.879970958988088e-01

  462  0  0
8.881093927837367e-01
8.787914681373390e-01

  463  0  0
8.789095410110083e-01
8.693631395883250e-01

  464  0  0
8.694874917817997e-01
8.597004259412513e-01

  465  0  0
8.598316155585743e-01
8.497906389310672e-01

  466  0  0
8.499292861227425e-01
8.396199621425374e-01

  467  0  0
8.397667573705739e-01
8.291732998457759e-01

  468  0  0
8.293290129154546e-01
8.184341119592661e-01

  469  0  0
8.185996236295406e-01
8.073842394499957e-01

  470  0  0
8.075605909509911e-01
7.960036575012707e-01

  471  0  0
7.961920489991148e-01
7.842701417763831e-01

  472  0  0
7.844719151066255e-01
7.721590128175603e-01

  473  0  0
7.723758121897589e-01
7.596428882283938e-01

  474  0  0
7.598768053439716e-01
7.466908955745823e-01

  475  0  0
7.469440816670105e-01
7.332677286027709e-01

  476  0  0
7.335423341834832e-01
7.193340153015003e-01

  477  0  0
7.196337597771936e-01
7.048460151907535e-01

  478  0  0
7.051761221301706e-01
6.897506800655744e-01

  479  0  0
6.901135214052482e-01
6.739839183334639e-01

  480  0  0
6.743820865566625e-01
6.574809265501815e-01

  481  0  0
6.579311228497020e-01
6.401688455755704e-01

  482  0  0
6.406871188935437e-01
6.219259717064295e-01

  483  0  0
6.224919091896461e-01
6.026105204146420e-01

  484  0  0
6.032358818659783e-01
5.821600542814254e-01

  485  0  0
5.829786045220492e-01
5.604222935507959e-01

  486  0  0
5.614287041502309e-01
5.368683910586041e-01

  487  0  0
5.377548427741331e-01
5.112354842493089e-01

  488  0  0
5.123780313016687e-01
4.840896563752868e-01

  489  0  0
4.866565546523512e-01
4.542068899655854e-01

  490  0  0
4.567854083371664e-01
4.177287487319808e-01

  491  0  0
4.178168006435581e-01
3.771959050964499e-01

  492  0  0
3.828575401101711e-01
3.391880722246947e-01

  493  0  0
3.603681951991298e-01
2.802863905993417e-01

  494  0  0
2.897530173925838e-01
1.611905239158599e-01

  495  0  0
1.299529258044552e-01
3.987530661174403e-02

  496  0  0
1.692258702925907e-02
2.164006541918943e-03

  497  0  0
4.586833870787047e-04
5.413069763828117e-05

  498  0  0
1.856457308156605e-05
1.083615368601287e-05

  499  0  0
1.016213578211498e-05
1.001583627670889e-05

  500  0  0
1.000307243962670e-05
1.000030025954430e-05

  501  0  0
1.000005828497608e-05
1.000000569890240e-05

  502  0  0
1.000000110678049e-05
1.000000010826488e-05

  503  0  0
1.000000002103274e-05
1.000000000205521e-05

  504  0  0
1.000000000039667e-05
1.000000000003569e-05

  505  0  0
1.000000000000412e-05
9.999999999997255e-06

  506  0  0
9.999999999996655e-06
9.999999999996526e-06

  507  0  0
9.999999999996509e-06
9.999999999996509e-06

  508  0  0
9.999999999996508e-06
9.999999999996509e-06

  509  0  0
9.999999999996508e-06
9.999999999996509e-06

  510  0  0
9.999999999996508e-06
9.999999999996509e-06

  511  0  0
9.999999999996508e-06
9.999999999996509e-06

  512  0  0
9.999999999996508e-06
9.999999999996509e-06

  513  0  0
9.999999999996508e-06
9.999999999996509e-06

  514  0  0
9.999999999996508e-06
9.999999999996509e-06

  515  0  0
9.999999999996508e-06
9.999999999996509e-06

  516  0  0
9.999999999996508e-06
9.999999999996509e-06

  517  0  0
9.999999999996508e-06
9.999999999996509e-06

  518  0  0
9.999999999996508e-06
9.999999999996509e-06

  519  0  0
9.999999999996508e-06
9.999999999996509e-06

  520  0  0
9.999999999996508e-06
9.999999999996509e-06

  521  0  0
9.999999999996508e-06
9.999999999996509e-06

  522  0  0
9.999999999996508e-06
9.999999999996509e-06

  523  0  0
9.999999999996508e-06
9.999999999996509e-06

  524  0  0
9.999999999996508e-06
9.999999999996509e-06

  525  0  0
9.999999999996508e-06
9.999999999996509e-06

  526  0  0
9.999999999996508e-06
9.999999999996509e-06

  527  0  0
9.999999999996508e-06
9.999999999996509e-06

  528  0  0
9.999999999996508e-06
9.999999999996509e-06

  529  0  0
9.999999999996508e-06
9.999999999996509e-06

  530  0  0
9.999999999996508e-06
9.999999999996509e-06

  531  0  0
9.999999999996508e-06
9.999999999996509e-06

  532  0  0
9.999999999996508e-06
9.999999999996509e-06

  533  0  0
9.999999999996508e-06
9.999999999996509e-06

  534  0  0
9.999999999996508e-06
9.999999999996509e-06

  535  0  0
9.999999999996508e-06
9.999999999996509e-06

  536  0  0
9.999999999996508e-06
9.999999999996509e-06

  537  0  0
9.999999999996508e-06
9.999999999996509e-06

  538  0  0
9.999999999996508e-06
9.999999999996509e-06

  539  0  0
9.999999999996508e-06
9.999999999996509e-06

  540  0  0
9.999999999996508e-06
9.999999999996509e-06

  541  0  0
9.999999999996508e-06
9.999999999996509e-06

  542  0  0
9.999999999996508e-06
9.999999999996509e-06

  543  0  0
9.999999999996508e-06
9.999999999996509e-06

  544  0  0
9.999999999996508e-06
9.999999999996509e-06

  545  0  0
9.999999999996508e-06
9.999999999996509e-06

  546  0  0
9.999999999996508e-06
9.999999999996509e-06

  547  0  0
9.999999999996508e-06
9.999999999996509e-06

  548  0  0
9.999999999996508e-06
9.999999999996509e-06

  549  0  0
9.999999999996508e-06
9.999999999996509e-06

  550  0  0
9.999999999996508e-06
9.999999999996509e-06

  551  0  0
9.999999999996508e-06
9.999999999996509e-06

  552  0  0
9.999999999996508e-06
9.999999999996509e-06

  553  0  0
9.999999999996508e-06
9.999999999996509e-06

  554  0  0
9.999999999996508e-06
9.999999999996509e-06

  555  0  0
9.999999999996508e-06
9.999999999996509e-06

  556  0  0
9.999999999996508e-06
9.999999999996509e-06

  557  0  0
9.999999999996508e-06
9.999999999996509e-06

  558  0  0
9.999999999996508e-06
9.999999999996509e-06

  559  0  0
9.999999999996508e-06
9.999999999996509e-06

  560  0  0
9.999999999996508e-06
9.999999999996509e-06

  561  0  0
9.999999999996508e-06
9.999999999996509e-06

  562  0  0
9.999999999996508e-06
9.999999999996509e-06

  563  0  0
9.999999999996508e-06
9.999999999996509e-06

  564  0  0
9.999999999996508e-06
9.999999999996509e-06

  565  0  0
9.999999999996508e-06
9.999999999996509e-06

  566  0  0
9.999999999996508e-06
9.999999999996509e-06

  567  0  0
9.999999999996508e-06
9.999999999996509e-06

  568  0  0
9.999999999996508e-06
9.999999999996509e-06

  569  0  0
9.999999999996508e-06
9.999999999996509e-06

  570  0  0
9.999999999996508e-06
9.999999999996509e-06

  571  0  0
9.999999999996508e-06
9.999999999996509e-06

  572  0  0
9.999999999996508e-06
9.999999999996509e-06

  573  0  0
9.999999999996508e-06
9.999999999996509e-06

  574  0  0
9.999999999996508e-06
9.999999999996509e-06

  575  0  0
9.999999999996508e-06
9.999999999996509e-06

  576  0  0
9.999999999996508e-06
9.999999999996509e-06

  577  0  0
9.999999999996508e-06
9.999999999996509e-06

  578  0  0
9.999999999996508e-06
9.999999999996509e-06

  579  0  0
9.999999999996508e-06
9.999999999996509e-06

  580  0  0
9.999999999996508e-06
9.999999999996509e-06

  581  0  0
9.999999999996508e-06
9.999999999996509e-06

  582  0  0
9.999999999996508e-06
9.999999999996509e-06

  583  0  0
9.999999999996508e-06
9.999999999996509e-06

  584  0  0
9.999999999996508e-06
9.999999999996509e-06

  585  0  0
9.999999999996508e-06
9.999999999996509e-06

  586  0  0
9.999999999996508e-06
9.999999999996509e-06

  587  0  0
9.999999999996508e-06
9.999999999996509e-06

  588  0  0
9.999999999996508e-06
9.999999999996509e-06

  589  0  0
9.999999999996508e-06
9.999999999996509e-06

  590  0  0
9.999999999996508e-06
9.999999999996509e-06

  591  0  0
9.999999999996508e-06
9.999999999996509e-06

  592  0  0
9.999999999996508e-06
9.999999999996509e-06

  593  0  0
9.999999999996508e-06
9.999999999996509e-06

  594  0  0
9.999999999996508e-06
9.999999999996509e-06

  595  0  0
9.999999999996508e-06
9.999999999996509e-06

  596  0  0
9.999999999996508e-06
9.999999999996509e-06

  597  0  0
9.999999999996508e-06
9.999999999996509e-06

  598  0  0
9.999999999996508e-06
9.999999999996509e-06

  599  0  0
9.999999999996508e-06
9.999999999996509e-06

  600  0  0
9.999999999996508e-06
9.999999999996509e-06

  601  0  0
9.999999999996508e-06
9.999999999996509e-06

  602  0  0
9.999999999996508e-06
9.999999999996509e-06

  603  0  0
9.999999999996508e-06
9.999999999996509e-06

  604  0  0
9.999999999996508e-06
9.999999999996509e-06

  605  0  0
9.999999999996508e-06
9.999999999996509e-06

  606  0  0
9.999999999996508e-06
9.999999999996509e-06

  607  0  0
9.999999999996508e-06
9.999999999996509e-06

  608  0  0
9.999999999996508e-06
9.999999999996509e-06

  609  0  0
9.999999999996508e-06
9.999999999996509e-06

  610  0  0
9.999999999996508e-06
9.999999999996509e-06

  611  0  0
9.999999999996508e-06
9.999999999996509e-06

  612  0  0
9.999999999996508e-06
9.999999999996509e-06

  613  0  0
9.999999999996508e-06
9.999999999996509e-06

  614  0  0
9.999999999996508e-06
9.999999999996509e-06

  615  0  0
9.999999999996508e-06
9.999999999996509e-06

  616  0  0
9.999999999996508e-06
9.999999999996509e-06

  617  0  0
9.999999999996508e-06
9.999999999996509e-06

  618  0  0
9.999999999996508e-06
9.999999999996509e-06

  619  0  0
9.999999999996508e-06
9.999999999996509e-06

  620  0  0
9.999999999996508e-06
9.999999999996509e-06

  621  0  0
9.999999999996508e-06
9.999999999996509e-06

  622  0  0
9.999999999996508e-06
9.999999999996509e-06

  623  0  0
9.999999999996508e-06
9.999999999996509e-06

  624  0  0
9.999999999996508e-06
9.999999999996509e-06

  625  0  0
9.999999999996508e-06
9.999999999996509e-06

  626  0  0
9.999999999996508e-06
9.999999999996509e-06

  627  0  0
9.999999999996508e-06
9.999999999996509e-06

  628  0  0
9.999999999996508e-06
9.999999999996509e-06

  629  0  0
9.999999999996508e-06
9.999999999996509e-06

  630  0  0
9.999999999996508e-06
9.999999999996509e-06

  631  0  0
9.999999999996508e-06
9.999999999996509e-06

  632  0  0
9.999999999996508e-06
9.999999999996509e-06

  633  0  0
9.999999999996508e-06
9.999999999996509e-06

  634  0  0
9.999999999996508e-06
9.999999999996509e-06

  635  0  0
9.999999999996508e-06
9.999999999996509e-06

  636  0  0
9.999999999996508e-06
9.999999999996509e-06

  637  0  0
9.999999999996508e-06
9.999999999996509e-06

  638  0  0
9.999999999996508e-06
9.999999999996509e-06

  639  0  0
9.999999999996508e-06
9.999999999996509e-06

  640  0  0
9.999999999996508e-06
9.999999999996509e-06

  641  0  0
9.999999999996508e-06
9.999999999996509e-06

  642  0  0
9.999999999996508e-06
9.999999999996509e-06

  643  0  0
9.999999999996508e-06
9.999999999996509e-06

  644  0  0
9.999999999996508e-06
9.999999999996509e-06

  645  0  0
9.999999999996508e-06
9.999999999996509e-06

  646  0  0
9.999999999996508e-06
9.999999999996509e-06

  647  0  0
9.999999999996508e-06
9.999999999996509e-06

  648  0  0
9.999999999996508e-06
9.999999999996509e-06

  649  0  0
9.999999999996508e-06
9.999999999996509e-06

  650  0  0
9.999999999996508e-06
9.999999999996509e-06

  651  0  0
9.999999999996508e-06
9.999999999996509e-06

  652  0  0
9.999999999996508e-06
9.999999999996509e-06

  653  0  0
9.999999999996508e-06
9.999999999996509e-06

  654  0  0
9.999999999996508e-06
9.999999999996509e-06

  655  0  0
9.999999999996508e-06
9.999999999996509e-06

  656  0  0
9.999999999996508e-06
9.999999999996509e-06

  657  0  0
9.999999999996508e-06
9.999999999996509e-06

  658  0  0
9.999999999996508e-06
9.999999999996509e-06

  659  0  0
9.999999999996508e-06
9.999999999996509e-06

  660  0  0
9.999999999996508e-06
9.999999999996509e-06

  661  0  0
9.999999999996508e-06
9.999999999996509e-06

  662  0  0
9.999999999996508e-06
9.999999999996509e-06

  663  0  0
9.999999999996508e-06
9.999999999996509e-06

  664  0  0
9.999999999996508e-06
9.999999999996509e-06

  665  0  0
9.999999999996508e-06
9.999999999996509e-06

  666  0  0
9.999999999996508e-06
9.999999999996509e-06

  667  0  0
9.999999999996508e-06
9.999999999996509e-06

  668  0  0
9.999999999996508e-06
9.999999999996509e-06

  669  0  0
9.999999999996508e-06
9.999999999996509e-06

  670  0  0
9.999999999996508e-06
9.999999999996509e-06

  671  0  0
9.999999999996508e-06
9.999999999996509e-06

  672  0  0
9.999999999996508e-06
9.999999999996509e-06

  673  0  0
9.999999999996508e-06
9.999999999996509e-06

  674  0  0
9.999999999996508e-06
9.999999999996509e-06

  675  0  0
9.999999999996508e-06
9.999999999996509e-06

  676  0  0
9.999999999996508e-06
9.999999999996509e-06

  677  0  0
9.999999999996508e-06
9.999999999996509e-06

  678  0  0
9.999999999996508e-06
9.999999999996509e-06

  679  0  0
9.999999999996508e-06
9.999999999996509e-06

  680  0  0
9.999999999996508e-06
9.999999999996509e-06

  681  0  0
9.999999999996508e-06
9.999999999996509e-06

  682  0  0
9.999999999996508e-06
9.999999999996509e-06

  683  0  0
9.999999999996508e-06
9.999999999996509e-06

  684  0  0
9.999999999996508e-06
9.999999999996509e-06

  685  0  0
9.999999999996508e-06
9.999999999996509e-06

  686  0  0
9.999999999996508e-06
9.999999999996509e-06

  687  0  0
9.999999999996508e-06
9.999999999996509e-06

  688  0  0
9.999999999996508e-06
9.999999999996509e-06

  689  0  0
9.999999999996508e-06
9.999999999996509e-06

  690  0  0
9.999999999996508e-06
9.999999999996509e-06

  691  0  0
9.999999999996508e-06
9.999999999996509e-06

  692  0  0
9.999999999996508e-06
9.999999999996509e-06

  693  0  0
9.999999999996508e-06
9.999999999996509e-06

  694  0  0
9.999999999996508e-06
9.999999999996509e-06

  695  0  0
9.999999999996508e-06
9.999999999996509e-06

  696  0  0
9.999999999996508e-06
9.999999999996509e-06

  697  0  0
9.999999999996508e-06
9.999999999996509e-06

  698  0  0
9.999999999996508e-06
9.999999999996509e-06

  699  0  0
9.999999999996508e-06
9.999999999996509e-06

  700  0  0
9.999999999996508e-06
9.999999999996509e-06

  701  0  0
9.999999999996508e-06
9.999999999996509e-06

  702  0  0
9.999999999996508e-06
9.999999999996509e-06

  703  0  0
9.999999999996508e-06
9.999999999996509e-06

  704  0  0
9.999999999996508e-06
9.999999999996509e-06

  705  0  0
9.999999999996508e-06
9.999999999996509e-06

  706  0  0
9.999999999996508e-06
9.999999999996509e-06

  707  0  0
9.999999999996508e-06
9.999999999996509e-06

  708  0  0
9.999999999996508e-06
9.999999999996509e-06

  709  0  0
9.999999999996508e-06
9.999999999996509e-06

  710  0  0
9.999999999996508e-06
9.999999999996509e-06

  711  0  0
9.999999999996508e-06
9.999999999996509e-06

  712  0  0
9.999999999996508e-06
9.999999999996509e-06

  713  0  0
9.999999999996508e-06
9.999999999996509e-06

  714  0  0
9.999999999996508e-06
9.999999999996509e-06

  715  0  0
9.999999999996508e-06
9.999999999996509e-06

  716  0  0
9.999999999996508e-06
9.999999999996509e-06

  717  0  0
9.999999999996508e-06
9.999999999996509e-06

  718  0  0
9.999999999996508e-06
9.999999999996509e-06

  719  0  0
9.999999999996508e-06
9.999999999996509e-06

  720  0  0
9.999999999996508e-06
9.999999999996509e-06

  721  0  0
9.999999999996508e-06
9.999999999996509e-06

  722  0  0
9.999999999996508e-06
9.999999999996509e-06

  723  0  0
9.999999999996508e-06
9.999999999996509e-06

  724  0  0
9.999999999996508e-06
9.999999999996509e-06

  725  0  0
9.999999999996508e-06
9.999999999996509e-06

  726  0  0
9.999999999996508e-06
9.999999999996509e-06

  727  0  0
9.999999999996508e-06
9.999999999996509e-06

  728  0  0
9.999999999996508e-06
9.999999999996509e-06

  729  0  0
9.999999999996508e-06
9.999999999996509e-06

  730  0  0
9.999999999996508e-06
9.999999999996509e-06

  731  0  0
9.999999999996508e-06
9.999999999996509e-06

  732  0  0
9.999999999996508e-06
9.999999999996509e-06

  733  0  0
9.999999999996508e-06
9.999999999996509e-06

  734  0  0
9.999999999996508e-06
9.999999999996509e-06

  735  0  0
9.999999999996508e-06
9.999999999996509e-06

  736  0  0
9.999999999996508e-06
9.999999999996509e-06

  737  0  0
9.999999999996508e-06
9.999999999996509e-06

  738  0  0
9.999999999996508e-06
9.999999999996509e-06

  739  0  0
9.999999999996508e-06
9.999999999996509e-06

  740  0  0
9.999999999996508e-06
9.999999999996509e-06

  741  0  0
9.999999999996508e-06
9.999999999996509e-06

  742  0  0
9.999999999996508e-06
9.999999999996509e-06

  743  0  0
9.999999999996508e-06
9.999999999996509e-06

  744  0  0
9.999999999996508e-06
9.999999999996509e-06

  745  0  0
9.999999999996508e-06
9.999999999996509e-06

  746  0  0
9.999999999996508e-06
9.999999999996509e-06

  747  0  0
9.999999999996508e-06
9.999999999996509e-06

  748  0  0
9.999999999996508e-06
9.999999999996509e-06

  749  0  0
9.999999999996508e-06
9.999999999996509e-06

  750  0  0
9.999999999996508e-06
9.999999999996509e-06

  751  0  0
9.999999999996508e-06
9.999999999996509e-06

  752  0  0
9.999999999996508e-06
9.999999999996509e-06

  753  0  0
9.999999999996508e-06
9.999999999996509e-06

  754  0  0
9.999999999996508e-06
9.999999999996509e-06

  755  0  0
9.999999999996508e-06
9.999999999996509e-06

  756  0  0
9.999999999996508e-06
9.999999999996509e-06

  757  0  0
9.999999999996508e-06
9.999999999996509e-06

  758  0  0
9.999999999996508e-06
9.999999999996509e-06

  759  0  0
9.999999999996508e-06
9.999999999996509e-06

  760  0  0
9.999999999996508e-06
9.999999999996509e-06

  761  0  0
9.999999999996508e-06
9.999999999996509e-06

  762  0  0
9.999999999996508e-06
9.999999999996509e-06

  763  0  0
9.999999999996508e-06
9.999999999996509e-06

  764  0  0
9.999999999996508e-06
9.999999999996509e-06

  765  0  0
9.999999999996508e-06
9.999999999996509e-06

  766  0  0
9.999999999996508e-06
9.999999999996509e-06

  767  0  0
9.999999999996508e-06
9.999999999996509e-06

  768  0  0
9.999999999996508e-06
9.999999999996509e-06

  769  0  0
9.999999999996508e-06
9.999999999996509e-06

  770  0  0
9.999999999996508e-06
9.999999999996509e-06

  771  0  0
9.999999999996508e-06
9.999999999996509e-06

  772  0  0
9.999999999996508e-06
9.999999999996509e-06

  773  0  0
9.999999999996508e-06
9.999999999996509e-06

  774  0  0
9.999999999996508e-06
9.999999999996509e-06

  775  0  0
9.999999999996508e-06
9.999999999996509e-06

  776  0  0
9.999999999996508e-06
9.999999999996509e-06

  777  0  0
9.999999999996508e-06
9.999999999996509e-06

  778  0  0
9.999999999996508e-06
9.999999999996509e-06

  779  0  0
9.999999999996508e-06
9.999999999996509e-06

  780  0  0
9.999999999996508e-06
9.999999999996509e-06

  781  0  0
9.999999999996508e-06
9.999999999996509e-06

  782  0  0
9.999999999996508e-06
9.999999999996509e-06

  783  0  0
9.999999999996508e-06
9.999999999996509e-06

  784  0  0
9.999999999996508e-06
9.999999999996509e-06

  785  0  0
9.999999999996508e-06
9.999999999996509e-06

  786  0  0
9.999999999996508e-06
9.999999999996509e-06

  787  0  0
9.999999999996508e-06
9.999999999996509e-06

  788  0  0
9.999999999996508e-06
9.999999999996509e-06

  789  0  0
9.999999999996508e-06
9.999999999996509e-06

  790  0  0
9.999999999996508e-06
9.999999999996509e-06

  791  0  0
9.999999999996508e-06
9.999999999996509e-06

  792  0  0
9.999999999996508e-06
9.999999999996509e-06

  793  0  0
9.999999999996508e-06
9.999999999996509e-06

  794  0  0
9.999999999996508e-06
9.999999999996509e-06

  795  0  0
9.999999999996508e-06
9.999999999996509e-06

  796  0  0
9.999999999996508e-06
9.999999999996509e-06

  797  0  0
9.999999999996508e-06
9.999999999996509e-06

  798  0  0
9.999999999996508e-06
9.999999999996509e-06

  799  0  0
9.999999999996508e-06
9.999999999996509e-06

  800  0  0
9.999999999996508e-06
9.999999999996509e-06

  801  0  0
9.999999999996508e-06
9.999999999996509e-06

  802  0  0
9.999999999996508e-06
9.999999999996509e-06

  803  0  0
9.999999999996508e-06
9.999999999996509e-06

  804  0  0
9.999999999996508e-06
9.999999999996509e-06

  805  0  0
9.999999999996508e-06
9.999999999996509e-06

  806  0  0
9.999999999996508e-06
9.999999999996509e-06

  807  0  0
9.999999999996508e-06
9.999999999996509e-06

  808  0  0
9.999999999996508e-06
9.999999999996509e-06

  809  0  0
9.999999999996508e-06
9.999999999996509e-06

  810  0  0
9.999999999996508e-06
9.999999999996509e-06

  811  0  0
9.999999999996508e-06
9.999999999996509e-06

  812  0  0
9.999999999996508e-06
9.999999999996509e-06

  813  0  0
9.999999999996508e-06
9.999999999996509e-06

  814  0  0
9.999999999996508e-06
9.999999999996509e-06

  815  0  0
9.999999999996508e-06
9.999999999996509e-06

  816  0  0
9.999999999996508e-06
9.999999999996509e-06

  817  0  0
9.999999999996508e-06
9.999999999996509e-06

  818  0  0
9.999999999996508e-06
9.999999999996509e-06

  819  0  0
9.999999999996508e-06
9.999999999996509e-06

  820  0  0
9.999999999996508e-06
9.999999999996509e-06

  821  0  0
9.999999999996508e-06
9.999999999996509e-06

  822  0  0
9.999999999996508e-06
9.999999999996509e-06

  823  0  0
9.999999999996508e-06
9.999999999996509e-06

  824  0  0
9.999999999996508e-06
9.999999999996509e-06

  825  0  0
9.999999999996508e-06
9.999999999996509e-06

  826  0  0
9.999999999996508e-06
9.999999999996509e-06

  827  0  0
9.999999999996508e-06
9.999999999996509e-06

  828  0  0
9.999999999996508e-06
9.999999999996509e-06

  829  0  0
9.999999999996508e-06
9.999999999996509e-06

  830  0  0
9.999999999996508e-06
9.999999999996509e-06

  831  0  0
9.999999999996508e-06
9.999999999996509e-06

  832  0  0
9.999999999996508e-06
9.999999999996509e-06

  833  0  0
9.999999999996508e-06
9.999999999996509e-06

  834  0  0
9.999999999996508e-06
9.999999999996509e-06

  835  0  0
9.999999999996508e-06
9.999999999996509e-06

  836  0  0
9.999999999996508e-06
9.999999999996509e-06

  837  0  0
9.999999999996508e-06
9.999999999996509e-06

  838  0  0
9.999999999996508e-06
9.999999999996509e-06

  839  0  0
9.999999999996508e-06
9.999999999996509e-06

  840  0  0
9.999999999996508e-06
9.999999999996509e-06

  841  0  0
9.999999999996508e-06
9.999999999996509e-06

  842  0  0
9.999999999996508e-06
9.999999999996509e-06

  843  0  0
9.999999999996508e-06
9.999999999996509e-06

  844  0  0
9.999999999996508e-06
9.999999999996509e-06

  845  0  0
9.999999999996508e-06
9.999999999996509e-06

  846  0  0
9.999999999996508e-06
9.999999999996509e-06

  847  0  0
9.999999999996508e-06
9.999999999996509e-06

  848  0  0
9.999999999996508e-06
9.999999999996509e-06

  849  0  0
9.999999999996508e-06
9.999999999996509e-06

  850  0  0
9.999999999996508e-06
9.999999999996509e-06

  851  0  0
9.999999999996508e-06
9.999999999996509e-06

  852  0  0
9.999999999996508e-06
9.999999999996509e-06

  853  0  0
9.999999999996508e-06
9.999999999996509e-06

  854  0  0
9.999999999996508e-06
9.999999999996509e-06

  855  0  0
9.999999999996508e-06
9.999999999996509e-06

  856  0  0
9.999999999996508e-06
9.999999999996509e-06

  857  0  0
9.999999999996508e-06
9.999999999996509e-06

  858  0  0
9.999999999996508e-06
9.999999999996509e-06

  859  0  0
9.999999999996508e-06
9.999999999996509e-06

  860  0  0
9.999999999996508e-06
9.999999999996509e-06

  861  0  0
9.999999999996508e-06
9.999999999996509e-06

  862  0  0
9.999999999996508e-06
9.999999999996509e-06

  863  0  0
9.999999999996508e-06
9.999999999996509e-06

  864  0  0
9.999999999996508e-06
9.999999999996509e-06

  865  0  0
9.999999999996508e-06
9.999999999996509e-06

  866  0  0
9.999999999996508e-06
9.999999999996509e-06

  867  0  0
9.999999999996508e-06
9.999999999996509e-06

  868  0  0
9.999999999996508e-06
9.999999999996509e-06

  869  0  0
9.999999999996508e-06
9.999999999996509e-06

  870  0  0
9.999999999996508e-06
9.999999999996509e-06

  871  0  0
9.999999999996508e-06
9.999999999996509e-06

  872  0  0
9.999999999996508e-06
9.999999999996509e-06

  873  0  0
9.999999999996508e-06
9.999999999996509e-06

  874  0  0
9.999999999996508e-06
9.999999999996509e-06

  875  0  0
9.999999999996508e-06
9.999999999996509e-06

  876  0  0
9.999999999996508e-06
9.999999999996509e-06

  877  0  0
9.999999999996508e-06
9.999999999996509e-06

  878  0  0
9.999999999996508e-06
9.999999999996509e-06

  879  0  0
9.999999999996508e-06
9.999999999996509e-06

  880  0  0
9.999999999996508e-06
9.999999999996509e-06

  881  0  0
9.999999999996508e-06
9.999999999996509e-06

  882  0  0
9.999999999996508e-06
9.999999999996509e-06

  883  0  0
9.999999999996508e-06
9.999999999996509e-06

  884  0  0
9.999999999996508e-06
9.999999999996509e-06

  885  0  0
9.999999999996508e-06
9.999999999996509e-06

  886  0  0
9.999999999996508e-06
9.999999999996509e-06

  887  0  0
9.999999999996508e-06
9.999999999996509e-06

  888  0  0
9.999999999996508e-06
9.999999999996509e-06

  889  0  0
9.999999999996508e-06
9.999999999996509e-06

  890  0  0
9.999999999996508e-06
9.999999999996509e-06

  891  0  0
9.999999999996508e-06
9.999999999996509e-06

  892  0  0
9.999999999996508e-06
9.999999999996509e-06

  893  0  0
9.999999999996508e-06
9.999999999996509e-06

  894  0  0
9.999999999996508e-06
9.999999999996509e-06

  895  0  0
9.999999999996508e-06
9.999999999996509e-06

  896  0  0
9.999999999996508e-06
9.999999999996509e-06

  897  0  0
9.999999999996508e-06
9.999999999996509e-06

  898  0  0
9.999999999996508e-06
9.999999999996509e-06

  899  0  0
9.999999999996508e-06
9.999999999996509e-06

  900  0  0
9.999999999996508e-06
9.999999999996509e-06

  901  0  0
9.999999999996508e-06
9.999999999996509e-06

  902  0  0
9.999999999996508e-06
9.999999999996509e-06

  903  0  0
9.999999999996508e-06
9.999999999996509e-06

  904  0  0
9.999999999996508e-06
9.999999999996509e-06

  905  0  0
9.999999999996508e-06
9.999999999996509e-06

  906  0  0
9.999999999996508e-06
9.999999999996509e-06

  907  0  0
9.999999999996508e-06
9.999999999996509e-06

  908  0  0
9.999999999996508e-06
9.999999999996509e-06

  909  0  0
9.999999999996508e-06
9.999999999996509e-06

  910  0  0
9.999999999996508e-06
9.999999999996509e-06

  911  0  0
9.999999999996508e-06
9.999999999996509e-06

  912  0  0
9.999999999996508e-06
9.999999999996509e-06

  913  0  0
9.999999999996508e-06
9.999999999996509e-06

  914  0  0
9.999999999996508e-06
9.999999999996509e-06

  915  0  0
9.999999999996508e-06
9.999999999996509e-06

  916  0  0
9.999999999996508e-06
9.999999999996509e-06

  917  0  0
9.999999999996508e-06
9.999999999996509e-06

  918  0  0
9.999999999996508e-06
9.999999999996509e-06

  919  0  0
9.999999999996508e-06
9.999999999996509e-06

  920  0  0
9.999999999996508e-06
9.999999999996509e-06

  921  0  0
9.999999999996508e-06
9.999999999996509e-06

  922  0  0
9.999999999996508e-06
9.999999999996509e-06

  923  0  0
9.999999999996508e-06
9.999999999996509e-06

  924  0  0
9.999999999996508e-06
9.999999999996509e-06

  925  0  0
9.999999999996508e-06
9.999999999996509e-06

  926  0  0
9.999999999996508e-06
9.999999999996509e-06

  927  0  0
9.999999999996508e-06
9.999999999996509e-06

  928  0  0
9.999999999996508e-06
9.999999999996509e-06

  929  0  0
9.999999999996508e-06
9.999999999996509e-06

  930  0  0
9.999999999996508e-06
9.999999999996509e-06

  931  0  0
9.999999999996508e-06
9.999999999996509e-06

  932  0  0
9.999999999996508e-06
9.999999999996509e-06

  933  0  0
9.999999999996508e-06
9.999999999996509e-06

  934  0  0
9.999999999996508e-06
9.999999999996509e-06

  935  0  0
9.999999999996508e-06
9.999999999996509e-06

  936  0  0
9.999999999996508e-06
9.999999999996509e-06

  937  0  0
9.999999999996508e-06
9.999999999996509e-06

  938  0  0
9.999999999996508e-06
9.999999999996509e-06

  939  0  0
9.999999999996508e-06
9.999999999996509e-06

  940  0  0
9.999999999996508e-06
9.999999999996509e-06

  941  0  0
9.999999999996508e-06
9.999999999996509e-06

  942  0  0
9.999999999996508e-06
9.999999999996509e-06

  943  0  0
9.999999999996508e-06
9.999999999996509e-06

  944  0  0
9.999999999996508e-06
9.999999999996509e-06

  945  0  0
9.999999999996508e-06
9.999999999996509e-06

  946  0  0
9.999999999996508e-06
9.999999999996509e-06

  947  0  0
9.999999999996508e-06
9.999999999996509e-06

  948  0  0
9.999999999996508e-06
9.999999999996509e-06

  949  0  0
9.999999999996508e-06
9.999999999996509e-06

  950  0  0
9.999999999996508e-06
9.999999999996509e-06

  951  0  0
9.999999999996508e-06
9.999999999996509e-06

  952  0  0
9.999999999996508e-06
9.999999999996509e-06

  953  0  0
9.999999999996508e-06
9.999999999996509e-06

  954  0  0
9.999999999996508e-06
9.999999999996509e-06

  955  0  0
9.999999999996508e-06
9.999999999996509e-06

  956  0  0
9.999999999996508e-06
9.999999999996509e-06

  957  0  0
9.999999999996508e-06
9.999999999996509e-06

  958  0  0
9.999999999996508e-06
9.999999999996509e-06

  959  0  0
9.999999999996508e-06
9.999999999996509e-06

  960  0  0
9.999999999996508e-06
9.999999999996509e-06

  961  0  0
9.999999999996508e-06
9.999999999996509e-06

  962  0  0
9.999999999996508e-06
9.999999999996509e-06

  963  0  0
9.999999999996508e-06
9.999999999996509e-06

  964  0  0
9.999999999996508e-06
9.999999999996509e-06

  965  0  0
9.999999999996508e-06
9.999999999996509e-06

  966  0  0
9.999999999996508e-06
9.999999999996509e-06

  967  0  0
9.999999999996508e-06
9.999999999996509e-06

  968  0  0
9.999999999996508e-06
9.999999999996509e-06

  969  0  0
9.999999999996508e-06
9.999999999996509e-06

  970  0  0
9.999999999996508e-06
9.999999999996509e-06

  971  0  0
9.999999999996508e-06
9.999999999996509e-06

  972  0  0
9.999999999996508e-06
9.999999999996509e-06

  973  0  0
9.999999999996508e-06
9.999999999996509e-06

  974  0  0
9.999999999996508e-06
9.999999999996509e-06

  975  0  0
9.999999999996508e-06
9.999999999996509e-06

  976  0  0
9.999999999996508e-06
9.999999999996509e-06

  977  0  0
9.999999999996508e-06
9.999999999996509e-06

  978  0  0
9.999999999996508e-06
9.999999999996509e-06

  979  0  0
9.999999999996508e-06
9.999999999996509e-06

  980  0  0
9.999999999996508e-06
9.999999999996509e-06

  981  0  0
9.999999999996508e-06
9.999999999996509e-06

  982  0  0
9.999999999996508e-06
9.999999999996509e-06

  983  0  0
9.999999999996508e-06
9.999999999996509e-06

  984  0  0
9.999999999996508e-06
9.999999999996509e-06

  985  0  0
9.999999999996508e-06
9.999999999996509e-06

  986  0  0
9.999999999996508e-06
9.999999999996509e-06

  987  0  0
9.999999999996508e-06
9.999999999996509e-06

  988  0  0
9.999999999996508e-06
9.999999999996509e-06

  989  0  0
9.999999999996508e-06
9.999999999996509e-06

  990  0  0
9.999999999996508e-06
9.999999999996509e-06

  991  0  0
9.999999999996508e-06
9.999999999996509e-06

  992  0  0
9.999999999996508e-06
9.999999999996509e-06

  993  0  0
9.999999999996508e-06
9.999999999996509e-06

  994  0  0
9.999999999996508e-06
9.999999999996509e-06

  995  0  0
9.999999999996508e-06
9.999999999996509e-06

  996  0  0
9.999999999996508e-06
9.999999999996509e-06

  997  0  0
9.999999999996508e-06
9.999999999996509e-06

  998  0  0
9.999999999996508e-06
9.999999999996509e-06

  999  0  0
9.999999999996508e-06
9.999999999996509e-06

 1000  0  0
9.999999999996508e-06
9.999999999996509e-06

 1001  0  0
9.999999999996508e-06
9.999999999996509e-06

 1002  0  0
9.999999999996508e-06
9.999999999996509e-06

 1003  0  0
9.999999999996508e-06
9.999999999996509e-06

 1004  0  0
9.999999999996508e-06
9.999999999996509e-06

 1005  0  0
9.999999999996508e-06
9.999999999996509e-06

 1006  0  0
9.999999999996508e-06
9.999999999996509e-06

 1007  0  0
9.999999999996508e-06
9.999999999996509e-06

 1008  0  0
9.999999999996508e-06
9.999999999996506e-06

 1009  0  0
9.999999999996508e-06
9.999999999996509e-06

 1010  0  0
9.999999999996508e-06
9.999999999996506e-06

 1011  0  0
9.999999999996508e-06
9.999999999996509e-06

 1012  0  0
9.999999999996508e-06
9.999999999996509e-06

 1013  0  0
9.999999999996508e-06
9.999999999996508e-06

 1014  0  0
9.999999999996508e-06
9.999999999996509e-06

 1015  0  0
9.999999999996508e-06
9.999999999996508e-06

 1016  0  0
9.999999999996508e-06
9.999999999996506e-06

 1017  0  0
9.999999999996508e-06
9.999999999996509e-06

 1018  0  0
9.999999999996508e-06
9.999999999996508e-06

 1019  0  0
9.999999999996506e-06
9.999999999996504e-06

 1020  0  0
9.999999999996508e-06
9.999999999996508e-06

 1021  0  0
9.999999999996506e-06
9.999999999996504e-06

 1022  0  0
9.999999999996508e-06
9.999999999996509e-06

 1023  0  0
9.999999999996508e-06
9.999999999996504e-06

 1024  0  0
9.999999999996508e-06
9.999999999996506e-06

 1025  0  0
9.999999999996508e-06
9.999999999996506e-06

 1026  0  0
9.999999999996508e-06
9.999999999996509e-06

 1027  0  0
9.999999999996508e-06
9.999999999996509e-06

 1028  0  0
9.999999999996508e-06
9.999999999996508e-06

 1029  0  0
9.999999999996508e-06
9.999999999996508e-06

 1030  0  0
9.999999999996508e-06
9.999999999996508e-06

 1031  0  0
9.999999999996508e-06
9.999999999996508e-06

 1032  0  0
9.999999999996508e-06
9.999999999996508e-06

 1033  0  0
9.999999999996506e-06
9.999999999996504e-06

 1034  0  0
9.999999999996508e-06
9.999999999996508e-06

 1035  0  0
9.999999999996508e-06
9.999999999996508e-06

 1036  0  0
9.999999999996508e-06
9.999999999996508e-06

 1037  0  0
9.999999999996508e-06
9.999999999996509e-06

 1038  0  0
9.999999999996508e-06
9.999999999996508e-06

 1039  0  0
9.999999999996508e-06
9.999999999996508e-06

 1040  0  0
9.999999999996508e-06
9.999999999996509e-06

 1041  0  0
9.999999999996508e-06
9.999999999996508e-06

 1042  0  0
9.999999999996508e-06
9.999999999996509e-06

 1043  0  0
9.999999999996508e-06
9.999999999996508e-06

 1044  0  0
9.999999999996508e-06
9.999999999996509e-06

 1045  0  0
9.999999999996508e-06
9.999999999996504e-06

 1046  0  0
9.999999999996508e-06
9.999999999996508e-06

 1047  0  0
9.999999999996508e-06
9.999999999996508e-06

 1048  0  0
9.999999999996508e-06
9.999999999996506e-06

 1049  0  0
9.999999999996508e-06
9.999999999996509e-06

 1050  0  0
9.999999999996506e-06
9.999999999996506e-06

 1051  0  0
9.999999999996508e-06
9.999999999996506e-06

 1052  0  0
9.999999999996506e-06
9.999999999996504e-06

 1053  0  0
9.999999999996508e-06
9.999999999996504e-06

 1054  0  0
9.999999999996508e-06
9.999999999996508e-06

 1055  0  0
9.999999999996506e-06
9.999999999996504e-06

 1056  0  0
9.999999999996508e-06
9.999999999996508e-06

 1057  0  0
9.999999999996508e-06
9.999999999996508e-06

 1058  0  0
9.999999999996508e-06
9.999999999996506e-06

 1059  0  0
9.999999999996508e-06
9.999999999996506e-06

 1060  0  0
9.999999999996508e-06
9.999999999996506e-06

 1061  0  0
9.999999999996508e-06
9.999999999996509e-06

 1062  0  0
9.999999999996508e-06
9.999999999996509e-06

 1063  0  0
9.999999999996508e-06
9.999999999996506e-06

 1064  0  0
9.999999999996508e-06
9.999999999996506e-06

 1065  0  0
9.999999999996508e-06
9.999999999996509e-06

 1066  0  0
9.999999999996508e-06
9.999999999996508e-06

 1067  0  0
9.999999999996508e-06
9.999999999996506e-06

 1068  0  0
9.999999999996508e-06
9.999999999996506e-06

 1069  0  0
9.999999999996506e-06
9.999999999996504e-06

 1070  0  0
9.999999999996508e-06
9.999999999996504e-06

 1071  0  0
9.999999999996508e-06
9.999999999996509e-06

 1072  0  0
9.999999999996506e-06
9.999999999996504e-06

 1073  0  0
9.999999999996506e-06
9.999999999996504e-06

 1074  0  0
9.999999999996508e-06
9.999999999996508e-06

 1075  0  0
9.999999999996508e-06
9.999999999996506e-06

 1076  0  0
9.999999999996506e-06
9.999999999996504e-06

 1077  0  0
9.999999999996508e-06
9.999999999996504e-06

 1078  0  0
9.999999999996508e-06
9.999999999996506e-06

 1079  0  0
9.999999999996508e-06
9.999999999996508e-06

 1080  0  0
9.999999999996508e-06
9.999999999996506e-06

 1081  0  0
9.999999999996506e-06
9.999999999996504e-06

 1082  0  0
9.999999999996508e-06
9.999999999996508e-06

 1083  0  0
9.999999999996508e-06
9.999999999996508e-06

 1084  0  0
9.999999999996509e-06
9.999999999996508e-06

 1085  0  0
9.999999999996506e-06
9.999999999996509e-06

 1086  0  0
9.999999999996506e-06
9.999999999996506e-06

 1087  0  0
9.999999999996508e-06
9.999999999996506e-06

 1088  0  0
9.999999999996506e-06
9.999999999996504e-06

 1089  0  0
9.999999999996508e-06
9.999999999996506e-06

 1090  0  0
9.999999999996506e-06
9.999999999996504e-06

 1091  0  0
9.999999999996508e-06
9.999999999996504e-06

 1092  0  0
9.999999999996508e-06
9.999999999996508e-06

 1093  0  0
9.999999999996508e-06
9.999999999996508e-06

 1094  0  0
9.999999999996508e-06
9.999999999996506e-06

 1095  0  0
9.999999999996508e-06
9.999999999996509e-06

 1096  0  0
9.999999999996506e-06
9.999999999996504e-06

 1097  0  0
9.999999999996508e-06
9.999999999996506e-06

 1098  0  0
9.999999999996508e-06
9.999999999996506e-06

 1099  0  0
9.999999999996508e-06
9.999999999996509e-06

 1100  0  0
9.999999999996508e-06
9.999999999996504e-06

 1101  0  0
9.999999999996508e-06
9.999999999996506e-06

 1102  0  0
9.999999999996506e-06
9.999999999996504e-06

 1103  0  0
9.999999999996508e-06
9.999999999996506e-06

 1104  0  0
9.999999999996506e-06
9.999999999996504e-06

 1105  0  0
9.999999999996508e-06
9.999999999996509e-06

 1106  0  0
9.999999999996508e-06
9.999999999996509e-06

 1107  0  0
9.999999999996508e-06
9.999999999996508e-06

 1108  0  0
9.999999999996508e-06
9.999999999996509e-06

 1109  0  0
9.999999999996508e-06
9.999999999996506e-06

 1110  0  0
9.999999999996506e-06
9.999999999996504e-06

 1111  0  0
9.999999999996508e-06
9.999999999996504e-06

 1112  0  0
9.999999999996508e-06
9.999999999996506e-06

 1113  0  0
9.999999999996506e-06
9.999999999996504e-06

 1114  0  0
9.999999999996508e-06
9.999999999996508e-06

 1115  0  0
9.999999999996508e-06
9.999999999996508e-06

 1116  0  0
9.999999999996509e-06
9.999999999996508e-06

 1117  0  0
9.999999999996506e-06
9.999999999996509e-06

 1118  0  0
9.999999999996506e-06
9.999999999996504e-06

 1119  0  0
9.999999999996508e-06
9.999999999996506e-06

 1120  0  0
9.999999999996508e-06
9.999999999996506e-06

 1121  0  0
9.999999999996508e-06
9.999999999996506e-06

 1122  0  0
9.999999999996508e-06
9.999999999996509e-06

 1123  0  0
9.999999999996508e-06
9.999999999996509e-06

 1124  0  0
9.999999999996508e-06
9.999999999996509e-06

 1125  0  0
9.999999999996508e-06
9.999999999996506e-06

 1126  0  0
9.999999999996506e-06
9.999999999996506e-06

 1127  0  0
9.999999999996508e-06
9.999999999996509e-06

 1128  0  0
9.999999999996508e-06
9.999999999996508e-06

 1129  0  0
9.999999999996508e-06
9.999999999996509e-06

 1130  0  0
9.999999999996506e-06
9.999999999996506e-06

 1131  0  0
9.999999999996506e-06
9.999999999996504e-06

 1132  0  0
9.999999999996508e-06
9.999999999996506e-06

 1133  0  0
9.999999999996508e-06
9.999999999996506e-06

 1134  0  0
9.999999999996506e-06
9.999999999996504e-06

 1135  0  0
9.999999999996508e-06
9.999999999996508e-06

 1136  0  0
9.999999999996508e-06
9.999999999996508e-06

 1137  0  0
9.999999999996506e-06
9.999999999996504e-06

 1138  0  0
9.999999999996508e-06
9.999999999996506e-06

 1139  0  0
9.999999999996508e-06
9.999999999996509e-06

 1140  0  0
9.999999999996506e-06
9.999999999996506e-06

 1141  0  0
9.999999999996508e-06
9.999999999996506e-06

 1142  0  0
9.999999999996506e-06
9.999999999996504e-06

 1143  0  0
9.999999999996508e-06
9.999999999996506e-06

 1144  0  0
9.999999999996506e-06
9.999999999996504e-06

 1145  0  0
9.999999999996506e-06
9.999999999996506e-06

 1146  0  0
9.999999999996508e-06
9.999999999996509e-06

 1147  0  0
9.999999999996508e-06
9.999999999996509e-06

 1148  0  0
9.999999999996508e-06
9.999999999996509e-06

 1149  0  0
9.999999999996508e-06
9.999999999996509e-06

 1150  0  0
9.999999999996508e-06
9.999999999996509e-06

 1151  0  0
9.999999999996506e-06
9.999999999996504e-06

 1152  0  0
9.999999999996509e-06
9.999999999996508e-06

 1153  0  0
9.999999999996506e-06
9.999999999996509e-06

 1154  0  0
9.999999999996506e-06
9.999999999996504e-06

 1155  0  0
9.999999999996508e-06
9.999999999996509e-06

 1156  0  0
9.999999999996508e-06
9.999999999996508e-06

 1157  0  0
9.999999999996508e-06
9.999999999996506e-06

 1158  0  0
9.999999999996508e-06
9.999999999996506e-06

 1159  0  0
9.999999999996508e-06
9.999999999996509e-06

 1160  0  0
9.999999999996508e-06
9.999999999996509e-06

 1161  0  0
9.999999999996508e-06
9.999999999996506e-06

 1162  0  0
9.999999999996508e-06
9.999999999996509e-06

 1163  0  0
9.999999999996508e-06
9.999999999996508e-06

 1164  0  0
9.999999999996508e-06
9.999999999996509e-06

 1165  0  0
9.999999999996508e-06
9.999999999996509e-06

 1166  0  0
9.999999999996508e-06
9.999999999996506e-06

 1167  0  0
9.999999999996508e-06
9.999999999996504e-06

 1168  0  0
9.999999999996508e-06
9.999999999996508e-06

 1169  0  0
9.999999999996508e-06
9.999999999996509e-06

 1170  0  0
9.999999999996508e-06
9.999999999996506e-06

 1171  0  0
9.999999999996506e-06
9.999999999996506e-06

 1172  0  0
9.999999999996508e-06
9.999999999996506e-06

 1173  0  0
9.999999999996506e-06
9.999999999996506e-06

 1174  0  0
9.999999999996508e-06
9.999999999996506e-06

 1175  0  0
9.999999999996506e-06
9.999999999996504e-06

 1176  0  0
9.999999999996508e-06
9.999999999996508e-06

 1177  0  0
9.999999999996506e-06
9.999999999996504e-06

 1178  0  0
9.999999999996508e-06
9.999999999996506e-06

 1179  0  0
9.999999999996506e-06
9.999999999996504e-06

 1180  0  0
9.999999999996508e-06
9.999999999996504e-06

 1181  0  0
9.999999999996508e-06
9.999999999996508e-06

 1182  0  0
9.999999999996508e-06
9.999999999996506e-06

 1183  0  0
9.999999999996508e-06
9.999999999996509e-06

 1184  0  0
9.999999999996508e-06
9.999999999996508e-06

 1185  0  0
9.999999999996508e-06
9.999999999996509e-06

 1186  0  0
9.999999999996508e-06
9.999999999996508e-06

 1187  0  0
9.999999999996508e-06
9.999999999996504e-06

 1188  0  0
9.999999999996508e-06
9.999999999996506e-06

 1189  0  0
9.999999999996506e-06
9.999999999996504e-06

 1190  0  0
9.999999999996508e-06
9.999999999996508e-06

 1191  0  0
9.999999999996506e-06
9.999999999996504e-06

 1192  0  0
9.999999999996508e-06
9.999999999996509e-06

 1193  0  0
9.999999999996508e-06
9.999999999996506e-06

 1194  0  0
9.999999999996506e-06
9.999999999996504e-06

 1195  0  0
9.999999999996508e-06
9.999999999996508e-06

 1196  0  0
9.999999999996508e-06
9.999999999996508e-06

 1197  0  0
9.999999999996508e-06
9.999999999996509e-06

 1198  0  0
9.999999999996508e-06
9.999999999996504e-06

 1199  0  0
9.999999999996508e-06
9.999999999996508e-06

 1200  0  0
9.999999999996508e-06
9.999999999996506e-06

 1201  0  0
9.999999999996508e-06
9.999999999996506e-06

 1202  0  0
9.999999999996506e-06
9.999999999996504e-06

 1203  0  0
9.999999999996508e-06
9.999999999996509e-06

 1204  0  0
9.999999999996508e-06
9.999999999996509e-06

 1205  0  0
9.999999999996508e-06
9.999999999996509e-06

 1206  0  0
9.999999999996508e-06
9.999999999996508e-06

 1207  0  0
9.999999999996508e-06
9.999999999996508e-06

 1208  0  0
9.999999999996508e-06
9.999999999996506e-06

 1209  0  0
9.999999999996506e-06
9.999999999996504e-06

 1210  0  0
9.999999999996508e-06
9.999999999996509e-06

 1211  0  0
9.999999999996508e-06
9.999999999996506e-06

 1212  0  0
9.999999999996508e-06
9.999999999996509e-06

 1213  0  0
9.999999999996508e-06
9.999999999996504e-06

 1214  0  0
9.999999999996508e-06
9.999999999996506e-06

 1215  0  0
9.999999999996506e-06
9.999999999996504e-06

 1216  0  0
9.999999999996508e-06
9.999999999996504e-06

 1217  0  0
9.999999999996508e-06
9.999999999996508e-06

 1218  0  0
9.999999999996508e-06
9.999999999996509e-06

 1219  0  0
9.999999999996508e-06
9.999999999996508e-06

 1220  0  0
9.999999999996508e-06
9.999999999996509e-06

 1221  0  0
9.999999999996506e-06
9.999999999996506e-06

 1222  0  0
9.999999999996508e-06
9.999999999996509e-06

 1223  0  0
9.999999999996508e-06
9.999999999996509e-06

 1224  0  0
9.999999999996508e-06
9.999999999996508e-06

 1225  0  0
9.999999999996508e-06
9.999999999996508e-06

 1226  0  0
9.999999999996508e-06
9.999999999996509e-06

 1227  0  0
9.999999999996506e-06
9.999999999996506e-06

 1228  0  0
9.999999999996508e-06
9.999999999996506e-06

 1229  0  0
9.999999999996508e-06
9.999999999996509e-06

 1230  0  0
9.999999999996506e-06
9.999999999996506e-06

 1231  0  0
9.999999999996508e-06
9.999999999996508e-06

 1232  0  0
9.999999999996508e-06
9.999999999996509e-06

 1233  0  0
9.999999999996508e-06
9.999999999996504e-06

 1234  0  0
9.999999999996508e-06
9.999999999996508e-06

 1235  0  0
9.999999999996508e-06
9.999999999996506e-06

 1236  0  0
9.999999999996506e-06
9.999999999996504e-06

 1237  0  0
9.999999999996508e-06
9.999999999996509e-06

 1238  0  0
9.999999999996508e-06
9.999999999996506e-06

 1239  0  0
9.999999999996508e-06
9.999999999996506e-06

 1240  0  0
9.999999999996508e-06
9.999999999996506e-06

 1241  0  0
9.999999999996508e-06
9.999999999996509e-06

 1242  0  0
9.999999999996508e-06
9.999999999996506e-06

 1243  0  0
9.999999999996508e-06
9.999999999996509e-06

 1244  0  0
9.999999999996508e-06
9.999999999996506e-06

 1245  0  0
9.999999999996508e-06
9.999999999996509e-06

 1246  0  0
9.999999999996508e-06
9.999999999996506e-06

 1247  0  0
9.999999999996506e-06
9.999999999996506e-06

 1248  0  0
9.999999999996508e-06
9.999999999996506e-06

 1249  0  0
9.999999999996506e-06
9.999999999996506e-06

 1250  0  0
9.999999999996508e-06
9.999999999996506e-06

 1251  0  0
9.999999999996508e-06
9.999999999996509e-06

 1252  0  0
9.999999999996506e-06
9.999999999996504e-06

 1253  0  0
9.999999999996508e-06
9.999999999996504e-06

 1254  0  0
9.999999999996508e-06
9.999999999996509e-06

 1255  0  0
9.999999999996508e-06
9.999999999996508e-06

 1256  0  0
9.999999999996508e-06
9.999999999996506e-06

 1257  0  0
9.999999999996506e-06
9.999999999996504e-06

 1258  0  0
9.999999999996508e-06
9.999999999996504e-06

 1259  0  0
9.999999999996508e-06
9.999999999996504e-06

 1260  0  0
9.999999999996508e-06
9.999999999996506e-06

 1261  0  0
9.999999999996508e-06
9.999999999996506e-06

 1262  0  0
9.999999999996506e-06
9.999999999996504e-06

 1263  0  0
9.999999999996508e-06
9.999999999996509e-06

 1264  0  0
9.999999999996509e-06
9.999999999996508e-06

 1265  0  0
9.999999999996506e-06
9.999999999996509e-06

 1266  0  0
9.999999999996508e-06
9.999999999996506e-06

 1267  0  0
9.999999999996508e-06
9.999999999996506e-06

 1268  0  0
9.999999999996503e-06
9.999999999996489e-06

 1269  0  0
9.999999999996442e-06
9.999999999995628e-06

 1270  0  0
9.999999999994067e-06
9.999999999975384e-06

 1271  0  0
9.999999999941840e-06
9.999999999539816e-06

 1272  0  0
9.999999998845259e-06
9.999999990409963e-06

 1273  0  0
9.999999976526514e-06
9.999999805226931e-06

 1274  0  0
9.999999539368624e-06
9.999996193770996e-06

 1275  0  0
9.999991367178208e-06
9.999929065469834e-06

 1276  0  0
9.999847283545222e-06
9.998754762116377e-06

 1277  0  0
9.997494179927010e-06
9.979792449776562e-06

 1278  0  0
9.962942041129994e-06
9.705535270477037e-06

 1279  0  0
9.533421367477975e-06
6.195638664316964e-06

