#Cell  Group   Direction 
# Element_0
# Element_1
    0  0  0
1.821360029052979e-01
1.757250262095526e-01

    0  0  1
1.732152738933757e+00
1.720811001357791e+00

    1  0  0
1.757197529814610e-01
1.692965009102866e-01

    1  0  1
1.720924059117720e+00
1.709366479600454e+00

    2  0  0
1.692918283773856e-01
1.628572972582673e-01

    2  0  1
1.709492418026661e+00
1.697694882717169e+00

    3  0  0
1.628533237385807e-01
1.564086879865240e-01

    3  0  1
1.697835722035931e+00
1.685770311302297e+00

    4  0  0
1.564055185840362e-01
1.499521397894228e-01

    4  0  1
1.685928397394752e+00
1.673562786488152e+00

    5  0  0
1.499498907458879e-01
1.434893368522902e-01

    5  0  1
1.673740855332172e+00
1.661037587353273e+00

    6  0  0
1.434881381582078e-01
1.370222079768405e-01

    6  0  1
1.661238841855032e+00
1.648154456023901e+00

    7  0  0
1.370222057146156e-01
1.305529579412924e-01

    7  0  1
1.648382660555221e+00
1.634866644525167e+00

    8  0  0
1.305543168068431e-01
1.240841037794865e-01

    8  0  1
1.635126243025833e+00
1.621119766370629e+00

    9  0  0
1.240870099765477e-01
1.176185168596001e-01

    9  0  1
1.621416031609257e+00
1.606850403544742e+00

   10  0  0
1.176231815339080e-01
1.111594719470948e-01

   10  0  1
1.607189627894082e+00
1.591984403528088e+00

   11  0  0
1.111661352829763e-01
1.047107046309394e-01

   11  0  1
1.592374146147647e+00
1.576434779009629e+00

   12  0  0
1.047196408705961e-01
9.827647930486107e-02

   12  0  1
1.576884190742748e+00
1.560099089908690e+00

   13  0  0
9.828800292232036e-02
9.186166982628949e-02

   13  0  1
1.560619340886393e+00
1.542856140873798e+00

   14  0  0
9.187614296455446e-02
8.547185634792852e-02

   14  0  1
1.543460984175375e+00
1.524561786148235e+00

   15  0  0
8.548969911865968e-02
7.911344448377568e-02

   15  0  1
1.525268365495988e+00
1.505043572907225e+00

   16  0  0
7.913514571209904e-02
7.279380554335775e-02

   16  0  1
1.505873694841371e+00
1.484093617326509e+00

   17  0  0
7.281994094990786e-02
6.652146673991625e-02

   17  0  1
1.485075388072611e+00
1.461458495616794e+00

   18  0  0
6.655271901605538e-02
6.030632424029300e-02

   18  0  1
1.462627586643433e+00
1.436825808948535e+00

   19  0  0
6.034350127741115e-02
5.415993878529361e-02

   19  0  1
1.438228054702720e+00
1.409809774136659e+00

   20  0  0
5.420405473171564e-02
4.809598855971655e-02

   20  0  1
1.411512711325476e+00
1.379930531720963e+00

   21  0  0
4.814820605152025e-02
4.213051984021406e-02

   21  0  1
1.382039473122415e+00
1.346557612726716e+00

   22  0  0
4.219243135391054e-02
3.628337999513828e-02

   22  0  1
1.349197604369207e+00
1.308822177070516e+00

   23  0  0
3.635691193616767e-02
3.057794235300099e-02

   23  0  1
1.312135434124512e+00
1.265633083733752e+00

   24  0  0
3.066526837399938e-02
2.504390672282913e-02

   24  0  1
1.270062555596835e+00
1.215628286331177e+00

   25  0  0
2.514991304174126e-02
1.972222748277425e-02

   25  0  1
1.222011836933942e+00
1.156038335544050e+00

   26  0  0
1.984795920084492e-02
1.465444451643268e-02

   26  0  1
1.163864525434417e+00
1.082389862571378e+00

   27  0  0
1.481312721256845e-02
9.932791690591400e-03

   27  0  1
1.093329239933892e+00
9.957016018006771e-01

   28  0  0
1.013340589447463e-02
5.646227229497290e-03

   28  0  1
1.037118952538435e+00
8.864339785277883e-01

   29  0  0
5.889574184180295e-03
2.123844498386533e-03

   29  0  1
9.727166686179823e-01
6.321090195185896e-01

   30  0  0
2.456761575899014e-03
2.074233032520905e-04

   30  0  1
5.745846373331974e-01
1.554559670100217e-01

   31  0  0
1.538817130951989e-04
5.646324331269057e-06

   31  0  1
2.796237643605623e-02
2.938229396379945e-04

   32  0  0
5.035078738251720e-06
5.000000131864009e-06

   32  0  1
9.575099944477936e-06
5.036046117553643e-06

   33  0  0
5.000004341111376e-06
5.000000000006691e-06

   33  0  1
5.000567941090386e-06
5.000004473984783e-06

   34  0  0
5.000000000535166e-06
4.999999999998225e-06

   34  0  1
5.000000070481598e-06
5.000000000553389e-06

   35  0  0
4.999999999998302e-06
4.999999999998254e-06

   35  0  1
5.000000000006980e-06
4.999999999998323e-06

   36  0  0
4.999999999998254e-06
4.999999999998254e-06

   36  0  1
4.999999999998255e-06
4.999999999998254e-06

   37  0  0
4.999999999998254e-06
4.999999999998254e-06

   37  0  1
4.999999999998254e-06
4.999999999998254e-06

   38  0  0
4.999999999998254e-06
4.999999999998254e-06

   38  0  1
4.999999999998254e-06
4.999999999998254e-06

   39  0  0
4.999999999998254e-06
4.999999999998254e-06

   39  0  1
4.999999999998254e-06
4.999999999998254e-06

   40  0  0
4.999999999998254e-06
4.999999999998254e-06

   40  0  1
4.999999999998254e-06
4.999999999998254e-06

   41  0  0
4.999999999998254e-06
4.999999999998254e-06

   41  0  1
4.999999999998254e-06
4.999999999998254e-06

   42  0  0
4.999999999998254e-06
4.999999999998254e-06

   42  0  1
4.999999999998254e-06
4.999999999998254e-06

   43  0  0
4.999999999998254e-06
4.999999999998254e-06

   43  0  1
4.999999999998254e-06
4.999999999998254e-06

   44  0  0
4.999999999998254e-06
4.999999999998254e-06

   44  0  1
4.999999999998254e-06
4.999999999998254e-06

   45  0  0
4.999999999998254e-06
4.999999999998254e-06

   45  0  1
4.999999999998254e-06
4.999999999998254e-06

   46  0  0
4.999999999998254e-06
4.999999999998254e-06

   46  0  1
4.999999999998254e-06
4.999999999998254e-06

   47  0  0
4.999999999998254e-06
4.999999999998254e-06

   47  0  1
4.999999999998254e-06
4.999999999998254e-06

   48  0  0
4.999999999998254e-06
4.999999999998254e-06

   48  0  1
4.999999999998254e-06
4.999999999998254e-06

   49  0  0
4.999999999998254e-06
4.999999999998254e-06

   49  0  1
4.999999999998254e-06
4.999999999998254e-06

   50  0  0
4.999999999998254e-06
4.999999999998254e-06

   50  0  1
4.999999999998254e-06
4.999999999998254e-06

   51  0  0
4.999999999998254e-06
4.999999999998254e-06

   51  0  1
4.999999999998254e-06
4.999999999998254e-06

   52  0  0
4.999999999998254e-06
4.999999999998254e-06

   52  0  1
4.999999999998254e-06
4.999999999998254e-06

   53  0  0
4.999999999998254e-06
4.999999999998254e-06

   53  0  1
4.999999999998254e-06
4.999999999998254e-06

   54  0  0
4.999999999998254e-06
4.999999999998254e-06

   54  0  1
4.999999999998254e-06
4.999999999998254e-06

   55  0  0
4.999999999998254e-06
4.999999999998254e-06

   55  0  1
4.999999999998254e-06
4.999999999998254e-06

   56  0  0
4.999999999998254e-06
4.999999999998254e-06

   56  0  1
4.999999999998254e-06
4.999999999998254e-06

   57  0  0
4.999999999998254e-06
4.999999999998254e-06

   57  0  1
4.999999999998254e-06
4.999999999998254e-06

   58  0  0
4.999999999998254e-06
4.999999999998254e-06

   58  0  1
4.999999999998254e-06
4.999999999998254e-06

   59  0  0
4.999999999998254e-06
4.999999999998254e-06

   59  0  1
4.999999999998254e-06
4.999999999998254e-06

   60  0  0
4.999999999998254e-06
4.999999999998254e-06

   60  0  1
4.999999999998254e-06
4.999999999998254e-06

   61  0  0
4.999999999998254e-06
4.999999999998254e-06

   61  0  1
4.999999999998254e-06
4.999999999998254e-06

   62  0  0
4.999999999998254e-06
4.999999999998254e-06

   62  0  1
4.999999999998254e-06
4.999999999998254e-06

   63  0  0
4.999999999998254e-06
4.999999999998254e-06

   63  0  1
4.999999999998254e-06
4.999999999998254e-06

   64  0  0
4.999999999998254e-06
4.999999999998254e-06

   64  0  1
4.999999999998254e-06
4.999999999998254e-06

   65  0  0
4.999999999998254e-06
4.999999999998254e-06

   65  0  1
4.999999999998254e-06
4.999999999998254e-06

   66  0  0
4.999999999998254e-06
4.999999999998254e-06

   66  0  1
4.999999999998254e-06
4.999999999998254e-06

   67  0  0
4.999999999998254e-06
4.999999999998254e-06

   67  0  1
4.999999999998254e-06
4.999999999998254e-06

   68  0  0
4.999999999998254e-06
4.999999999998254e-06

   68  0  1
4.999999999998254e-06
4.999999999998254e-06

   69  0  0
4.999999999998254e-06
4.999999999998254e-06

   69  0  1
4.999999999998254e-06
4.999999999998254e-06

   70  0  0
4.999999999998254e-06
4.999999999998254e-06

   70  0  1
4.999999999998254e-06
4.999999999998254e-06

   71  0  0
4.999999999998254e-06
4.999999999998254e-06

   71  0  1
4.999999999998254e-06
4.999999999998254e-06

   72  0  0
4.999999999998254e-06
4.999999999998254e-06

   72  0  1
4.999999999998254e-06
4.999999999998254e-06

   73  0  0
4.999999999998254e-06
4.999999999998254e-06

   73  0  1
4.999999999998254e-06
4.999999999998254e-06

   74  0  0
4.999999999998254e-06
4.999999999998254e-06

   74  0  1
4.999999999998254e-06
4.999999999998254e-06

   75  0  0
4.999999999998254e-06
4.999999999998254e-06

   75  0  1
4.999999999998254e-06
4.999999999998254e-06

   76  0  0
4.999999999998139e-06
4.999999999984040e-06

   76  0  1
4.999999999998299e-06
4.999999999992682e-06

   77  0  0
4.999999999467699e-06
4.999999955747190e-06

   77  0  1
4.999999999998028e-06
4.999999979118220e-06

   78  0  0
4.999998564981172e-06
4.999885819905684e-06

   78  0  1
4.999999999438742e-06
4.999938015116133e-06

   79  0  0
4.996795323302902e-06
4.763509430006979e-06

   79  0  1
4.999998680411348e-06
4.843024095306313e-06

