#Cell    Group    L_mom 
# Element_0
# Element_1
    0  0  0
1.914011128720778e+00
1.913377331511102e+00

    1  0  0
1.912913308817190e+00
1.912279059107628e+00

    2  0  0
1.911814707451082e+00
1.911180004690349e+00

    3  0  0
1.910715320911511e+00
1.910080162889376e+00

    4  0  0
1.909615144349483e+00
1.908979528395636e+00

    5  0  0
1.908514174184536e+00
1.907878098013237e+00

    6  0  0
1.907412406756981e+00
1.906775867778179e+00

    7  0  0
1.906309837572073e+00
1.905672833203262e+00

    8  0  0
1.905206462180454e+00
1.904568989831700e+00

    9  0  0
1.904102276093247e+00
1.903464333114256e+00

   10  0  0
1.902997274725883e+00
1.902358858461894e+00

   11  0  0
1.901891453479065e+00
1.901252561250970e+00

   12  0  0
1.900784807711680e+00
1.900145436816117e+00

   13  0  0
1.899677332739861e+00
1.899037480448887e+00

   14  0  0
1.898569023836736e+00
1.897928687397250e+00

   15  0  0
1.897459876232807e+00
1.896819052865695e+00

   16  0  0
1.896349885113874e+00
1.895708572018029e+00

   17  0  0
1.895239045626820e+00
1.894597240001240e+00

   18  0  0
1.894127352926804e+00
1.893485051906192e+00

   19  0  0
1.893014802056142e+00
1.892372002733967e+00

   20  0  0
1.891901387962053e+00
1.891258087403561e+00

   21  0  0
1.890787105510731e+00
1.890143300667168e+00

   22  0  0
1.889671949520183e+00
1.889027637571858e+00

   23  0  0
1.888555915063919e+00
1.887911093040519e+00

   24  0  0
1.887438996992110e+00
1.886793661881574e+00

   25  0  0
1.886321190087160e+00
1.885675338849900e+00

   26  0  0
1.885202489082711e+00
1.884556118651459e+00

   27  0  0
1.884082888665067e+00
1.883435995944761e+00

   28  0  0
1.882962383472082e+00
1.882314965339499e+00

   29  0  0
1.881840968092791e+00
1.881193021396270e+00

   30  0  0
1.880718637067307e+00
1.880070158626328e+00

   31  0  0
1.879595384885169e+00
1.878946371489537e+00

   32  0  0
1.878471205983662e+00
1.877821654395031e+00

   33  0  0
1.877346094750190e+00
1.876696001719005e+00

   34  0  0
1.876220045562221e+00
1.875569407785186e+00

   35  0  0
1.875093052697902e+00
1.874441866847169e+00

   36  0  0
1.873965110397708e+00
1.873313373084561e+00

   37  0  0
1.872836212779061e+00
1.872183920578628e+00

   38  0  0
1.871706353891362e+00
1.871053503406994e+00

   39  0  0
1.870575527875426e+00
1.869922115693445e+00

   40  0  0
1.869443728807974e+00
1.868789751440409e+00

   41  0  0
1.868310950648189e+00
1.867656404580931e+00

   42  0  0
1.867177187307926e+00
1.866522068994533e+00

   43  0  0
1.866042432643066e+00
1.865386738504291e+00

   44  0  0
1.864906680452612e+00
1.864250406875518e+00

   45  0  0
1.863769924476327e+00
1.863113067814625e+00

   46  0  0
1.862632158394417e+00
1.861974714982589e+00

   47  0  0
1.861493375863012e+00
1.860835341980472e+00

   48  0  0
1.860353570429339e+00
1.859694942338068e+00

   49  0  0
1.859212735620712e+00
1.858553509545868e+00

   50  0  0
1.858070864897875e+00
1.857411037026724e+00

   51  0  0
1.856927951655246e+00
1.856267518140314e+00

   52  0  0
1.855783989227066e+00
1.855122946186129e+00

   53  0  0
1.854638970887395e+00
1.853977314403806e+00

   54  0  0
1.853492889851465e+00
1.852830615973845e+00

   55  0  0
1.852345739277055e+00
1.851682844004770e+00

   56  0  0
1.851197512228955e+00
1.850533991529102e+00

   57  0  0
1.850048201720081e+00
1.849384051527193e+00

   58  0  0
1.848897800707078e+00
1.848233016918388e+00

   59  0  0
1.847746302081959e+00
1.847080880556957e+00

   60  0  0
1.846593698671290e+00
1.845927635231362e+00

   61  0  0
1.845439983235645e+00
1.844773273663697e+00

   62  0  0
1.844285148468957e+00
1.843617788509043e+00

   63  0  0
1.843129186997791e+00
1.842461172354727e+00

   64  0  0
1.841972091380770e+00
1.841303417719758e+00

   65  0  0
1.840813854107871e+00
1.840144517054110e+00

   66  0  0
1.839654467599747e+00
1.838984462738037e+00

   67  0  0
1.838493924207089e+00
1.837823247081440e+00

   68  0  0
1.837332216209875e+00
1.836660862323102e+00

   69  0  0
1.836169335816749e+00
1.835497300630072e+00

   70  0  0
1.835005275164252e+00
1.834332554096881e+00

   71  0  0
1.833840026316173e+00
1.833166614744902e+00

   72  0  0
1.832673581262777e+00
1.831999474521554e+00

   73  0  0
1.831505931920125e+00
1.830831125299638e+00

   74  0  0
1.830337070129305e+00
1.829661558876555e+00

   75  0  0
1.829166987655725e+00
1.828490766973590e+00

   76  0  0
1.827995676188341e+00
1.827318741235138e+00

   77  0  0
1.826823127338897e+00
1.826145473227940e+00

   78  0  0
1.825649332641180e+00
1.824970954440333e+00

   79  0  0
1.824474283550213e+00
1.823795176281437e+00

   80  0  0
1.823297971441496e+00
1.822618130080395e+00

   81  0  0
1.822120387610217e+00
1.821439807085576e+00

   82  0  0
1.820941523270430e+00
1.820260198463737e+00

   83  0  0
1.819761369554254e+00
1.819079295299242e+00

   84  0  0
1.818579917511066e+00
1.817897088593221e+00

   85  0  0
1.817397158106643e+00
1.816713569262729e+00

   86  0  0
1.816213082222347e+00
1.815528728139908e+00

   87  0  0
1.815027680654272e+00
1.814342555971148e+00

   88  0  0
1.813840944112385e+00
1.813155043416205e+00

   89  0  0
1.812652863219653e+00
1.811966181047325e+00

   90  0  0
1.811463428511170e+00
1.810775959348377e+00

   91  0  0
1.810272630433274e+00
1.809584368713947e+00

   92  0  0
1.809080459342642e+00
1.808391399448442e+00

   93  0  0
1.807886905505379e+00
1.807197041765167e+00

   94  0  0
1.806691959096109e+00
1.806001285785402e+00

   95  0  0
1.805495610197033e+00
1.804804121537465e+00

   96  0  0
1.804297848796995e+00
1.803605538955774e+00

   97  0  0
1.803098664790537e+00
1.802405527879885e+00

   98  0  0
1.801898047976932e+00
1.801204078053522e+00

   99  0  0
1.800695988059206e+00
1.800001179123591e+00

  100  0  0
1.799492474643150e+00
1.798796820639189e+00

  101  0  0
1.798287497236325e+00
1.797590992050608e+00

  102  0  0
1.797081045247066e+00
1.796383682708314e+00

  103  0  0
1.795873107983439e+00
1.795174881861912e+00

  104  0  0
1.794663674652225e+00
1.793964578659122e+00

  105  0  0
1.793452734357873e+00
1.792752762144723e+00

  106  0  0
1.792240276101441e+00
1.791539421259476e+00

  107  0  0
1.791026288779516e+00
1.790324544839055e+00

  108  0  0
1.789810761183146e+00
1.789108121612958e+00

  109  0  0
1.788593681996733e+00
1.787890140203397e+00

  110  0  0
1.787375039796926e+00
1.786670589124184e+00

  111  0  0
1.786154823051502e+00
1.785449456779604e+00

  112  0  0
1.784933020118227e+00
1.784226731463267e+00

  113  0  0
1.783709619243706e+00
1.783002401356948e+00

  114  0  0
1.782484608562220e+00
1.781776454529420e+00

  115  0  0
1.781257976094543e+00
1.780548878935262e+00

  116  0  0
1.780029709746760e+00
1.779319662413663e+00

  117  0  0
1.778799797309043e+00
1.778088792687195e+00

  118  0  0
1.777568226454442e+00
1.776856257360600e+00

  119  0  0
1.776334984737650e+00
1.775622043919534e+00

  120  0  0
1.775100059593743e+00
1.774386139729303e+00

  121  0  0
1.773863438336910e+00
1.773148532033588e+00

  122  0  0
1.772625108159172e+00
1.771909207953156e+00

  123  0  0
1.771385056129090e+00
1.770668154484548e+00

  124  0  0
1.770143269190439e+00
1.769425358498753e+00

  125  0  0
1.768899734160881e+00
1.768180806739864e+00

  126  0  0
1.767654437730606e+00
1.766934485823722e+00

  127  0  0
1.766407366460986e+00
1.765686382236548e+00

  128  0  0
1.765158506783173e+00
1.764436482333533e+00

  129  0  0
1.763907844996707e+00
1.763184772337441e+00

  130  0  0
1.762655367268101e+00
1.761931238337172e+00

  131  0  0
1.761401059629391e+00
1.760675866286318e+00

  132  0  0
1.760144907976692e+00
1.759418642001702e+00

  133  0  0
1.758886898068729e+00
1.758159551161883e+00

  134  0  0
1.757627015525328e+00
1.756898579305661e+00

  135  0  0
1.756365245825923e+00
1.755635711830555e+00

  136  0  0
1.755101574308014e+00
1.754370933991258e+00

  137  0  0
1.753835986165620e+00
1.753104230898075e+00

  138  0  0
1.752568466447711e+00
1.751835587515338e+00

  139  0  0
1.751299000056607e+00
1.750564988659809e+00

  140  0  0
1.750027571746380e+00
1.749292418999055e+00

  141  0  0
1.748754166121215e+00
1.748017863049799e+00

  142  0  0
1.747478767633753e+00
1.746741305176258e+00

  143  0  0
1.746201360583419e+00
1.745462729588448e+00

  144  0  0
1.744921929114726e+00
1.744182120340486e+00

  145  0  0
1.743640457215550e+00
1.742899461328839e+00

  146  0  0
1.742356928715385e+00
1.741614736290581e+00

  147  0  0
1.741071327283590e+00
1.740327928801613e+00

  148  0  0
1.739783636427584e+00
1.739039022274852e+00

  149  0  0
1.738493839491043e+00
1.737747999958409e+00

  150  0  0
1.737201919652059e+00
1.736454844933741e+00

  151  0  0
1.735907859921278e+00
1.735159540113764e+00

  152  0  0
1.734611643140012e+00
1.733862068240962e+00

  153  0  0
1.733313251978327e+00
1.732562411885447e+00

  154  0  0
1.732012668933102e+00
1.731260553443021e+00

  155  0  0
1.730709876326071e+00
1.729956475133179e+00

  156  0  0
1.729404856301820e+00
1.728650158997111e+00

  157  0  0
1.728097590825777e+00
1.727341586895672e+00

  158  0  0
1.726788061682171e+00
1.726030740507309e+00

  159  0  0
1.725476250471941e+00
1.724717601325973e+00

  160  0  0
1.724162138610645e+00
1.723402150659004e+00

  161  0  0
1.722845707326328e+00
1.722084369624980e+00

  162  0  0
1.721526937657352e+00
1.720764239151531e+00

  163  0  0
1.720205810450213e+00
1.719441739973139e+00

  164  0  0
1.718882306357314e+00
1.718116852628891e+00

  165  0  0
1.717556405834712e+00
1.716789557460219e+00

  166  0  0
1.716228089139843e+00
1.715459834608583e+00

  167  0  0
1.714897336329192e+00
1.714127664013145e+00

  168  0  0
1.713564127255947e+00
1.712793025408392e+00

  169  0  0
1.712228441567618e+00
1.711455898321743e+00

  170  0  0
1.710890258703625e+00
1.710116262071107e+00

  171  0  0
1.709549557892842e+00
1.708774095762417e+00

  172  0  0
1.708206318151113e+00
1.707429378287122e+00

  173  0  0
1.706860518278732e+00
1.706082088319634e+00

  174  0  0
1.705512136857873e+00
1.704732204314763e+00

  175  0  0
1.704161152250018e+00
1.703379704505104e+00

  176  0  0
1.702807542593312e+00
1.702024566898368e+00

  177  0  0
1.701451285799890e+00
1.700666769274702e+00

  178  0  0
1.700092359553183e+00
1.699306289183960e+00

  179  0  0
1.698730741305159e+00
1.697943103942920e+00

  180  0  0
1.697366408273535e+00
1.696577190632481e+00

  181  0  0
1.695999337438945e+00
1.695208526094797e+00

  182  0  0
1.694629505542076e+00
1.693837086930406e+00

  183  0  0
1.693256889080760e+00
1.692462849495273e+00

  184  0  0
1.691881464307003e+00
1.691085789897811e+00

  185  0  0
1.690503207223998e+00
1.689705883995866e+00

  186  0  0
1.689122093583076e+00
1.688323107393636e+00

  187  0  0
1.687738098880618e+00
1.686937435438554e+00

  188  0  0
1.686351198354906e+00
1.685548843218125e+00

  189  0  0
1.684961366982959e+00
1.684157305556722e+00

  190  0  0
1.683568579477286e+00
1.682762797012319e+00

  191  0  0
1.682172810282616e+00
1.681365291873184e+00

  192  0  0
1.680774033572562e+00
1.679964764154521e+00

  193  0  0
1.679372223246240e+00
1.678561187595051e+00

  194  0  0
1.677967352924836e+00
1.677154535653560e+00

  195  0  0
1.676559395948122e+00
1.675744781505379e+00

  196  0  0
1.675148325370921e+00
1.674331898038808e+00

  197  0  0
1.673734113959505e+00
1.672915857851499e+00

  198  0  0
1.672316734187952e+00
1.671496633246768e+00

  199  0  0
1.670896158234439e+00
1.670074196229857e+00

  200  0  0
1.669472357977475e+00
1.668648518504135e+00

  201  0  0
1.668045304992082e+00
1.667219571467248e+00

  202  0  0
1.666614970545912e+00
1.665787326207188e+00

  203  0  0
1.665181325595301e+00
1.664351753498327e+00

  204  0  0
1.663744340781265e+00
1.662912823797369e+00

  205  0  0
1.662303986425433e+00
1.661470507239236e+00

  206  0  0
1.660860232525902e+00
1.660024773632907e+00

  207  0  0
1.659413048753053e+00
1.658575592457177e+00

  208  0  0
1.657962404445271e+00
1.657122932856339e+00

  209  0  0
1.656508268604616e+00
1.655666763635827e+00

  210  0  0
1.655050609892413e+00
1.654207053257749e+00

  211  0  0
1.653589396624774e+00
1.652743769836379e+00

  212  0  0
1.652124596768048e+00
1.651276881133559e+00

  213  0  0
1.650656177934203e+00
1.649806354554039e+00

  214  0  0
1.649184107376121e+00
1.648332157140723e+00

  215  0  0
1.647708351982816e+00
1.646854255569851e+00

  216  0  0
1.646228878274593e+00
1.645372616146103e+00

  217  0  0
1.644745652398096e+00
1.643887204797601e+00

  218  0  0
1.643258640121302e+00
1.642397987070858e+00

  219  0  0
1.641767806828411e+00
1.640904928125626e+00

  220  0  0
1.640273117514673e+00
1.639407992729647e+00

  221  0  0
1.638774536781096e+00
1.637907145253341e+00

  222  0  0
1.637272028829097e+00
1.636402349664387e+00

  223  0  0
1.635765557455047e+00
1.634893569522218e+00

  224  0  0
1.634255086044725e+00
1.633380767972422e+00

  225  0  0
1.632740577567676e+00
1.631863907741039e+00

  226  0  0
1.631221994571479e+00
1.630342951128789e+00

  227  0  0
1.629699299175914e+00
1.628817860005153e+00

  228  0  0
1.628172453067021e+00
1.627288595802401e+00

  229  0  0
1.626641417491068e+00
1.625755119509484e+00

  230  0  0
1.625106153248414e+00
1.624217391665841e+00

  231  0  0
1.623566620687257e+00
1.622675372355072e+00

  232  0  0
1.622022779697266e+00
1.621129021198533e+00

  233  0  0
1.620474589703138e+00
1.619578297348795e+00

  234  0  0
1.618922009657986e+00
1.618023159482989e+00

  235  0  0
1.617364998036662e+00
1.616463565796049e+00

  236  0  0
1.615803512828934e+00
1.614899473993822e+00

  237  0  0
1.614237511532544e+00
1.613330841286051e+00

  238  0  0
1.612666951146144e+00
1.611757624379248e+00

  239  0  0
1.611091788162117e+00
1.610179779469427e+00

  240  0  0
1.609511978559246e+00
1.608597262234706e+00

  241  0  0
1.607927477795273e+00
1.607010027827792e+00

  242  0  0
1.606338240799313e+00
1.605418030868293e+00

  243  0  0
1.604744221964119e+00
1.603821225434934e+00

  244  0  0
1.603145375138231e+00
1.602219565057594e+00

  245  0  0
1.601541653617959e+00
1.600613002709222e+00

  246  0  0
1.599933010139226e+00
1.599001490797586e+00

  247  0  0
1.598319396869262e+00
1.597384981156879e+00

  248  0  0
1.596700765398145e+00
1.595763425039165e+00

  249  0  0
1.595077066730174e+00
1.594136773105672e+00

  250  0  0
1.593448251275097e+00
1.592504975417903e+00

  251  0  0
1.591814268839153e+00
1.590867981428606e+00

  252  0  0
1.590175068615969e+00
1.589225739972548e+00

  253  0  0
1.588530599177260e+00
1.587578199257131e+00

  254  0  0
1.586880808463381e+00
1.585925306852825e+00

  255  0  0
1.585225643773660e+00
1.584267009683409e+00

  256  0  0
1.583565051756587e+00
1.582603254016042e+00

  257  0  0
1.581898978399786e+00
1.580933985451122e+00

  258  0  0
1.580227369019799e+00
1.579259148911958e+00

  259  0  0
1.578550168251681e+00
1.577578688634248e+00

  260  0  0
1.576867320038375e+00
1.575892548155341e+00

  261  0  0
1.575178767619906e+00
1.574200670303292e+00

  262  0  0
1.573484453522329e+00
1.572502997185695e+00

  263  0  0
1.571784319546474e+00
1.570799470178303e+00

  264  0  0
1.570078306756485e+00
1.569090029913427e+00

  265  0  0
1.568366355468103e+00
1.567374616268086e+00

  266  0  0
1.566648405236726e+00
1.565653168351933e+00

  267  0  0
1.564924394845236e+00
1.563925624494928e+00

  268  0  0
1.563194262291562e+00
1.562191922234773e+00

  269  0  0
1.561457944776013e+00
1.560451998304085e+00

  270  0  0
1.559715378688338e+00
1.558705788617307e+00

  271  0  0
1.557966499594525e+00
1.556953228257344e+00

  272  0  0
1.556211242223332e+00
1.555194251461947e+00

  273  0  0
1.554449540452539e+00
1.553428791609787e+00

  274  0  0
1.552681327294910e+00
1.551656781206262e+00

  275  0  0
1.550906534883873e+00
1.549878151868983e+00

  276  0  0
1.549125094458880e+00
1.548092834312981e+00

  277  0  0
1.547336936350488e+00
1.546300758335597e+00

  278  0  0
1.545541989965108e+00
1.544501852801032e+00

  279  0  0
1.543740183769428e+00
1.542696045624604e+00

  280  0  0
1.541931445274518e+00
1.540883263756636e+00

  281  0  0
1.540115701019585e+00
1.539063433166015e+00

  282  0  0
1.538292876555377e+00
1.537236478823394e+00

  283  0  0
1.536462896427234e+00
1.535402324684026e+00

  284  0  0
1.534625684157773e+00
1.533560893670234e+00

  285  0  0
1.532781162229187e+00
1.531712107653485e+00

  286  0  0
1.530929252065166e+00
1.529855887436082e+00

  287  0  0
1.529069874012416e+00
1.527992152732449e+00

  288  0  0
1.527202947321768e+00
1.526120822149997e+00

  289  0  0
1.525328390128875e+00
1.524241813169573e+00

  290  0  0
1.523446119434465e+00
1.522355042125454e+00

  291  0  0
1.521556051084168e+00
1.520460424184913e+00

  292  0  0
1.519658099747861e+00
1.518557873327302e+00

  293  0  0
1.517752178898581e+00
1.516647302322675e+00

  294  0  0
1.515838200790932e+00
1.514728622709925e+00

  295  0  0
1.513916076439009e+00
1.512801744774402e+00

  296  0  0
1.511985715593815e+00
1.510866577525038e+00

  297  0  0
1.510047026720148e+00
1.508923028670920e+00

  298  0  0
1.508099916972960e+00
1.506971004597332e+00

  299  0  0
1.506144292173159e+00
1.505010410341230e+00

  300  0  0
1.504180056782852e+00
1.503041149566156e+00

  301  0  0
1.502207113879996e+00
1.501063124536520e+00

  302  0  0
1.500225365132440e+00
1.499076236091319e+00

  303  0  0
1.498234710771383e+00
1.497080383617196e+00

  304  0  0
1.496235049564154e+00
1.495075465020868e+00

  305  0  0
1.494226278786371e+00
1.493061376700881e+00

  306  0  0
1.492208294193404e+00
1.491038013518675e+00

  307  0  0
1.490180989991154e+00
1.489005268768960e+00

  308  0  0
1.488144258806124e+00
1.486963034149354e+00

  309  0  0
1.486097991654739e+00
1.484911199729267e+00

  310  0  0
1.484042077911922e+00
1.482849653918032e+00

  311  0  0
1.481976405278885e+00
1.480778283432231e+00

  312  0  0
1.479900859750116e+00
1.478696973262199e+00

  313  0  0
1.477815325579534e+00
1.476605606637690e+00

  314  0  0
1.475719685245793e+00
1.474504064992674e+00

  315  0  0
1.473613819416706e+00
1.472392227929236e+00

  316  0  0
1.471497606912762e+00
1.470269973180557e+00

  317  0  0
1.469370924669706e+00
1.468137176572929e+00

  318  0  0
1.467233647700145e+00
1.465993711986793e+00

  319  0  0
1.465085649054173e+00
1.463839451316775e+00

  320  0  0
1.462926799778962e+00
1.461674264430655e+00

  321  0  0
1.460756968877286e+00
1.459498019127267e+00

  322  0  0
1.458576023264959e+00
1.457310581093283e+00

  323  0  0
1.456383827727137e+00
1.455111813858842e+00

  324  0  0
1.454180244873455e+00
1.452901578751999e+00

  325  0  0
1.451965135091967e+00
1.450679734851941e+00

  326  0  0
1.449738356501838e+00
1.448446138940935e+00

  327  0  0
1.447499764904735e+00
1.446200645454957e+00

  328  0  0
1.445249213734911e+00
1.443943106432986e+00

  329  0  0
1.442986554007903e+00
1.441673371464882e+00

  330  0  0
1.440711634267819e+00
1.439391287637828e+00

  331  0  0
1.438424300533155e+00
1.437096699481277e+00

  332  0  0
1.436124396241099e+00
1.434789448910337e+00

  333  0  0
1.433811762190254e+00
1.432469375167572e+00

  334  0  0
1.431486236481750e+00
1.430136314763144e+00

  335  0  0
1.429147654458673e+00
1.427790101413232e+00

  336  0  0
1.426795848643753e+00
1.425430565976689e+00

  337  0  0
1.424430648675256e+00
1.423057536389867e+00

  338  0  0
1.422051881241019e+00
1.420670837599513e+00

  339  0  0
1.419659370010532e+00
1.418270291493738e+00

  340  0  0
1.417252935565059e+00
1.415855716830913e+00

  341  0  0
1.414832395325660e+00
1.413426929166467e+00

  342  0  0
1.412397563479075e+00
1.410983740777488e+00

  343  0  0
1.409948250901389e+00
1.408525960585058e+00

  344  0  0
1.407484265079386e+00
1.406053394074226e+00

  345  0  0
1.405005410029512e+00
1.403565843211548e+00

  346  0  0
1.402511486214365e+00
1.401063106360085e+00

  347  0  0
1.400002290456605e+00
1.398544978191780e+00

  348  0  0
1.397477615850193e+00
1.396011249597098e+00

  349  0  0
1.394937251668865e+00
1.393461707591837e+00

  350  0  0
1.392380983271719e+00
1.390896135220997e+00

  351  0  0
1.389808592005819e+00
1.388314311459593e+00

  352  0  0
1.387219855105702e+00
1.385716011110306e+00

  353  0  0
1.384614545589643e+00
1.383101004697798e+00

  354  0  0
1.381992432152570e+00
1.380469058359636e+00

  355  0  0
1.379353279055497e+00
1.377819933733633e+00

  356  0  0
1.376696846011338e+00
1.375153387841475e+00

  357  0  0
1.374022888066936e+00
1.372469172968507e+00

  358  0  0
1.371331155481177e+00
1.369767036539471e+00

  359  0  0
1.368621393599011e+00
1.367046720990097e+00

  360  0  0
1.365893342721237e+00
1.364307963634320e+00

  361  0  0
1.363146737969838e+00
1.361550496526967e+00

  362  0  0
1.360381309148724e+00
1.358774046321717e+00

  363  0  0
1.357596780599649e+00
1.355978334124142e+00

  364  0  0
1.354792871053131e+00
1.353163075339606e+00

  365  0  0
1.351969293474134e+00
1.350327979515813e+00

  366  0  0
1.349125754902320e+00
1.347472750179780e+00

  367  0  0
1.346261956286596e+00
1.344597084668954e+00

  368  0  0
1.343377592313727e+00
1.341700673956275e+00

  369  0  0
1.340472351230778e+00
1.338783202468875e+00

  370  0  0
1.337545914661058e+00
1.335844347900114e+00

  371  0  0
1.334597957413304e+00
1.332883781014718e+00

  372  0  0
1.331628147283828e+00
1.329901165446658e+00

  373  0  0
1.328636144851240e+00
1.326896157489392e+00

  374  0  0
1.325621603263455e+00
1.323868405878288e+00

  375  0  0
1.322584168016681e+00
1.320817551564652e+00

  376  0  0
1.319523476725813e+00
1.317743227481047e+00

  377  0  0
1.316439158886095e+00
1.314645058297676e+00

  378  0  0
1.313330835625489e+00
1.311522660169016e+00

  379  0  0
1.310198119447187e+00
1.308375640470563e+00

  380  0  0
1.307040613962156e+00
1.305203597525237e+00

  381  0  0
1.303857913610841e+00
1.302006120318465e+00

  382  0  0
1.300649603373599e+00
1.298782788202044e+00

  383  0  0
1.297415258469663e+00
1.295533170585898e+00

  384  0  0
1.294154444043387e+00
1.292256826616682e+00

  385  0  0
1.290866714837650e+00
1.288953304843711e+00

  386  0  0
1.287551614853935e+00
1.285622142870413e+00

  387  0  0
1.284208676997403e+00
1.282262866990753e+00

  388  0  0
1.280837422707487e+00
1.278874991811118e+00

  389  0  0
1.277437361572603e+00
1.275458019854682e+00

  390  0  0
1.274007990927348e+00
1.272011441148966e+00

  391  0  0
1.270548795433346e+00
1.268534732796240e+00

  392  0  0
1.267059246640781e+00
1.265027358522720e+00

  393  0  0
1.263538802529796e+00
1.261488768209376e+00

  394  0  0
1.259986907033223e+00
1.257918397401653e+00

  395  0  0
1.256402989535375e+00
1.254315666793913e+00

  396  0  0
1.252786464348402e+00
1.250679981694141e+00

  397  0  0
1.249136730166539e+00
1.247010731461371e+00

  398  0  0
1.245453169490589e+00
1.243307288914354e+00

  399  0  0
1.241735148028422e+00
1.239569009718572e+00

  400  0  0
1.237982014067584e+00
1.235795231736868e+00

  401  0  0
1.234193097811717e+00
1.231985274349778e+00

  402  0  0
1.230367710692310e+00
1.228138437749984e+00

  403  0  0
1.226505144642712e+00
1.224254002188309e+00

  404  0  0
1.222604671330684e+00
1.220331227191571e+00

  405  0  0
1.218665541365242e+00
1.216369350744408e+00

  406  0  0
1.214686983450352e+00
1.212367588409719e+00

  407  0  0
1.210668203495924e+00
1.208325132427524e+00

  408  0  0
1.206608383698379e+00
1.204241150756560e+00

  409  0  0
1.202506681546864e+00
1.200114786046248e+00

  410  0  0
1.198362228793158e+00
1.195945154595325e+00

  411  0  0
1.194174130376142e+00
1.191731345215863e+00

  412  0  0
1.189941463248329e+00
1.187472418033693e+00

  413  0  0
1.185663275182357e+00
1.183167403276067e+00

  414  0  0
1.181338583496605e+00
1.178815299909890e+00

  415  0  0
1.176966373666973e+00
1.174415074249514e+00

  416  0  0
1.172545597941203e+00
1.169965658524488e+00

  417  0  0
1.168075173805223e+00
1.165465949235616e+00

  418  0  0
1.163553982346556e+00
1.160914805550548e+00

  419  0  0
1.158980866632544e+00
1.156311047572217e+00

  420  0  0
1.154354629836949e+00
1.151653454357033e+00

  421  0  0
1.149674033327757e+00
1.146940762072376e+00

  422  0  0
1.144937794734105e+00
1.142171661842669e+00

  423  0  0
1.140144585636865e+00
1.137344797391460e+00

  424  0  0
1.135293029361148e+00
1.132458762905820e+00

  425  0  0
1.130381698601515e+00
1.127512100287252e+00

  426  0  0
1.125409112580770e+00
1.122503296418034e+00

  427  0  0
1.120373734523172e+00
1.117430780603147e+00

  428  0  0
1.115273968624689e+00
1.112292921018010e+00

  429  0  0
1.110108156617287e+00
1.107088021651587e+00

  430  0  0
1.104874574854920e+00
1.101814319050799e+00

  431  0  0
1.099571430315389e+00
1.096469977776408e+00

  432  0  0
1.094196856585386e+00
1.091053087104915e+00

  433  0  0
1.088748910362767e+00
1.085561656569527e+00

  434  0  0
1.083225566095886e+00
1.079993610365166e+00

  435  0  0
1.077624711518183e+00
1.074346783816149e+00

  436  0  0
1.071944143102087e+00
1.068618916918350e+00

  437  0  0
1.066181558955302e+00
1.062807647924694e+00

  438  0  0
1.060334554122037e+00
1.056910509266845e+00

  439  0  0
1.054400614076358e+00
1.050924918064947e+00

  440  0  0
1.048377105714779e+00
1.044848169568156e+00

  441  0  0
1.042261272553422e+00
1.038677431475763e+00

  442  0  0
1.036050224751174e+00
1.032409730429170e+00

  443  0  0
1.029740928578057e+00
1.026041946417700e+00

  444  0  0
1.023330201102628e+00
1.019570803129341e+00

  445  0  0
1.016814694669770e+00
1.012992850143915e+00

  446  0  0
1.010190886105030e+00
1.006304459403004e+00

  447  0  0
1.003455069127897e+00
9.995018073793682e-01

  448  0  0
9.966033311022877e-01
9.925808544647042e-01

  449  0  0
9.896315442046042e-01
9.855373433107134e-01

  450  0  0
9.825353512513673e-01
9.783667667464497e-01

  451  0  0
9.753101336051672e-01
9.710643488803414e-01

  452  0  0
9.679510067986897e-01
9.636250413254451e-01

  453  0  0
9.604527916654925e-01
9.560434702032463e-01

  454  0  0
9.528099753875754e-01
9.483139271521790e-01

  455  0  0
9.450167120277910e-01
9.404303518512250e-01

  456  0  0
9.370667665393664e-01
9.323862543938568e-01

  457  0  0
9.289534766158947e-01
9.241747264680451e-01

  458  0  0
9.206697517244798e-01
9.157883866437910e-01

  459  0  0
9.122079749312221e-01
9.072192838360733e-01

  460  0  0
9.035599806008864e-01
8.984589345201857e-01

  461  0  0
8.947170308096593e-01
8.894981927010431e-01

  462  0  0
8.856696630804748e-01
8.803271583667318e-01

  463  0  0
8.764077040663700e-01
8.709352276052653e-01

  464  0  0
8.669201774371469e-01
8.613108381596103e-01

  465  0  0
8.571951002222958e-01
8.514414320168577e-01

  466  0  0
8.472195459052766e-01
8.413134610132774e-01

  467  0  0
8.369794042090116e-01
8.309119636389366e-01

  468  0  0
8.264591593914229e-01
8.202206517501475e-01

  469  0  0
8.156419804109520e-01
8.092217346556547e-01

  470  0  0
8.045092185432438e-01
7.978953206959430e-01

  471  0  0
7.930402443804863e-01
7.862196845322260e-01

  472  0  0
7.812124516495069e-01
7.741706547510809e-01

  473  0  0
7.690003602020534e-01
7.617209183492054e-01

  474  0  0
7.563756192221696e-01
7.488404169190749e-01

  475  0  0
7.433066297085751e-01
7.354948968962600e-01

  476  0  0
7.297571368762421e-01
7.216453094505220e-01

  477  0  0
7.156864493605948e-01
7.072479726605080e-01

  478  0  0
7.010480637828109e-01
6.922517238677024e-01

  479  0  0
6.857876639674443e-01
6.765976318672092e-01

  480  0  0
6.698432680403776e-01
6.602178397668304e-01

  481  0  0
6.531416610034130e-01
6.430305089953097e-01

  482  0  0
6.355955612069580e-01
6.249395510270694e-01

  483  0  0
6.171022631831541e-01
6.058293726066529e-01

  484  0  0
5.975353486213874e-01
5.855557757694430e-01

  485  0  0
5.767393653239373e-01
5.639426471910099e-01

  486  0  0
5.545216312630503e-01
5.407646722791603e-01

  487  0  0
5.306316883675517e-01
5.157260223786235e-01

  488  0  0
5.047431758880845e-01
4.884364790340283e-01

  489  0  0
4.764154204985653e-01
4.583476629953865e-01

  490  0  0
4.450218022861512e-01
4.246602012007881e-01

  491  0  0
4.096419084555087e-01
3.861412311124082e-01

  492  0  0
3.688173455581273e-01
3.406809664250801e-01

  493  0  0
3.200282043165726e-01
2.842075135952823e-01

  494  0  0
2.585664405327254e-01
2.058101984428877e-01

  495  0  0
1.586383457977942e-01
6.982188075903360e-02

  496  0  0
5.008795525152636e-03
-1.267107801402586e-03

  497  0  0
-7.218751518566308e-04
6.910612537429536e-05

  498  0  0
7.738435617388439e-05
3.583561535178019e-06

  499  0  0
3.637522667362622e-06
1.063361100655906e-05

  500  0  0
1.059479621635233e-05
9.937235633369819e-06

  501  0  0
9.944771172894347e-06
1.000617350957176e-05

  502  0  0
1.000509196819922e-05
9.999396513015466e-06

  503  0  0
9.999533554448990e-06
1.000005869338359e-05

  504  0  0
1.000004249730531e-05
9.999994307885105e-06

  505  0  0
9.999996144601031e-06
1.000000055207171e-05

  506  0  0
1.000000034853689e-05
9.999999946288302e-06

  507  0  0
9.999999968604975e-06
1.000000000524843e-05

  508  0  0
1.000000000280827e-05
9.999999999479975e-06

  509  0  0
9.999999999746953e-06
1.000000000004755e-05

  510  0  0
1.000000000001832e-05
9.999999999991451e-06

  511  0  0
9.999999999994642e-06
9.999999999997007e-06

  512  0  0
9.999999999996665e-06
9.999999999996459e-06

  513  0  0
9.999999999996496e-06
9.999999999996513e-06

  514  0  0
9.999999999996509e-06
9.999999999996508e-06

  515  0  0
9.999999999996508e-06
9.999999999996509e-06

  516  0  0
9.999999999996509e-06
9.999999999996509e-06

  517  0  0
9.999999999996509e-06
9.999999999996509e-06

  518  0  0
9.999999999996509e-06
9.999999999996509e-06

  519  0  0
9.999999999996509e-06
9.999999999996509e-06

  520  0  0
9.999999999996509e-06
9.999999999996509e-06

  521  0  0
9.999999999996509e-06
9.999999999996509e-06

  522  0  0
9.999999999996509e-06
9.999999999996509e-06

  523  0  0
9.999999999996509e-06
9.999999999996509e-06

  524  0  0
9.999999999996509e-06
9.999999999996509e-06

  525  0  0
9.999999999996509e-06
9.999999999996509e-06

  526  0  0
9.999999999996509e-06
9.999999999996509e-06

  527  0  0
9.999999999996509e-06
9.999999999996509e-06

  528  0  0
9.999999999996509e-06
9.999999999996509e-06

  529  0  0
9.999999999996509e-06
9.999999999996509e-06

  530  0  0
9.999999999996509e-06
9.999999999996509e-06

  531  0  0
9.999999999996509e-06
9.999999999996509e-06

  532  0  0
9.999999999996508e-06
9.999999999996509e-06

  533  0  0
9.999999999996509e-06
9.999999999996509e-06

  534  0  0
9.999999999996509e-06
9.999999999996509e-06

  535  0  0
9.999999999996509e-06
9.999999999996509e-06

  536  0  0
9.999999999996509e-06
9.999999999996509e-06

  537  0  0
9.999999999996509e-06
9.999999999996509e-06

  538  0  0
9.999999999996509e-06
9.999999999996509e-06

  539  0  0
9.999999999996509e-06
9.999999999996509e-06

  540  0  0
9.999999999996509e-06
9.999999999996509e-06

  541  0  0
9.999999999996509e-06
9.999999999996509e-06

  542  0  0
9.999999999996509e-06
9.999999999996509e-06

  543  0  0
9.999999999996508e-06
9.999999999996509e-06

  544  0  0
9.999999999996509e-06
9.999999999996509e-06

  545  0  0
9.999999999996509e-06
9.999999999996509e-06

  546  0  0
9.999999999996509e-06
9.999999999996509e-06

  547  0  0
9.999999999996508e-06
9.999999999996509e-06

  548  0  0
9.999999999996508e-06
9.999999999996509e-06

  549  0  0
9.999999999996509e-06
9.999999999996509e-06

  550  0  0
9.999999999996509e-06
9.999999999996509e-06

  551  0  0
9.999999999996509e-06
9.999999999996509e-06

  552  0  0
9.999999999996509e-06
9.999999999996509e-06

  553  0  0
9.999999999996509e-06
9.999999999996509e-06

  554  0  0
9.999999999996508e-06
9.999999999996509e-06

  555  0  0
9.999999999996509e-06
9.999999999996509e-06

  556  0  0
9.999999999996509e-06
9.999999999996509e-06

  557  0  0
9.999999999996509e-06
9.999999999996509e-06

  558  0  0
9.999999999996508e-06
9.999999999996509e-06

  559  0  0
9.999999999996508e-06
9.999999999996509e-06

  560  0  0
9.999999999996509e-06
9.999999999996509e-06

  561  0  0
9.999999999996509e-06
9.999999999996509e-06

  562  0  0
9.999999999996509e-06
9.999999999996509e-06

  563  0  0
9.999999999996509e-06
9.999999999996509e-06

  564  0  0
9.999999999996509e-06
9.999999999996509e-06

  565  0  0
9.999999999996508e-06
9.999999999996509e-06

  566  0  0
9.999999999996509e-06
9.999999999996509e-06

  567  0  0
9.999999999996509e-06
9.999999999996509e-06

  568  0  0
9.999999999996509e-06
9.999999999996509e-06

  569  0  0
9.999999999996509e-06
9.999999999996509e-06

  570  0  0
9.999999999996509e-06
9.999999999996509e-06

  571  0  0
9.999999999996509e-06
9.999999999996509e-06

  572  0  0
9.999999999996508e-06
9.999999999996509e-06

  573  0  0
9.999999999996509e-06
9.999999999996509e-06

  574  0  0
9.999999999996509e-06
9.999999999996509e-06

  575  0  0
9.999999999996509e-06
9.999999999996509e-06

  576  0  0
9.999999999996508e-06
9.999999999996509e-06

  577  0  0
9.999999999996509e-06
9.999999999996509e-06

  578  0  0
9.999999999996509e-06
9.999999999996509e-06

  579  0  0
9.999999999996509e-06
9.999999999996509e-06

  580  0  0
9.999999999996509e-06
9.999999999996509e-06

  581  0  0
9.999999999996509e-06
9.999999999996509e-06

  582  0  0
9.999999999996509e-06
9.999999999996509e-06

  583  0  0
9.999999999996509e-06
9.999999999996509e-06

  584  0  0
9.999999999996509e-06
9.999999999996509e-06

  585  0  0
9.999999999996509e-06
9.999999999996509e-06

  586  0  0
9.999999999996509e-06
9.999999999996509e-06

  587  0  0
9.999999999996509e-06
9.999999999996509e-06

  588  0  0
9.999999999996508e-06
9.999999999996509e-06

  589  0  0
9.999999999996509e-06
9.999999999996509e-06

  590  0  0
9.999999999996509e-06
9.999999999996509e-06

  591  0  0
9.999999999996509e-06
9.999999999996509e-06

  592  0  0
9.999999999996509e-06
9.999999999996509e-06

  593  0  0
9.999999999996509e-06
9.999999999996509e-06

  594  0  0
9.999999999996509e-06
9.999999999996509e-06

  595  0  0
9.999999999996509e-06
9.999999999996509e-06

  596  0  0
9.999999999996509e-06
9.999999999996509e-06

  597  0  0
9.999999999996509e-06
9.999999999996509e-06

  598  0  0
9.999999999996509e-06
9.999999999996509e-06

  599  0  0
9.999999999996508e-06
9.999999999996509e-06

  600  0  0
9.999999999996509e-06
9.999999999996509e-06

  601  0  0
9.999999999996509e-06
9.999999999996509e-06

  602  0  0
9.999999999996509e-06
9.999999999996509e-06

  603  0  0
9.999999999996509e-06
9.999999999996509e-06

  604  0  0
9.999999999996509e-06
9.999999999996509e-06

  605  0  0
9.999999999996509e-06
9.999999999996509e-06

  606  0  0
9.999999999996509e-06
9.999999999996509e-06

  607  0  0
9.999999999996509e-06
9.999999999996509e-06

  608  0  0
9.999999999996509e-06
9.999999999996509e-06

  609  0  0
9.999999999996509e-06
9.999999999996509e-06

  610  0  0
9.999999999996508e-06
9.999999999996509e-06

  611  0  0
9.999999999996509e-06
9.999999999996509e-06

  612  0  0
9.999999999996509e-06
9.999999999996509e-06

  613  0  0
9.999999999996509e-06
9.999999999996509e-06

  614  0  0
9.999999999996508e-06
9.999999999996509e-06

  615  0  0
9.999999999996508e-06
9.999999999996509e-06

  616  0  0
9.999999999996509e-06
9.999999999996509e-06

  617  0  0
9.999999999996509e-06
9.999999999996509e-06

  618  0  0
9.999999999996509e-06
9.999999999996509e-06

  619  0  0
9.999999999996509e-06
9.999999999996509e-06

  620  0  0
9.999999999996509e-06
9.999999999996509e-06

  621  0  0
9.999999999996508e-06
9.999999999996509e-06

  622  0  0
9.999999999996509e-06
9.999999999996509e-06

  623  0  0
9.999999999996509e-06
9.999999999996509e-06

  624  0  0
9.999999999996509e-06
9.999999999996509e-06

  625  0  0
9.999999999996509e-06
9.999999999996509e-06

  626  0  0
9.999999999996509e-06
9.999999999996509e-06

  627  0  0
9.999999999996509e-06
9.999999999996509e-06

  628  0  0
9.999999999996508e-06
9.999999999996509e-06

  629  0  0
9.999999999996509e-06
9.999999999996509e-06

  630  0  0
9.999999999996509e-06
9.999999999996509e-06

  631  0  0
9.999999999996509e-06
9.999999999996509e-06

  632  0  0
9.999999999996508e-06
9.999999999996509e-06

  633  0  0
9.999999999996509e-06
9.999999999996509e-06

  634  0  0
9.999999999996509e-06
9.999999999996509e-06

  635  0  0
9.999999999996509e-06
9.999999999996509e-06

  636  0  0
9.999999999996509e-06
9.999999999996509e-06

  637  0  0
9.999999999996509e-06
9.999999999996509e-06

  638  0  0
9.999999999996509e-06
9.999999999996509e-06

  639  0  0
9.999999999996508e-06
9.999999999996509e-06

  640  0  0
9.999999999996509e-06
9.999999999996509e-06

  641  0  0
9.999999999996509e-06
9.999999999996509e-06

  642  0  0
9.999999999996509e-06
9.999999999996509e-06

  643  0  0
9.999999999996508e-06
9.999999999996509e-06

  644  0  0
9.999999999996509e-06
9.999999999996509e-06

  645  0  0
9.999999999996509e-06
9.999999999996509e-06

  646  0  0
9.999999999996509e-06
9.999999999996509e-06

  647  0  0
9.999999999996509e-06
9.999999999996509e-06

  648  0  0
9.999999999996509e-06
9.999999999996509e-06

  649  0  0
9.999999999996509e-06
9.999999999996509e-06

  650  0  0
9.999999999996509e-06
9.999999999996509e-06

  651  0  0
9.999999999996509e-06
9.999999999996509e-06

  652  0  0
9.999999999996509e-06
9.999999999996509e-06

  653  0  0
9.999999999996509e-06
9.999999999996509e-06

  654  0  0
9.999999999996509e-06
9.999999999996509e-06

  655  0  0
9.999999999996508e-06
9.999999999996509e-06

  656  0  0
9.999999999996509e-06
9.999999999996509e-06

  657  0  0
9.999999999996509e-06
9.999999999996509e-06

  658  0  0
9.999999999996509e-06
9.999999999996509e-06

  659  0  0
9.999999999996509e-06
9.999999999996509e-06

  660  0  0
9.999999999996509e-06
9.999999999996509e-06

  661  0  0
9.999999999996509e-06
9.999999999996509e-06

  662  0  0
9.999999999996509e-06
9.999999999996509e-06

  663  0  0
9.999999999996509e-06
9.999999999996509e-06

  664  0  0
9.999999999996509e-06
9.999999999996509e-06

  665  0  0
9.999999999996509e-06
9.999999999996509e-06

  666  0  0
9.999999999996508e-06
9.999999999996509e-06

  667  0  0
9.999999999996509e-06
9.999999999996509e-06

  668  0  0
9.999999999996509e-06
9.999999999996509e-06

  669  0  0
9.999999999996509e-06
9.999999999996509e-06

  670  0  0
9.999999999996509e-06
9.999999999996509e-06

  671  0  0
9.999999999996509e-06
9.999999999996509e-06

  672  0  0
9.999999999996509e-06
9.999999999996509e-06

  673  0  0
9.999999999996509e-06
9.999999999996509e-06

  674  0  0
9.999999999996509e-06
9.999999999996509e-06

  675  0  0
9.999999999996509e-06
9.999999999996509e-06

  676  0  0
9.999999999996509e-06
9.999999999996509e-06

  677  0  0
9.999999999996508e-06
9.999999999996509e-06

  678  0  0
9.999999999996509e-06
9.999999999996509e-06

  679  0  0
9.999999999996509e-06
9.999999999996509e-06

  680  0  0
9.999999999996509e-06
9.999999999996509e-06

  681  0  0
9.999999999996508e-06
9.999999999996509e-06

  682  0  0
9.999999999996508e-06
9.999999999996509e-06

  683  0  0
9.999999999996509e-06
9.999999999996509e-06

  684  0  0
9.999999999996509e-06
9.999999999996509e-06

  685  0  0
9.999999999996509e-06
9.999999999996509e-06

  686  0  0
9.999999999996509e-06
9.999999999996509e-06

  687  0  0
9.999999999996509e-06
9.999999999996509e-06

  688  0  0
9.999999999996508e-06
9.999999999996509e-06

  689  0  0
9.999999999996509e-06
9.999999999996509e-06

  690  0  0
9.999999999996509e-06
9.999999999996509e-06

  691  0  0
9.999999999996509e-06
9.999999999996509e-06

  692  0  0
9.999999999996508e-06
9.999999999996509e-06

  693  0  0
9.999999999996508e-06
9.999999999996509e-06

  694  0  0
9.999999999996509e-06
9.999999999996509e-06

  695  0  0
9.999999999996509e-06
9.999999999996509e-06

  696  0  0
9.999999999996509e-06
9.999999999996509e-06

  697  0  0
9.999999999996509e-06
9.999999999996509e-06

  698  0  0
9.999999999996509e-06
9.999999999996509e-06

  699  0  0
9.999999999996508e-06
9.999999999996509e-06

  700  0  0
9.999999999996509e-06
9.999999999996509e-06

  701  0  0
9.999999999996509e-06
9.999999999996509e-06

  702  0  0
9.999999999996509e-06
9.999999999996509e-06

  703  0  0
9.999999999996509e-06
9.999999999996509e-06

  704  0  0
9.999999999996509e-06
9.999999999996509e-06

  705  0  0
9.999999999996509e-06
9.999999999996509e-06

  706  0  0
9.999999999996508e-06
9.999999999996509e-06

  707  0  0
9.999999999996509e-06
9.999999999996509e-06

  708  0  0
9.999999999996509e-06
9.999999999996509e-06

  709  0  0
9.999999999996509e-06
9.999999999996509e-06

  710  0  0
9.999999999996508e-06
9.999999999996509e-06

  711  0  0
9.999999999996509e-06
9.999999999996509e-06

  712  0  0
9.999999999996509e-06
9.999999999996509e-06

  713  0  0
9.999999999996509e-06
9.999999999996509e-06

  714  0  0
9.999999999996509e-06
9.999999999996509e-06

  715  0  0
9.999999999996509e-06
9.999999999996509e-06

  716  0  0
9.999999999996509e-06
9.999999999996509e-06

  717  0  0
9.999999999996509e-06
9.999999999996509e-06

  718  0  0
9.999999999996509e-06
9.999999999996509e-06

  719  0  0
9.999999999996509e-06
9.999999999996509e-06

  720  0  0
9.999999999996509e-06
9.999999999996509e-06

  721  0  0
9.999999999996509e-06
9.999999999996509e-06

  722  0  0
9.999999999996508e-06
9.999999999996509e-06

  723  0  0
9.999999999996509e-06
9.999999999996509e-06

  724  0  0
9.999999999996509e-06
9.999999999996509e-06

  725  0  0
9.999999999996509e-06
9.999999999996509e-06

  726  0  0
9.999999999996509e-06
9.999999999996509e-06

  727  0  0
9.999999999996509e-06
9.999999999996509e-06

  728  0  0
9.999999999996509e-06
9.999999999996509e-06

  729  0  0
9.999999999996509e-06
9.999999999996509e-06

  730  0  0
9.999999999996509e-06
9.999999999996509e-06

  731  0  0
9.999999999996509e-06
9.999999999996509e-06

  732  0  0
9.999999999996509e-06
9.999999999996509e-06

  733  0  0
9.999999999996508e-06
9.999999999996509e-06

  734  0  0
9.999999999996509e-06
9.999999999996509e-06

  735  0  0
9.999999999996509e-06
9.999999999996509e-06

  736  0  0
9.999999999996509e-06
9.999999999996509e-06

  737  0  0
9.999999999996508e-06
9.999999999996509e-06

  738  0  0
9.999999999996508e-06
9.999999999996509e-06

  739  0  0
9.999999999996509e-06
9.999999999996509e-06

  740  0  0
9.999999999996509e-06
9.999999999996509e-06

  741  0  0
9.999999999996509e-06
9.999999999996509e-06

  742  0  0
9.999999999996509e-06
9.999999999996509e-06

  743  0  0
9.999999999996509e-06
9.999999999996509e-06

  744  0  0
9.999999999996508e-06
9.999999999996509e-06

  745  0  0
9.999999999996509e-06
9.999999999996509e-06

  746  0  0
9.999999999996509e-06
9.999999999996509e-06

  747  0  0
9.999999999996509e-06
9.999999999996509e-06

  748  0  0
9.999999999996508e-06
9.999999999996509e-06

  749  0  0
9.999999999996508e-06
9.999999999996509e-06

  750  0  0
9.999999999996509e-06
9.999999999996509e-06

  751  0  0
9.999999999996509e-06
9.999999999996509e-06

  752  0  0
9.999999999996509e-06
9.999999999996509e-06

  753  0  0
9.999999999996509e-06
9.999999999996509e-06

  754  0  0
9.999999999996509e-06
9.999999999996509e-06

  755  0  0
9.999999999996508e-06
9.999999999996509e-06

  756  0  0
9.999999999996509e-06
9.999999999996509e-06

  757  0  0
9.999999999996509e-06
9.999999999996509e-06

  758  0  0
9.999999999996509e-06
9.999999999996509e-06

  759  0  0
9.999999999996508e-06
9.999999999996509e-06

  760  0  0
9.999999999996508e-06
9.999999999996509e-06

  761  0  0
9.999999999996509e-06
9.999999999996509e-06

  762  0  0
9.999999999996509e-06
9.999999999996509e-06

  763  0  0
9.999999999996509e-06
9.999999999996509e-06

  764  0  0
9.999999999996509e-06
9.999999999996509e-06

  765  0  0
9.999999999996509e-06
9.999999999996509e-06

  766  0  0
9.999999999996508e-06
9.999999999996509e-06

  767  0  0
9.999999999996509e-06
9.999999999996509e-06

  768  0  0
9.999999999996509e-06
9.999999999996509e-06

  769  0  0
9.999999999996509e-06
9.999999999996509e-06

  770  0  0
9.999999999996509e-06
9.999999999996509e-06

  771  0  0
9.999999999996509e-06
9.999999999996509e-06

  772  0  0
9.999999999996509e-06
9.999999999996509e-06

  773  0  0
9.999999999996508e-06
9.999999999996509e-06

  774  0  0
9.999999999996509e-06
9.999999999996509e-06

  775  0  0
9.999999999996509e-06
9.999999999996509e-06

  776  0  0
9.999999999996509e-06
9.999999999996509e-06

  777  0  0
9.999999999996508e-06
9.999999999996509e-06

  778  0  0
9.999999999996509e-06
9.999999999996509e-06

  779  0  0
9.999999999996509e-06
9.999999999996509e-06

  780  0  0
9.999999999996509e-06
9.999999999996509e-06

  781  0  0
9.999999999996509e-06
9.999999999996509e-06

  782  0  0
9.999999999996509e-06
9.999999999996509e-06

  783  0  0
9.999999999996509e-06
9.999999999996509e-06

  784  0  0
9.999999999996509e-06
9.999999999996509e-06

  785  0  0
9.999999999996509e-06
9.999999999996509e-06

  786  0  0
9.999999999996509e-06
9.999999999996509e-06

  787  0  0
9.999999999996509e-06
9.999999999996509e-06

  788  0  0
9.999999999996509e-06
9.999999999996509e-06

  789  0  0
9.999999999996508e-06
9.999999999996509e-06

  790  0  0
9.999999999996509e-06
9.999999999996509e-06

  791  0  0
9.999999999996509e-06
9.999999999996509e-06

  792  0  0
9.999999999996509e-06
9.999999999996509e-06

  793  0  0
9.999999999996509e-06
9.999999999996509e-06

  794  0  0
9.999999999996509e-06
9.999999999996509e-06

  795  0  0
9.999999999996509e-06
9.999999999996509e-06

  796  0  0
9.999999999996509e-06
9.999999999996509e-06

  797  0  0
9.999999999996509e-06
9.999999999996509e-06

  798  0  0
9.999999999996509e-06
9.999999999996509e-06

  799  0  0
9.999999999996509e-06
9.999999999996509e-06

  800  0  0
9.999999999996508e-06
9.999999999996509e-06

  801  0  0
9.999999999996509e-06
9.999999999996509e-06

  802  0  0
9.999999999996509e-06
9.999999999996509e-06

  803  0  0
9.999999999996509e-06
9.999999999996509e-06

  804  0  0
9.999999999996509e-06
9.999999999996509e-06

  805  0  0
9.999999999996509e-06
9.999999999996509e-06

  806  0  0
9.999999999996509e-06
9.999999999996509e-06

  807  0  0
9.999999999996509e-06
9.999999999996509e-06

  808  0  0
9.999999999996509e-06
9.999999999996509e-06

  809  0  0
9.999999999996509e-06
9.999999999996509e-06

  810  0  0
9.999999999996509e-06
9.999999999996509e-06

  811  0  0
9.999999999996508e-06
9.999999999996509e-06

  812  0  0
9.999999999996509e-06
9.999999999996509e-06

  813  0  0
9.999999999996509e-06
9.999999999996509e-06

  814  0  0
9.999999999996509e-06
9.999999999996509e-06

  815  0  0
9.999999999996508e-06
9.999999999996509e-06

  816  0  0
9.999999999996508e-06
9.999999999996509e-06

  817  0  0
9.999999999996509e-06
9.999999999996509e-06

  818  0  0
9.999999999996509e-06
9.999999999996509e-06

  819  0  0
9.999999999996509e-06
9.999999999996509e-06

  820  0  0
9.999999999996509e-06
9.999999999996509e-06

  821  0  0
9.999999999996509e-06
9.999999999996509e-06

  822  0  0
9.999999999996508e-06
9.999999999996509e-06

  823  0  0
9.999999999996509e-06
9.999999999996509e-06

  824  0  0
9.999999999996509e-06
9.999999999996509e-06

  825  0  0
9.999999999996509e-06
9.999999999996509e-06

  826  0  0
9.999999999996508e-06
9.999999999996509e-06

  827  0  0
9.999999999996508e-06
9.999999999996509e-06

  828  0  0
9.999999999996509e-06
9.999999999996509e-06

  829  0  0
9.999999999996509e-06
9.999999999996509e-06

  830  0  0
9.999999999996509e-06
9.999999999996509e-06

  831  0  0
9.999999999996509e-06
9.999999999996509e-06

  832  0  0
9.999999999996509e-06
9.999999999996509e-06

  833  0  0
9.999999999996508e-06
9.999999999996509e-06

  834  0  0
9.999999999996509e-06
9.999999999996509e-06

  835  0  0
9.999999999996509e-06
9.999999999996509e-06

  836  0  0
9.999999999996509e-06
9.999999999996509e-06

  837  0  0
9.999999999996509e-06
9.999999999996509e-06

  838  0  0
9.999999999996509e-06
9.999999999996509e-06

  839  0  0
9.999999999996509e-06
9.999999999996509e-06

  840  0  0
9.999999999996508e-06
9.999999999996509e-06

  841  0  0
9.999999999996509e-06
9.999999999996509e-06

  842  0  0
9.999999999996509e-06
9.999999999996509e-06

  843  0  0
9.999999999996509e-06
9.999999999996509e-06

  844  0  0
9.999999999996508e-06
9.999999999996509e-06

  845  0  0
9.999999999996509e-06
9.999999999996509e-06

  846  0  0
9.999999999996509e-06
9.999999999996509e-06

  847  0  0
9.999999999996509e-06
9.999999999996509e-06

  848  0  0
9.999999999996509e-06
9.999999999996509e-06

  849  0  0
9.999999999996509e-06
9.999999999996509e-06

  850  0  0
9.999999999996509e-06
9.999999999996509e-06

  851  0  0
9.999999999996509e-06
9.999999999996509e-06

  852  0  0
9.999999999996509e-06
9.999999999996509e-06

  853  0  0
9.999999999996509e-06
9.999999999996509e-06

  854  0  0
9.999999999996509e-06
9.999999999996509e-06

  855  0  0
9.999999999996509e-06
9.999999999996509e-06

  856  0  0
9.999999999996508e-06
9.999999999996509e-06

  857  0  0
9.999999999996509e-06
9.999999999996509e-06

  858  0  0
9.999999999996509e-06
9.999999999996509e-06

  859  0  0
9.999999999996509e-06
9.999999999996509e-06

  860  0  0
9.999999999996509e-06
9.999999999996509e-06

  861  0  0
9.999999999996509e-06
9.999999999996509e-06

  862  0  0
9.999999999996509e-06
9.999999999996509e-06

  863  0  0
9.999999999996509e-06
9.999999999996509e-06

  864  0  0
9.999999999996509e-06
9.999999999996509e-06

  865  0  0
9.999999999996509e-06
9.999999999996509e-06

  866  0  0
9.999999999996509e-06
9.999999999996509e-06

  867  0  0
9.999999999996508e-06
9.999999999996509e-06

  868  0  0
9.999999999996509e-06
9.999999999996509e-06

  869  0  0
9.999999999996509e-06
9.999999999996509e-06

  870  0  0
9.999999999996509e-06
9.999999999996509e-06

  871  0  0
9.999999999996509e-06
9.999999999996509e-06

  872  0  0
9.999999999996509e-06
9.999999999996509e-06

  873  0  0
9.999999999996509e-06
9.999999999996509e-06

  874  0  0
9.999999999996509e-06
9.999999999996509e-06

  875  0  0
9.999999999996509e-06
9.999999999996509e-06

  876  0  0
9.999999999996509e-06
9.999999999996509e-06

  877  0  0
9.999999999996509e-06
9.999999999996509e-06

  878  0  0
9.999999999996508e-06
9.999999999996509e-06

  879  0  0
9.999999999996509e-06
9.999999999996509e-06

  880  0  0
9.999999999996509e-06
9.999999999996509e-06

  881  0  0
9.999999999996509e-06
9.999999999996509e-06

  882  0  0
9.999999999996508e-06
9.999999999996509e-06

  883  0  0
9.999999999996508e-06
9.999999999996509e-06

  884  0  0
9.999999999996509e-06
9.999999999996509e-06

  885  0  0
9.999999999996509e-06
9.999999999996509e-06

  886  0  0
9.999999999996509e-06
9.999999999996509e-06

  887  0  0
9.999999999996509e-06
9.999999999996509e-06

  888  0  0
9.999999999996509e-06
9.999999999996509e-06

  889  0  0
9.999999999996508e-06
9.999999999996509e-06

  890  0  0
9.999999999996509e-06
9.999999999996509e-06

  891  0  0
9.999999999996509e-06
9.999999999996509e-06

  892  0  0
9.999999999996509e-06
9.999999999996509e-06

  893  0  0
9.999999999996508e-06
9.999999999996509e-06

  894  0  0
9.999999999996508e-06
9.999999999996509e-06

  895  0  0
9.999999999996509e-06
9.999999999996509e-06

  896  0  0
9.999999999996509e-06
9.999999999996509e-06

  897  0  0
9.999999999996509e-06
9.999999999996509e-06

  898  0  0
9.999999999996509e-06
9.999999999996509e-06

  899  0  0
9.999999999996509e-06
9.999999999996509e-06

  900  0  0
9.999999999996508e-06
9.999999999996509e-06

  901  0  0
9.999999999996509e-06
9.999999999996509e-06

  902  0  0
9.999999999996509e-06
9.999999999996509e-06

  903  0  0
9.999999999996509e-06
9.999999999996509e-06

  904  0  0
9.999999999996509e-06
9.999999999996509e-06

  905  0  0
9.999999999996509e-06
9.999999999996509e-06

  906  0  0
9.999999999996509e-06
9.999999999996509e-06

  907  0  0
9.999999999996508e-06
9.999999999996509e-06

  908  0  0
9.999999999996509e-06
9.999999999996509e-06

  909  0  0
9.999999999996509e-06
9.999999999996509e-06

  910  0  0
9.999999999996509e-06
9.999999999996509e-06

  911  0  0
9.999999999996508e-06
9.999999999996509e-06

  912  0  0
9.999999999996509e-06
9.999999999996509e-06

  913  0  0
9.999999999996509e-06
9.999999999996509e-06

  914  0  0
9.999999999996509e-06
9.999999999996509e-06

  915  0  0
9.999999999996509e-06
9.999999999996509e-06

  916  0  0
9.999999999996509e-06
9.999999999996509e-06

  917  0  0
9.999999999996509e-06
9.999999999996509e-06

  918  0  0
9.999999999996508e-06
9.999999999996509e-06

  919  0  0
9.999999999996509e-06
9.999999999996509e-06

  920  0  0
9.999999999996509e-06
9.999999999996509e-06

  921  0  0
9.999999999996509e-06
9.999999999996509e-06

  922  0  0
9.999999999996508e-06
9.999999999996509e-06

  923  0  0
9.999999999996509e-06
9.999999999996509e-06

  924  0  0
9.999999999996509e-06
9.999999999996509e-06

  925  0  0
9.999999999996509e-06
9.999999999996509e-06

  926  0  0
9.999999999996509e-06
9.999999999996509e-06

  927  0  0
9.999999999996509e-06
9.999999999996509e-06

  928  0  0
9.999999999996509e-06
9.999999999996509e-06

  929  0  0
9.999999999996509e-06
9.999999999996509e-06

  930  0  0
9.999999999996509e-06
9.999999999996509e-06

  931  0  0
9.999999999996509e-06
9.999999999996509e-06

  932  0  0
9.999999999996509e-06
9.999999999996509e-06

  933  0  0
9.999999999996509e-06
9.999999999996509e-06

  934  0  0
9.999999999996508e-06
9.999999999996509e-06

  935  0  0
9.999999999996509e-06
9.999999999996509e-06

  936  0  0
9.999999999996509e-06
9.999999999996509e-06

  937  0  0
9.999999999996509e-06
9.999999999996509e-06

  938  0  0
9.999999999996509e-06
9.999999999996509e-06

  939  0  0
9.999999999996509e-06
9.999999999996509e-06

  940  0  0
9.999999999996509e-06
9.999999999996509e-06

  941  0  0
9.999999999996509e-06
9.999999999996509e-06

  942  0  0
9.999999999996509e-06
9.999999999996509e-06

  943  0  0
9.999999999996509e-06
9.999999999996509e-06

  944  0  0
9.999999999996509e-06
9.999999999996509e-06

  945  0  0
9.999999999996508e-06
9.999999999996509e-06

  946  0  0
9.999999999996509e-06
9.999999999996509e-06

  947  0  0
9.999999999996509e-06
9.999999999996509e-06

  948  0  0
9.999999999996509e-06
9.999999999996509e-06

  949  0  0
9.999999999996508e-06
9.999999999996509e-06

  950  0  0
9.999999999996508e-06
9.999999999996509e-06

  951  0  0
9.999999999996509e-06
9.999999999996509e-06

  952  0  0
9.999999999996509e-06
9.999999999996509e-06

  953  0  0
9.999999999996509e-06
9.999999999996509e-06

  954  0  0
9.999999999996509e-06
9.999999999996509e-06

  955  0  0
9.999999999996509e-06
9.999999999996509e-06

  956  0  0
9.999999999996508e-06
9.999999999996509e-06

  957  0  0
9.999999999996509e-06
9.999999999996509e-06

  958  0  0
9.999999999996509e-06
9.999999999996509e-06

  959  0  0
9.999999999996509e-06
9.999999999996509e-06

  960  0  0
9.999999999996508e-06
9.999999999996509e-06

  961  0  0
9.999999999996508e-06
9.999999999996509e-06

  962  0  0
9.999999999996509e-06
9.999999999996509e-06

  963  0  0
9.999999999996509e-06
9.999999999996509e-06

  964  0  0
9.999999999996509e-06
9.999999999996509e-06

  965  0  0
9.999999999996509e-06
9.999999999996509e-06

  966  0  0
9.999999999996509e-06
9.999999999996509e-06

  967  0  0
9.999999999996508e-06
9.999999999996509e-06

  968  0  0
9.999999999996509e-06
9.999999999996509e-06

  969  0  0
9.999999999996509e-06
9.999999999996509e-06

  970  0  0
9.999999999996509e-06
9.999999999996509e-06

  971  0  0
9.999999999996509e-06
9.999999999996509e-06

  972  0  0
9.999999999996509e-06
9.999999999996509e-06

  973  0  0
9.999999999996509e-06
9.999999999996509e-06

  974  0  0
9.999999999996508e-06
9.999999999996509e-06

  975  0  0
9.999999999996509e-06
9.999999999996509e-06

  976  0  0
9.999999999996509e-06
9.999999999996509e-06

  977  0  0
9.999999999996509e-06
9.999999999996509e-06

  978  0  0
9.999999999996508e-06
9.999999999996509e-06

  979  0  0
9.999999999996509e-06
9.999999999996509e-06

  980  0  0
9.999999999996509e-06
9.999999999996509e-06

  981  0  0
9.999999999996509e-06
9.999999999996509e-06

  982  0  0
9.999999999996509e-06
9.999999999996509e-06

  983  0  0
9.999999999996509e-06
9.999999999996509e-06

  984  0  0
9.999999999996509e-06
9.999999999996509e-06

  985  0  0
9.999999999996509e-06
9.999999999996509e-06

  986  0  0
9.999999999996509e-06
9.999999999996509e-06

  987  0  0
9.999999999996509e-06
9.999999999996509e-06

  988  0  0
9.999999999996509e-06
9.999999999996509e-06

  989  0  0
9.999999999996509e-06
9.999999999996509e-06

  990  0  0
9.999999999996508e-06
9.999999999996509e-06

  991  0  0
9.999999999996509e-06
9.999999999996509e-06

  992  0  0
9.999999999996509e-06
9.999999999996509e-06

  993  0  0
9.999999999996509e-06
9.999999999996509e-06

  994  0  0
9.999999999996509e-06
9.999999999996509e-06

  995  0  0
9.999999999996509e-06
9.999999999996509e-06

  996  0  0
9.999999999996509e-06
9.999999999996509e-06

  997  0  0
9.999999999996509e-06
9.999999999996509e-06

  998  0  0
9.999999999996509e-06
9.999999999996509e-06

  999  0  0
9.999999999996509e-06
9.999999999996509e-06

 1000  0  0
9.999999999996509e-06
9.999999999996509e-06

 1001  0  0
9.999999999996508e-06
9.999999999996509e-06

 1002  0  0
9.999999999996509e-06
9.999999999996509e-06

 1003  0  0
9.999999999996509e-06
9.999999999996509e-06

 1004  0  0
9.999999999996509e-06
9.999999999996509e-06

 1005  0  0
9.999999999996509e-06
9.999999999996509e-06

 1006  0  0
9.999999999996509e-06
9.999999999996509e-06

 1007  0  0
9.999999999996509e-06
9.999999999996509e-06

 1008  0  0
9.999999999996509e-06
9.999999999996509e-06

 1009  0  0
9.999999999996509e-06
9.999999999996509e-06

 1010  0  0
9.999999999996509e-06
9.999999999996509e-06

 1011  0  0
9.999999999996509e-06
9.999999999996509e-06

 1012  0  0
9.999999999996508e-06
9.999999999996509e-06

 1013  0  0
9.999999999996509e-06
9.999999999996509e-06

 1014  0  0
9.999999999996509e-06
9.999999999996509e-06

 1015  0  0
9.999999999996509e-06
9.999999999996509e-06

 1016  0  0
9.999999999996509e-06
9.999999999996509e-06

 1017  0  0
9.999999999996509e-06
9.999999999996509e-06

 1018  0  0
9.999999999996509e-06
9.999999999996509e-06

 1019  0  0
9.999999999996509e-06
9.999999999996509e-06

 1020  0  0
9.999999999996509e-06
9.999999999996509e-06

 1021  0  0
9.999999999996509e-06
9.999999999996509e-06

 1022  0  0
9.999999999996509e-06
9.999999999996509e-06

 1023  0  0
9.999999999996508e-06
9.999999999996509e-06

 1024  0  0
9.999999999996509e-06
9.999999999996509e-06

 1025  0  0
9.999999999996509e-06
9.999999999996509e-06

 1026  0  0
9.999999999996509e-06
9.999999999996509e-06

 1027  0  0
9.999999999996508e-06
9.999999999996509e-06

 1028  0  0
9.999999999996508e-06
9.999999999996509e-06

 1029  0  0
9.999999999996509e-06
9.999999999996509e-06

 1030  0  0
9.999999999996509e-06
9.999999999996509e-06

 1031  0  0
9.999999999996509e-06
9.999999999996509e-06

 1032  0  0
9.999999999996509e-06
9.999999999996509e-06

 1033  0  0
9.999999999996509e-06
9.999999999996509e-06

 1034  0  0
9.999999999996508e-06
9.999999999996509e-06

 1035  0  0
9.999999999996509e-06
9.999999999996509e-06

 1036  0  0
9.999999999996509e-06
9.999999999996509e-06

 1037  0  0
9.999999999996509e-06
9.999999999996509e-06

 1038  0  0
9.999999999996509e-06
9.999999999996509e-06

 1039  0  0
9.999999999996509e-06
9.999999999996509e-06

 1040  0  0
9.999999999996509e-06
9.999999999996509e-06

 1041  0  0
9.999999999996508e-06
9.999999999996509e-06

 1042  0  0
9.999999999996509e-06
9.999999999996509e-06

 1043  0  0
9.999999999996509e-06
9.999999999996509e-06

 1044  0  0
9.999999999996509e-06
9.999999999996509e-06

 1045  0  0
9.999999999996508e-06
9.999999999996509e-06

 1046  0  0
9.999999999996509e-06
9.999999999996509e-06

 1047  0  0
9.999999999996509e-06
9.999999999996509e-06

 1048  0  0
9.999999999996509e-06
9.999999999996509e-06

 1049  0  0
9.999999999996509e-06
9.999999999996509e-06

 1050  0  0
9.999999999996509e-06
9.999999999996509e-06

 1051  0  0
9.999999999996509e-06
9.999999999996509e-06

 1052  0  0
9.999999999996508e-06
9.999999999996509e-06

 1053  0  0
9.999999999996509e-06
9.999999999996509e-06

 1054  0  0
9.999999999996509e-06
9.999999999996509e-06

 1055  0  0
9.999999999996509e-06
9.999999999996509e-06

 1056  0  0
9.999999999996508e-06
9.999999999996509e-06

 1057  0  0
9.999999999996509e-06
9.999999999996509e-06

 1058  0  0
9.999999999996509e-06
9.999999999996509e-06

 1059  0  0
9.999999999996509e-06
9.999999999996509e-06

 1060  0  0
9.999999999996509e-06
9.999999999996509e-06

 1061  0  0
9.999999999996509e-06
9.999999999996509e-06

 1062  0  0
9.999999999996509e-06
9.999999999996509e-06

 1063  0  0
9.999999999996509e-06
9.999999999996509e-06

 1064  0  0
9.999999999996509e-06
9.999999999996509e-06

 1065  0  0
9.999999999996509e-06
9.999999999996509e-06

 1066  0  0
9.999999999996509e-06
9.999999999996509e-06

 1067  0  0
9.999999999996509e-06
9.999999999996509e-06

 1068  0  0
9.999999999996508e-06
9.999999999996509e-06

 1069  0  0
9.999999999996509e-06
9.999999999996509e-06

 1070  0  0
9.999999999996509e-06
9.999999999996509e-06

 1071  0  0
9.999999999996509e-06
9.999999999996509e-06

 1072  0  0
9.999999999996509e-06
9.999999999996509e-06

 1073  0  0
9.999999999996509e-06
9.999999999996509e-06

 1074  0  0
9.999999999996509e-06
9.999999999996509e-06

 1075  0  0
9.999999999996509e-06
9.999999999996509e-06

 1076  0  0
9.999999999996509e-06
9.999999999996509e-06

 1077  0  0
9.999999999996509e-06
9.999999999996509e-06

 1078  0  0
9.999999999996509e-06
9.999999999996509e-06

 1079  0  0
9.999999999996508e-06
9.999999999996509e-06

 1080  0  0
9.999999999996509e-06
9.999999999996509e-06

 1081  0  0
9.999999999996509e-06
9.999999999996509e-06

 1082  0  0
9.999999999996509e-06
9.999999999996509e-06

 1083  0  0
9.999999999996508e-06
9.999999999996509e-06

 1084  0  0
9.999999999996508e-06
9.999999999996509e-06

 1085  0  0
9.999999999996509e-06
9.999999999996509e-06

 1086  0  0
9.999999999996509e-06
9.999999999996509e-06

 1087  0  0
9.999999999996509e-06
9.999999999996509e-06

 1088  0  0
9.999999999996509e-06
9.999999999996509e-06

 1089  0  0
9.999999999996509e-06
9.999999999996509e-06

 1090  0  0
9.999999999996508e-06
9.999999999996509e-06

 1091  0  0
9.999999999996509e-06
9.999999999996509e-06

 1092  0  0
9.999999999996509e-06
9.999999999996509e-06

 1093  0  0
9.999999999996509e-06
9.999999999996509e-06

 1094  0  0
9.999999999996508e-06
9.999999999996509e-06

 1095  0  0
9.999999999996508e-06
9.999999999996509e-06

 1096  0  0
9.999999999996509e-06
9.999999999996509e-06

 1097  0  0
9.999999999996509e-06
9.999999999996509e-06

 1098  0  0
9.999999999996509e-06
9.999999999996509e-06

 1099  0  0
9.999999999996509e-06
9.999999999996509e-06

 1100  0  0
9.999999999996509e-06
9.999999999996509e-06

 1101  0  0
9.999999999996508e-06
9.999999999996509e-06

 1102  0  0
9.999999999996509e-06
9.999999999996509e-06

 1103  0  0
9.999999999996509e-06
9.999999999996509e-06

 1104  0  0
9.999999999996509e-06
9.999999999996509e-06

 1105  0  0
9.999999999996509e-06
9.999999999996509e-06

 1106  0  0
9.999999999996509e-06
9.999999999996509e-06

 1107  0  0
9.999999999996509e-06
9.999999999996509e-06

 1108  0  0
9.999999999996508e-06
9.999999999996509e-06

 1109  0  0
9.999999999996509e-06
9.999999999996509e-06

 1110  0  0
9.999999999996509e-06
9.999999999996509e-06

 1111  0  0
9.999999999996509e-06
9.999999999996509e-06

 1112  0  0
9.999999999996508e-06
9.999999999996509e-06

 1113  0  0
9.999999999996509e-06
9.999999999996509e-06

 1114  0  0
9.999999999996509e-06
9.999999999996509e-06

 1115  0  0
9.999999999996509e-06
9.999999999996509e-06

 1116  0  0
9.999999999996509e-06
9.999999999996509e-06

 1117  0  0
9.999999999996509e-06
9.999999999996509e-06

 1118  0  0
9.999999999996509e-06
9.999999999996509e-06

 1119  0  0
9.999999999996508e-06
9.999999999996509e-06

 1120  0  0
9.999999999996509e-06
9.999999999996509e-06

 1121  0  0
9.999999999996509e-06
9.999999999996509e-06

 1122  0  0
9.999999999996509e-06
9.999999999996509e-06

 1123  0  0
9.999999999996508e-06
9.999999999996509e-06

 1124  0  0
9.999999999996509e-06
9.999999999996509e-06

 1125  0  0
9.999999999996509e-06
9.999999999996509e-06

 1126  0  0
9.999999999996509e-06
9.999999999996509e-06

 1127  0  0
9.999999999996509e-06
9.999999999996509e-06

 1128  0  0
9.999999999996509e-06
9.999999999996509e-06

 1129  0  0
9.999999999996509e-06
9.999999999996509e-06

 1130  0  0
9.999999999996508e-06
9.999999999996509e-06

 1131  0  0
9.999999999996509e-06
9.999999999996509e-06

 1132  0  0
9.999999999996509e-06
9.999999999996509e-06

 1133  0  0
9.999999999996509e-06
9.999999999996509e-06

 1134  0  0
9.999999999996508e-06
9.999999999996509e-06

 1135  0  0
9.999999999996509e-06
9.999999999996509e-06

 1136  0  0
9.999999999996509e-06
9.999999999996509e-06

 1137  0  0
9.999999999996509e-06
9.999999999996509e-06

 1138  0  0
9.999999999996509e-06
9.999999999996509e-06

 1139  0  0
9.999999999996509e-06
9.999999999996509e-06

 1140  0  0
9.999999999996509e-06
9.999999999996509e-06

 1141  0  0
9.999999999996509e-06
9.999999999996509e-06

 1142  0  0
9.999999999996509e-06
9.999999999996509e-06

 1143  0  0
9.999999999996509e-06
9.999999999996509e-06

 1144  0  0
9.999999999996509e-06
9.999999999996509e-06

 1145  0  0
9.999999999996509e-06
9.999999999996509e-06

 1146  0  0
9.999999999996508e-06
9.999999999996509e-06

 1147  0  0
9.999999999996509e-06
9.999999999996509e-06

 1148  0  0
9.999999999996509e-06
9.999999999996509e-06

 1149  0  0
9.999999999996509e-06
9.999999999996509e-06

 1150  0  0
9.999999999996509e-06
9.999999999996509e-06

 1151  0  0
9.999999999996509e-06
9.999999999996509e-06

 1152  0  0
9.999999999996509e-06
9.999999999996509e-06

 1153  0  0
9.999999999996509e-06
9.999999999996509e-06

 1154  0  0
9.999999999996509e-06
9.999999999996509e-06

 1155  0  0
9.999999999996509e-06
9.999999999996509e-06

 1156  0  0
9.999999999996509e-06
9.999999999996509e-06

 1157  0  0
9.999999999996508e-06
9.999999999996509e-06

 1158  0  0
9.999999999996509e-06
9.999999999996509e-06

 1159  0  0
9.999999999996509e-06
9.999999999996509e-06

 1160  0  0
9.999999999996509e-06
9.999999999996509e-06

 1161  0  0
9.999999999996508e-06
9.999999999996509e-06

 1162  0  0
9.999999999996508e-06
9.999999999996509e-06

 1163  0  0
9.999999999996509e-06
9.999999999996509e-06

 1164  0  0
9.999999999996509e-06
9.999999999996509e-06

 1165  0  0
9.999999999996509e-06
9.999999999996509e-06

 1166  0  0
9.999999999996509e-06
9.999999999996509e-06

 1167  0  0
9.999999999996509e-06
9.999999999996509e-06

 1168  0  0
9.999999999996508e-06
9.999999999996509e-06

 1169  0  0
9.999999999996509e-06
9.999999999996509e-06

 1170  0  0
9.999999999996509e-06
9.999999999996509e-06

 1171  0  0
9.999999999996509e-06
9.999999999996509e-06

 1172  0  0
9.999999999996508e-06
9.999999999996509e-06

 1173  0  0
9.999999999996508e-06
9.999999999996509e-06

 1174  0  0
9.999999999996509e-06
9.999999999996509e-06

 1175  0  0
9.999999999996509e-06
9.999999999996509e-06

 1176  0  0
9.999999999996509e-06
9.999999999996509e-06

 1177  0  0
9.999999999996509e-06
9.999999999996509e-06

 1178  0  0
9.999999999996509e-06
9.999999999996509e-06

 1179  0  0
9.999999999996508e-06
9.999999999996509e-06

 1180  0  0
9.999999999996509e-06
9.999999999996509e-06

 1181  0  0
9.999999999996509e-06
9.999999999996509e-06

 1182  0  0
9.999999999996509e-06
9.999999999996509e-06

 1183  0  0
9.999999999996509e-06
9.999999999996509e-06

 1184  0  0
9.999999999996509e-06
9.999999999996509e-06

 1185  0  0
9.999999999996509e-06
9.999999999996509e-06

 1186  0  0
9.999999999996508e-06
9.999999999996509e-06

 1187  0  0
9.999999999996509e-06
9.999999999996509e-06

 1188  0  0
9.999999999996509e-06
9.999999999996509e-06

 1189  0  0
9.999999999996509e-06
9.999999999996509e-06

 1190  0  0
9.999999999996508e-06
9.999999999996509e-06

 1191  0  0
9.999999999996509e-06
9.999999999996509e-06

 1192  0  0
9.999999999996509e-06
9.999999999996509e-06

 1193  0  0
9.999999999996509e-06
9.999999999996509e-06

 1194  0  0
9.999999999996509e-06
9.999999999996509e-06

 1195  0  0
9.999999999996509e-06
9.999999999996509e-06

 1196  0  0
9.999999999996509e-06
9.999999999996509e-06

 1197  0  0
9.999999999996508e-06
9.999999999996509e-06

 1198  0  0
9.999999999996509e-06
9.999999999996509e-06

 1199  0  0
9.999999999996509e-06
9.999999999996509e-06

 1200  0  0
9.999999999996509e-06
9.999999999996509e-06

 1201  0  0
9.999999999996508e-06
9.999999999996509e-06

 1202  0  0
9.999999999996509e-06
9.999999999996509e-06

 1203  0  0
9.999999999996509e-06
9.999999999996509e-06

 1204  0  0
9.999999999996509e-06
9.999999999996509e-06

 1205  0  0
9.999999999996509e-06
9.999999999996509e-06

 1206  0  0
9.999999999996509e-06
9.999999999996509e-06

 1207  0  0
9.999999999996509e-06
9.999999999996509e-06

 1208  0  0
9.999999999996509e-06
9.999999999996509e-06

 1209  0  0
9.999999999996509e-06
9.999999999996509e-06

 1210  0  0
9.999999999996509e-06
9.999999999996509e-06

 1211  0  0
9.999999999996509e-06
9.999999999996509e-06

 1212  0  0
9.999999999996509e-06
9.999999999996509e-06

 1213  0  0
9.999999999996508e-06
9.999999999996509e-06

 1214  0  0
9.999999999996509e-06
9.999999999996509e-06

 1215  0  0
9.999999999996509e-06
9.999999999996509e-06

 1216  0  0
9.999999999996509e-06
9.999999999996509e-06

 1217  0  0
9.999999999996509e-06
9.999999999996509e-06

 1218  0  0
9.999999999996509e-06
9.999999999996509e-06

 1219  0  0
9.999999999996509e-06
9.999999999996509e-06

 1220  0  0
9.999999999996509e-06
9.999999999996509e-06

 1221  0  0
9.999999999996509e-06
9.999999999996509e-06

 1222  0  0
9.999999999996509e-06
9.999999999996509e-06

 1223  0  0
9.999999999996509e-06
9.999999999996509e-06

 1224  0  0
9.999999999996508e-06
9.999999999996509e-06

 1225  0  0
9.999999999996509e-06
9.999999999996509e-06

 1226  0  0
9.999999999996509e-06
9.999999999996509e-06

 1227  0  0
9.999999999996509e-06
9.999999999996509e-06

 1228  0  0
9.999999999996508e-06
9.999999999996509e-06

 1229  0  0
9.999999999996508e-06
9.999999999996509e-06

 1230  0  0
9.999999999996509e-06
9.999999999996509e-06

 1231  0  0
9.999999999996509e-06
9.999999999996509e-06

 1232  0  0
9.999999999996509e-06
9.999999999996509e-06

 1233  0  0
9.999999999996509e-06
9.999999999996509e-06

 1234  0  0
9.999999999996509e-06
9.999999999996509e-06

 1235  0  0
9.999999999996508e-06
9.999999999996509e-06

 1236  0  0
9.999999999996509e-06
9.999999999996509e-06

 1237  0  0
9.999999999996509e-06
9.999999999996509e-06

 1238  0  0
9.999999999996509e-06
9.999999999996509e-06

 1239  0  0
9.999999999996508e-06
9.999999999996509e-06

 1240  0  0
9.999999999996508e-06
9.999999999996509e-06

 1241  0  0
9.999999999996509e-06
9.999999999996508e-06

 1242  0  0
9.999999999996509e-06
9.999999999996509e-06

 1243  0  0
9.999999999996509e-06
9.999999999996509e-06

 1244  0  0
9.999999999996509e-06
9.999999999996509e-06

 1245  0  0
9.999999999996509e-06
9.999999999996509e-06

 1246  0  0
9.999999999996508e-06
9.999999999996509e-06

 1247  0  0
9.999999999996509e-06
9.999999999996509e-06

 1248  0  0
9.999999999996509e-06
9.999999999996509e-06

 1249  0  0
9.999999999996509e-06
9.999999999996509e-06

 1250  0  0
9.999999999996508e-06
9.999999999996509e-06

 1251  0  0
9.999999999996508e-06
9.999999999996509e-06

 1252  0  0
9.999999999996509e-06
9.999999999996509e-06

 1253  0  0
9.999999999996509e-06
9.999999999996509e-06

 1254  0  0
9.999999999996509e-06
9.999999999996509e-06

 1255  0  0
9.999999999996509e-06
9.999999999996509e-06

 1256  0  0
9.999999999996509e-06
9.999999999996509e-06

 1257  0  0
9.999999999996508e-06
9.999999999996509e-06

 1258  0  0
9.999999999996509e-06
9.999999999996509e-06

 1259  0  0
9.999999999996509e-06
9.999999999996509e-06

 1260  0  0
9.999999999996509e-06
9.999999999996509e-06

 1261  0  0
9.999999999996508e-06
9.999999999996509e-06

 1262  0  0
9.999999999996508e-06
9.999999999996509e-06

 1263  0  0
9.999999999996509e-06
9.999999999996509e-06

 1264  0  0
9.999999999996509e-06
9.999999999996508e-06

 1265  0  0
9.999999999996509e-06
9.999999999996516e-06

 1266  0  0
9.999999999996508e-06
9.999999999996425e-06

 1267  0  0
9.999999999996523e-06
9.999999999997360e-06

 1268  0  0
9.999999999995203e-06
9.999999999976292e-06

 1269  0  0
1.000000000001388e-05
1.000000000022521e-05

 1270  0  0
9.999999999853442e-06
9.999999997664211e-06

 1271  0  0
1.000000000111359e-05
1.000000002283850e-05

 1272  0  0
9.999999993119368e-06
9.999999788342808e-06

 1273  0  0
1.000000001269704e-05
1.000000180356604e-05

 1274  0  0
1.000000058571864e-05
9.999986840706589e-06

 1275  0  0
9.999985267325941e-06
1.000006203738156e-05

 1276  0  0
1.000025613247561e-05
1.000032077158418e-05

 1277  0  0
9.996129930617183e-06
9.984533492335684e-06

 1278  0  0
1.005631379237416e-05
1.031804347020126e-05

 1279  0  0
9.564451987298197e-06
6.020216874180374e-06

