#Cell  Group   Direction 
# Element_0
# Element_1
    0  0  0
1.794726586390892e-01
1.757553139047871e-01

    0  0  1
1.729698671099952e+00
1.723182129509619e+00

    1  0  0
1.730296380150764e-01
1.693045928222759e-01

    1  0  1
1.718404216514889e+00
1.711766501821535e+00

    2  0  0
1.665729143657007e-01
1.628410574152784e-01

    2  0  1
1.706897999114690e+00
1.700121399440831e+00

    3  0  0
1.601055755653472e-01
1.563686804195638e-01

    3  0  1
1.695150745482329e+00
1.688220870956382e+00

    4  0  0
1.536329110458634e-01
1.498976219571802e-01

    4  0  1
1.683137238181858e+00
1.676036572024245e+00

    5  0  0
1.471668459081754e-01
1.434359941044229e-01

    5  0  1
1.670827033015135e+00
1.663535254118902e+00

    6  0  0
1.407017201065377e-01
1.369629875282106e-01

    6  0  1
1.658184606678229e+00
1.650676785892623e+00

    7  0  0
1.342209943913872e-01
1.304765376328155e-01

    7  0  1
1.645166175521120e+00
1.637414063698420e+00

    8  0  0
1.277365710044805e-01
1.239931868990020e-01

    8  0  1
1.631722878825323e+00
1.623693253762081e+00

    9  0  0
1.212493711723720e-01
1.174989333280825e-01

    9  0  1
1.617796127596730e+00
1.609448409990643e+00

   10  0  0
1.147530979482592e-01
1.110055193549292e-01

   10  0  1
1.603316428979837e+00
1.594606357730195e+00

   11  0  0
1.082700513025674e-01
1.045341207991703e-01

   11  0  1
1.588205769736181e+00
1.579077892326982e+00

   12  0  0
1.018076362293147e-01
9.808628078671569e-02

   12  0  1
1.572368846618917e+00
1.562760155567572e+00

   13  0  0
9.537845926966079e-02
9.168113523178387e-02

   13  0  1
1.555693860189719e+00
1.545527423982611e+00

   14  0  0
8.897865400326913e-02
8.528085705935229e-02

   14  0  1
1.538048799329454e+00
1.527237473720327e+00

   15  0  0
8.257982992599071e-02
7.890128787439833e-02

   15  0  1
1.519281478391292e+00
1.507717886702288e+00

   16  0  0
7.624271651405595e-02
7.261481755657109e-02

   16  0  1
1.499202713953110e+00
1.486749137871735e+00

   17  0  0
6.996738273614692e-02
6.634060327618931e-02

   17  0  1
1.477578498813718e+00
1.464077935912410e+00

   18  0  0
6.369797991439213e-02
6.010405066003368e-02

   18  0  1
1.454127073023823e+00
1.439375723721892e+00

   19  0  0
5.751188718936882e-02
5.396731488190872e-02

   19  0  1
1.428498067074193e+00
1.412248050385718e+00

   20  0  0
5.137817198428049e-02
4.784125426015072e-02

   20  0  1
1.400258733527109e+00
1.382190245674472e+00

   21  0  0
4.530370624729042e-02
4.186763369828937e-02

   21  0  1
1.368855619541661e+00
1.348561101015624e+00

   22  0  0
3.941949330973066e-02
3.606101023379128e-02

   22  0  1
1.333571312973482e+00
1.310483049496574e+00

   23  0  0
3.362741297557230e-02
3.032295033362436e-02

   23  0  1
1.293420985027294e+00
1.266767033279300e+00

   24  0  0
2.801274661191358e-02
2.488555683924676e-02

   24  0  1
1.247075317928034e+00
1.215782318996387e+00

   25  0  0
2.265572762049595e-02
1.957340176560503e-02

   25  0  1
1.192665571491517e+00
1.155086357466101e+00

   26  0  0
1.737172711753592e-02
1.443406381456252e-02

   26  0  1
1.127359584325863e+00
1.080641499445441e+00

   27  0  0
1.251741127006320e-02
9.928272401598652e-03

   27  0  1
1.046253669922004e+00
9.853868201148952e-01

   28  0  0
8.117134831675806e-03
5.600977962614372e-03

   28  0  1
9.412787562298248e-01
8.553762980313595e-01

   29  0  0
4.043271346489583e-03
2.119135325095161e-03

   29  0  1
8.004449560916059e-01
6.411775145836136e-01

   30  0  0
1.221850987955107e-03
1.071546871963698e-04

   30  0  1
4.708010850161432e-01
8.948102016817572e-02

   31  0  0
2.921502102173907e-05
3.319637642443314e-05

   31  0  1
-4.572137111270299e-03
1.154821186523069e-03

   32  0  0
6.338435790734227e-06
4.695161744411231e-06

   32  0  1
9.430503815001030e-05
-1.215069807520001e-05

   33  0  0
4.980403888151336e-06
5.004974188957366e-06

   33  0  1
3.723286119815473e-06
5.313867023251174e-06

   34  0  0
5.000300774938825e-06
4.999923781725324e-06

   34  0  1
5.020354072526262e-06
4.995014174774886e-06

   35  0  0
4.999995390861879e-06
5.000001168063623e-06

   35  0  1
4.999677408367222e-06
5.000079052126274e-06

   36  0  0
5.000000070577690e-06
4.999999982111021e-06

   36  0  1
5.000005094973467e-06
4.999998751077921e-06

   37  0  0
4.999999998918228e-06
5.000000000271977e-06

   37  0  1
4.999999919782188e-06
5.000000019666838e-06

   38  0  0
5.000000000014770e-06
4.999999999994060e-06

   38  0  1
5.000000001257594e-06
4.999999999689384e-06

   39  0  0
4.999999999997991e-06
4.999999999998312e-06

   39  0  1
4.999999999978523e-06
5.000000000003089e-06

   40  0  0
4.999999999998263e-06
4.999999999998256e-06

   40  0  1
4.999999999998554e-06
4.999999999998189e-06

   41  0  0
4.999999999998252e-06
4.999999999998243e-06

   41  0  1
4.999999999998245e-06
4.999999999998260e-06

   42  0  0
4.999999999998252e-06
4.999999999998246e-06

   42  0  1
4.999999999998246e-06
4.999999999998252e-06

   43  0  0
4.999999999998252e-06
4.999999999998243e-06

   43  0  1
4.999999999998246e-06
4.999999999998252e-06

   44  0  0
4.999999999998252e-06
4.999999999998246e-06

   44  0  1
4.999999999998246e-06
4.999999999998252e-06

   45  0  0
4.999999999998252e-06
4.999999999998243e-06

   45  0  1
4.999999999998246e-06
4.999999999998252e-06

   46  0  0
4.999999999998252e-06
4.999999999998243e-06

   46  0  1
4.999999999998246e-06
4.999999999998252e-06

   47  0  0
4.999999999998252e-06
4.999999999998243e-06

   47  0  1
4.999999999998246e-06
4.999999999998252e-06

   48  0  0
4.999999999998252e-06
4.999999999998243e-06

   48  0  1
4.999999999998246e-06
4.999999999998252e-06

   49  0  0
4.999999999998250e-06
4.999999999998243e-06

   49  0  1
4.999999999998246e-06
4.999999999998252e-06

   50  0  0
4.999999999998253e-06
4.999999999998246e-06

   50  0  1
4.999999999998246e-06
4.999999999998252e-06

   51  0  0
4.999999999998252e-06
4.999999999998246e-06

   51  0  1
4.999999999998246e-06
4.999999999998252e-06

   52  0  0
4.999999999998252e-06
4.999999999998243e-06

   52  0  1
4.999999999998246e-06
4.999999999998252e-06

   53  0  0
4.999999999998252e-06
4.999999999998243e-06

   53  0  1
4.999999999998246e-06
4.999999999998252e-06

   54  0  0
4.999999999998252e-06
4.999999999998246e-06

   54  0  1
4.999999999998246e-06
4.999999999998252e-06

   55  0  0
4.999999999998252e-06
4.999999999998243e-06

   55  0  1
4.999999999998246e-06
4.999999999998252e-06

   56  0  0
4.999999999998252e-06
4.999999999998243e-06

   56  0  1
4.999999999998246e-06
4.999999999998252e-06

   57  0  0
4.999999999998252e-06
4.999999999998246e-06

   57  0  1
4.999999999998246e-06
4.999999999998252e-06

   58  0  0
4.999999999998252e-06
4.999999999998243e-06

   58  0  1
4.999999999998246e-06
4.999999999998252e-06

   59  0  0
4.999999999998252e-06
4.999999999998246e-06

   59  0  1
4.999999999998246e-06
4.999999999998252e-06

   60  0  0
4.999999999998252e-06
4.999999999998243e-06

   60  0  1
4.999999999998246e-06
4.999999999998252e-06

   61  0  0
4.999999999998250e-06
4.999999999998243e-06

   61  0  1
4.999999999998246e-06
4.999999999998252e-06

   62  0  0
4.999999999998253e-06
4.999999999998246e-06

   62  0  1
4.999999999998246e-06
4.999999999998252e-06

   63  0  0
4.999999999998253e-06
4.999999999998246e-06

   63  0  1
4.999999999998246e-06
4.999999999998252e-06

   64  0  0
4.999999999998253e-06
4.999999999998246e-06

   64  0  1
4.999999999998246e-06
4.999999999998252e-06

   65  0  0
4.999999999998252e-06
4.999999999998246e-06

   65  0  1
4.999999999998246e-06
4.999999999998252e-06

   66  0  0
4.999999999998252e-06
4.999999999998243e-06

   66  0  1
4.999999999998246e-06
4.999999999998252e-06

   67  0  0
4.999999999998252e-06
4.999999999998246e-06

   67  0  1
4.999999999998246e-06
4.999999999998252e-06

   68  0  0
4.999999999998252e-06
4.999999999998243e-06

   68  0  1
4.999999999998246e-06
4.999999999998252e-06

   69  0  0
4.999999999998250e-06
4.999999999998243e-06

   69  0  1
4.999999999998246e-06
4.999999999998252e-06

   70  0  0
4.999999999998251e-06
4.999999999998253e-06

   70  0  1
4.999999999998245e-06
4.999999999998255e-06

   71  0  0
4.999999999998262e-06
4.999999999998203e-06

   71  0  1
4.999999999998243e-06
4.999999999998256e-06

   72  0  0
4.999999999997374e-06
5.000000000002113e-06

   72  0  1
4.999999999997923e-06
4.999999999999661e-06

   73  0  0
5.000000000035932e-06
4.999999999837039e-06

   73  0  1
5.000000000013672e-06
4.999999999935512e-06

   74  0  0
4.999999998487836e-06
5.000000006482556e-06

   74  0  1
4.999999999345468e-06
5.000000002658752e-06

   75  0  0
5.000000058490558e-06
4.999999747750620e-06

   75  0  1
5.000000026893986e-06
4.999999890107127e-06

   76  0  0
4.999997830366737e-06
5.000009411391656e-06

   76  0  1
4.999998927296310e-06
5.000004396635949e-06

   77  0  0
5.000076047607941e-06
4.999667484199060e-06

   77  0  1
5.000041047898178e-06
4.999831063326466e-06

   78  0  0
4.997538892769780e-06
5.010899090706865e-06

   78  0  1
4.998514425020068e-06
5.006153376560646e-06

   79  0  0
5.071602264852923e-06
4.686102092490980e-06

   79  0  1
5.050211625862606e-06
4.794482337654757e-06

