#Cell 
# Element_0
# Element_1
0
1.167859980747897e+00
1.160875449181031e+00

1
1.167300876140001e+00
1.161055886282436e+00

2
1.166946847409272e+00
1.160977640171036e+00

3
1.166653763770221e+00
1.160823256119416e+00

4
1.166384891912638e+00
1.160638034285651e+00

5
1.166127222810174e+00
1.160437824141299e+00

6
1.165874839861516e+00
1.160229772139266e+00

7
1.165625267808683e+00
1.160016854724790e+00

8
1.165377499588364e+00
1.159800279828988e+00

9
1.165130251054885e+00
1.159581568218803e+00

10
1.164882239278392e+00
1.159362226239562e+00

11
1.164632978807631e+00
1.159142819735285e+00

12
1.164386708557137e+00
1.158918381418896e+00

13
1.164146091976552e+00
1.158685763832435e+00

14
1.163892730981459e+00
1.158466452019783e+00

15
1.163637016852549e+00
1.158248431312799e+00

16
1.163406894769023e+00
1.157998911446640e+00

17
1.163134561640660e+00
1.157796932889408e+00

18
1.162908444431095e+00
1.157539831288184e+00

19
1.162637117154604e+00
1.157333268650314e+00

20
1.162410338553268e+00
1.157073939544287e+00

21
1.162130204597092e+00
1.156874196564198e+00

22
1.161919437298462e+00
1.156593163666747e+00

23
1.161611853787933e+00
1.156421946323462e+00

24
1.161422257788888e+00
1.156112896360005e+00

25
1.161115630890627e+00
1.155937888053171e+00

26
1.160890208778487e+00
1.155666300068131e+00

27
1.160669127666547e+00
1.155389571547266e+00

28
1.160327988501550e+00
1.155248191187233e+00

29
1.160155691560349e+00
1.154910806697943e+00

30
1.159901528528405e+00
1.154667634797267e+00

31
1.159555073279786e+00
1.154526481136553e+00

32
1.159397205819280e+00
1.154167602861365e+00

33
1.159153134774979e+00
1.153907923780257e+00

34
1.158770773485279e+00
1.153802640118963e+00

35
1.158610724944803e+00
1.153440975676566e+00

36
1.158407495911892e+00
1.153128518967146e+00

37
1.158030856944959e+00
1.153013154411999e+00

38
1.157767695164832e+00
1.152763239126318e+00

39
1.157617574827200e+00
1.152383525974314e+00

40
1.157377851050929e+00
1.152107222786086e+00

41
1.156940974097838e+00
1.152051385340704e+00

42
1.156747846086458e+00
1.151714711184859e+00

43
1.156587060242851e+00
1.151339809545448e+00

44
1.156351295515263e+00
1.151052131675337e+00

45
1.155890436044700e+00
1.151016233375609e+00

46
1.155663993104983e+00
1.150709675120541e+00

47
1.155528562856377e+00
1.150298527880641e+00

48
1.155314811977865e+00
1.149976299986103e+00

49
1.154937650543230e+00
1.149841039021774e+00

50
1.154521558090837e+00
1.149740615388557e+00

51
1.154403909905350e+00
1.149302122411130e+00

52
1.154221478582371e+00
1.148933702023824e+00

53
1.154006429297642e+00
1.148604848155349e+00

54
1.153550982397699e+00
1.148547251769996e+00

55
1.153165998879132e+00
1.148400365746974e+00

56
1.153057504638297e+00
1.147941496629804e+00

57
1.152876285145354e+00
1.147560672085864e+00

58
1.152665527631126e+00
1.147214193259035e+00

59
1.152296324346259e+00
1.147050217847725e+00

60
1.151772014790718e+00
1.147049888808819e+00

61
1.151625345470959e+00
1.146624359113552e+00

62
1.151522620901374e+00
1.146147044807006e+00

63
1.151303981681338e+00
1.145796043302087e+00

64
1.151077389779736e+00
1.145458892639613e+00

65
1.150515185919263e+00
1.145494918516494e+00

66
1.150182796668260e+00
1.145266052419027e+00

67
1.150098911694129e+00
1.144758703811637e+00

68
1.149959918231037e+00
1.144309082273906e+00

69
1.149746137554470e+00
1.143942441317282e+00

70
1.149370743055024e+00
1.143761217953754e+00

71
1.148805165415497e+00
1.143782775174272e+00

72
1.148655807818510e+00
1.143337473845261e+00

73
1.148573715936177e+00
1.142814341088157e+00

74
1.148366042881309e+00
1.142427632202110e+00

75
1.148120563611850e+00
1.142087694361712e+00

76
1.147515175425730e+00
1.142146292825559e+00

77
1.147201355751387e+00
1.141872029026545e+00

78
1.147128599329511e+00
1.141327703609427e+00

79
1.146973221498473e+00
1.140871132065474e+00

80
1.146754815336418e+00
1.140485532726775e+00

81
1.146288332023217e+00
1.140380342391318e+00

82
1.145754805709372e+00
1.140339075582313e+00

83
1.145642872645055e+00
1.139826665811776e+00

84
1.145548723040232e+00
1.139290767117999e+00

85
1.145327399481798e+00
1.138893571194815e+00

86
1.145016201530091e+00
1.138602334638705e+00

87
1.144355358125976e+00
1.138693266297991e+00

88
1.144132171144171e+00
1.138291758514428e+00

89
1.144068728402720e+00
1.137710091681332e+00

90
1.143875647226779e+00
1.137268012477726e+00

91
1.143638294403607e+00
1.136878686457176e+00

92
1.143024483176395e+00
1.136908228043860e+00

93
1.142608529251899e+00
1.136707470267422e+00

94
1.142537669947605e+00
1.136121691589463e+00

95
1.142403461290375e+00
1.135601577211969e+00

96
1.142174870091347e+00
1.135185948349943e+00

97
1.141712092542660e+00
1.135035986441302e+00

98
1.141092900782643e+00
1.135048435499147e+00

99
1.140970295373013e+00
1.134506843806824e+00

100
1.140890872686746e+00
1.133913277849236e+00

101
1.140663232216741e+00
1.133480707458546e+00

102
1.140337883617095e+00
1.133163040963495e+00

103
1.139614325842048e+00
1.133280292656959e+00

104
1.139376580234072e+00
1.132852082900202e+00

105
1.139324760726774e+00
1.132214732911873e+00

106
1.139125753342322e+00
1.131735484947236e+00

107
1.138869804783601e+00
1.131323545865245e+00

108
1.138181327352369e+00
1.131390828406768e+00

109
1.137764564323489e+00
1.131146017933886e+00

110
1.137710082976456e+00
1.130497725159233e+00

111
1.137564061662789e+00
1.129945385806478e+00

112
1.137323655820963e+00
1.129498242061837e+00

113
1.136759268952078e+00
1.129414988830534e+00

114
1.136146001283473e+00
1.129373113647444e+00

115
1.136057043626977e+00
1.128748263261280e+00

116
1.135966001573991e+00
1.128120618176510e+00

117
1.135724773931625e+00
1.127656596307024e+00

118
1.135295382798446e+00
1.127408139866984e+00

119
1.134535760659903e+00
1.127514339613208e+00

120
1.134372477646469e+00
1.126956014828532e+00

121
1.134321034124085e+00
1.126269653672689e+00

122
1.134090334318849e+00
1.125776673217588e+00

123
1.133758281075498e+00
1.125402624108154e+00

124
1.132942278096123e+00
1.125557550462190e+00

125
1.132660180971919e+00
1.125113900604341e+00

126
1.132628050379729e+00
1.124390609788142e+00

127
1.132426934643632e+00
1.123847957648136e+00

128
1.132145970123526e+00
1.123398245024957e+00

129
1.131357809459518e+00
1.123508094401077e+00

130
1.130923147161702e+00
1.123215615846175e+00

131
1.130891649165844e+00
1.122475288641110e+00

132
1.130732833107559e+00
1.121868965678360e+00

133
1.130470166820073e+00
1.121379230389569e+00

134
1.129760929708782e+00
1.121386193189759e+00

135
1.129164392371745e+00
1.121254717587291e+00

136
1.129116566850893e+00
1.120515258661663e+00

137
1.129002619870265e+00
1.119842162501973e+00

138
1.128742976205161e+00
1.119329002093865e+00

139
1.128128418054094e+00
1.119214070066864e+00

140
1.127386146247223e+00
1.119225500519179e+00

141
1.127305562933117e+00
1.118504146106147e+00

142
1.127231594429241e+00
1.117769169924684e+00

143
1.126972430779070e+00
1.117235218269158e+00

144
1.126444574809741e+00
1.117005704992683e+00

145
1.125588358824882e+00
1.117124609116246e+00

146
1.125459597197368e+00
1.116437417323677e+00

147
1.125417533934359e+00
1.115648807986958e+00

148
1.125162475328371e+00
1.115089853074556e+00

149
1.124702906515733e+00
1.114764845189713e+00

150
1.123767850316229e+00
1.114951943292310e+00

151
1.123578478883489e+00
1.114311649652841e+00

152
1.123560191813827e+00
1.113477617362067e+00

153
1.123314093735505e+00
1.112887979204797e+00

154
1.122903063742428e+00
1.112488268444324e+00

155
1.121918795185030e+00
1.112710116058055e+00

156
1.121661314549142e+00
1.112124027180191e+00

157
1.121660105420879e+00
1.111251141762001e+00

158
1.121426484654962e+00
1.110626480237127e+00

159
1.121047213762686e+00
1.110169744103047e+00

160
1.120034090846640e+00
1.110402954781963e+00

161
1.119706730804114e+00
1.109872085288061e+00

162
1.119717732897912e+00
1.108964853651997e+00

163
1.119497980266862e+00
1.108303037334836e+00

164
1.119137732896387e+00
1.107802581379480e+00

165
1.118106696280726e+00
1.108034035510878e+00

166
1.117712997648525e+00
1.107553564959626e+00

167
1.117733095395254e+00
1.106614529542370e+00

168
1.117526620541121e+00
1.105915489047254e+00

169
1.117176214442203e+00
1.105380735428672e+00

170
1.116130398780930e+00
1.105605836269635e+00

171
1.115678141759133e+00
1.105166278494994e+00

172
1.115705738081117e+00
1.104196278341287e+00

173
1.115510423389263e+00
1.103461521610942e+00

174
1.115163229958491e+00
1.102899077364156e+00

175
1.114099998819478e+00
1.103119521235107e+00

176
1.113600077332150e+00
1.102707956190992e+00

177
1.113634816515371e+00
1.101706433642996e+00

178
1.113447458055762e+00
1.100938573534136e+00

179
1.113098389756904e+00
1.100353326943524e+00

180
1.112011159287394e+00
1.100575089963902e+00

181
1.111476744433191e+00
1.100176085009148e+00

182
1.111519199624708e+00
1.099141428445495e+00

183
1.111335827053062e+00
1.098343840422010e+00

184
1.110980458886079e+00
1.097739918236524e+00

185
1.109860168844313e+00
1.097971621093740e+00

186
1.109306233546572e+00
1.097567762609274e+00

187
1.109357543753593e+00
1.096497701695178e+00

188
1.109173626423985e+00
1.095674304374861e+00

189
1.108807421981340e+00
1.095055917043629e+00

190
1.107643780497585e+00
1.095307435126230e+00

191
1.107086877921461e+00
1.094879586373489e+00

192
1.107148321686962e+00
1.093771653470863e+00

193
1.106958918997229e+00
1.092926750117663e+00

194
1.106576455403832e+00
1.092299035840539e+00

195
1.105359205358208e+00
1.092580089316290e+00

196
1.104817301730800e+00
1.092107589931487e+00

197
1.104889800365227e+00
1.090959654992887e+00

198
1.104689732219706e+00
1.090097755442981e+00

199
1.104283792440165e+00
1.089467761033036e+00

200
1.103004288734879e+00
1.089786176179937e+00

201
1.102496417134018e+00
1.089247234184541e+00

202
1.102579963289571e+00
1.088058117071955e+00

203
1.102364076129831e+00
1.087183660867581e+00

204
1.101924484705062e+00
1.086561586915215e+00

205
1.100577853039286e+00
1.086920943888526e+00

206
1.100123367204562e+00
1.086293455213105e+00

207
1.100216376562738e+00
1.085063617147534e+00

208
1.099979958554607e+00
1.084180543299547e+00

209
1.099492093786553e+00
1.083581316450803e+00

210
1.098080135345825e+00
1.083977818522645e+00

211
1.097697416772950e+00
1.083240766654105e+00

212
1.097796009888565e+00
1.081973072696260e+00

213
1.097535346540692e+00
1.081084249342915e+00

214
1.096978416401935e+00
1.080529314770664e+00

215
1.095513165787671e+00
1.080947995494963e+00

216
1.095217798322264e+00
1.080083409190989e+00

217
1.095315055405827e+00
1.078783915315540e+00

218
1.095027984537013e+00
1.077890583763666e+00

219
1.094373476001703e+00
1.077409462326306e+00

220
1.092880847681571e+00
1.077820354865819e+00

221
1.092683519812384e+00
1.076815538957590e+00

222
1.092768846285152e+00
1.075494156112657e+00

223
1.092454944929069e+00
1.074595782574344e+00

224
1.091666195576245e+00
1.074226364326287e+00

225
1.090188484936912e+00
1.074581966943346e+00

226
1.090093130800181e+00
1.073431457801013e+00

227
1.090152050510127e+00
1.072102156619961e+00

228
1.089811784463305e+00
1.071197399154343e+00

229
1.088846284302485e+00
1.070983261380471e+00

230
1.087441661656658e+00
1.071219281779128e+00

231
1.087444418486348e+00
1.069925914924875e+00

232
1.087459324713344e+00
1.068605913056141e+00

233
1.087091236434663e+00
1.067695666803563e+00

234
1.085907631892756e+00
1.067678362553952e+00

235
1.084644741074752e+00
1.067719709582284e+00

236
1.084733968425690e+00
1.066294546787789e+00

237
1.084686411127319e+00
1.065001880121886e+00

238
1.084281489608193e+00
1.064095266862344e+00

239
1.082852606089170e+00
1.064300294122747e+00

240
1.081799610189861e+00
1.064072922027049e+00

241
1.081956503703684e+00
1.062534543993473e+00

242
1.081831179201292e+00
1.061283875365360e+00

243
1.081364338133586e+00
1.060407181854718e+00

244
1.079695297645294e+00
1.060824773272677e+00

245
1.078905253435542e+00
1.060271260229900e+00

246
1.079104010716755e+00
1.058645535762350e+00

247
1.078893597179465e+00
1.057443145445375e+00

248
1.078314115342282e+00
1.056649644756792e+00

249
1.076460951575670e+00
1.057215394722987e+00

250
1.075958159809523e+00
1.056309254699698e+00

251
1.076165083791929e+00
1.054630234021963e+00

252
1.075873563687076e+00
1.053470705309991e+00

253
1.075099823098564e+00
1.052845619614119e+00

254
1.073179715223986e+00
1.053430390097792e+00

255
1.072952929474518e+00
1.052182936134265e+00

256
1.073125781062151e+00
1.050493476565093e+00

257
1.072766243815048e+00
1.049362266017148e+00

258
1.071694475018771e+00
1.049012637135934e+00

259
1.069875994241376e+00
1.049433878277885e+00

260
1.069882299661405e+00
1.047889761787936e+00

261
1.069973629675134e+00
1.046237971118933e+00

262
1.069555847533472e+00
1.045124677474405e+00

263
1.068092970963682e+00
1.045143860052162e+00

264
1.066559189707772e+00
1.045205493816520e+00

265
1.066736065708695e+00
1.043429696164494e+00

266
1.066703841241465e+00
1.041857795781749e+00

267
1.066209831695160e+00
1.040781730782218e+00

268
1.064329051420648e+00
1.041190673083356e+00

269
1.063222556782769e+00
1.040741372571212e+00

270
1.063498756245587e+00
1.038807570515889e+00

271
1.063321762326157e+00
1.037335988109474e+00

272
1.062676242701894e+00
1.036376439933124e+00

273
1.060473556177790e+00
1.037065376625913e+00

274
1.059849932145872e+00
1.036046875201052e+00

275
1.060147354420790e+00
1.034035357985156e+00

276
1.059835157184029e+00
1.032652847409698e+00

277
1.058891372956162e+00
1.031962304409693e+00

278
1.056606310900636e+00
1.032671304628649e+00

279
1.056422609519394e+00
1.031129236319900e+00

280
1.056654243200754e+00
1.029128983233534e+00

281
1.056237074650156e+00
1.027803863634151e+00

282
1.054812139159341e+00
1.027568793651127e+00

283
1.052776427444379e+00
1.027944289276328e+00

284
1.052920533170240e+00
1.025996235280671e+00

285
1.053001301491696e+00
1.024093619991848e+00

286
1.052487694473122e+00
1.022818154386745e+00

287
1.050469769818590e+00
1.023145664395786e+00

288
1.048982344283355e+00
1.022872873466881e+00

289
1.049317827897422e+00
1.020660754103375e+00

290
1.049195097999388e+00
1.018908195135081e+00

291
1.048505472120058e+00
1.017766566393749e+00

292
1.045989925868398e+00
1.018543989908206e+00

293
1.045188328721135e+00
1.017480381985606e+00

294
1.045576309936285e+00
1.015147324916252e+00

295
1.045256595845864e+00
1.013536663705085e+00

296
1.044181210723389e+00
1.012745534059265e+00

297
1.041530806026882e+00
1.013582519930412e+00

298
1.041352017123979e+00
1.011795794430693e+00

299
1.041649101551337e+00
1.009488169135847e+00

300
1.041180934391051e+00
1.007969803955268e+00

301
1.039446799185095e+00
1.007804644199786e+00

302
1.037182213972342e+00
1.008152450769861e+00

303
1.037432851478799e+00
1.005844806693516e+00

304
1.037510572860345e+00
1.003692361842574e+00

305
1.036896823550990e+00
1.002265935189620e+00

306
1.034387472755048e+00
1.002831834048049e+00

307
1.032925108543052e+00
1.002257760140374e+00

308
1.033381992887665e+00
9.996600847887702e-01

309
1.033183521158284e+00
9.977187061712390e-01

310
1.032258571986848e+00
9.965565143155772e-01

311
1.029247824067819e+00
9.975516146398762e-01

312
1.028684391564722e+00
9.959589797978176e-01

313
1.029131547184680e+00
9.932919941071895e-01

314
1.028698802030656e+00
9.915183141860088e-01

315
1.027108408260527e+00
9.909792858723325e-01

316
1.024256534601466e+00
9.917084568583623e-01

317
1.024385985676931e+00
9.893134671770507e-01

318
1.024619106527376e+00
9.867832786832571e-01

319
1.024007562505841e+00
9.851236981076624e-01

320
1.021456653357993e+00
9.854934846850110e-01

321
1.019459364620372e+00
9.852368892455032e-01

322
1.019958479106902e+00
9.823734253773982e-01

323
1.019851311482158e+00
9.801051908648400e-01

324
1.018934524074699e+00
9.786924994797355e-01

325
1.015607434017793e+00
9.797572906003580e-01

326
1.014753059798883e+00
9.782232869189000e-01

327
1.015309291418171e+00
9.752098311985197e-01

328
1.014884788887275e+00
9.731790882174831e-01

329
1.013242565296833e+00
9.724367146838840e-01

330
1.009937746143759e+00
9.733599965450909e-01

331
1.010015274771286e+00
9.707705517167278e-01

332
1.010341702826133e+00
9.678947792437189e-01

333
1.009684567229726e+00
9.660197182686180e-01

334
1.006891150328965e+00
9.663593129148060e-01

335
1.004565554269221e+00
9.661593104961761e-01

336
1.005138489015597e+00
9.629627202084151e-01

337
1.005051315206056e+00
9.604054655623514e-01

338
1.004025679244398e+00
9.588285588600992e-01

339
1.000279837478870e+00
9.600162744711662e-01

340
9.993503470307710e-01
9.582752172081922e-01

341
9.999933777011705e-01
9.549014965783360e-01

342
9.995174481611420e-01
9.526365234674358e-01

343
9.975874687115056e-01
9.518907741471462e-01

344
9.939350784527899e-01
9.528434600785523e-01

345
9.941120347096762e-01
9.498635189513329e-01

346
9.944511467325350e-01
9.466834703611773e-01

347
9.936851833522005e-01
9.446178728224481e-01

348
9.903565372095262e-01
9.451703434329222e-01

349
9.879916762713833e-01
9.446785029541149e-01

350
9.886956026784467e-01
9.410488358765722e-01

351
9.885240794113109e-01
9.382626449092089e-01

352
9.872265223370351e-01
9.366429289585356e-01

353
9.829369510447603e-01
9.380137127497105e-01

354
9.822319630649667e-01
9.357127826625069e-01

355
9.829187759825896e-01
9.319761649958380e-01

356
9.823095139209503e-01
9.295117576269016e-01

357
9.797502043565401e-01
9.290487333581174e-01

358
9.759674317730577e-01
9.297449334128288e-01

359
9.764135135908070e-01
9.261557645376763e-01

360
9.766396613580934e-01
9.227442488799084e-01

361
9.756531846822171e-01
9.205511071900396e-01

362
9.714561975952228e-01
9.215727107220658e-01

363
9.694678035836772e-01
9.203128761923898e-01

364
9.703202317794793e-01
9.161812868603967e-01

365
9.699366684387503e-01
9.132348887131932e-01

366
9.680506646699789e-01
9.118271730620598e-01

367
9.632725338030308e-01
9.132403456044380e-01

368
9.631011006513934e-01
9.100173264194372e-01

369
9.637074560038693e-01
9.059807931042921e-01

370
9.628667419823261e-01
9.033556649946677e-01

371
9.591831578438981e-01
9.035776581898356e-01

372
9.557638105758125e-01
9.034522348021639e-01

373
9.565655629926817e-01
8.991118396800782e-01

374
9.564952490081502e-01
8.955788118024767e-01

375
9.550274671578090e-01
8.934507259256425e-01

376
9.497950640306927e-01
8.949956241729995e-01

377
9.486714320313522e-01
8.924242151586279e-01

378
9.495594418030259e-01
8.878348679377713e-01

379
9.488442369955916e-01
8.847718249113408e-01

380
9.457584495657869e-01
8.840792072900266e-01

381
9.410273393828148e-01
8.849065223111763e-01

382
9.415537867437336e-01
8.805402509325108e-01

383
9.418293778380481e-01
8.763640543630170e-01

384
9.405673718428381e-01
8.736899733097426e-01

385
9.352953252540308e-01
8.749110391926971e-01

386
9.329944821837211e-01
8.731508247501893e-01

387
9.340369826855940e-01
8.680987206402094e-01

388
9.334838050511421e-01
8.645307715491695e-01

389
9.308794041079860e-01
8.630002863340885e-01

390
9.250990311075032e-01
8.644520611970611e-01

391
9.251395299112367e-01
8.602148507790186e-01

392
9.257359021243879e-01
8.553866032855101e-01

393
9.245584239496606e-01
8.522426409724374e-01

394
9.194523518166621e-01
8.528892246200794e-01

395
9.158905796927993e-01
8.519439884924376e-01

396
9.169647831389925e-01
8.465027614614671e-01

397
9.166027691440648e-01
8.423616664604801e-01

398
9.142999874622388e-01
8.401201366001045e-01

399
9.077302366583856e-01
8.418653257158945e-01

400
9.071206005064730e-01
8.378491842855617e-01

401
9.079784396885194e-01
8.323808393023235e-01

402
9.068262884210744e-01
8.287714199189993e-01

403
9.019096004515894e-01
8.287618527109366e-01

404
8.971134451625543e-01
8.285112165929114e-01

405
8.981169641589840e-01
8.227198716712355e-01

406
8.979426690514211e-01
8.179561902717919e-01

407
8.957711187136133e-01
8.151054805716580e-01

408
8.885776512526347e-01
8.168943094989582e-01

409
8.872249616323745e-01
8.131022266333779e-01

410
8.882739454565372e-01
8.070005321028572e-01

411
8.871082479043099e-01
8.028949167646466e-01

412
8.822816580056274e-01
8.022486081309468e-01

413
8.763292706747999e-01
8.025035154247454e-01

414
8.771904820291838e-01
7.963525305471572e-01

415
8.771646023931008e-01
7.909321102368460e-01

416
8.749787372044049e-01
7.875285967218014e-01

417
8.672011400597199e-01
7.892118090043555e-01

418
8.650881086964014e-01
7.855500285716065e-01

419
8.662588768273843e-01
7.787987178488079e-01

420
8.650298097075282e-01
7.741528229784183e-01

421
8.601179594906327e-01
7.729334059460935e-01

422
8.530872010667103e-01
7.734793520021311e-01

423
8.537711428502019e-01
7.668994290369272e-01

424
8.538209716532902e-01
7.607920717260207e-01

425
8.514871093675317e-01
7.568511099045190e-01

426
8.430419601239347e-01
7.583616817736792e-01

427
8.402164772533040e-01
7.546448962706955e-01

428
8.414417083032194e-01
7.471948712593295e-01

429
8.400695531798318e-01
7.419570461791091e-01

430
8.348400917410105e-01
7.402385051349660e-01

431
8.267803534872948e-01
7.408490822078015e-01

432
8.272856086310912e-01
7.337037518018035e-01

433
8.273023964111339e-01
7.268698044013939e-01

434
8.246741865630900e-01
7.223729368558279e-01

435
8.153671013638408e-01
7.236903903466683e-01

436
8.119246993237119e-01
7.196456259075544e-01

437
8.131274894170600e-01
7.114076382114475e-01

438
8.114872679330769e-01
7.055104704315385e-01

439
8.056405702063426e-01
7.033596929556302e-01

440
7.965674303631390e-01
7.037778001597917e-01

441
7.969093021498995e-01
6.958590556455840e-01

442
7.967347470817804e-01
6.882346185506097e-01

443
7.936220320226002e-01
6.831314498389051e-01

444
7.831570643402992e-01
6.842378586680431e-01

445
7.792220147011371e-01
6.794996607631221e-01

446
7.802908847153639e-01
6.703361615125855e-01

447
7.781936595843809e-01
6.636762197485681e-01

448
7.713263198880528e-01
6.611397278422627e-01

449
7.612300006224088e-01
6.610276929255378e-01

450
7.614032609330645e-01
6.520466642166869e-01

451
7.607965314075854e-01
6.435175364204445e-01

452
7.569161973418227e-01
6.377135265939459e-01

453
7.448938290881371e-01
6.385296038362352e-01

454
7.405861318318484e-01
6.326169453356456e-01

455
7.413238046290714e-01
6.223195408887398e-01

456
7.384780135898947e-01
6.147146214213089e-01

457
7.300120085389036e-01
6.117865906233176e-01

458
7.188568648598885e-01
6.106375350637071e-01

459
7.187579501780212e-01
6.001903616710851e-01

460
7.173223919473296e-01
5.905309193036279e-01

461
7.122009620716027e-01
5.838458173751637e-01

462
6.980925119212252e-01
5.841192148682689e-01

463
6.934479113121780e-01
5.763810749999064e-01

464
6.934675584773200e-01
5.646080508275669e-01

465
6.893903227040404e-01
5.557078119732834e-01

466
6.784468745926037e-01
5.522369116363367e-01

467
6.661110944592327e-01
5.492150453861093e-01

468
6.653605132382766e-01
5.366622017563346e-01

469
6.623560072275613e-01
5.253592144703867e-01

470
6.550854246672397e-01
5.173824632566156e-01

471
6.381015074305996e-01
5.164348740252575e-01

472
6.328201060705005e-01
5.058793626509035e-01

473
6.312665422604179e-01
4.919431135082347e-01

474
6.250119305732174e-01
4.809838224475431e-01

475
6.101169961725312e-01
4.763730205877479e-01

476
5.960680810544405e-01
4.699131269698369e-01

477
5.934592369722519e-01
4.538927208355257e-01

478
5.871204240505361e-01
4.394831899720494e-01

479
5.755033205398566e-01
4.289324388687459e-01

480
5.538272872865795e-01
4.248299037301931e-01

481
5.461761022881689e-01
4.093202516218497e-01

482
5.405114823876648e-01
3.912169636588583e-01

483
5.294099827474319e-01
3.759864929279754e-01

484
5.072699505255063e-01
3.679435888563412e-01

485
4.886196334978897e-01
3.538239979785267e-01

486
4.787898803582691e-01
3.290047581745755e-01

487
4.609284724445867e-01
3.039497278935153e-01

488
4.338432599405716e-01
2.821801680779884e-01

489
3.943090187326582e-01
2.634683197701042e-01

490
3.645584619470791e-01
2.280085139880305e-01

491
3.239198168436714e-01
1.851875010326599e-01

492
2.575535787031691e-01
1.385741147047633e-01

493
1.776426828490541e-01
1.077052946595280e-01

494
1.297941254298575e-01
8.303275090994129e-02

495
8.544559331295552e-02
6.203774297652832e-02

496
5.890827304966574e-02
5.654775709711159e-02

497
5.630834471112420e-02
5.624230523760638e-02

498
5.623592713038426e-02
5.623432979860208e-02

499
5.623417574707966e-02
5.623413727083361e-02

500
5.623413356019543e-02
5.623413263347903e-02

501
5.623413254410684e-02
5.623413252178654e-02

502
5.623413251963398e-02
5.623413251909639e-02

503
5.623413251904454e-02
5.623413251903159e-02

504
5.623413251903035e-02
5.623413251903004e-02

505
5.623413251903001e-02
5.623413251903000e-02

506
5.623413251903000e-02
5.623413251903000e-02

507
5.623413251903000e-02
5.623413251903000e-02

508
5.623413251903000e-02
5.623413251903000e-02

509
5.623413251903000e-02
5.623413251903000e-02

510
5.623413251903000e-02
5.623413251903000e-02

511
5.623413251903000e-02
5.623413251903000e-02

512
5.623413251903000e-02
5.623413251903000e-02

513
5.623413251903000e-02
5.623413251903000e-02

514
5.623413251903000e-02
5.623413251903000e-02

515
5.623413251903000e-02
5.623413251903000e-02

516
5.623413251903000e-02
5.623413251903000e-02

517
5.623413251903000e-02
5.623413251903000e-02

518
5.623413251903000e-02
5.623413251903000e-02

519
5.623413251903000e-02
5.623413251903000e-02

520
5.623413251903000e-02
5.623413251903000e-02

521
5.623413251903000e-02
5.623413251903000e-02

522
5.623413251903000e-02
5.623413251903000e-02

523
5.623413251903000e-02
5.623413251903000e-02

524
5.623413251903000e-02
5.623413251903000e-02

525
5.623413251903000e-02
5.623413251903000e-02

526
5.623413251903000e-02
5.623413251903000e-02

527
5.623413251903000e-02
5.623413251903000e-02

528
5.623413251903000e-02
5.623413251903000e-02

529
5.623413251903000e-02
5.623413251903000e-02

530
5.623413251903000e-02
5.623413251903000e-02

531
5.623413251903000e-02
5.623413251903000e-02

532
5.623413251903000e-02
5.623413251903000e-02

533
5.623413251903000e-02
5.623413251903000e-02

534
5.623413251903000e-02
5.623413251903000e-02

535
5.623413251903000e-02
5.623413251903000e-02

536
5.623413251903000e-02
5.623413251903000e-02

537
5.623413251903000e-02
5.623413251903000e-02

538
5.623413251903000e-02
5.623413251903000e-02

539
5.623413251903000e-02
5.623413251903000e-02

540
5.623413251903000e-02
5.623413251903000e-02

541
5.623413251903000e-02
5.623413251903000e-02

542
5.623413251903000e-02
5.623413251903000e-02

543
5.623413251903000e-02
5.623413251903000e-02

544
5.623413251903000e-02
5.623413251903000e-02

545
5.623413251903000e-02
5.623413251903000e-02

546
5.623413251903000e-02
5.623413251903000e-02

547
5.623413251903000e-02
5.623413251903000e-02

548
5.623413251903000e-02
5.623413251903000e-02

549
5.623413251903000e-02
5.623413251903000e-02

550
5.623413251903000e-02
5.623413251903000e-02

551
5.623413251903000e-02
5.623413251903000e-02

552
5.623413251903000e-02
5.623413251903000e-02

553
5.623413251903000e-02
5.623413251903000e-02

554
5.623413251903000e-02
5.623413251903000e-02

555
5.623413251903000e-02
5.623413251903000e-02

556
5.623413251903000e-02
5.623413251903000e-02

557
5.623413251903000e-02
5.623413251903000e-02

558
5.623413251903000e-02
5.623413251903000e-02

559
5.623413251903000e-02
5.623413251903000e-02

560
5.623413251903000e-02
5.623413251903000e-02

561
5.623413251903000e-02
5.623413251903000e-02

562
5.623413251903000e-02
5.623413251903000e-02

563
5.623413251903000e-02
5.623413251903000e-02

564
5.623413251903000e-02
5.623413251903000e-02

565
5.623413251903000e-02
5.623413251903000e-02

566
5.623413251903000e-02
5.623413251903000e-02

567
5.623413251903000e-02
5.623413251903000e-02

568
5.623413251903000e-02
5.623413251903000e-02

569
5.623413251903000e-02
5.623413251903000e-02

570
5.623413251903000e-02
5.623413251903000e-02

571
5.623413251903000e-02
5.623413251903000e-02

572
5.623413251903000e-02
5.623413251903000e-02

573
5.623413251903000e-02
5.623413251903000e-02

574
5.623413251903000e-02
5.623413251903000e-02

575
5.623413251903000e-02
5.623413251903000e-02

576
5.623413251903000e-02
5.623413251903000e-02

577
5.623413251903000e-02
5.623413251903000e-02

578
5.623413251903000e-02
5.623413251903000e-02

579
5.623413251903000e-02
5.623413251903000e-02

580
5.623413251903000e-02
5.623413251903000e-02

581
5.623413251903000e-02
5.623413251903000e-02

582
5.623413251903000e-02
5.623413251903000e-02

583
5.623413251903000e-02
5.623413251903000e-02

584
5.623413251903000e-02
5.623413251903000e-02

585
5.623413251903000e-02
5.623413251903000e-02

586
5.623413251903000e-02
5.623413251903000e-02

587
5.623413251903000e-02
5.623413251903000e-02

588
5.623413251903000e-02
5.623413251903000e-02

589
5.623413251903000e-02
5.623413251903000e-02

590
5.623413251903000e-02
5.623413251903000e-02

591
5.623413251903000e-02
5.623413251903000e-02

592
5.623413251903000e-02
5.623413251903000e-02

593
5.623413251903000e-02
5.623413251903000e-02

594
5.623413251903000e-02
5.623413251903000e-02

595
5.623413251903000e-02
5.623413251903000e-02

596
5.623413251903000e-02
5.623413251903000e-02

597
5.623413251903000e-02
5.623413251903000e-02

598
5.623413251903000e-02
5.623413251903000e-02

599
5.623413251903000e-02
5.623413251903000e-02

600
5.623413251903000e-02
5.623413251903000e-02

601
5.623413251903000e-02
5.623413251903000e-02

602
5.623413251903000e-02
5.623413251903000e-02

603
5.623413251903000e-02
5.623413251903000e-02

604
5.623413251903000e-02
5.623413251903000e-02

605
5.623413251903000e-02
5.623413251903000e-02

606
5.623413251903000e-02
5.623413251903000e-02

607
5.623413251903000e-02
5.623413251903000e-02

608
5.623413251903000e-02
5.623413251903000e-02

609
5.623413251903000e-02
5.623413251903000e-02

610
5.623413251903000e-02
5.623413251903000e-02

611
5.623413251903000e-02
5.623413251903000e-02

612
5.623413251903000e-02
5.623413251903000e-02

613
5.623413251903000e-02
5.623413251903000e-02

614
5.623413251903000e-02
5.623413251903000e-02

615
5.623413251903000e-02
5.623413251903000e-02

616
5.623413251903000e-02
5.623413251903000e-02

617
5.623413251903000e-02
5.623413251903000e-02

618
5.623413251903000e-02
5.623413251903000e-02

619
5.623413251903000e-02
5.623413251903000e-02

620
5.623413251903000e-02
5.623413251903000e-02

621
5.623413251903000e-02
5.623413251903000e-02

622
5.623413251903000e-02
5.623413251903000e-02

623
5.623413251903000e-02
5.623413251903000e-02

624
5.623413251903000e-02
5.623413251903000e-02

625
5.623413251903000e-02
5.623413251903000e-02

626
5.623413251903000e-02
5.623413251903000e-02

627
5.623413251903000e-02
5.623413251903000e-02

628
5.623413251903000e-02
5.623413251903000e-02

629
5.623413251903000e-02
5.623413251903000e-02

630
5.623413251903000e-02
5.623413251903000e-02

631
5.623413251903000e-02
5.623413251903000e-02

632
5.623413251903000e-02
5.623413251903000e-02

633
5.623413251903000e-02
5.623413251903000e-02

634
5.623413251903000e-02
5.623413251903000e-02

635
5.623413251903000e-02
5.623413251903000e-02

636
5.623413251903000e-02
5.623413251903000e-02

637
5.623413251903000e-02
5.623413251903000e-02

638
5.623413251903000e-02
5.623413251903000e-02

639
5.623413251903000e-02
5.623413251903000e-02

640
5.623413251903000e-02
5.623413251903000e-02

641
5.623413251903000e-02
5.623413251903000e-02

642
5.623413251903000e-02
5.623413251903000e-02

643
5.623413251903000e-02
5.623413251903000e-02

644
5.623413251903000e-02
5.623413251903000e-02

645
5.623413251903000e-02
5.623413251903000e-02

646
5.623413251903000e-02
5.623413251903000e-02

647
5.623413251903000e-02
5.623413251903000e-02

648
5.623413251903000e-02
5.623413251903000e-02

649
5.623413251903000e-02
5.623413251903000e-02

650
5.623413251903000e-02
5.623413251903000e-02

651
5.623413251903000e-02
5.623413251903000e-02

652
5.623413251903000e-02
5.623413251903000e-02

653
5.623413251903000e-02
5.623413251903000e-02

654
5.623413251903000e-02
5.623413251903000e-02

655
5.623413251903000e-02
5.623413251903000e-02

656
5.623413251903000e-02
5.623413251903000e-02

657
5.623413251903000e-02
5.623413251903000e-02

658
5.623413251903000e-02
5.623413251903000e-02

659
5.623413251903000e-02
5.623413251903000e-02

660
5.623413251903000e-02
5.623413251903000e-02

661
5.623413251903000e-02
5.623413251903000e-02

662
5.623413251903000e-02
5.623413251903000e-02

663
5.623413251903000e-02
5.623413251903000e-02

664
5.623413251903000e-02
5.623413251903000e-02

665
5.623413251903000e-02
5.623413251903000e-02

666
5.623413251903000e-02
5.623413251903000e-02

667
5.623413251903000e-02
5.623413251903000e-02

668
5.623413251903000e-02
5.623413251903000e-02

669
5.623413251903000e-02
5.623413251903000e-02

670
5.623413251903000e-02
5.623413251903000e-02

671
5.623413251903000e-02
5.623413251903000e-02

672
5.623413251903000e-02
5.623413251903000e-02

673
5.623413251903000e-02
5.623413251903000e-02

674
5.623413251903000e-02
5.623413251903000e-02

675
5.623413251903000e-02
5.623413251903000e-02

676
5.623413251903000e-02
5.623413251903000e-02

677
5.623413251903000e-02
5.623413251903000e-02

678
5.623413251903000e-02
5.623413251903000e-02

679
5.623413251903000e-02
5.623413251903000e-02

680
5.623413251903000e-02
5.623413251903000e-02

681
5.623413251903000e-02
5.623413251903000e-02

682
5.623413251903000e-02
5.623413251903000e-02

683
5.623413251903000e-02
5.623413251903000e-02

684
5.623413251903000e-02
5.623413251903000e-02

685
5.623413251903000e-02
5.623413251903000e-02

686
5.623413251903000e-02
5.623413251903000e-02

687
5.623413251903000e-02
5.623413251903000e-02

688
5.623413251903000e-02
5.623413251903000e-02

689
5.623413251903000e-02
5.623413251903000e-02

690
5.623413251903000e-02
5.623413251903000e-02

691
5.623413251903000e-02
5.623413251903000e-02

692
5.623413251903000e-02
5.623413251903000e-02

693
5.623413251903000e-02
5.623413251903000e-02

694
5.623413251903000e-02
5.623413251903000e-02

695
5.623413251903000e-02
5.623413251903000e-02

696
5.623413251903000e-02
5.623413251903000e-02

697
5.623413251903000e-02
5.623413251903000e-02

698
5.623413251903000e-02
5.623413251903000e-02

699
5.623413251903000e-02
5.623413251903000e-02

700
5.623413251903000e-02
5.623413251903000e-02

701
5.623413251903000e-02
5.623413251903000e-02

702
5.623413251903000e-02
5.623413251903000e-02

703
5.623413251903000e-02
5.623413251903000e-02

704
5.623413251903000e-02
5.623413251903000e-02

705
5.623413251903000e-02
5.623413251903000e-02

706
5.623413251903000e-02
5.623413251903000e-02

707
5.623413251903000e-02
5.623413251903000e-02

708
5.623413251903000e-02
5.623413251903000e-02

709
5.623413251903000e-02
5.623413251903000e-02

710
5.623413251903000e-02
5.623413251903000e-02

711
5.623413251903000e-02
5.623413251903000e-02

712
5.623413251903000e-02
5.623413251903000e-02

713
5.623413251903000e-02
5.623413251903000e-02

714
5.623413251903000e-02
5.623413251903000e-02

715
5.623413251903000e-02
5.623413251903000e-02

716
5.623413251903000e-02
5.623413251903000e-02

717
5.623413251903000e-02
5.623413251903000e-02

718
5.623413251903000e-02
5.623413251903000e-02

719
5.623413251903000e-02
5.623413251903000e-02

720
5.623413251903000e-02
5.623413251903000e-02

721
5.623413251903000e-02
5.623413251903000e-02

722
5.623413251903000e-02
5.623413251903000e-02

723
5.623413251903000e-02
5.623413251903000e-02

724
5.623413251903000e-02
5.623413251903000e-02

725
5.623413251903000e-02
5.623413251903000e-02

726
5.623413251903000e-02
5.623413251903000e-02

727
5.623413251903000e-02
5.623413251903000e-02

728
5.623413251903000e-02
5.623413251903000e-02

729
5.623413251903000e-02
5.623413251903000e-02

730
5.623413251903000e-02
5.623413251903000e-02

731
5.623413251903000e-02
5.623413251903000e-02

732
5.623413251903000e-02
5.623413251903000e-02

733
5.623413251903000e-02
5.623413251903000e-02

734
5.623413251903000e-02
5.623413251903000e-02

735
5.623413251903000e-02
5.623413251903000e-02

736
5.623413251903000e-02
5.623413251903000e-02

737
5.623413251903000e-02
5.623413251903000e-02

738
5.623413251903000e-02
5.623413251903000e-02

739
5.623413251903000e-02
5.623413251903000e-02

740
5.623413251903000e-02
5.623413251903000e-02

741
5.623413251903000e-02
5.623413251903000e-02

742
5.623413251903000e-02
5.623413251903000e-02

743
5.623413251903000e-02
5.623413251903000e-02

744
5.623413251903000e-02
5.623413251903000e-02

745
5.623413251903000e-02
5.623413251903000e-02

746
5.623413251903000e-02
5.623413251903000e-02

747
5.623413251903000e-02
5.623413251903000e-02

748
5.623413251903000e-02
5.623413251903000e-02

749
5.623413251903000e-02
5.623413251903000e-02

750
5.623413251903000e-02
5.623413251903000e-02

751
5.623413251903000e-02
5.623413251903000e-02

752
5.623413251903000e-02
5.623413251903000e-02

753
5.623413251903000e-02
5.623413251903000e-02

754
5.623413251903000e-02
5.623413251903000e-02

755
5.623413251903000e-02
5.623413251903000e-02

756
5.623413251903000e-02
5.623413251903000e-02

757
5.623413251903000e-02
5.623413251903000e-02

758
5.623413251903000e-02
5.623413251903000e-02

759
5.623413251903000e-02
5.623413251903000e-02

760
5.623413251903000e-02
5.623413251903000e-02

761
5.623413251903000e-02
5.623413251903000e-02

762
5.623413251903000e-02
5.623413251903000e-02

763
5.623413251903000e-02
5.623413251903000e-02

764
5.623413251903000e-02
5.623413251903000e-02

765
5.623413251903000e-02
5.623413251903000e-02

766
5.623413251903000e-02
5.623413251903000e-02

767
5.623413251903000e-02
5.623413251903000e-02

768
5.623413251903000e-02
5.623413251903000e-02

769
5.623413251903000e-02
5.623413251903000e-02

770
5.623413251903000e-02
5.623413251903000e-02

771
5.623413251903000e-02
5.623413251903000e-02

772
5.623413251903000e-02
5.623413251903000e-02

773
5.623413251903000e-02
5.623413251903000e-02

774
5.623413251903000e-02
5.623413251903000e-02

775
5.623413251903000e-02
5.623413251903000e-02

776
5.623413251903000e-02
5.623413251903000e-02

777
5.623413251903000e-02
5.623413251903000e-02

778
5.623413251903000e-02
5.623413251903000e-02

779
5.623413251903000e-02
5.623413251903000e-02

780
5.623413251903000e-02
5.623413251903000e-02

781
5.623413251903000e-02
5.623413251903000e-02

782
5.623413251903000e-02
5.623413251903000e-02

783
5.623413251903000e-02
5.623413251903000e-02

784
5.623413251903000e-02
5.623413251903000e-02

785
5.623413251903000e-02
5.623413251903000e-02

786
5.623413251903000e-02
5.623413251903000e-02

787
5.623413251903000e-02
5.623413251903000e-02

788
5.623413251903000e-02
5.623413251903000e-02

789
5.623413251903000e-02
5.623413251903000e-02

790
5.623413251903000e-02
5.623413251903000e-02

791
5.623413251903000e-02
5.623413251903000e-02

792
5.623413251903000e-02
5.623413251903000e-02

793
5.623413251903000e-02
5.623413251903000e-02

794
5.623413251903000e-02
5.623413251903000e-02

795
5.623413251903000e-02
5.623413251903000e-02

796
5.623413251903000e-02
5.623413251903000e-02

797
5.623413251903000e-02
5.623413251903000e-02

798
5.623413251903000e-02
5.623413251903000e-02

799
5.623413251903000e-02
5.623413251903000e-02

800
5.623413251903000e-02
5.623413251903000e-02

801
5.623413251903000e-02
5.623413251903000e-02

802
5.623413251903000e-02
5.623413251903000e-02

803
5.623413251903000e-02
5.623413251903000e-02

804
5.623413251903000e-02
5.623413251903000e-02

805
5.623413251903000e-02
5.623413251903000e-02

806
5.623413251903000e-02
5.623413251903000e-02

807
5.623413251903000e-02
5.623413251903000e-02

808
5.623413251903000e-02
5.623413251903000e-02

809
5.623413251903000e-02
5.623413251903000e-02

810
5.623413251903000e-02
5.623413251903000e-02

811
5.623413251903000e-02
5.623413251903000e-02

812
5.623413251903000e-02
5.623413251903000e-02

813
5.623413251903000e-02
5.623413251903000e-02

814
5.623413251903000e-02
5.623413251903000e-02

815
5.623413251903000e-02
5.623413251903000e-02

816
5.623413251903000e-02
5.623413251903000e-02

817
5.623413251903000e-02
5.623413251903000e-02

818
5.623413251903000e-02
5.623413251903000e-02

819
5.623413251903000e-02
5.623413251903000e-02

820
5.623413251903000e-02
5.623413251903000e-02

821
5.623413251903000e-02
5.623413251903000e-02

822
5.623413251903000e-02
5.623413251903000e-02

823
5.623413251903000e-02
5.623413251903000e-02

824
5.623413251903000e-02
5.623413251903000e-02

825
5.623413251903000e-02
5.623413251903000e-02

826
5.623413251903000e-02
5.623413251903000e-02

827
5.623413251903000e-02
5.623413251903000e-02

828
5.623413251903000e-02
5.623413251903000e-02

829
5.623413251903000e-02
5.623413251903000e-02

830
5.623413251903000e-02
5.623413251903000e-02

831
5.623413251903000e-02
5.623413251903000e-02

832
5.623413251903000e-02
5.623413251903000e-02

833
5.623413251903000e-02
5.623413251903000e-02

834
5.623413251903000e-02
5.623413251903000e-02

835
5.623413251903000e-02
5.623413251903000e-02

836
5.623413251903000e-02
5.623413251903000e-02

837
5.623413251903000e-02
5.623413251903000e-02

838
5.623413251903000e-02
5.623413251903000e-02

839
5.623413251903000e-02
5.623413251903000e-02

840
5.623413251903000e-02
5.623413251903000e-02

841
5.623413251903000e-02
5.623413251903000e-02

842
5.623413251903000e-02
5.623413251903000e-02

843
5.623413251903000e-02
5.623413251903000e-02

844
5.623413251903000e-02
5.623413251903000e-02

845
5.623413251903000e-02
5.623413251903000e-02

846
5.623413251903000e-02
5.623413251903000e-02

847
5.623413251903000e-02
5.623413251903000e-02

848
5.623413251903000e-02
5.623413251903000e-02

849
5.623413251903000e-02
5.623413251903000e-02

850
5.623413251903000e-02
5.623413251903000e-02

851
5.623413251903000e-02
5.623413251903000e-02

852
5.623413251903000e-02
5.623413251903000e-02

853
5.623413251903000e-02
5.623413251903000e-02

854
5.623413251903000e-02
5.623413251903000e-02

855
5.623413251903000e-02
5.623413251903000e-02

856
5.623413251903000e-02
5.623413251903000e-02

857
5.623413251903000e-02
5.623413251903000e-02

858
5.623413251903000e-02
5.623413251903000e-02

859
5.623413251903000e-02
5.623413251903000e-02

860
5.623413251903000e-02
5.623413251903000e-02

861
5.623413251903000e-02
5.623413251903000e-02

862
5.623413251903000e-02
5.623413251903000e-02

863
5.623413251903000e-02
5.623413251903000e-02

864
5.623413251903000e-02
5.623413251903000e-02

865
5.623413251903000e-02
5.623413251903000e-02

866
5.623413251903000e-02
5.623413251903000e-02

867
5.623413251903000e-02
5.623413251903000e-02

868
5.623413251903000e-02
5.623413251903000e-02

869
5.623413251903000e-02
5.623413251903000e-02

870
5.623413251903000e-02
5.623413251903000e-02

871
5.623413251903000e-02
5.623413251903000e-02

872
5.623413251903000e-02
5.623413251903000e-02

873
5.623413251903000e-02
5.623413251903000e-02

874
5.623413251903000e-02
5.623413251903000e-02

875
5.623413251903000e-02
5.623413251903000e-02

876
5.623413251903000e-02
5.623413251903000e-02

877
5.623413251903000e-02
5.623413251903000e-02

878
5.623413251903000e-02
5.623413251903000e-02

879
5.623413251903000e-02
5.623413251903000e-02

880
5.623413251903000e-02
5.623413251903000e-02

881
5.623413251903000e-02
5.623413251903000e-02

882
5.623413251903000e-02
5.623413251903000e-02

883
5.623413251903000e-02
5.623413251903000e-02

884
5.623413251903000e-02
5.623413251903000e-02

885
5.623413251903000e-02
5.623413251903000e-02

886
5.623413251903000e-02
5.623413251903000e-02

887
5.623413251903000e-02
5.623413251903000e-02

888
5.623413251903000e-02
5.623413251903000e-02

889
5.623413251903000e-02
5.623413251903000e-02

890
5.623413251903000e-02
5.623413251903000e-02

891
5.623413251903000e-02
5.623413251903000e-02

892
5.623413251903000e-02
5.623413251903000e-02

893
5.623413251903000e-02
5.623413251903000e-02

894
5.623413251903000e-02
5.623413251903000e-02

895
5.623413251903000e-02
5.623413251903000e-02

896
5.623413251903000e-02
5.623413251903000e-02

897
5.623413251903000e-02
5.623413251903000e-02

898
5.623413251903000e-02
5.623413251903000e-02

899
5.623413251903000e-02
5.623413251903000e-02

900
5.623413251903000e-02
5.623413251903000e-02

901
5.623413251903000e-02
5.623413251903000e-02

902
5.623413251903000e-02
5.623413251903000e-02

903
5.623413251903000e-02
5.623413251903000e-02

904
5.623413251903000e-02
5.623413251903000e-02

905
5.623413251903000e-02
5.623413251903000e-02

906
5.623413251903000e-02
5.623413251903000e-02

907
5.623413251903000e-02
5.623413251903000e-02

908
5.623413251903000e-02
5.623413251903000e-02

909
5.623413251903000e-02
5.623413251903000e-02

910
5.623413251903000e-02
5.623413251903000e-02

911
5.623413251903000e-02
5.623413251903000e-02

912
5.623413251903000e-02
5.623413251903000e-02

913
5.623413251903000e-02
5.623413251903000e-02

914
5.623413251903000e-02
5.623413251903000e-02

915
5.623413251903000e-02
5.623413251903000e-02

916
5.623413251903000e-02
5.623413251903000e-02

917
5.623413251903000e-02
5.623413251903000e-02

918
5.623413251903000e-02
5.623413251903000e-02

919
5.623413251903000e-02
5.623413251903000e-02

920
5.623413251903000e-02
5.623413251903000e-02

921
5.623413251903000e-02
5.623413251903000e-02

922
5.623413251903000e-02
5.623413251903000e-02

923
5.623413251903000e-02
5.623413251903000e-02

924
5.623413251903000e-02
5.623413251903000e-02

925
5.623413251903000e-02
5.623413251903000e-02

926
5.623413251903000e-02
5.623413251903000e-02

927
5.623413251903000e-02
5.623413251903000e-02

928
5.623413251903000e-02
5.623413251903000e-02

929
5.623413251903000e-02
5.623413251903000e-02

930
5.623413251903000e-02
5.623413251903000e-02

931
5.623413251903000e-02
5.623413251903000e-02

932
5.623413251903000e-02
5.623413251903000e-02

933
5.623413251903000e-02
5.623413251903000e-02

934
5.623413251903000e-02
5.623413251903000e-02

935
5.623413251903000e-02
5.623413251903000e-02

936
5.623413251903000e-02
5.623413251903000e-02

937
5.623413251903000e-02
5.623413251903000e-02

938
5.623413251903000e-02
5.623413251903000e-02

939
5.623413251903000e-02
5.623413251903000e-02

940
5.623413251903000e-02
5.623413251903000e-02

941
5.623413251903000e-02
5.623413251903000e-02

942
5.623413251903000e-02
5.623413251903000e-02

943
5.623413251903000e-02
5.623413251903000e-02

944
5.623413251903000e-02
5.623413251903000e-02

945
5.623413251903000e-02
5.623413251903000e-02

946
5.623413251903000e-02
5.623413251903000e-02

947
5.623413251903000e-02
5.623413251903000e-02

948
5.623413251903000e-02
5.623413251903000e-02

949
5.623413251903000e-02
5.623413251903000e-02

950
5.623413251903000e-02
5.623413251903000e-02

951
5.623413251903000e-02
5.623413251903000e-02

952
5.623413251903000e-02
5.623413251903000e-02

953
5.623413251903000e-02
5.623413251903000e-02

954
5.623413251903000e-02
5.623413251903000e-02

955
5.623413251903000e-02
5.623413251903000e-02

956
5.623413251903000e-02
5.623413251903000e-02

957
5.623413251903000e-02
5.623413251903000e-02

958
5.623413251903000e-02
5.623413251903000e-02

959
5.623413251903000e-02
5.623413251903000e-02

960
5.623413251903000e-02
5.623413251903000e-02

961
5.623413251903000e-02
5.623413251903000e-02

962
5.623413251903000e-02
5.623413251903000e-02

963
5.623413251903000e-02
5.623413251903000e-02

964
5.623413251903000e-02
5.623413251903000e-02

965
5.623413251903000e-02
5.623413251903000e-02

966
5.623413251903000e-02
5.623413251903000e-02

967
5.623413251903000e-02
5.623413251903000e-02

968
5.623413251903000e-02
5.623413251903000e-02

969
5.623413251903000e-02
5.623413251903000e-02

970
5.623413251903000e-02
5.623413251903000e-02

971
5.623413251903000e-02
5.623413251903000e-02

972
5.623413251903000e-02
5.623413251903000e-02

973
5.623413251903000e-02
5.623413251903000e-02

974
5.623413251903000e-02
5.623413251903000e-02

975
5.623413251903000e-02
5.623413251903000e-02

976
5.623413251903000e-02
5.623413251903000e-02

977
5.623413251903000e-02
5.623413251903000e-02

978
5.623413251903000e-02
5.623413251903000e-02

979
5.623413251903000e-02
5.623413251903000e-02

980
5.623413251903000e-02
5.623413251903000e-02

981
5.623413251903000e-02
5.623413251903000e-02

982
5.623413251903000e-02
5.623413251903000e-02

983
5.623413251903000e-02
5.623413251903000e-02

984
5.623413251903000e-02
5.623413251903000e-02

985
5.623413251903000e-02
5.623413251903000e-02

986
5.623413251903000e-02
5.623413251903000e-02

987
5.623413251903000e-02
5.623413251903000e-02

988
5.623413251903000e-02
5.623413251903000e-02

989
5.623413251903000e-02
5.623413251903000e-02

990
5.623413251903000e-02
5.623413251903000e-02

991
5.623413251903000e-02
5.623413251903000e-02

992
5.623413251903000e-02
5.623413251903000e-02

993
5.623413251903000e-02
5.623413251903000e-02

994
5.623413251903000e-02
5.623413251903000e-02

995
5.623413251903000e-02
5.623413251903000e-02

996
5.623413251903000e-02
5.623413251903000e-02

997
5.623413251903000e-02
5.623413251903000e-02

998
5.623413251903000e-02
5.623413251903000e-02

999
5.623413251903000e-02
5.623413251903000e-02

1000
5.623413251903000e-02
5.623413251903000e-02

1001
5.623413251903000e-02
5.623413251903000e-02

1002
5.623413251903000e-02
5.623413251903000e-02

1003
5.623413251903000e-02
5.623413251903000e-02

1004
5.623413251903000e-02
5.623413251903000e-02

1005
5.623413251903000e-02
5.623413251903000e-02

1006
5.623413251903000e-02
5.623413251903000e-02

1007
5.623413251903000e-02
5.623413251903000e-02

1008
5.623413251903000e-02
5.623413251903000e-02

1009
5.623413251903000e-02
5.623413251903000e-02

1010
5.623413251903000e-02
5.623413251903000e-02

1011
5.623413251903000e-02
5.623413251903000e-02

1012
5.623413251903000e-02
5.623413251903000e-02

1013
5.623413251903000e-02
5.623413251903000e-02

1014
5.623413251903000e-02
5.623413251903000e-02

1015
5.623413251903000e-02
5.623413251903000e-02

1016
5.623413251903000e-02
5.623413251903000e-02

1017
5.623413251903000e-02
5.623413251903000e-02

1018
5.623413251903000e-02
5.623413251903000e-02

1019
5.623413251903000e-02
5.623413251903000e-02

1020
5.623413251903000e-02
5.623413251903000e-02

1021
5.623413251903000e-02
5.623413251903000e-02

1022
5.623413251903000e-02
5.623413251903000e-02

1023
5.623413251903000e-02
5.623413251903000e-02

1024
5.623413251903000e-02
5.623413251903000e-02

1025
5.623413251903000e-02
5.623413251903000e-02

1026
5.623413251903000e-02
5.623413251903000e-02

1027
5.623413251903000e-02
5.623413251903000e-02

1028
5.623413251903000e-02
5.623413251903000e-02

1029
5.623413251903000e-02
5.623413251903000e-02

1030
5.623413251903000e-02
5.623413251903000e-02

1031
5.623413251903000e-02
5.623413251903000e-02

1032
5.623413251903000e-02
5.623413251903000e-02

1033
5.623413251903000e-02
5.623413251903000e-02

1034
5.623413251903000e-02
5.623413251903000e-02

1035
5.623413251903000e-02
5.623413251903000e-02

1036
5.623413251903000e-02
5.623413251903000e-02

1037
5.623413251903000e-02
5.623413251903000e-02

1038
5.623413251903000e-02
5.623413251903000e-02

1039
5.623413251903000e-02
5.623413251903000e-02

1040
5.623413251903000e-02
5.623413251903000e-02

1041
5.623413251903000e-02
5.623413251903000e-02

1042
5.623413251903000e-02
5.623413251903000e-02

1043
5.623413251903000e-02
5.623413251903000e-02

1044
5.623413251903000e-02
5.623413251903000e-02

1045
5.623413251903000e-02
5.623413251903000e-02

1046
5.623413251903000e-02
5.623413251903000e-02

1047
5.623413251903000e-02
5.623413251903000e-02

1048
5.623413251903000e-02
5.623413251903000e-02

1049
5.623413251903000e-02
5.623413251903000e-02

1050
5.623413251903000e-02
5.623413251903000e-02

1051
5.623413251903000e-02
5.623413251903000e-02

1052
5.623413251903000e-02
5.623413251903000e-02

1053
5.623413251903000e-02
5.623413251903000e-02

1054
5.623413251903000e-02
5.623413251903000e-02

1055
5.623413251903000e-02
5.623413251903000e-02

1056
5.623413251903000e-02
5.623413251903000e-02

1057
5.623413251903000e-02
5.623413251903000e-02

1058
5.623413251903000e-02
5.623413251903000e-02

1059
5.623413251903000e-02
5.623413251903000e-02

1060
5.623413251903000e-02
5.623413251903000e-02

1061
5.623413251903000e-02
5.623413251903000e-02

1062
5.623413251903000e-02
5.623413251903000e-02

1063
5.623413251903000e-02
5.623413251903000e-02

1064
5.623413251903000e-02
5.623413251903000e-02

1065
5.623413251903000e-02
5.623413251903000e-02

1066
5.623413251903000e-02
5.623413251903000e-02

1067
5.623413251903000e-02
5.623413251903000e-02

1068
5.623413251903000e-02
5.623413251903000e-02

1069
5.623413251903000e-02
5.623413251903000e-02

1070
5.623413251903000e-02
5.623413251903000e-02

1071
5.623413251903000e-02
5.623413251903000e-02

1072
5.623413251903000e-02
5.623413251903000e-02

1073
5.623413251903000e-02
5.623413251903000e-02

1074
5.623413251903000e-02
5.623413251903000e-02

1075
5.623413251903000e-02
5.623413251903000e-02

1076
5.623413251903000e-02
5.623413251903000e-02

1077
5.623413251903000e-02
5.623413251903000e-02

1078
5.623413251903000e-02
5.623413251903000e-02

1079
5.623413251903000e-02
5.623413251903000e-02

1080
5.623413251903000e-02
5.623413251903000e-02

1081
5.623413251903000e-02
5.623413251903000e-02

1082
5.623413251903000e-02
5.623413251903000e-02

1083
5.623413251903000e-02
5.623413251903000e-02

1084
5.623413251903000e-02
5.623413251903000e-02

1085
5.623413251903000e-02
5.623413251903000e-02

1086
5.623413251903000e-02
5.623413251903000e-02

1087
5.623413251903000e-02
5.623413251903000e-02

1088
5.623413251903000e-02
5.623413251903000e-02

1089
5.623413251903000e-02
5.623413251903000e-02

1090
5.623413251903000e-02
5.623413251903000e-02

1091
5.623413251903000e-02
5.623413251903000e-02

1092
5.623413251903000e-02
5.623413251903000e-02

1093
5.623413251903000e-02
5.623413251903000e-02

1094
5.623413251903000e-02
5.623413251903000e-02

1095
5.623413251903000e-02
5.623413251903000e-02

1096
5.623413251903000e-02
5.623413251903000e-02

1097
5.623413251903000e-02
5.623413251903000e-02

1098
5.623413251903000e-02
5.623413251903000e-02

1099
5.623413251903000e-02
5.623413251903000e-02

1100
5.623413251903000e-02
5.623413251903000e-02

1101
5.623413251903000e-02
5.623413251903000e-02

1102
5.623413251903000e-02
5.623413251903000e-02

1103
5.623413251903000e-02
5.623413251903000e-02

1104
5.623413251903000e-02
5.623413251903000e-02

1105
5.623413251903000e-02
5.623413251903000e-02

1106
5.623413251903000e-02
5.623413251903000e-02

1107
5.623413251903000e-02
5.623413251903000e-02

1108
5.623413251903000e-02
5.623413251903000e-02

1109
5.623413251903000e-02
5.623413251903000e-02

1110
5.623413251903000e-02
5.623413251903000e-02

1111
5.623413251903000e-02
5.623413251903000e-02

1112
5.623413251903000e-02
5.623413251903000e-02

1113
5.623413251903000e-02
5.623413251903000e-02

1114
5.623413251903000e-02
5.623413251903000e-02

1115
5.623413251903000e-02
5.623413251903000e-02

1116
5.623413251903000e-02
5.623413251903000e-02

1117
5.623413251903000e-02
5.623413251903000e-02

1118
5.623413251903000e-02
5.623413251903000e-02

1119
5.623413251903000e-02
5.623413251903000e-02

1120
5.623413251903000e-02
5.623413251903000e-02

1121
5.623413251903000e-02
5.623413251903000e-02

1122
5.623413251903000e-02
5.623413251903000e-02

1123
5.623413251903000e-02
5.623413251903000e-02

1124
5.623413251903000e-02
5.623413251903000e-02

1125
5.623413251903000e-02
5.623413251903000e-02

1126
5.623413251903000e-02
5.623413251903000e-02

1127
5.623413251903000e-02
5.623413251903000e-02

1128
5.623413251903000e-02
5.623413251903000e-02

1129
5.623413251903000e-02
5.623413251903000e-02

1130
5.623413251903000e-02
5.623413251903000e-02

1131
5.623413251903000e-02
5.623413251903000e-02

1132
5.623413251903000e-02
5.623413251903000e-02

1133
5.623413251903000e-02
5.623413251903000e-02

1134
5.623413251903000e-02
5.623413251903000e-02

1135
5.623413251903000e-02
5.623413251903000e-02

1136
5.623413251903000e-02
5.623413251903000e-02

1137
5.623413251903000e-02
5.623413251903000e-02

1138
5.623413251903000e-02
5.623413251903000e-02

1139
5.623413251903000e-02
5.623413251903000e-02

1140
5.623413251903000e-02
5.623413251903000e-02

1141
5.623413251903000e-02
5.623413251903000e-02

1142
5.623413251903000e-02
5.623413251903000e-02

1143
5.623413251903000e-02
5.623413251903000e-02

1144
5.623413251903000e-02
5.623413251903000e-02

1145
5.623413251903000e-02
5.623413251903000e-02

1146
5.623413251903000e-02
5.623413251903000e-02

1147
5.623413251903000e-02
5.623413251903000e-02

1148
5.623413251903000e-02
5.623413251903000e-02

1149
5.623413251903000e-02
5.623413251903000e-02

1150
5.623413251903000e-02
5.623413251903000e-02

1151
5.623413251903000e-02
5.623413251903000e-02

1152
5.623413251903000e-02
5.623413251903000e-02

1153
5.623413251903000e-02
5.623413251903000e-02

1154
5.623413251903000e-02
5.623413251903000e-02

1155
5.623413251903000e-02
5.623413251903000e-02

1156
5.623413251903000e-02
5.623413251903000e-02

1157
5.623413251903000e-02
5.623413251903000e-02

1158
5.623413251903000e-02
5.623413251903000e-02

1159
5.623413251903000e-02
5.623413251903000e-02

1160
5.623413251903000e-02
5.623413251903000e-02

1161
5.623413251903000e-02
5.623413251903000e-02

1162
5.623413251903000e-02
5.623413251903000e-02

1163
5.623413251903000e-02
5.623413251903000e-02

1164
5.623413251903000e-02
5.623413251903000e-02

1165
5.623413251903000e-02
5.623413251903000e-02

1166
5.623413251903000e-02
5.623413251903000e-02

1167
5.623413251903000e-02
5.623413251903000e-02

1168
5.623413251903000e-02
5.623413251903000e-02

1169
5.623413251903000e-02
5.623413251903000e-02

1170
5.623413251903000e-02
5.623413251903000e-02

1171
5.623413251903000e-02
5.623413251903000e-02

1172
5.623413251903000e-02
5.623413251903000e-02

1173
5.623413251903000e-02
5.623413251903000e-02

1174
5.623413251903000e-02
5.623413251903000e-02

1175
5.623413251903000e-02
5.623413251903000e-02

1176
5.623413251903000e-02
5.623413251903000e-02

1177
5.623413251903000e-02
5.623413251903000e-02

1178
5.623413251903000e-02
5.623413251903000e-02

1179
5.623413251903000e-02
5.623413251903000e-02

1180
5.623413251903000e-02
5.623413251903000e-02

1181
5.623413251903000e-02
5.623413251903000e-02

1182
5.623413251903000e-02
5.623413251903000e-02

1183
5.623413251903000e-02
5.623413251903000e-02

1184
5.623413251903000e-02
5.623413251903000e-02

1185
5.623413251903000e-02
5.623413251903000e-02

1186
5.623413251903000e-02
5.623413251903000e-02

1187
5.623413251903000e-02
5.623413251903000e-02

1188
5.623413251903000e-02
5.623413251903000e-02

1189
5.623413251903000e-02
5.623413251903000e-02

1190
5.623413251903000e-02
5.623413251903000e-02

1191
5.623413251903000e-02
5.623413251903000e-02

1192
5.623413251903000e-02
5.623413251903000e-02

1193
5.623413251903000e-02
5.623413251903000e-02

1194
5.623413251903000e-02
5.623413251903000e-02

1195
5.623413251903000e-02
5.623413251903000e-02

1196
5.623413251903000e-02
5.623413251903000e-02

1197
5.623413251903000e-02
5.623413251903000e-02

1198
5.623413251903000e-02
5.623413251903000e-02

1199
5.623413251903000e-02
5.623413251903000e-02

1200
5.623413251903000e-02
5.623413251903000e-02

1201
5.623413251903000e-02
5.623413251903000e-02

1202
5.623413251903000e-02
5.623413251903000e-02

1203
5.623413251903000e-02
5.623413251903000e-02

1204
5.623413251903000e-02
5.623413251903000e-02

1205
5.623413251903000e-02
5.623413251903000e-02

1206
5.623413251903000e-02
5.623413251903000e-02

1207
5.623413251903000e-02
5.623413251903000e-02

1208
5.623413251903000e-02
5.623413251903000e-02

1209
5.623413251903000e-02
5.623413251903000e-02

1210
5.623413251903000e-02
5.623413251903000e-02

1211
5.623413251903000e-02
5.623413251903000e-02

1212
5.623413251903000e-02
5.623413251903000e-02

1213
5.623413251903000e-02
5.623413251903000e-02

1214
5.623413251903000e-02
5.623413251903000e-02

1215
5.623413251903000e-02
5.623413251903000e-02

1216
5.623413251903000e-02
5.623413251903000e-02

1217
5.623413251903000e-02
5.623413251903000e-02

1218
5.623413251903000e-02
5.623413251903000e-02

1219
5.623413251903000e-02
5.623413251903000e-02

1220
5.623413251903000e-02
5.623413251903000e-02

1221
5.623413251903000e-02
5.623413251903000e-02

1222
5.623413251903000e-02
5.623413251903000e-02

1223
5.623413251903000e-02
5.623413251903000e-02

1224
5.623413251903000e-02
5.623413251903000e-02

1225
5.623413251903000e-02
5.623413251903000e-02

1226
5.623413251903000e-02
5.623413251903000e-02

1227
5.623413251903000e-02
5.623413251903000e-02

1228
5.623413251903000e-02
5.623413251903000e-02

1229
5.623413251903000e-02
5.623413251903000e-02

1230
5.623413251903000e-02
5.623413251903000e-02

1231
5.623413251903000e-02
5.623413251903000e-02

1232
5.623413251903000e-02
5.623413251903000e-02

1233
5.623413251903000e-02
5.623413251903000e-02

1234
5.623413251903000e-02
5.623413251903000e-02

1235
5.623413251903000e-02
5.623413251903000e-02

1236
5.623413251903000e-02
5.623413251903000e-02

1237
5.623413251903000e-02
5.623413251903000e-02

1238
5.623413251903000e-02
5.623413251903000e-02

1239
5.623413251903000e-02
5.623413251903000e-02

1240
5.623413251903000e-02
5.623413251903000e-02

1241
5.623413251903000e-02
5.623413251903000e-02

1242
5.623413251903000e-02
5.623413251903000e-02

1243
5.623413251903000e-02
5.623413251903000e-02

1244
5.623413251903000e-02
5.623413251903000e-02

1245
5.623413251903000e-02
5.623413251903000e-02

1246
5.623413251903000e-02
5.623413251903000e-02

1247
5.623413251903000e-02
5.623413251903000e-02

1248
5.623413251903000e-02
5.623413251903000e-02

1249
5.623413251903000e-02
5.623413251903000e-02

1250
5.623413251903000e-02
5.623413251903000e-02

1251
5.623413251903000e-02
5.623413251903000e-02

1252
5.623413251903000e-02
5.623413251903000e-02

1253
5.623413251903000e-02
5.623413251903000e-02

1254
5.623413251903000e-02
5.623413251903000e-02

1255
5.623413251903000e-02
5.623413251903000e-02

1256
5.623413251903000e-02
5.623413251903000e-02

1257
5.623413251903000e-02
5.623413251903000e-02

1258
5.623413251903000e-02
5.623413251903000e-02

1259
5.623413251903000e-02
5.623413251903000e-02

1260
5.623413251903000e-02
5.623413251903000e-02

1261
5.623413251903000e-02
5.623413251903000e-02

1262
5.623413251903000e-02
5.623413251903000e-02

1263
5.623413251903000e-02
5.623413251903000e-02

1264
5.623413251903000e-02
5.623413251903000e-02

1265
5.623413251903000e-02
5.623413251903000e-02

1266
5.623413251903000e-02
5.623413251903000e-02

1267
5.623413251903000e-02
5.623413251903000e-02

1268
5.623413251903000e-02
5.623413251903000e-02

1269
5.623413251903000e-02
5.623413251902940e-02

1270
5.623413251902832e-02
5.623413251901566e-02

1271
5.623413251899170e-02
5.623413251870884e-02

1272
5.623413251819191e-02
5.623413251202388e-02

1273
5.623413250121283e-02
5.623413237049894e-02

1274
5.623413215268239e-02
5.623412947549064e-02

1275
5.623412528369778e-02
5.623407267482770e-02

1276
5.623399659597342e-02
5.623301492803711e-02

1277
5.623173833411253e-02
5.621460642187052e-02

1278
5.619534491951524e-02
5.592016547492745e-02

1279
5.563806356670579e-02
5.101570540188458e-02

