#Cell  Group   Direction 
# Element_0
# Element_1
# Element_2
# Element_3
    0  0  0
1.822124410285591e-01
1.804452454552644e-01
1.775898049587657e-01
1.758223840605546e-01

    0  0  1
1.732050821900322e+00
1.728963046716261e+00
1.723935886182772e+00
1.720809069538920e+00

    1  0  0
1.758217793005474e-01
1.740471042508520e-01
1.711628804816256e-01
1.693744737139934e-01

    1  0  1
1.720809075154195e+00
1.717666550891109e+00
1.712547467152963e+00
1.709361684757533e+00

    2  0  0
1.693755720299432e-01
1.675905339474134e-01
1.647118422159013e-01
1.629407774863570e-01

    2  0  1
1.709361690056711e+00
1.706158488557538e+00
1.700937391099882e+00
1.697686077552404e+00

    3  0  0
1.629396108887687e-01
1.611676240595571e-01
1.582929363212252e-01
1.565066165129175e-01

    3  0  1
1.697686076024011e+00
1.694415357219295e+00
1.689080568654232e+00
1.685756115875595e+00

    4  0  0
1.565072739372569e-01
1.547163133277978e-01
1.518151810063332e-01
1.500260078201605e-01

    4  0  1
1.685756126394884e+00
1.682409957552969e+00
1.676947994916907e+00
1.673541613203054e+00

    5  0  0
1.500262767509600e-01
1.482434547429394e-01
1.453672824256271e-01
1.435909181498883e-01

    5  0  1
1.673541625832134e+00
1.670110850272567e+00
1.664506061023118e+00
1.661007552354531e+00

    6  0  0
1.435899287730240e-01
1.418073087776082e-01
1.389105577907064e-01
1.371127566359965e-01

    6  0  1
1.661007539725511e+00
1.657481578105288e+00
1.651715824747049e+00
1.648113370295827e+00

    7  0  0
1.371138631032862e-01
1.353177359646660e-01
1.324205312109864e-01
1.306400227183304e-01

    7  0  1
1.648113388985232e+00
1.644479868620826e+00
1.638532166135504e+00
1.634812050180194e+00

    8  0  0
1.306391248933081e-01
1.288611750802084e-01
1.259824043933463e-01
1.241959380024426e-01

    8  0  1
1.634812074760022e+00
1.631056688805896e+00
1.624902506518374e+00
1.621048717489106e+00

    9  0  0
1.241963134851365e-01
1.224047605304657e-01
1.194999388588603e-01
1.177056174887006e-01

    9  0  1
1.621048744667110e+00
1.617154809294979e+00
1.610765587896127e+00
1.606759457157110e+00

   10  0  0
1.177063142096143e-01
1.159194202080131e-01
1.130423630404601e-01
1.112713390085984e-01

   10  0  1
1.606759489938835e+00
1.602707510401090e+00
1.596049861430419e+00
1.591869537332316e+00

   11  0  0
1.112698130991301e-01
1.094945650022884e-01
1.066129510914077e-01
1.048246855431138e-01

   11  0  1
1.591869577477391e+00
1.587636713017316e+00
1.580671464976395e+00
1.576291277345459e+00

   12  0  0
1.048257062059675e-01
1.030371603338611e-01
1.001496544234047e-01
9.837554934389434e-02

   12  0  1
1.576291327059784e+00
1.571850717218711e+00
1.564531733364684e+00
1.559921399152879e+00

   13  0  0
9.837551904698577e-02
9.660969833190082e-02
9.375957236611354e-02
9.199525921392894e-02

   13  0  1
1.559921460549685e+00
1.555241378749168e+00
1.547514068961016e+00
1.542637693212336e+00

   14  0  0
9.199513971440303e-02
9.022699513869500e-02
8.736074326808106e-02
8.558821635654514e-02

   14  0  1
1.542637770908684e+00
1.537680553784678e+00
1.529479986131704e+00
1.524294778748253e+00

   15  0  0
8.558873183742606e-02
8.382201270871044e-02
8.098325175203788e-02
7.924465431209936e-02

   15  0  1
1.524294877435565e+00
1.519015547411951e+00
1.510263984785044e+00
1.504718586639877e+00

   16  0  0
7.924276647287844e-02
7.750402932962036e-02
7.468795977779037e-02
7.294280652342282e-02

   16  0  1
1.504718714114557e+00
1.499063173896834e+00
1.489666861654012e+00
1.483699148798528e+00

   17  0  0
7.294432950379841e-02
7.120071803463855e-02
6.838300114424409e-02
6.664831917856533e-02

   17  0  1
1.483699316584966e+00
1.477601969686488e+00
1.467446840935697e+00
1.460980955901833e+00

   18  0  0
6.664965358760724e-02
6.493105169849911e-02
6.217345485418182e-02
6.047604454556884e-02

   18  0  1
1.460981179921311e+00
1.454361692337662e+00
1.443307494739942e+00
1.436249777324951e+00

   19  0  0
6.047403853472402e-02
5.877305365988236e-02
5.602387476900852e-02
5.432937135619315e-02

   19  0  1
1.436250085218664e+00
1.429008925553190e+00
1.416881092948066e+00
1.409114377935346e+00

   20  0  0
5.432881032190440e-02
5.263536790238139e-02
4.991597678586531e-02
4.825966595093287e-02

   20  0  1
1.409114811778567e+00
1.401126944407576e+00
1.387704914396767e+00
1.379080255140904e+00

   21  0  0
4.825986036442758e-02
4.661766381868077e-02
4.397005030403565e-02
4.233033913275839e-02

   21  0  1
1.379080886148912e+00
1.370186544989622e+00
1.355186569229495e+00
1.345510930569657e+00

   22  0  0
4.233335784712968e-02
4.070648170066537e-02
3.808821082300755e-02
3.647501810810951e-02

   22  0  1
1.345511886159773e+00
1.335502708826559e+00
1.318551599663002e+00
1.307568720214666e+00

   23  0  0
3.647481565658976e-02
3.487719106972727e-02
3.234336929013092e-02
3.081295291460157e-02

   23  0  1
1.307570249236052e+00
1.296167391954509e+00
1.276760471107174e+00
1.264119723205437e+00

   24  0  0
3.080685392258346e-02
2.927003675787295e-02
2.679878020278510e-02
2.529214348786783e-02

   24  0  1
1.264122334066860e+00
1.250940341070741e+00
1.228370569776210e+00
1.213573164541197e+00

   25  0  0
2.529432044330875e-02
2.380185861362044e-02
2.140649866157199e-02
1.994408444079709e-02

   25  0  1
1.213578040719591e+00
1.198060918635731e+00
1.171290377709464e+00
1.153588785241928e+00

   26  0  0
1.995107225180601e-02
1.854168267623518e-02
1.632026771291100e-02
1.495816246951442e-02

   26  0  1
1.153599160816424e+00
1.134897037913990e+00
1.102301369962357e+00
1.080490893651101e+00

   27  0  0
1.495609446090321e-02
1.361172347586064e-02
1.150832297497187e-02
1.025909197932446e-02

   27  0  1
1.080518316174345e+00
1.057218203811270e+00
1.016009645908225e+00
9.879271055879351e-01

   28  0  0
1.024947860559447e-02
8.998652419542789e-03
7.065252809781464e-03
5.969408145620753e-03

   28  0  1
9.880300671698017e-01
9.574358064808051e-01
9.021116216954397e-01
8.630942444680204e-01

   29  0  0
5.968234499435831e-03
4.921285929221308e-03
3.304110431385458e-03
2.349307194030708e-03

   29  0  1
8.629958931943613e-01
8.194323260469868e-01
7.364011109219289e-01
6.701043208064357e-01

   30  0  0
2.363944545337906e-03
1.545543502443842e-03
4.787787411012143e-04
-5.897434105594644e-06

   30  0  1
5.998925462212412e-01
6.169569051727111e-01
3.858588043379285e-01
5.174517554615229e-02

   31  0  0
1.050729779658607e-05
5.019546876186767e-06
4.993215562121867e-06
5.006518908445764e-06

   31  0  1
6.979052809259104e-03
8.184003710312313e-05
-2.304986855363058e-05
4.711944964089699e-05

   32  0  0
5.003969938235118e-06
5.000003093309398e-06
4.999999562452980e-06
4.999997840298744e-06

   32  0  1
8.229916636019438e-06
5.034737186913459e-06
4.987138244541189e-06
5.019168016023264e-06

   33  0  0
5.000002644494247e-06
5.000000002337710e-06
4.999999999668972e-06
4.999999998371876e-06

   33  0  1
5.001449036016153e-06
5.000015328577256e-06
4.999994320959941e-06
5.000008475981892e-06

   34  0  0
5.000000001987423e-06
5.000000000000119e-06
4.999999999997990e-06
4.999999999996956e-06

   34  0  1
5.000000629610015e-06
5.000000006521322e-06
4.999999997579855e-06
5.000000003613954e-06

   35  0  0
4.999999999999834e-06
4.999999999998248e-06
4.999999999998256e-06
4.999999999998247e-06

   35  0  1
5.000000000261219e-06
5.000000000000911e-06
4.999999999997268e-06
4.999999999999728e-06

   36  0  0
4.999999999998254e-06
4.999999999998252e-06
4.999999999998254e-06
4.999999999998253e-06

   36  0  1
4.999999999998357e-06
4.999999999998255e-06
4.999999999998253e-06
4.999999999998253e-06

   37  0  0
4.999999999998254e-06
4.999999999998252e-06
4.999999999998254e-06
4.999999999998253e-06

   37  0  1
4.999999999998254e-06
4.999999999998254e-06
4.999999999998253e-06
4.999999999998253e-06

   38  0  0
4.999999999998254e-06
4.999999999998252e-06
4.999999999998254e-06
4.999999999998253e-06

   38  0  1
4.999999999998254e-06
4.999999999998254e-06
4.999999999998253e-06
4.999999999998253e-06

   39  0  0
4.999999999998254e-06
4.999999999998252e-06
4.999999999998254e-06
4.999999999998253e-06

   39  0  1
4.999999999998254e-06
4.999999999998254e-06
4.999999999998253e-06
4.999999999998253e-06

   40  0  0
4.999999999998254e-06
4.999999999998252e-06
4.999999999998254e-06
4.999999999998253e-06

   40  0  1
4.999999999998254e-06
4.999999999998254e-06
4.999999999998253e-06
4.999999999998253e-06

   41  0  0
4.999999999998254e-06
4.999999999998252e-06
4.999999999998254e-06
4.999999999998253e-06

   41  0  1
4.999999999998254e-06
4.999999999998254e-06
4.999999999998253e-06
4.999999999998253e-06

   42  0  0
4.999999999998254e-06
4.999999999998252e-06
4.999999999998254e-06
4.999999999998253e-06

   42  0  1
4.999999999998254e-06
4.999999999998254e-06
4.999999999998253e-06
4.999999999998253e-06

   43  0  0
4.999999999998254e-06
4.999999999998252e-06
4.999999999998254e-06
4.999999999998253e-06

   43  0  1
4.999999999998254e-06
4.999999999998254e-06
4.999999999998253e-06
4.999999999998253e-06

   44  0  0
4.999999999998254e-06
4.999999999998252e-06
4.999999999998254e-06
4.999999999998253e-06

   44  0  1
4.999999999998254e-06
4.999999999998254e-06
4.999999999998253e-06
4.999999999998253e-06

   45  0  0
4.999999999998254e-06
4.999999999998252e-06
4.999999999998254e-06
4.999999999998253e-06

   45  0  1
4.999999999998254e-06
4.999999999998254e-06
4.999999999998253e-06
4.999999999998253e-06

   46  0  0
4.999999999998254e-06
4.999999999998252e-06
4.999999999998254e-06
4.999999999998253e-06

   46  0  1
4.999999999998254e-06
4.999999999998254e-06
4.999999999998253e-06
4.999999999998253e-06

   47  0  0
4.999999999998254e-06
4.999999999998252e-06
4.999999999998254e-06
4.999999999998253e-06

   47  0  1
4.999999999998254e-06
4.999999999998254e-06
4.999999999998253e-06
4.999999999998253e-06

   48  0  0
4.999999999998254e-06
4.999999999998252e-06
4.999999999998254e-06
4.999999999998253e-06

   48  0  1
4.999999999998254e-06
4.999999999998254e-06
4.999999999998253e-06
4.999999999998253e-06

   49  0  0
4.999999999998254e-06
4.999999999998252e-06
4.999999999998254e-06
4.999999999998253e-06

   49  0  1
4.999999999998254e-06
4.999999999998254e-06
4.999999999998253e-06
4.999999999998253e-06

   50  0  0
4.999999999998254e-06
4.999999999998252e-06
4.999999999998254e-06
4.999999999998253e-06

   50  0  1
4.999999999998254e-06
4.999999999998254e-06
4.999999999998253e-06
4.999999999998253e-06

   51  0  0
4.999999999998254e-06
4.999999999998252e-06
4.999999999998254e-06
4.999999999998253e-06

   51  0  1
4.999999999998254e-06
4.999999999998254e-06
4.999999999998253e-06
4.999999999998253e-06

   52  0  0
4.999999999998254e-06
4.999999999998252e-06
4.999999999998254e-06
4.999999999998253e-06

   52  0  1
4.999999999998254e-06
4.999999999998254e-06
4.999999999998253e-06
4.999999999998253e-06

   53  0  0
4.999999999998254e-06
4.999999999998252e-06
4.999999999998254e-06
4.999999999998253e-06

   53  0  1
4.999999999998254e-06
4.999999999998254e-06
4.999999999998253e-06
4.999999999998253e-06

   54  0  0
4.999999999998254e-06
4.999999999998252e-06
4.999999999998254e-06
4.999999999998253e-06

   54  0  1
4.999999999998254e-06
4.999999999998254e-06
4.999999999998253e-06
4.999999999998253e-06

   55  0  0
4.999999999998254e-06
4.999999999998252e-06
4.999999999998254e-06
4.999999999998253e-06

   55  0  1
4.999999999998254e-06
4.999999999998254e-06
4.999999999998253e-06
4.999999999998253e-06

   56  0  0
4.999999999998254e-06
4.999999999998252e-06
4.999999999998254e-06
4.999999999998253e-06

   56  0  1
4.999999999998254e-06
4.999999999998254e-06
4.999999999998253e-06
4.999999999998253e-06

   57  0  0
4.999999999998254e-06
4.999999999998252e-06
4.999999999998254e-06
4.999999999998253e-06

   57  0  1
4.999999999998254e-06
4.999999999998254e-06
4.999999999998253e-06
4.999999999998253e-06

   58  0  0
4.999999999998254e-06
4.999999999998252e-06
4.999999999998254e-06
4.999999999998253e-06

   58  0  1
4.999999999998254e-06
4.999999999998254e-06
4.999999999998253e-06
4.999999999998253e-06

   59  0  0
4.999999999998254e-06
4.999999999998252e-06
4.999999999998254e-06
4.999999999998253e-06

   59  0  1
4.999999999998254e-06
4.999999999998254e-06
4.999999999998253e-06
4.999999999998253e-06

   60  0  0
4.999999999998254e-06
4.999999999998252e-06
4.999999999998254e-06
4.999999999998253e-06

   60  0  1
4.999999999998254e-06
4.999999999998254e-06
4.999999999998253e-06
4.999999999998253e-06

   61  0  0
4.999999999998254e-06
4.999999999998252e-06
4.999999999998254e-06
4.999999999998253e-06

   61  0  1
4.999999999998254e-06
4.999999999998254e-06
4.999999999998253e-06
4.999999999998253e-06

   62  0  0
4.999999999998254e-06
4.999999999998252e-06
4.999999999998254e-06
4.999999999998253e-06

   62  0  1
4.999999999998254e-06
4.999999999998254e-06
4.999999999998253e-06
4.999999999998253e-06

   63  0  0
4.999999999998254e-06
4.999999999998252e-06
4.999999999998254e-06
4.999999999998253e-06

   63  0  1
4.999999999998254e-06
4.999999999998254e-06
4.999999999998253e-06
4.999999999998253e-06

   64  0  0
4.999999999998254e-06
4.999999999998252e-06
4.999999999998254e-06
4.999999999998253e-06

   64  0  1
4.999999999998254e-06
4.999999999998254e-06
4.999999999998253e-06
4.999999999998253e-06

   65  0  0
4.999999999998254e-06
4.999999999998252e-06
4.999999999998254e-06
4.999999999998253e-06

   65  0  1
4.999999999998254e-06
4.999999999998254e-06
4.999999999998253e-06
4.999999999998253e-06

   66  0  0
4.999999999998254e-06
4.999999999998252e-06
4.999999999998254e-06
4.999999999998253e-06

   66  0  1
4.999999999998254e-06
4.999999999998254e-06
4.999999999998253e-06
4.999999999998253e-06

   67  0  0
4.999999999998254e-06
4.999999999998252e-06
4.999999999998254e-06
4.999999999998253e-06

   67  0  1
4.999999999998254e-06
4.999999999998254e-06
4.999999999998253e-06
4.999999999998253e-06

   68  0  0
4.999999999998254e-06
4.999999999998252e-06
4.999999999998254e-06
4.999999999998253e-06

   68  0  1
4.999999999998254e-06
4.999999999998254e-06
4.999999999998253e-06
4.999999999998253e-06

   69  0  0
4.999999999998254e-06
4.999999999998252e-06
4.999999999998254e-06
4.999999999998253e-06

   69  0  1
4.999999999998254e-06
4.999999999998254e-06
4.999999999998253e-06
4.999999999998253e-06

   70  0  0
4.999999999998254e-06
4.999999999998252e-06
4.999999999998254e-06
4.999999999998253e-06

   70  0  1
4.999999999998254e-06
4.999999999998254e-06
4.999999999998253e-06
4.999999999998253e-06

   71  0  0
4.999999999998254e-06
4.999999999998252e-06
4.999999999998254e-06
4.999999999998253e-06

   71  0  1
4.999999999998254e-06
4.999999999998254e-06
4.999999999998253e-06
4.999999999998253e-06

   72  0  0
4.999999999998254e-06
4.999999999998252e-06
4.999999999998254e-06
4.999999999998253e-06

   72  0  1
4.999999999998254e-06
4.999999999998254e-06
4.999999999998253e-06
4.999999999998253e-06

   73  0  0
4.999999999998254e-06
4.999999999998252e-06
4.999999999998254e-06
4.999999999998253e-06

   73  0  1
4.999999999998254e-06
4.999999999998254e-06
4.999999999998253e-06
4.999999999998253e-06

   74  0  0
4.999999999998254e-06
4.999999999998252e-06
4.999999999998254e-06
4.999999999998246e-06

   74  0  1
4.999999999998254e-06
4.999999999998254e-06
4.999999999998253e-06
4.999999999998253e-06

   75  0  0
4.999999999998179e-06
4.999999999998304e-06
4.999999999998112e-06
4.999999999987743e-06

   75  0  1
4.999999999998287e-06
4.999999999998233e-06
4.999999999998301e-06
4.999999999994588e-06

   76  0  0
4.999999999925306e-06
5.000000000051089e-06
4.999999999848201e-06
4.999999992437476e-06

   76  0  1
5.000000000002231e-06
4.999999999998311e-06
4.999999999992773e-06
4.999999996775997e-06

   77  0  0
4.999999953674242e-06
5.000000034243987e-06
4.999999903535923e-06
4.999995328806639e-06

   77  0  1
5.000000002581941e-06
5.000000000590171e-06
4.999999995820516e-06
4.999997789977713e-06

   78  0  0
4.999973713284659e-06
5.000019734533502e-06
4.999944032980934e-06
4.997431189599737e-06

   78  0  1
5.000001769446386e-06
5.000000410717003e-06
4.999997094743411e-06
4.998612487848670e-06

   79  0  0
4.987373318699832e-06
5.009748345765603e-06
4.972080177268174e-06
3.815855362855785e-06

   79  0  1
5.001196206418367e-06
5.000206547323546e-06
4.998267291072665e-06
4.228019278150168e-06

