#Cell 
# Element_0
# Element_1
# Element_2
# Element_3
# Element_4
0
1.204484247607586e+00
1.204325681002770e+00
1.204092184548140e+00
1.203857656057505e+00
1.203697781586319e+00

1
1.203616070026053e+00
1.203455493792132e+00
1.203219976778747e+00
1.202983861676717e+00
1.202822255044365e+00

2
1.202739677589555e+00
1.202577609952756e+00
1.202339706358450e+00
1.202101100033867e+00
1.201937765239534e+00

3
1.201854284914286e+00
1.201690425269410e+00
1.201449866455418e+00
1.201208564861330e+00
1.201043360236989e+00

4
1.200958914901131e+00
1.200793155367784e+00
1.200549781721666e+00
1.200305630212104e+00
1.200138452380249e+00

5
1.200052995841871e+00
1.199885247458705e+00
1.199638926804902e+00
1.199391794212371e+00
1.199222559676228e+00

6
1.199136049467478e+00
1.198966226031376e+00
1.198716836847552e+00
1.198466603368544e+00
1.198295233126562e+00

7
1.198207628065726e+00
1.198035648072747e+00
1.197783073983979e+00
1.197529624327035e+00
1.197356040405222e+00

8
1.197267300298299e+00
1.197093085002618e+00
1.196837211644408e+00
1.196580431876859e+00
1.196404556439657e+00

9
1.196314641477058e+00
1.196138112966742e+00
1.195878826193662e+00
1.195618602081651e+00
1.195440356852817e+00

10
1.195349227076332e+00
1.195170307046596e+00
1.194907491858206e+00
1.194643708061721e+00
1.194463013953571e+00

11
1.194370628959942e+00
1.194189238105687e+00
1.193922777935413e+00
1.193655317400933e+00
1.193472094140676e+00

12
1.193378412872397e+00
1.193194470510254e+00
1.192924246673514e+00
1.192652990097854e+00
1.192467155875417e+00

13
1.192372136471451e+00
1.192185560330934e+00
1.191911451801947e+00
1.191636277435854e+00
1.191447748694532e+00

14
1.191351348373566e+00
1.191162054347261e+00
1.190883937372125e+00
1.190604720707452e+00
1.190413411976836e+00

15
1.190315586964541e+00
1.190123488968596e+00
1.189841236833806e+00
1.189557850373725e+00
1.189363674150402e+00

16
1.189264379638430e+00
1.189069389563498e+00
1.188782872527929e+00
1.188495185637092e+00
1.188298052207359e+00

17
1.188197242250771e+00
1.187999269756086e+00
1.187708354817637e+00
1.187416233611462e+00
1.187216051022119e+00

18
1.187113678523248e+00
1.186912630983282e+00
1.186617181743602e+00
1.186320488917302e+00
1.186117162878530e+00

19
1.186013179545430e+00
1.185808961981858e+00
1.185508838541724e+00
1.185207433228920e+00
1.185000867004541e+00

20
1.184895223300928e+00
1.184687738309310e+00
1.184382797226720e+00
1.184076534988340e+00
1.183866629354323e+00

21
1.183759274459652e+00
1.183548422091937e+00
1.183238516170712e+00
1.182927248818127e+00
1.182713901999519e+00

22
1.182604783790569e+00
1.182390461536563e+00
1.182075439796704e+00
1.181759015331359e+00
1.181542122953376e+00

23
1.181431187982918e+00
1.181213290739945e+00
1.180892998375782e+00
1.180571260901111e+00
1.180350715877406e+00

24
1.180237909305878e+00
1.180016329236763e+00
1.179690607459043e+00
1.179363397135839e+00
1.179139089696022e+00

25
1.179024355309954e+00
1.178798981868227e+00
1.178467667878631e+00
1.178134820824872e+00
1.177906638432964e+00

26
1.177789918605933e+00
1.177560638469604e+00
1.177223565373235e+00
1.176884913569736e+00
1.176652740853964e+00

27
1.176533976515389e+00
1.176300673544390e+00
1.175957670341933e+00
1.175613041660492e+00
1.175376760412804e+00

28
1.175255891033124e+00
1.175018446205717e+00
1.174669337654624e+00
1.174318555733469e+00
1.174078044870935e+00

29
1.173955008454571e+00
1.173713299870993e+00
1.173357906485335e+00
1.173000790688809e+00
1.172755926209504e+00

30
1.172630659275174e+00
1.172384562132936e+00
1.172022700170519e+00
1.171659065562127e+00
1.171409720487051e+00

31
1.171282158026807e+00
1.171031544527798e+00
1.170663025892382e+00
1.170292683243690e+00
1.170038727683857e+00

32
1.169908803201659e+00
1.169653542612759e+00
1.169278174854287e+00
1.168900930535470e+00
1.168642231596876e+00

33
1.168509877067173e+00
1.168249835667529e+00
1.167867421962274e+00
1.167483077950174e+00
1.167219499726217e+00

34
1.167084645588278e+00
1.166819686661762e+00
1.166430025845144e+00
1.166038379811059e+00
1.165769783442933e+00

35
1.165632358617964e+00
1.165362342444245e+00
1.164965228907140e+00
1.164566074077163e+00
1.164292317704218e+00

36
1.164152249591964e+00
1.163877033485386e+00
1.163472257279757e+00
1.163065382517358e+00
1.162786321290261e+00

37
1.162643535769093e+00
1.162362974077775e+00
1.161950320948345e+00
1.161535510823253e+00
1.161250996939931e+00

38
1.161105418372858e+00
1.160819362461006e+00
1.160398613793741e+00
1.159975648581084e+00
1.159685531356774e+00

39
1.159537082644168e+00
1.159245381013172e+00
1.158816313970584e+00
1.158384969671318e+00
1.158089095495586e+00

40
1.157937698052453e+00
1.157640196318994e+00
1.157202583903431e+00
1.156762632409459e+00
1.156460844869193e+00

41
1.156306418680083e+00
1.156002959658301e+00
1.155556570796489e+00
1.155107779978979e+00
1.154799919942719e+00

42
1.154642383606700e+00
1.154332807389305e+00
1.153877406999337e+00
1.153419540721146e+00
1.153105446356216e+00

43
1.152944717112494e+00
1.152628861169071e+00
1.152164210403283e+00
1.151697028808246e+00
1.151376535744360e+00

44
1.151212529539428e+00
1.150890228814244e+00
1.150416085166991e+00
1.149939344800779e+00
1.149612286237123e+00

45
1.149444917781884e+00
1.149116004804852e+00
1.148632122267775e+00
1.148145576251091e+00
1.147811783115648e+00

46
1.147640965982780e+00
1.147305271089436e+00
1.146811400488073e+00
1.146314798796143e+00
1.145974099877710e+00

47
1.145799746557900e+00
1.145457097993268e+00
1.144952987188246e+00
1.144446076951768e+00
1.144098299150041e+00

48
1.143920321181886e+00
1.143570545345275e+00
1.143055939555745e+00
1.142538465360952e+00
1.142183433905926e+00

49
1.142001741994553e+00
1.141644663683405e+00
1.141119305842120e+00
1.140591010063674e+00
1.140228548739177e+00

50
1.140043052878830e+00
1.139678495558361e+00
1.139142126787547e+00
1.138602750125894e+00
1.138232681625664e+00

51
1.138043291269236e+00
1.137671077374051e+00
1.137123437384604e+00
1.136572719273482e+00
1.136194865517625e+00

52
1.136001489749440e+00
1.135621441040902e+00
1.135062268679977e+00
1.134499947858605e+00
1.134114130411444e+00

53
1.133916678173255e+00
1.133528616208173e+00
1.132957650167782e+00
1.132383465349482e+00
1.131989505819945e+00

54
1.131787886102002e+00
1.131391632594896e+00
1.130808611993678e+00
1.130222302582813e+00
1.129820023196436e+00

55
1.129614145342025e+00
1.129209522766686e+00
1.128614187998019e+00
1.128015494894769e+00
1.127604719050475e+00

56
1.127394493050521e+00
1.126981325243434e+00
1.126373418890556e+00
1.125762085396614e+00
1.125342638263242e+00

57
1.125127975062099e+00
1.124706087841060e+00
1.124085355684626e+00
1.123461128647179e+00
1.123032837987734e+00

58
1.122813649900929e+00
1.122382871858163e+00
1.121749063974116e+00
1.121111694864072e+00
1.120674391821432e+00

59
1.120450592959819e+00
1.120010756342907e+00
1.119363628463965e+00
1.118712874759188e+00
1.118266394791128e+00

60
1.118037901541833e+00
1.117588843214931e+00
1.116928158210271e+00
1.116263784949404e+00
1.115807968895853e+00

61
1.115574700460224e+00
1.115116262940592e+00
1.114441792347268e+00
1.113763573776934e+00
1.113298269104451e+00

62
1.113060148166494e+00
1.112592180984863e+00
1.111903707023145e+00
1.111211428552477e+00
1.110736490648105e+00

63
1.110493444037127e+00
1.110015805062961e+00
1.109313122686973e+00
1.108606583071874e+00
1.108121876777609e+00

64
1.107873836257614e+00
1.107386393256103e+00
1.106669312505079e+00
1.105948326350148e+00
1.105453727780293e+00

65
1.105200631001532e+00
1.104703263525674e+00
1.103971612285076e+00
1.103236012756567e+00
1.102731411153908e+00

66
1.102473202620275e+00
1.101965803972124e+00
1.101219431031624e+00
1.100469073110483e+00
1.099954373127875e+00

67
1.099691005370956e+00
1.099173484914944e+00
1.098412263421431e+00
1.097647027486086e+00
1.097122151728752e+00

68
1.096853586629612e+00
1.096325872421986e+00
1.095549703804481e+00
1.094769499665573e+00
1.094234391549433e+00

69
1.093960601839175e+00
1.093422643657852e+00
1.092631462239217e+00
1.091836233882347e+00
1.091290860904016e+00

70
1.091011831844607e+00
1.090463604517350e+00
1.089657382543941e+00
1.088847113420974e+00
1.088291470936893e+00

71
1.088007202293961e+00
1.087448709641140e+00
1.086627463221726e+00
1.085802182396826e+00
1.085236297964234e+00

72
1.084946806270815e+00
1.084378085636171e+00
1.083541881563307e+00
1.082701670715243e+00
1.082125608975231e+00

73
1.081830930067537e+00
1.081252057396377e+00
1.080401020916267e+00
1.079546022549952e+00
1.078959891071700e+00

74
1.078660083133000e+00
1.078071179042752e+00
1.077205502988099e+00
1.076335929886998e+00
1.075739885845007e+00

75
1.075435032888160e+00
1.074836269645654e+00
1.073956225014547e+00
1.073072371268862e+00
1.072466629261265e+00

76
1.072156845220500e+00
1.071548454976464e+00
1.070654403518047e+00
1.069756657713411e+00
1.069141499082752e+00

77
1.068826932666324e+00
1.068209217159027e+00
1.067301626120886e+00
1.066390486839877e+00
1.065766270751059e+00

78
1.065447111250512e+00
1.064820453498062e+00
1.063899913474532e+00
1.062976008042249e+00
1.062343184848868e+00

79
1.062019669153705e+00
1.061384547603338e+00
1.060451794242900e+00
1.059515901628823e+00
1.058875029210885e+00

80
1.058547450379242e+00
1.057904456196121e+00
1.056960396852801e+00
1.056013476105389e+00
1.055365240389046e+00

81
1.055033958465504e+00
1.054383817417732e+00
1.053429564874592e+00
1.052472791001207e+00
1.051818031858984e+00

82
1.051483487574002e+00
1.050827087895998e+00
1.049864003754002e+00
1.048898814433840e+00
1.048238559650729e+00

83
1.047901292450507e+00
1.047239721640139e+00
1.046269473994268e+00
1.045297632242761e+00
1.044633143479883e+00

84
1.044293816049895e+00
1.043628411155473e+00
1.042653053970169e+00
1.041676734953714e+00
1.041009571986970e+00

85
1.040669004847703e+00
1.040001424063701e+00
1.039023512823753e+00
1.038045431740063e+00
1.037377546928127e+00

86
1.037036769380618e+00
1.036369097471142e+00
1.035391867786921e+00
1.034415488280156e+00
1.033749380052964e+00

87
1.033409709384305e+00
1.032744616447745e+00
1.031772247828719e+00
1.030802163909542e+00
1.030141204071899e+00

88
1.029804411676687e+00
1.029145484686279e+00
1.028183387503407e+00
1.027225774139908e+00
1.026574907053251e+00

89
1.026243754052294e+00
1.025596810568763e+00
1.024653107006625e+00
1.023715159928016e+00
1.023080171761421e+00

90
1.022758785079046e+00
1.022133878764911e+00
1.021231091046098e+00
1.020331715392350e+00
1.019718375321575e+00

91
1.019406981695255e+00
1.018809349578435e+00
1.017999546184412e+00
1.017322361886201e+00
1.016944974793512e+00

92
1.016775358269202e+00
1.016473308149472e+00
1.016052416626626e+00
1.015610914615800e+00
1.015292846515257e+00

93
1.015128743436259e+00
1.014808752435121e+00
1.014352786550393e+00
1.013902502731096e+00
1.013591852086283e+00

94
1.013431095978006e+00
1.013113328005671e+00
1.012647934018819e+00
1.012185674129389e+00
1.011870535516684e+00

95
1.011709053855900e+00
1.011390831095525e+00
1.010922132208517e+00
1.010453060221706e+00
1.010132874349899e+00

96
1.009969314920916e+00
1.009647920206382e+00
1.009175073935281e+00
1.008700765544810e+00
1.008376407690023e+00

97
1.008210739272358e+00
1.007885519290541e+00
1.007407617878836e+00
1.006928101287148e+00
1.006599914912613e+00

98
1.006432237586883e+00
1.006103137140911e+00
1.005619795563760e+00
1.005134864717281e+00
1.004802882548278e+00

99
1.004633229164586e+00
1.004300248055959e+00
1.003811299707619e+00
1.003320782794322e+00
1.002984947069267e+00

100
1.002813305950392e+00
1.002476412628263e+00
1.001981746714277e+00
1.001485509531450e+00
1.001145745108950e+00

101
1.000972087058252e+00
1.000631226396726e+00
1.000130739565712e+00
9.996286640736295e-01
9.992848941773997e-01

102
9.991091839268265e-01
9.987642891218963e-01
9.982578753895732e-01
9.977498482035628e-01
9.974019960210774e-01

103
9.972241959236147e-01
9.968751943353616e-01
9.963627437969489e-01
9.958486513414839e-01
9.954966392511054e-01

104
9.953167102885166e-01
9.949635258140409e-01
9.944449250917279e-01
9.939246519835869e-01
9.935684009422836e-01

105
9.933863029630533e-01
9.930288568769796e-01
9.925039894027727e-01
9.919774177997345e-01
9.916168469791333e-01

106
9.914325387226369e-01
9.910707499146325e-01
9.905394959039600e-01
9.900065050938701e-01
9.896415317034473e-01

107
9.894549708321204e-01
9.890887560223178e-01
9.885509926314774e-01
9.880114588665373e-01
9.876419979584538e-01

108
9.874531409911043e-01
9.870824146517717e-01
9.865380158570739e-01
9.859918122507415e-01
9.856177766815422e-01

109
9.854265789896599e-01
9.850512533300418e-01
9.845000898203087e-01
9.839470862161713e-01
9.835683866064663e-01

110
9.833748024107209e-01
9.829947873694289e-01
9.824367264282793e-01
9.818767891484050e-01
9.814933336860161e-01

111
9.812973159735048e-01
9.809125191117458e-01
9.803474246151573e-01
9.797804165849318e-01
9.793921110856955e-01

112
9.791936116124796e-01
9.788039380387521e-01
9.782316702162708e-01
9.776574507022360e-01
9.772641984899104e-01

113
9.770631677347682e-01
9.766685200315143e-01
9.760889353335489e-01
9.755073597506831e-01
9.751090615214032e-01

114
9.749054486339230e-01
9.745057268108440e-01
9.739186779640497e-01
9.733295979740844e-01
9.729261517860260e-01

115
9.727199045426360e-01
9.723150058665859e-01
9.717203415197349e-01
9.711236047115026e-01
9.707149058701185e-01

116
9.705059706447525e-01
9.700957896267201e-01
9.694933543355441e-01
9.688888041248457e-01
9.684747450617011e-01

117
9.682630667620842e-01
9.678474950466164e-01
9.672371291600456e-01
9.666246046922499e-01
9.662050748568007e-01

118
9.659905968518177e-01
9.655695230453993e-01
9.649510624666788e-01
9.643303984849244e-01
9.639052843342810e-01

119
9.636879484575789e-01
9.632612581252129e-01
9.626345341980568e-01
9.620055607715510e-01
9.615747455397164e-01

120
9.613544919780431e-01
9.609220674608422e-01
9.602869068019150e-01
9.596494492358367e-01
9.592128128656061e-01

121
9.589895801170867e-01
9.585513004352738e-01
9.579075247971679e-01
9.572614035340720e-01
9.568188226241897e-01

122
9.565925474618101e-01
9.561482882036230e-01
9.554957141855912e-01
9.548407444073338e-01
9.543920919546512e-01

123
9.541627093196851e-01
9.537123425042311e-01
9.530507814962218e-01
9.523867731373349e-01
9.519319185003613e-01

124
9.516993614612242e-01
9.512427554090755e-01
9.505720133372016e-01
9.498987708149320e-01
9.494375795399265e-01

125
9.492017792011023e-01
9.487387983465417e-01
9.480586753822786e-01
9.473759973314119e-01
9.469083310246980e-01

126
9.466692164806808e-01
9.461997213132499e-01
9.455100117929108e-01
9.448176909011899e-01
9.443434070384565e-01

127
9.441009052599169e-01
9.436247520846394e-01
9.429252441826056e-01
9.422230669370681e-01
9.417420187227984e-01

128
9.414960544857851e-01
9.410130952756262e-01
9.403035707689644e-01
9.395913172254701e-01
9.391033534619968e-01

129
9.388538492867592e-01
9.383639315628070e-01
9.376441655888424e-01
9.369216090048685e-01
9.364265737883489e-01

130
9.361734497880267e-01
9.356764163625761e-01
9.349461771930980e-01
9.342130839521758e-01
9.337108166242541e-01

131
9.334539904577737e-01
9.329496792724279e-01
9.322087279344567e-01
9.314648570939125e-01
9.309551919684098e-01

132
9.306945787163703e-01
9.301828226279160e-01
9.294309126025476e-01
9.286760155652710e-01
9.281587816978959e-01

133
9.278942937570959e-01
9.273749203703212e-01
9.266117974384401e-01
9.258456178209312e-01
9.253206388444467e-01

134
9.250521858064117e-01
9.245250171539170e-01
9.237504188163315e-01
9.229726918924662e-01
9.224397857384427e-01

135
9.221672742787842e-01
9.216321266551780e-01
9.208457819102321e-01
9.200562343183896e-01
9.195152129679167e-01

136
9.192385467183729e-01
9.186952304470249e-01
9.178968594984654e-01
9.170952089414461e-01
9.165458781410167e-01

137
9.162649575116554e-01
9.157132765359114e-01
9.149025901760793e-01
9.140885449502708e-01
9.135307040328027e-01

138
9.132454261476460e-01
9.126851779206601e-01
9.118618772534068e-01
9.110351357353332e-01
9.104685771690874e-01

139
9.101788356355247e-01
9.096098107094246e-01
9.087735867014169e-01
9.079338370395277e-01
9.073583462085136e-01

140
9.070640309850027e-01
9.064860126969099e-01
9.056365456493103e-01
9.047834652577749e-01
9.041988201769537e-01

141
9.038998174357887e-01
9.033125816311472e-01
9.024495406515388e-01
9.015827954946201e-01
9.009887662690813e-01

142
9.006849581362386e-01
9.000882727334247e-01
8.992113153140803e-01
8.983305596565527e-01
8.977269082855028e-01

143
8.974181727078712e-01
8.968117973505256e-01
8.959205687085425e-01
8.950254443954443e-01
8.944119243153584e-01

144
8.940981348345671e-01
8.934818204520223e-01
8.925759528406977e-01
8.916660885563746e-01
8.910424441560240e-01

145
8.907234696865051e-01
8.900969581263886e-01
8.891760704142544e-01
8.882510812593598e-01
8.876170474803740e-01

146
8.872927520615685e-01
8.866557755175338e-01
8.857194722621362e-01
8.847789588903439e-01
8.841342607447518e-01

147
8.838045033197220e-01
8.831567839265754e-01
8.822046547466993e-01
8.812482026215840e-01
8.805925546320118e-01

148
8.802571887622636e-01
8.795984380578065e-01
8.786300568922016e-01
8.776572355339861e-01
8.769903411479039e-01

149
8.766492146892469e-01
8.759791329387578e-01
8.749940570713582e-01
8.740044192199232e-01
8.733259703401202e-01

150
8.729789252149858e-01
8.722972009541167e-01
8.712949702122801e-01
8.702880508174737e-01
8.695977270334716e-01

151
8.692445988345381e-01
8.685509081092304e-01
8.675310438151390e-01
8.665063590537917e-01
8.658038269806090e-01

152
8.654444446358613e-01
8.647384503526876e-01
8.637004544043205e-01
8.626575007785809e-01
8.619424134083113e-01

153
8.615765988237815e-01
8.608579499781990e-01
8.598013035542156e-01
8.587395564913568e-01
8.580115522711032e-01

154
8.576391198879932e-01
8.569074507669898e-01
8.558316132705707e-01
8.547505260807214e-01
8.540092281348285e-01

155
8.536299845113168e-01
8.528849138383849e-01
8.517893216173971e-01
8.506883242047268e-01
8.499333394209438e-01

156
8.495470827393978e-01
8.487882126416300e-01
8.476722773607172e-01
8.465507745986428e-01
8.457816926268521e-01

157
8.453882122234756e-01
8.446151273821495e-01
8.434782348024623e-01
8.423356051474143e-01
8.415519972875588e-01

158
8.411510730475368e-01
8.403633394677794e-01
8.392048476596320e-01
8.380404414629379e-01
8.372418595498270e-01

159
8.368332613317900e-01
8.360304251812184e-01
8.348496627418392e-01
8.336628004252027e-01
8.328487756108200e-01

160
8.324322626337531e-01
8.316138490455618e-01
8.304101132456903e-01
8.292000832262983e-01
8.283701244363594e-01

161
8.279454444804363e-01
8.271109560132961e-01
8.258835107233163e-01
8.246495675621569e-01
8.238031602528952e-01

162
8.233700489922595e-01
8.225189642092786e-01
8.212670375497770e-01
8.200083994104416e-01
8.191450038507839e-01

163
8.187031839925065e-01
8.178349558034708e-01
8.165577376669183e-01
8.152735836677210e-01
8.143926330365747e-01

164
8.139418133523934e-01
8.130558671699476e-01
8.117525067306380e-01
8.104419746239165e-01
8.095428733573515e-01

165
8.090827477737776e-01
8.081784795488447e-01
8.068480820046339e-01
8.055102646963811e-01
8.045923861832699e-01

166
8.041226326499012e-01
8.031994067548626e-01
8.018410303134668e-01
8.004749727285029e-01
7.995376570036073e-01

167
7.990579362780504e-01
7.981150830813608e-01
7.967277354247178e-01
7.953324310211993e-01
7.943749823347178e-01

168
7.938849366931966e-01
7.929217499006157e-01
7.915043840301517e-01
7.900787705369289e-01
7.891004545427356e-01

169
7.885997063844116e-01
7.876154403679738e-01
7.861669506284632e-01
7.847099057308052e-01
7.837099462688372e-01

170
7.831980964164386e-01
7.821919628220960e-01
7.807111799531028e-01
7.792215164491424e-01
7.781990922385782e-01

171
7.776757182221571e-01
7.766468825172574e-01
7.751325683980599e-01
7.736090288053714e-01
7.725632697628749e-01

172
7.720279239362255e-01
7.709755016842061e-01
7.694263436177260e-01
7.678675939808424e-01
7.667975767115350e-01

173
7.662497839021316e-01
7.651728361334618e-01
7.635874402086429e-01
7.619920636943752e-01
7.608968071367040e-01

174
7.603360623774345e-01
7.592335909848303e-01
7.576104748875240e-01
7.559769641435449e-01
7.548554242241816e-01

175
7.542811900030891e-01
7.531521323113030e-01
7.514897171702257e-01
7.498164658232661e-01
7.486675294416135e-01

176
7.480792325930210e-01
7.469224552345072e-01
7.452190566555890e-01
7.435043502848147e-01
7.423268289686622e-01

177
7.417238573405560e-01
7.405381494976049e-01
7.387919671462878e-01
7.370339723877493e-01
7.358265947078652e-01

178
7.352082932582314e-01
7.339923589539051e-01
7.322014650497128e-01
7.303982177354473e-01
7.291596209618144e-01

179
7.285252874274651e-01
7.272777369046718e-01
7.254400632636554e-01
7.235894549673081e-01
7.223181755002551e-01

180
7.216670553837093e-01
7.203863950272550e-01
7.184997178345024e-01
7.165994803033332e-01
7.152939429462511e-01

181
7.146252239942243e-01
7.133098453570460e-01
7.113717684822102e-01
7.094194560065301e-01
7.080779613754077e-01

182
7.073907670109826e-01
7.060389337207009e-01
7.040468690884975e-01
7.020398382716982e-01
7.006605485090907e-01

183
6.999539303786576e-01
6.985637632250933e-01
6.965149083556025e-01
6.944502950224989e-01
6.930312176595645e-01

184
6.923041472424580e-01
6.908736073353113e-01
6.887649194809337e-01
6.866396112806360e-01
6.851785797509606e-01

185
6.844299382164729e-01
6.829568067855860e-01
6.807849726699684e-01
6.785955779083528e-01
6.770902295489434e-01

186
6.763187962623459e-01
6.748006515894558e-01
6.725620523496720e-01
6.703048634355211e-01
6.687526136432267e-01

187
6.679570526687585e-01
6.663912429459496e-01
6.640819125180097e-01
6.617528621036552e-01
6.601508732715120e-01

188
6.593297172287315e-01
6.577133284129160e-01
6.553289051310476e-01
6.529235156462655e-01
6.512686610741799e-01

189
6.504202921498003e-01
6.487501096242614e-01
6.462857776207135e-01
6.437991000499365e-01
6.420879207063771e-01

190
6.412105480912259e-01
6.394830113381238e-01
6.369334310903109e-01
6.343599715963495e-01
6.325886238265856e-01

191
6.316802563747405e-01
6.298914041205099e-01
6.272506289148164e-01
6.245842608997086e-01
6.227484533174411e-01

192
6.218068662924503e-01
6.199522692989151e-01
6.172136421739298e-01
6.144474980131899e-01
6.125424146359422e-01

193
6.115651095116854e-01
6.096397896888647e-01
6.067958190021910e-01
6.039221575407825e-01
6.019423624542261e-01

194
6.009265167682893e-01
5.989248458941895e-01
5.959670497313198e-01
5.929770914387965e-01
5.909164102660222e-01

195
5.898588150779357e-01
5.877743881695370e-01
5.846930992057806e-01
5.815768192215913e-01
5.794281905453523e-01

196
5.783251721494934e-01
5.761506488977698e-01
5.729347684409400e-01
5.696806326735906e-01
5.674359170232438e-01

197
5.662832360720238e-01
5.640101362155683e-01
5.606468172740031e-01
5.572414432739095e-01
5.548911774293329e-01

198
5.536838987135421e-01
5.513023369472093e-01
5.477765713308643e-01
5.442042840819014e-01
5.417373582669885e-01

199
5.404696794493180e-01
5.379680163470408e-01
5.342620883775332e-01
5.305043282013503e-01
5.279075534042478e-01

200
5.265725749765344e-01
5.239369470608686e-01
5.200296967757642e-01
5.160642189617621e-01
5.133217396196620e-01

201
5.119111511771254e-01
5.091248270132742e-01
5.049906332686213e-01
5.007903953745553e-01
4.978828689444059e-01

202
4.963865099663137e-01
4.934289869770795e-01
4.890363339737393e-01
4.845679152436244e-01
4.814713388430693e-01

203
4.798765682665955e-01
4.767222705249753e-01
4.720316666992762e-01
4.672529547379007e-01
4.639369353438457e-01

204
4.622276970908920e-01
4.588440347131338e-01
4.538048857358848e-01
4.486615673190111e-01
4.450866758647680e-01

205
4.432420620082339e-01
4.395864321383338e-01
4.341321623901164e-01
4.285521794741073e-01
4.246657239410598e-01

206
4.226576640802768e-01
4.186725930472215e-01
4.127126468595310e-01
4.065969707920908e-01
4.023258708430011e-01

207
4.001152037108829e-01
3.957200128101556e-01
3.891259245432862e-01
3.823321892748578e-01
3.775701243844874e-01

208
3.750994348715030e-01
3.701748721119055e-01
3.627540684834910e-01
3.550650054554612e-01
3.496470661583713e-01

209
3.468263548962205e-01
3.411833704970604e-01
3.326245048872897e-01
3.236797945672680e-01
3.173260400241463e-01

210
3.140001591285435e-01
3.073073595286827e-01
2.970482825385065e-01
2.861714280531427e-01
2.783366520308946e-01

211
2.741958907113567e-01
2.657732490833316e-01
2.526014788910882e-01
2.382298230062246e-01
2.275675460736789e-01

212
2.218108888365562e-01
2.097984613510341e-01
1.900369435675727e-01
1.666277910893209e-01
1.475122779501302e-01

213
1.365661661575517e-01
1.099797716352209e-01
6.793568738617142e-02
5.453361229090765e-02
5.852933643309410e-02

214
5.548459202836217e-02
5.620420317922351e-02
5.622769128029636e-02
5.622798104041202e-02
5.625530392202623e-02

215
5.622650055337859e-02
5.623356285183687e-02
5.623410045740879e-02
5.623405578243299e-02
5.623432442556302e-02

216
5.623407853357817e-02
5.623412483964225e-02
5.623413278724129e-02
5.623413178850811e-02
5.623413348382138e-02

217
5.623413251756532e-02
5.623413243524238e-02
5.623413252912209e-02
5.623413251577265e-02
5.623413250909171e-02

218
5.623413252753474e-02
5.623413251857149e-02
5.623413251912443e-02
5.623413251912519e-02
5.623413251864380e-02

219
5.623413251918615e-02
5.623413251904337e-02
5.623413251902663e-02
5.623413251903422e-02
5.623413251902434e-02

220
5.623413251903016e-02
5.623413251903065e-02
5.623413251902980e-02
5.623413251903011e-02
5.623413251902998e-02

221
5.623413251902992e-02
5.623413251903003e-02
5.623413251902998e-02
5.623413251903001e-02
5.623413251903003e-02

222
5.623413251902997e-02
5.623413251903000e-02
5.623413251903000e-02
5.623413251903000e-02
5.623413251903000e-02

223
5.623413251903000e-02
5.623413251903000e-02
5.623413251903000e-02
5.623413251903000e-02
5.623413251903000e-02

224
5.623413251903000e-02
5.623413251903000e-02
5.623413251903000e-02
5.623413251903000e-02
5.623413251903000e-02

225
5.623413251903000e-02
5.623413251903000e-02
5.623413251903000e-02
5.623413251903000e-02
5.623413251903000e-02

226
5.623413251903000e-02
5.623413251903000e-02
5.623413251903000e-02
5.623413251903000e-02
5.623413251903000e-02

227
5.623413251903000e-02
5.623413251903000e-02
5.623413251903000e-02
5.623413251903000e-02
5.623413251903000e-02

228
5.623413251903000e-02
5.623413251903000e-02
5.623413251903000e-02
5.623413251903000e-02
5.623413251903000e-02

229
5.623413251903000e-02
5.623413251903000e-02
5.623413251903000e-02
5.623413251903000e-02
5.623413251903000e-02

230
5.623413251903000e-02
5.623413251903000e-02
5.623413251903000e-02
5.623413251903000e-02
5.623413251903000e-02

231
5.623413251903000e-02
5.623413251903000e-02
5.623413251903000e-02
5.623413251903000e-02
5.623413251903000e-02

232
5.623413251903000e-02
5.623413251903000e-02
5.623413251903000e-02
5.623413251903000e-02
5.623413251903000e-02

233
5.623413251903000e-02
5.623413251903000e-02
5.623413251903000e-02
5.623413251903000e-02
5.623413251903000e-02

234
5.623413251903000e-02
5.623413251903000e-02
5.623413251903000e-02
5.623413251903000e-02
5.623413251903000e-02

235
5.623413251903000e-02
5.623413251903000e-02
5.623413251903000e-02
5.623413251903000e-02
5.623413251903000e-02

236
5.623413251903000e-02
5.623413251903000e-02
5.623413251903000e-02
5.623413251903000e-02
5.623413251903000e-02

237
5.623413251903000e-02
5.623413251903000e-02
5.623413251903000e-02
5.623413251903000e-02
5.623413251903000e-02

238
5.623413251903000e-02
5.623413251903000e-02
5.623413251903000e-02
5.623413251903000e-02
5.623413251903000e-02

239
5.623413251903000e-02
5.623413251903000e-02
5.623413251903000e-02
5.623413251903000e-02
5.623413251903000e-02

240
5.623413251903000e-02
5.623413251903000e-02
5.623413251903000e-02
5.623413251903000e-02
5.623413251903000e-02

241
5.623413251903000e-02
5.623413251903000e-02
5.623413251903000e-02
5.623413251903000e-02
5.623413251903000e-02

242
5.623413251903000e-02
5.623413251903000e-02
5.623413251903000e-02
5.623413251903000e-02
5.623413251903000e-02

243
5.623413251903000e-02
5.623413251903000e-02
5.623413251903000e-02
5.623413251903000e-02
5.623413251903000e-02

244
5.623413251903000e-02
5.623413251903000e-02
5.623413251903000e-02
5.623413251903000e-02
5.623413251903000e-02

245
5.623413251903000e-02
5.623413251903000e-02
5.623413251903000e-02
5.623413251903000e-02
5.623413251903000e-02

246
5.623413251903000e-02
5.623413251903000e-02
5.623413251903000e-02
5.623413251903000e-02
5.623413251903000e-02

247
5.623413251903000e-02
5.623413251903000e-02
5.623413251903000e-02
5.623413251903000e-02
5.623413251903000e-02

248
5.623413251903000e-02
5.623413251903000e-02
5.623413251903000e-02
5.623413251903000e-02
5.623413251903000e-02

249
5.623413251903000e-02
5.623413251903000e-02
5.623413251903000e-02
5.623413251903000e-02
5.623413251903000e-02

250
5.623413251903000e-02
5.623413251903000e-02
5.623413251903000e-02
5.623413251903000e-02
5.623413251903000e-02

251
5.623413251903000e-02
5.623413251903000e-02
5.623413251903000e-02
5.623413251903000e-02
5.623413251903000e-02

252
5.623413251903000e-02
5.623413251903000e-02
5.623413251903000e-02
5.623413251903000e-02
5.623413251903000e-02

253
5.623413251903000e-02
5.623413251903000e-02
5.623413251903000e-02
5.623413251903000e-02
5.623413251903000e-02

254
5.623413251903000e-02
5.623413251903000e-02
5.623413251903000e-02
5.623413251903000e-02
5.623413251903000e-02

255
5.623413251903000e-02
5.623413251903000e-02
5.623413251903000e-02
5.623413251903000e-02
5.623413251903000e-02

256
5.623413251903000e-02
5.623413251903000e-02
5.623413251903000e-02
5.623413251903000e-02
5.623413251903000e-02

257
5.623413251903000e-02
5.623413251903000e-02
5.623413251903000e-02
5.623413251903000e-02
5.623413251903000e-02

258
5.623413251903000e-02
5.623413251903000e-02
5.623413251903000e-02
5.623413251903000e-02
5.623413251903000e-02

259
5.623413251903000e-02
5.623413251903000e-02
5.623413251903000e-02
5.623413251903000e-02
5.623413251903000e-02

260
5.623413251903000e-02
5.623413251903000e-02
5.623413251903000e-02
5.623413251903000e-02
5.623413251903000e-02

261
5.623413251903000e-02
5.623413251903000e-02
5.623413251903000e-02
5.623413251903000e-02
5.623413251903000e-02

262
5.623413251903000e-02
5.623413251903000e-02
5.623413251903000e-02
5.623413251903000e-02
5.623413251903000e-02

263
5.623413251903000e-02
5.623413251903000e-02
5.623413251903000e-02
5.623413251903000e-02
5.623413251903000e-02

264
5.623413251903000e-02
5.623413251903000e-02
5.623413251903000e-02
5.623413251903000e-02
5.623413251903000e-02

265
5.623413251903000e-02
5.623413251903000e-02
5.623413251903000e-02
5.623413251903000e-02
5.623413251903000e-02

266
5.623413251903000e-02
5.623413251903000e-02
5.623413251903000e-02
5.623413251903000e-02
5.623413251903000e-02

267
5.623413251903000e-02
5.623413251903000e-02
5.623413251903000e-02
5.623413251903000e-02
5.623413251903000e-02

268
5.623413251903000e-02
5.623413251903000e-02
5.623413251903000e-02
5.623413251903000e-02
5.623413251903000e-02

269
5.623413251903000e-02
5.623413251903000e-02
5.623413251903000e-02
5.623413251903000e-02
5.623413251903000e-02

270
5.623413251903000e-02
5.623413251903000e-02
5.623413251903000e-02
5.623413251903000e-02
5.623413251903000e-02

271
5.623413251903000e-02
5.623413251903000e-02
5.623413251903000e-02
5.623413251903000e-02
5.623413251903000e-02

272
5.623413251903000e-02
5.623413251903000e-02
5.623413251903000e-02
5.623413251903000e-02
5.623413251903000e-02

273
5.623413251903000e-02
5.623413251903000e-02
5.623413251903000e-02
5.623413251903000e-02
5.623413251903000e-02

274
5.623413251903000e-02
5.623413251903000e-02
5.623413251903000e-02
5.623413251903000e-02
5.623413251903000e-02

275
5.623413251903000e-02
5.623413251903000e-02
5.623413251903000e-02
5.623413251903000e-02
5.623413251903000e-02

276
5.623413251903000e-02
5.623413251903000e-02
5.623413251903000e-02
5.623413251903000e-02
5.623413251903000e-02

277
5.623413251903000e-02
5.623413251903000e-02
5.623413251903000e-02
5.623413251903000e-02
5.623413251903000e-02

278
5.623413251903000e-02
5.623413251903000e-02
5.623413251903000e-02
5.623413251903000e-02
5.623413251903000e-02

279
5.623413251903000e-02
5.623413251903000e-02
5.623413251903000e-02
5.623413251903000e-02
5.623413251903000e-02

280
5.623413251903000e-02
5.623413251903000e-02
5.623413251903000e-02
5.623413251903000e-02
5.623413251903000e-02

281
5.623413251903000e-02
5.623413251903000e-02
5.623413251903000e-02
5.623413251903000e-02
5.623413251903000e-02

282
5.623413251903000e-02
5.623413251903000e-02
5.623413251903000e-02
5.623413251903000e-02
5.623413251903000e-02

283
5.623413251903000e-02
5.623413251903000e-02
5.623413251903000e-02
5.623413251903000e-02
5.623413251903000e-02

284
5.623413251903000e-02
5.623413251903000e-02
5.623413251903000e-02
5.623413251903000e-02
5.623413251903000e-02

285
5.623413251903000e-02
5.623413251903000e-02
5.623413251903000e-02
5.623413251903000e-02
5.623413251903000e-02

286
5.623413251903000e-02
5.623413251903000e-02
5.623413251903000e-02
5.623413251903000e-02
5.623413251903000e-02

287
5.623413251903000e-02
5.623413251903000e-02
5.623413251903000e-02
5.623413251903000e-02
5.623413251903000e-02

288
5.623413251903000e-02
5.623413251903000e-02
5.623413251903000e-02
5.623413251903000e-02
5.623413251903000e-02

289
5.623413251903000e-02
5.623413251903000e-02
5.623413251903000e-02
5.623413251903000e-02
5.623413251903000e-02

290
5.623413251903000e-02
5.623413251903000e-02
5.623413251903000e-02
5.623413251903000e-02
5.623413251903000e-02

291
5.623413251903000e-02
5.623413251903000e-02
5.623413251903000e-02
5.623413251903000e-02
5.623413251903000e-02

292
5.623413251903000e-02
5.623413251903000e-02
5.623413251903000e-02
5.623413251903000e-02
5.623413251903000e-02

293
5.623413251903000e-02
5.623413251903000e-02
5.623413251903000e-02
5.623413251903000e-02
5.623413251903000e-02

294
5.623413251903000e-02
5.623413251903000e-02
5.623413251903000e-02
5.623413251903000e-02
5.623413251903000e-02

295
5.623413251903000e-02
5.623413251903000e-02
5.623413251903000e-02
5.623413251903000e-02
5.623413251903000e-02

296
5.623413251903000e-02
5.623413251903000e-02
5.623413251903000e-02
5.623413251903000e-02
5.623413251903000e-02

297
5.623413251903000e-02
5.623413251903000e-02
5.623413251903000e-02
5.623413251903000e-02
5.623413251903000e-02

298
5.623413251903000e-02
5.623413251903000e-02
5.623413251903000e-02
5.623413251903000e-02
5.623413251903000e-02

299
5.623413251903000e-02
5.623413251903000e-02
5.623413251903000e-02
5.623413251903000e-02
5.623413251903000e-02

300
5.623413251903000e-02
5.623413251903000e-02
5.623413251903000e-02
5.623413251903000e-02
5.623413251903000e-02

301
5.623413251903000e-02
5.623413251903000e-02
5.623413251903000e-02
5.623413251903000e-02
5.623413251903000e-02

302
5.623413251903000e-02
5.623413251903000e-02
5.623413251903000e-02
5.623413251903000e-02
5.623413251903000e-02

303
5.623413251903000e-02
5.623413251903000e-02
5.623413251903000e-02
5.623413251903000e-02
5.623413251903000e-02

304
5.623413251903000e-02
5.623413251903000e-02
5.623413251903000e-02
5.623413251903000e-02
5.623413251903000e-02

305
5.623413251903000e-02
5.623413251903000e-02
5.623413251903000e-02
5.623413251903000e-02
5.623413251903000e-02

306
5.623413251903000e-02
5.623413251903000e-02
5.623413251903000e-02
5.623413251903000e-02
5.623413251903000e-02

307
5.623413251903000e-02
5.623413251903000e-02
5.623413251903000e-02
5.623413251903000e-02
5.623413251903000e-02

308
5.623413251903000e-02
5.623413251903000e-02
5.623413251903000e-02
5.623413251903000e-02
5.623413251903000e-02

309
5.623413251903000e-02
5.623413251903000e-02
5.623413251903000e-02
5.623413251903000e-02
5.623413251903000e-02

310
5.623413251903000e-02
5.623413251903000e-02
5.623413251903000e-02
5.623413251903000e-02
5.623413251903000e-02

311
5.623413251903000e-02
5.623413251903000e-02
5.623413251903000e-02
5.623413251903000e-02
5.623413251903000e-02

312
5.623413251903000e-02
5.623413251903000e-02
5.623413251903000e-02
5.623413251903000e-02
5.623413251903000e-02

313
5.623413251903000e-02
5.623413251903000e-02
5.623413251903000e-02
5.623413251903000e-02
5.623413251903000e-02

314
5.623413251903000e-02
5.623413251903000e-02
5.623413251903000e-02
5.623413251903000e-02
5.623413251903000e-02

315
5.623413251903000e-02
5.623413251903000e-02
5.623413251903000e-02
5.623413251903000e-02
5.623413251903000e-02

316
5.623413251903000e-02
5.623413251903000e-02
5.623413251903000e-02
5.623413251903000e-02
5.623413251903000e-02

317
5.623413251903000e-02
5.623413251903000e-02
5.623413251903000e-02
5.623413251903000e-02
5.623413251903000e-02

318
5.623413251903000e-02
5.623413251903000e-02
5.623413251903000e-02
5.623413251903000e-02
5.623413251903000e-02

319
5.623413251903000e-02
5.623413251903000e-02
5.623413251903000e-02
5.623413251903000e-02
5.623413251903000e-02

320
5.623413251903000e-02
5.623413251903000e-02
5.623413251903000e-02
5.623413251903000e-02
5.623413251903000e-02

321
5.623413251903000e-02
5.623413251903000e-02
5.623413251903000e-02
5.623413251903000e-02
5.623413251903000e-02

322
5.623413251903000e-02
5.623413251903000e-02
5.623413251903000e-02
5.623413251903000e-02
5.623413251903000e-02

323
5.623413251903000e-02
5.623413251903000e-02
5.623413251903000e-02
5.623413251903000e-02
5.623413251903000e-02

324
5.623413251903000e-02
5.623413251903000e-02
5.623413251903000e-02
5.623413251903000e-02
5.623413251903000e-02

325
5.623413251903000e-02
5.623413251903000e-02
5.623413251903000e-02
5.623413251903000e-02
5.623413251903000e-02

326
5.623413251903000e-02
5.623413251903000e-02
5.623413251903000e-02
5.623413251903000e-02
5.623413251903000e-02

327
5.623413251903000e-02
5.623413251903000e-02
5.623413251903000e-02
5.623413251903000e-02
5.623413251903000e-02

328
5.623413251903000e-02
5.623413251903000e-02
5.623413251903000e-02
5.623413251903000e-02
5.623413251903000e-02

329
5.623413251903000e-02
5.623413251903000e-02
5.623413251903000e-02
5.623413251903000e-02
5.623413251903000e-02

330
5.623413251903000e-02
5.623413251903000e-02
5.623413251903000e-02
5.623413251903000e-02
5.623413251903000e-02

331
5.623413251903000e-02
5.623413251903000e-02
5.623413251903000e-02
5.623413251903000e-02
5.623413251903000e-02

332
5.623413251903000e-02
5.623413251903000e-02
5.623413251903000e-02
5.623413251903000e-02
5.623413251903000e-02

333
5.623413251903000e-02
5.623413251903000e-02
5.623413251903000e-02
5.623413251903000e-02
5.623413251903000e-02

334
5.623413251903000e-02
5.623413251903000e-02
5.623413251903000e-02
5.623413251903000e-02
5.623413251903000e-02

335
5.623413251903000e-02
5.623413251903000e-02
5.623413251903000e-02
5.623413251903000e-02
5.623413251903000e-02

336
5.623413251903000e-02
5.623413251903000e-02
5.623413251903000e-02
5.623413251903000e-02
5.623413251903000e-02

337
5.623413251903000e-02
5.623413251903000e-02
5.623413251903000e-02
5.623413251903000e-02
5.623413251903000e-02

338
5.623413251903000e-02
5.623413251903000e-02
5.623413251903000e-02
5.623413251903000e-02
5.623413251903000e-02

339
5.623413251903000e-02
5.623413251903000e-02
5.623413251903000e-02
5.623413251903000e-02
5.623413251903000e-02

340
5.623413251903000e-02
5.623413251903000e-02
5.623413251903000e-02
5.623413251903000e-02
5.623413251903000e-02

341
5.623413251903000e-02
5.623413251903000e-02
5.623413251903000e-02
5.623413251903000e-02
5.623413251903000e-02

342
5.623413251903000e-02
5.623413251903000e-02
5.623413251903000e-02
5.623413251903000e-02
5.623413251903000e-02

343
5.623413251903000e-02
5.623413251903000e-02
5.623413251903000e-02
5.623413251903000e-02
5.623413251903000e-02

344
5.623413251903000e-02
5.623413251903000e-02
5.623413251903000e-02
5.623413251903000e-02
5.623413251903000e-02

345
5.623413251903000e-02
5.623413251903000e-02
5.623413251903000e-02
5.623413251903000e-02
5.623413251903000e-02

346
5.623413251903000e-02
5.623413251903000e-02
5.623413251903000e-02
5.623413251903000e-02
5.623413251903000e-02

347
5.623413251903000e-02
5.623413251903000e-02
5.623413251903000e-02
5.623413251903000e-02
5.623413251903000e-02

348
5.623413251903000e-02
5.623413251903000e-02
5.623413251903000e-02
5.623413251903000e-02
5.623413251903000e-02

349
5.623413251903000e-02
5.623413251903000e-02
5.623413251903000e-02
5.623413251903000e-02
5.623413251903000e-02

350
5.623413251903000e-02
5.623413251903000e-02
5.623413251903000e-02
5.623413251903000e-02
5.623413251903000e-02

351
5.623413251903000e-02
5.623413251903000e-02
5.623413251903000e-02
5.623413251903000e-02
5.623413251903000e-02

352
5.623413251903000e-02
5.623413251903000e-02
5.623413251903000e-02
5.623413251903000e-02
5.623413251903000e-02

353
5.623413251903000e-02
5.623413251903000e-02
5.623413251903000e-02
5.623413251903000e-02
5.623413251903000e-02

354
5.623413251903000e-02
5.623413251903000e-02
5.623413251903000e-02
5.623413251903000e-02
5.623413251903000e-02

355
5.623413251903000e-02
5.623413251903000e-02
5.623413251903000e-02
5.623413251903000e-02
5.623413251903000e-02

356
5.623413251903000e-02
5.623413251903000e-02
5.623413251903000e-02
5.623413251903000e-02
5.623413251903000e-02

357
5.623413251903000e-02
5.623413251903000e-02
5.623413251903000e-02
5.623413251903000e-02
5.623413251903000e-02

358
5.623413251903000e-02
5.623413251903000e-02
5.623413251903000e-02
5.623413251903000e-02
5.623413251903000e-02

359
5.623413251903000e-02
5.623413251903000e-02
5.623413251903000e-02
5.623413251903000e-02
5.623413251903000e-02

360
5.623413251903000e-02
5.623413251903000e-02
5.623413251903000e-02
5.623413251903000e-02
5.623413251903000e-02

361
5.623413251903000e-02
5.623413251903000e-02
5.623413251903000e-02
5.623413251903000e-02
5.623413251903000e-02

362
5.623413251903000e-02
5.623413251903000e-02
5.623413251903000e-02
5.623413251903000e-02
5.623413251903000e-02

363
5.623413251903000e-02
5.623413251903000e-02
5.623413251903000e-02
5.623413251903000e-02
5.623413251903000e-02

364
5.623413251903000e-02
5.623413251903000e-02
5.623413251903000e-02
5.623413251903000e-02
5.623413251903000e-02

365
5.623413251903000e-02
5.623413251903000e-02
5.623413251903000e-02
5.623413251903000e-02
5.623413251903000e-02

366
5.623413251903000e-02
5.623413251903000e-02
5.623413251903000e-02
5.623413251903000e-02
5.623413251903000e-02

367
5.623413251903000e-02
5.623413251903000e-02
5.623413251903000e-02
5.623413251903000e-02
5.623413251903000e-02

368
5.623413251903000e-02
5.623413251903000e-02
5.623413251903000e-02
5.623413251903000e-02
5.623413251903000e-02

369
5.623413251903000e-02
5.623413251903000e-02
5.623413251903000e-02
5.623413251903000e-02
5.623413251903000e-02

370
5.623413251903000e-02
5.623413251903000e-02
5.623413251903000e-02
5.623413251903000e-02
5.623413251903000e-02

371
5.623413251903000e-02
5.623413251903000e-02
5.623413251903000e-02
5.623413251903000e-02
5.623413251903000e-02

372
5.623413251903000e-02
5.623413251903000e-02
5.623413251903000e-02
5.623413251903000e-02
5.623413251903000e-02

373
5.623413251903000e-02
5.623413251903000e-02
5.623413251903000e-02
5.623413251903000e-02
5.623413251903000e-02

374
5.623413251903000e-02
5.623413251903000e-02
5.623413251903000e-02
5.623413251903000e-02
5.623413251903000e-02

375
5.623413251903000e-02
5.623413251903000e-02
5.623413251903000e-02
5.623413251903000e-02
5.623413251903000e-02

376
5.623413251903000e-02
5.623413251903000e-02
5.623413251903000e-02
5.623413251903000e-02
5.623413251903000e-02

377
5.623413251903000e-02
5.623413251903000e-02
5.623413251903000e-02
5.623413251903000e-02
5.623413251903000e-02

378
5.623413251903000e-02
5.623413251903000e-02
5.623413251903000e-02
5.623413251903000e-02
5.623413251903000e-02

379
5.623413251903000e-02
5.623413251903000e-02
5.623413251903000e-02
5.623413251903000e-02
5.623413251903000e-02

380
5.623413251903000e-02
5.623413251903000e-02
5.623413251903000e-02
5.623413251903000e-02
5.623413251903000e-02

381
5.623413251903000e-02
5.623413251903000e-02
5.623413251903000e-02
5.623413251903000e-02
5.623413251903000e-02

382
5.623413251903000e-02
5.623413251903000e-02
5.623413251903000e-02
5.623413251903000e-02
5.623413251903000e-02

383
5.623413251903000e-02
5.623413251903000e-02
5.623413251903000e-02
5.623413251903000e-02
5.623413251903000e-02

384
5.623413251903000e-02
5.623413251903000e-02
5.623413251903000e-02
5.623413251903000e-02
5.623413251903000e-02

385
5.623413251903000e-02
5.623413251903000e-02
5.623413251903000e-02
5.623413251903000e-02
5.623413251903000e-02

386
5.623413251903000e-02
5.623413251903000e-02
5.623413251903000e-02
5.623413251903000e-02
5.623413251903000e-02

387
5.623413251903000e-02
5.623413251903000e-02
5.623413251903000e-02
5.623413251903000e-02
5.623413251903000e-02

388
5.623413251903000e-02
5.623413251903000e-02
5.623413251903000e-02
5.623413251903000e-02
5.623413251903000e-02

389
5.623413251903000e-02
5.623413251903000e-02
5.623413251903000e-02
5.623413251903000e-02
5.623413251903000e-02

390
5.623413251903000e-02
5.623413251903000e-02
5.623413251903000e-02
5.623413251903000e-02
5.623413251903000e-02

391
5.623413251903000e-02
5.623413251903000e-02
5.623413251903000e-02
5.623413251903000e-02
5.623413251903000e-02

392
5.623413251903000e-02
5.623413251903000e-02
5.623413251903000e-02
5.623413251903000e-02
5.623413251903000e-02

393
5.623413251903000e-02
5.623413251903000e-02
5.623413251903000e-02
5.623413251903000e-02
5.623413251903000e-02

394
5.623413251903000e-02
5.623413251903000e-02
5.623413251903000e-02
5.623413251903000e-02
5.623413251903000e-02

395
5.623413251903000e-02
5.623413251903000e-02
5.623413251903000e-02
5.623413251903000e-02
5.623413251903000e-02

396
5.623413251903000e-02
5.623413251903000e-02
5.623413251903000e-02
5.623413251903000e-02
5.623413251903000e-02

397
5.623413251903000e-02
5.623413251903000e-02
5.623413251903000e-02
5.623413251903000e-02
5.623413251903000e-02

398
5.623413251903000e-02
5.623413251903000e-02
5.623413251903000e-02
5.623413251903000e-02
5.623413251903000e-02

399
5.623413251903000e-02
5.623413251903000e-02
5.623413251903000e-02
5.623413251903000e-02
5.623413251903000e-02

400
5.623413251903000e-02
5.623413251903000e-02
5.623413251903000e-02
5.623413251903000e-02
5.623413251903000e-02

401
5.623413251903000e-02
5.623413251903000e-02
5.623413251903000e-02
5.623413251903000e-02
5.623413251903000e-02

402
5.623413251903000e-02
5.623413251903000e-02
5.623413251903000e-02
5.623413251903000e-02
5.623413251903000e-02

403
5.623413251903000e-02
5.623413251903000e-02
5.623413251903000e-02
5.623413251903000e-02
5.623413251903000e-02

404
5.623413251903000e-02
5.623413251903000e-02
5.623413251903000e-02
5.623413251903000e-02
5.623413251903000e-02

405
5.623413251903000e-02
5.623413251903000e-02
5.623413251903000e-02
5.623413251903000e-02
5.623413251903000e-02

406
5.623413251903000e-02
5.623413251903000e-02
5.623413251903000e-02
5.623413251903000e-02
5.623413251903000e-02

407
5.623413251903000e-02
5.623413251903000e-02
5.623413251903000e-02
5.623413251903000e-02
5.623413251903000e-02

408
5.623413251903000e-02
5.623413251903000e-02
5.623413251903000e-02
5.623413251903000e-02
5.623413251903000e-02

409
5.623413251903000e-02
5.623413251903000e-02
5.623413251903000e-02
5.623413251903000e-02
5.623413251903000e-02

410
5.623413251903000e-02
5.623413251903000e-02
5.623413251903000e-02
5.623413251903000e-02
5.623413251903000e-02

411
5.623413251903000e-02
5.623413251903000e-02
5.623413251903000e-02
5.623413251903000e-02
5.623413251903000e-02

412
5.623413251903000e-02
5.623413251903000e-02
5.623413251903000e-02
5.623413251903000e-02
5.623413251903000e-02

413
5.623413251903000e-02
5.623413251903000e-02
5.623413251903000e-02
5.623413251903000e-02
5.623413251903000e-02

414
5.623413251903000e-02
5.623413251903000e-02
5.623413251903000e-02
5.623413251903000e-02
5.623413251903000e-02

415
5.623413251903000e-02
5.623413251903000e-02
5.623413251903000e-02
5.623413251903000e-02
5.623413251903000e-02

416
5.623413251903000e-02
5.623413251903000e-02
5.623413251903000e-02
5.623413251903000e-02
5.623413251903000e-02

417
5.623413251903000e-02
5.623413251903000e-02
5.623413251903000e-02
5.623413251903000e-02
5.623413251903000e-02

418
5.623413251903000e-02
5.623413251903000e-02
5.623413251903000e-02
5.623413251903000e-02
5.623413251903000e-02

419
5.623413251903000e-02
5.623413251903000e-02
5.623413251903000e-02
5.623413251903000e-02
5.623413251903000e-02

420
5.623413251903000e-02
5.623413251903000e-02
5.623413251903000e-02
5.623413251903000e-02
5.623413251903000e-02

421
5.623413251903000e-02
5.623413251903000e-02
5.623413251903000e-02
5.623413251903000e-02
5.623413251903000e-02

422
5.623413251903000e-02
5.623413251903000e-02
5.623413251903000e-02
5.623413251903000e-02
5.623413251903000e-02

423
5.623413251903000e-02
5.623413251903000e-02
5.623413251903000e-02
5.623413251903000e-02
5.623413251903000e-02

424
5.623413251903000e-02
5.623413251903000e-02
5.623413251903000e-02
5.623413251903000e-02
5.623413251903000e-02

425
5.623413251903000e-02
5.623413251903000e-02
5.623413251903000e-02
5.623413251903000e-02
5.623413251903000e-02

426
5.623413251903000e-02
5.623413251903000e-02
5.623413251903000e-02
5.623413251903000e-02
5.623413251903000e-02

427
5.623413251903000e-02
5.623413251903000e-02
5.623413251903000e-02
5.623413251903000e-02
5.623413251903000e-02

428
5.623413251903000e-02
5.623413251903000e-02
5.623413251903000e-02
5.623413251903000e-02
5.623413251903000e-02

429
5.623413251903000e-02
5.623413251903000e-02
5.623413251903000e-02
5.623413251903000e-02
5.623413251903000e-02

430
5.623413251903000e-02
5.623413251903000e-02
5.623413251903000e-02
5.623413251903000e-02
5.623413251903000e-02

431
5.623413251903000e-02
5.623413251903000e-02
5.623413251903000e-02
5.623413251903000e-02
5.623413251903000e-02

432
5.623413251903000e-02
5.623413251903000e-02
5.623413251903000e-02
5.623413251903000e-02
5.623413251903000e-02

433
5.623413251903000e-02
5.623413251903000e-02
5.623413251903000e-02
5.623413251903000e-02
5.623413251903000e-02

434
5.623413251903000e-02
5.623413251903000e-02
5.623413251903000e-02
5.623413251903000e-02
5.623413251903000e-02

435
5.623413251903000e-02
5.623413251903000e-02
5.623413251903000e-02
5.623413251903000e-02
5.623413251903000e-02

436
5.623413251903000e-02
5.623413251903000e-02
5.623413251903000e-02
5.623413251903000e-02
5.623413251903000e-02

437
5.623413251903000e-02
5.623413251903000e-02
5.623413251903000e-02
5.623413251903000e-02
5.623413251903000e-02

438
5.623413251903000e-02
5.623413251903000e-02
5.623413251903000e-02
5.623413251903000e-02
5.623413251903000e-02

439
5.623413251903000e-02
5.623413251903000e-02
5.623413251903000e-02
5.623413251903000e-02
5.623413251903000e-02

440
5.623413251903000e-02
5.623413251903000e-02
5.623413251903000e-02
5.623413251903000e-02
5.623413251903000e-02

441
5.623413251903000e-02
5.623413251903000e-02
5.623413251903000e-02
5.623413251903000e-02
5.623413251903000e-02

442
5.623413251903000e-02
5.623413251903000e-02
5.623413251903000e-02
5.623413251903000e-02
5.623413251903000e-02

443
5.623413251903000e-02
5.623413251903000e-02
5.623413251903000e-02
5.623413251903000e-02
5.623413251903000e-02

444
5.623413251903000e-02
5.623413251903000e-02
5.623413251903000e-02
5.623413251903000e-02
5.623413251903000e-02

445
5.623413251903000e-02
5.623413251903000e-02
5.623413251903000e-02
5.623413251903000e-02
5.623413251903000e-02

446
5.623413251903000e-02
5.623413251903000e-02
5.623413251903000e-02
5.623413251903000e-02
5.623413251903000e-02

447
5.623413251903000e-02
5.623413251903000e-02
5.623413251903000e-02
5.623413251903000e-02
5.623413251903000e-02

448
5.623413251903000e-02
5.623413251903000e-02
5.623413251903000e-02
5.623413251903000e-02
5.623413251903000e-02

449
5.623413251903000e-02
5.623413251903000e-02
5.623413251903000e-02
5.623413251903000e-02
5.623413251903000e-02

450
5.623413251903000e-02
5.623413251903000e-02
5.623413251903000e-02
5.623413251903000e-02
5.623413251903000e-02

451
5.623413251903000e-02
5.623413251903000e-02
5.623413251903000e-02
5.623413251903000e-02
5.623413251903000e-02

452
5.623413251903000e-02
5.623413251903000e-02
5.623413251903000e-02
5.623413251903000e-02
5.623413251903000e-02

453
5.623413251903000e-02
5.623413251903000e-02
5.623413251903000e-02
5.623413251903000e-02
5.623413251903000e-02

454
5.623413251903000e-02
5.623413251903000e-02
5.623413251903000e-02
5.623413251903000e-02
5.623413251903000e-02

455
5.623413251903000e-02
5.623413251903000e-02
5.623413251903000e-02
5.623413251903000e-02
5.623413251903000e-02

456
5.623413251903000e-02
5.623413251903000e-02
5.623413251903000e-02
5.623413251903000e-02
5.623413251903000e-02

457
5.623413251903000e-02
5.623413251903000e-02
5.623413251903000e-02
5.623413251903000e-02
5.623413251903000e-02

458
5.623413251903000e-02
5.623413251903000e-02
5.623413251903000e-02
5.623413251903000e-02
5.623413251903000e-02

459
5.623413251903000e-02
5.623413251903000e-02
5.623413251903000e-02
5.623413251903000e-02
5.623413251903000e-02

460
5.623413251903000e-02
5.623413251903000e-02
5.623413251903000e-02
5.623413251903000e-02
5.623413251903000e-02

461
5.623413251903000e-02
5.623413251903000e-02
5.623413251903000e-02
5.623413251903000e-02
5.623413251903000e-02

462
5.623413251903000e-02
5.623413251903000e-02
5.623413251903000e-02
5.623413251903000e-02
5.623413251903000e-02

463
5.623413251903000e-02
5.623413251903000e-02
5.623413251903000e-02
5.623413251903000e-02
5.623413251903000e-02

464
5.623413251903000e-02
5.623413251903000e-02
5.623413251903000e-02
5.623413251903000e-02
5.623413251903000e-02

465
5.623413251903000e-02
5.623413251903000e-02
5.623413251903000e-02
5.623413251903000e-02
5.623413251903000e-02

466
5.623413251903000e-02
5.623413251903000e-02
5.623413251903000e-02
5.623413251903000e-02
5.623413251903000e-02

467
5.623413251903000e-02
5.623413251903000e-02
5.623413251903000e-02
5.623413251903000e-02
5.623413251903000e-02

468
5.623413251903000e-02
5.623413251903000e-02
5.623413251903000e-02
5.623413251903000e-02
5.623413251903000e-02

469
5.623413251903000e-02
5.623413251903000e-02
5.623413251903000e-02
5.623413251903000e-02
5.623413251903000e-02

470
5.623413251903000e-02
5.623413251903000e-02
5.623413251903000e-02
5.623413251903000e-02
5.623413251903000e-02

471
5.623413251903000e-02
5.623413251903000e-02
5.623413251903000e-02
5.623413251903000e-02
5.623413251903000e-02

472
5.623413251903000e-02
5.623413251903000e-02
5.623413251903000e-02
5.623413251903000e-02
5.623413251903000e-02

473
5.623413251903000e-02
5.623413251903000e-02
5.623413251903000e-02
5.623413251903000e-02
5.623413251903000e-02

474
5.623413251903000e-02
5.623413251903000e-02
5.623413251903000e-02
5.623413251903000e-02
5.623413251903000e-02

475
5.623413251903000e-02
5.623413251903000e-02
5.623413251903000e-02
5.623413251903000e-02
5.623413251903000e-02

476
5.623413251903000e-02
5.623413251903000e-02
5.623413251903000e-02
5.623413251903000e-02
5.623413251903000e-02

477
5.623413251903000e-02
5.623413251903000e-02
5.623413251903000e-02
5.623413251903000e-02
5.623413251903000e-02

478
5.623413251903000e-02
5.623413251903000e-02
5.623413251903000e-02
5.623413251903000e-02
5.623413251903000e-02

479
5.623413251903000e-02
5.623413251903000e-02
5.623413251903000e-02
5.623413251903000e-02
5.623413251903000e-02

480
5.623413251903000e-02
5.623413251903000e-02
5.623413251903000e-02
5.623413251903000e-02
5.623413251903000e-02

481
5.623413251903000e-02
5.623413251903000e-02
5.623413251903000e-02
5.623413251903000e-02
5.623413251903000e-02

482
5.623413251903000e-02
5.623413251903000e-02
5.623413251903000e-02
5.623413251903000e-02
5.623413251903000e-02

483
5.623413251903000e-02
5.623413251903000e-02
5.623413251903000e-02
5.623413251903000e-02
5.623413251903000e-02

484
5.623413251903000e-02
5.623413251903000e-02
5.623413251903000e-02
5.623413251903000e-02
5.623413251903000e-02

485
5.623413251903000e-02
5.623413251903000e-02
5.623413251903000e-02
5.623413251903000e-02
5.623413251903000e-02

486
5.623413251903000e-02
5.623413251903000e-02
5.623413251903000e-02
5.623413251903000e-02
5.623413251903000e-02

487
5.623413251903000e-02
5.623413251903000e-02
5.623413251903000e-02
5.623413251903000e-02
5.623413251903000e-02

488
5.623413251903000e-02
5.623413251903000e-02
5.623413251903000e-02
5.623413251903000e-02
5.623413251903000e-02

489
5.623413251903000e-02
5.623413251903000e-02
5.623413251903000e-02
5.623413251903000e-02
5.623413251903000e-02

490
5.623413251903000e-02
5.623413251903000e-02
5.623413251903000e-02
5.623413251903000e-02
5.623413251903000e-02

491
5.623413251902999e-02
5.623413251903000e-02
5.623413251903000e-02
5.623413251903001e-02
5.623413251902999e-02

492
5.623413251902998e-02
5.623413251903001e-02
5.623413251902996e-02
5.623413251903009e-02
5.623413251898084e-02

493
5.623413251903820e-02
5.623413251910835e-02
5.623413251886856e-02
5.623413251933261e-02
5.623413251766492e-02

494
5.623413251932852e-02
5.623413252108724e-02
5.623413251483190e-02
5.623413252681415e-02
5.623413248404949e-02

495
5.623413252660652e-02
5.623413257212538e-02
5.623413241066150e-02
5.623413271828887e-02
5.623413162034665e-02

496
5.623413271367854e-02
5.623413389692770e-02
5.623412969742735e-02
5.623413757588840e-02
5.623410905854034e-02

497
5.623413859525651e-02
5.623416837416172e-02
5.623405623885097e-02
5.623424565231452e-02
5.623341893674821e-02

498
5.623468785460962e-02
5.623495677122847e-02
5.623160355033954e-02
5.623280872595697e-02
5.618639390357928e-02

499
5.634446353783284e-02
5.624370330449781e-02
5.604198191127381e-02
5.586136327244330e-02
4.952118401599861e-02

