#Cell    Group    L_mom 
# Element_0
# Element_1
# Element_2
# Element_3
# Element_4
    0  0  0
1.914331384442323e+00
1.911300701382757e+00
1.905541379520763e+00
1.899758466670337e+00
1.896696936465695e+00

    1  0  0
1.896697161649354e+00
1.893628067300343e+00
1.887788772244918e+00
1.881922119477196e+00
1.878817944079593e+00

    2  0  0
1.878818132584078e+00
1.875708571219447e+00
1.869800349383356e+00
1.863869232819736e+00
1.860727840357026e+00

    3  0  0
1.860728164087186e+00
1.857578120350568e+00
1.851582512117517e+00
1.845553308054639e+00
1.842357646088210e+00

    4  0  0
1.842357491931267e+00
1.839150128855999e+00
1.833041749725605e+00
1.826905125525897e+00
1.823661014216485e+00

    5  0  0
1.823660371169915e+00
1.820409293506314e+00
1.814222948271123e+00
1.807996188514553e+00
1.804692470627980e+00

    6  0  0
1.804692988653828e+00
1.801377619740180e+00
1.795059688033379e+00
1.788697486238059e+00
1.785322681336366e+00

    7  0  0
1.785323067135502e+00
1.781936404874958e+00
1.775487268348182e+00
1.769000436246557e+00
1.765561990169936e+00

    8  0  0
1.765561796779942e+00
1.762109661412820e+00
1.755525338541517e+00
1.748883502601794e+00
1.745355235366146e+00

    9  0  0
1.745355174579803e+00
1.741808951534490e+00
1.735038126583206e+00
1.728207184705574e+00
1.724582031253264e+00

   10  0  0
1.724581963788479e+00
1.720941650694635e+00
1.713998160336225e+00
1.706990343011245e+00
1.703263697082052e+00

   11  0  0
1.703264016393747e+00
1.699516698363198e+00
1.692352806670440e+00
1.685105908454804e+00
1.681247725294621e+00

   12  0  0
1.681247876348701e+00
1.677366266537417e+00
1.669947760215538e+00
1.662451591470494e+00
1.658463365002544e+00

   13  0  0
1.658463100075164e+00
1.654446626280429e+00
1.646753892264002e+00
1.638953874406228e+00
1.634797233695401e+00

   14  0  0
1.634796914389991e+00
1.630608021649657e+00
1.622576780314807e+00
1.614421261761279e+00
1.610069430787078e+00

   15  0  0
1.610069407880758e+00
1.605684576475914e+00
1.597278988345013e+00
1.588742428019040e+00
1.584180534404918e+00

   16  0  0
1.584181115582749e+00
1.579577749417539e+00
1.570731515167782e+00
1.561720690181100e+00
1.556900413712048e+00

   17  0  0
1.556900947984179e+00
1.552039147080499e+00
1.542698016094660e+00
1.533149982777452e+00
1.528003296853998e+00

   18  0  0
1.528005963241276e+00
1.522790790095259e+00
1.512737169088513e+00
1.502491265780266e+00
1.497006128535589e+00

   19  0  0
1.497003760754203e+00
1.491444613302649e+00
1.480700428633435e+00
1.469672409101320e+00
1.463741883209292e+00

   20  0  0
1.463740639206074e+00
1.457725063464500e+00
1.446084518408845e+00
1.434121694192983e+00
1.427677403428347e+00

   21  0  0
1.427676823456739e+00
1.421131522541706e+00
1.408431913963135e+00
1.395321937793336e+00
1.388231471299472e+00

   22  0  0
1.388231364861737e+00
1.381012076640310e+00
1.366959984276484e+00
1.352401475681101e+00
1.344506991084016e+00

   23  0  0
1.344507622692112e+00
1.336455348626002e+00
1.320748327262574e+00
1.304404814440775e+00
1.295503154465337e+00

   24  0  0
1.295503069406725e+00
1.286400700497563e+00
1.268553613388152e+00
1.249866739779369e+00
1.239637731069174e+00

   25  0  0
1.239594643541174e+00
1.229159901209789e+00
1.208474575284082e+00
1.186773441963288e+00
1.174784800357737e+00

   26  0  0
1.174786897333437e+00
1.162399716421417e+00
1.137800596658261e+00
1.111568292290149e+00
1.096995233138941e+00

   27  0  0
1.096996732464022e+00
1.081874436777896e+00
1.051513562688259e+00
1.018629193204000e+00
1.000124388301087e+00

   28  0  0
1.000130088502729e+00
9.807084858809230e-01
9.410942932042924e-01
8.970395051378999e-01
8.716258658671956e-01

   29  0  0
8.710734178180767e-01
8.446712189285058e-01
7.865995402733510e-01
7.184534490784846e-01
6.775541208821837e-01

   30  0  0
7.464560590863653e-01
5.997618832373279e-01
5.410938900857593e-01
3.147543375797365e-01
4.528648501417098e-02

   31  0  0
9.698959665778509e-03
1.773130245230625e-04
-3.619707315665825e-05
4.188500848542480e-05
-4.310158791292851e-05

   32  0  0
3.247736753116365e-06
9.884310950592917e-06
1.003310613224312e-05
9.977445183763354e-06
1.003803224751312e-05

   33  0  0
1.000486440138397e-05
1.000008236998638e-05
9.999976410399599e-06
1.000001607527718e-05
9.999972840580676e-06

   34  0  0
9.999996575212473e-06
9.999999942882402e-06
1.000000001635021e-05
9.999999988852852e-06
1.000000001882760e-05

   35  0  0
1.000000000236311e-05
1.000000000003660e-05
9.999999999985061e-06
1.000000000000431e-05
9.999999999983431e-06

   36  0  0
9.999999999994802e-06
9.999999999996477e-06
9.999999999996516e-06
9.999999999996499e-06
9.999999999996516e-06

   37  0  0
9.999999999996509e-06
9.999999999996508e-06
9.999999999996506e-06
9.999999999996506e-06
9.999999999996506e-06

   38  0  0
9.999999999996509e-06
9.999999999996506e-06
9.999999999996506e-06
9.999999999996506e-06
9.999999999996506e-06

   39  0  0
9.999999999996509e-06
9.999999999996506e-06
9.999999999996506e-06
9.999999999996506e-06
9.999999999996506e-06

   40  0  0
9.999999999996509e-06
9.999999999996506e-06
9.999999999996506e-06
9.999999999996506e-06
9.999999999996506e-06

   41  0  0
9.999999999996509e-06
9.999999999996506e-06
9.999999999996506e-06
9.999999999996506e-06
9.999999999996506e-06

   42  0  0
9.999999999996509e-06
9.999999999996506e-06
9.999999999996506e-06
9.999999999996506e-06
9.999999999996506e-06

   43  0  0
9.999999999996509e-06
9.999999999996506e-06
9.999999999996506e-06
9.999999999996506e-06
9.999999999996506e-06

   44  0  0
9.999999999996509e-06
9.999999999996506e-06
9.999999999996506e-06
9.999999999996506e-06
9.999999999996506e-06

   45  0  0
9.999999999996509e-06
9.999999999996506e-06
9.999999999996506e-06
9.999999999996506e-06
9.999999999996506e-06

   46  0  0
9.999999999996509e-06
9.999999999996506e-06
9.999999999996506e-06
9.999999999996506e-06
9.999999999996506e-06

   47  0  0
9.999999999996509e-06
9.999999999996506e-06
9.999999999996506e-06
9.999999999996506e-06
9.999999999996506e-06

   48  0  0
9.999999999996509e-06
9.999999999996506e-06
9.999999999996506e-06
9.999999999996506e-06
9.999999999996506e-06

   49  0  0
9.999999999996509e-06
9.999999999996506e-06
9.999999999996506e-06
9.999999999996506e-06
9.999999999996506e-06

   50  0  0
9.999999999996509e-06
9.999999999996506e-06
9.999999999996506e-06
9.999999999996506e-06
9.999999999996506e-06

   51  0  0
9.999999999996509e-06
9.999999999996506e-06
9.999999999996506e-06
9.999999999996506e-06
9.999999999996506e-06

   52  0  0
9.999999999996509e-06
9.999999999996506e-06
9.999999999996506e-06
9.999999999996506e-06
9.999999999996506e-06

   53  0  0
9.999999999996509e-06
9.999999999996506e-06
9.999999999996506e-06
9.999999999996506e-06
9.999999999996506e-06

   54  0  0
9.999999999996509e-06
9.999999999996506e-06
9.999999999996506e-06
9.999999999996506e-06
9.999999999996506e-06

   55  0  0
9.999999999996509e-06
9.999999999996506e-06
9.999999999996506e-06
9.999999999996506e-06
9.999999999996506e-06

   56  0  0
9.999999999996509e-06
9.999999999996506e-06
9.999999999996506e-06
9.999999999996506e-06
9.999999999996506e-06

   57  0  0
9.999999999996509e-06
9.999999999996506e-06
9.999999999996506e-06
9.999999999996506e-06
9.999999999996506e-06

   58  0  0
9.999999999996509e-06
9.999999999996506e-06
9.999999999996506e-06
9.999999999996506e-06
9.999999999996508e-06

   59  0  0
9.999999999996509e-06
9.999999999996508e-06
9.999999999996506e-06
9.999999999996506e-06
9.999999999996506e-06

   60  0  0
9.999999999996509e-06
9.999999999996506e-06
9.999999999996506e-06
9.999999999996508e-06
9.999999999996506e-06

   61  0  0
9.999999999996509e-06
9.999999999996508e-06
9.999999999996506e-06
9.999999999996506e-06
9.999999999996509e-06

   62  0  0
9.999999999996506e-06
9.999999999996508e-06
9.999999999996506e-06
9.999999999996508e-06
9.999999999996503e-06

   63  0  0
9.999999999996506e-06
9.999999999996508e-06
9.999999999996506e-06
9.999999999996506e-06
9.999999999996508e-06

   64  0  0
9.999999999996509e-06
9.999999999996506e-06
9.999999999996506e-06
9.999999999996506e-06
9.999999999996508e-06

   65  0  0
9.999999999996509e-06
9.999999999996506e-06
9.999999999996506e-06
9.999999999996506e-06
9.999999999996506e-06

   66  0  0
9.999999999996509e-06
9.999999999996506e-06
9.999999999996506e-06
9.999999999996506e-06
9.999999999996506e-06

   67  0  0
9.999999999996509e-06
9.999999999996506e-06
9.999999999996506e-06
9.999999999996506e-06
9.999999999996506e-06

   68  0  0
9.999999999996509e-06
9.999999999996506e-06
9.999999999996506e-06
9.999999999996506e-06
9.999999999996506e-06

   69  0  0
9.999999999996509e-06
9.999999999996506e-06
9.999999999996506e-06
9.999999999996506e-06
9.999999999996506e-06

   70  0  0
9.999999999996509e-06
9.999999999996506e-06
9.999999999996506e-06
9.999999999996506e-06
9.999999999996506e-06

   71  0  0
9.999999999996509e-06
9.999999999996506e-06
9.999999999996506e-06
9.999999999996506e-06
9.999999999996506e-06

   72  0  0
9.999999999996509e-06
9.999999999996506e-06
9.999999999996506e-06
9.999999999996506e-06
9.999999999996506e-06

   73  0  0
9.999999999996509e-06
9.999999999996506e-06
9.999999999996506e-06
9.999999999996506e-06
9.999999999996508e-06

   74  0  0
9.999999999996506e-06
9.999999999996506e-06
9.999999999996506e-06
9.999999999996508e-06
9.999999999996564e-06

   75  0  0
9.999999999996713e-06
9.999999999996381e-06
9.999999999996735e-06
9.999999999994832e-06
9.999999999916866e-06

   76  0  0
9.999999999787878e-06
1.000000000015355e-05
9.999999999759532e-06
1.000000000091099e-05
1.000000003925992e-05

   77  0  0
1.000000009322114e-05
9.999999927513320e-06
1.000000010981338e-05
9.999999570967637e-06
9.999981900403057e-06

   78  0  0
9.999962506007849e-06
1.000003061989862e-05
9.999953354935381e-06
1.000018553885521e-05
1.000762912579455e-05

   79  0  0
1.001248722668223e-05
9.988792577164106e-06
1.001727015525029e-05
9.929293219700845e-06
7.136719470134522e-06

