#Cell 
# Element_0
# Element_1
0
1.164434002566740e+00
1.164204470175834e+00

1
1.164204769567255e+00
1.163974610806842e+00

2
1.163974925020639e+00
1.163744110181646e+00

3
1.163744439031737e+00
1.163512959447805e+00

4
1.163513304361847e+00
1.163281152697816e+00

5
1.163281515211718e+00
1.163048684303257e+00

6
1.163049065812366e+00
1.162815548413809e+00

7
1.162815950155087e+00
1.162581739242252e+00

8
1.162582161889795e+00
1.162347250202200e+00

9
1.162347697313464e+00
1.162112076274027e+00

10
1.162112547479299e+00
1.161876208669638e+00

11
1.161876702099408e+00
1.161639631092983e+00

12
1.161640145135860e+00
1.161402319803425e+00

13
1.161402854900028e+00
1.161164250560944e+00

14
1.161164800933350e+00
1.160925427277452e+00

15
1.160925939851018e+00
1.160685884960029e+00

16
1.160686327112281e+00
1.160445560744516e+00

17
1.160446096452113e+00
1.160204507885318e+00

18
1.160205004358883e+00
1.159962831198023e+00

19
1.159963276743881e+00
1.159720333955001e+00

20
1.159720882192639e+00
1.159477122156835e+00

21
1.159477615331325e+00
1.159233225046308e+00

22
1.159233682469859e+00
1.158988492652427e+00

23
1.158989046521510e+00
1.158743029369118e+00

24
1.158743528628711e+00
1.158496859635719e+00

25
1.158497323211042e+00
1.158249841927487e+00

26
1.158250400607188e+00
1.158002071554641e+00

27
1.158002582447239e+00
1.157753581477968e+00

28
1.157754049174957e+00
1.157504231531350e+00

29
1.157504793324071e+00
1.157254101680639e+00

30
1.157254628261608e+00
1.157003241933398e+00

31
1.157003713335034e+00
1.156751512966867e+00

32
1.156752074940620e+00
1.156498971832526e+00

33
1.156499517359068e+00
1.156245690771676e+00

34
1.156246167178278e+00
1.155991535515857e+00

35
1.155992093613187e+00
1.155736531678461e+00

36
1.155737098224567e+00
1.155480774995323e+00

37
1.155481259837284e+00
1.155224144971740e+00

38
1.155224694620674e+00
1.154966627946684e+00

39
1.154967215314004e+00
1.154708338640357e+00

40
1.154708837795961e+00
1.154449183018284e+00

41
1.154449720445855e+00
1.154189104024736e+00

42
1.154189708240642e+00
1.153928222957960e+00

43
1.153928744497673e+00
1.153666486993990e+00

44
1.153667011259593e+00
1.153403799290866e+00

45
1.153404411458870e+00
1.153140266686513e+00

46
1.153140819323750e+00
1.152875890155083e+00

47
1.152876405495353e+00
1.152610547980613e+00

48
1.152611154917550e+00
1.152344306100190e+00

49
1.152344895568832e+00
1.152077222595362e+00

50
1.152077740127196e+00
1.151809177850150e+00

51
1.151809766003465e+00
1.151540174392555e+00

52
1.151540797893708e+00
1.151270312684879e+00

53
1.151270849953728e+00
1.150999509693028e+00

54
1.151000072219500e+00
1.150727699796485e+00

55
1.150728341463801e+00
1.150454988315417e+00

56
1.150455564550306e+00
1.150181359177758e+00

57
1.150181903073874e+00
1.149906702194198e+00

58
1.149907335807702e+00
1.149631076691247e+00

59
1.149631701962107e+00
1.149354541169271e+00

60
1.149355089497167e+00
1.149076990057807e+00

61
1.149077593098808e+00
1.148798401158035e+00

62
1.148799063004381e+00
1.148518873967473e+00

63
1.148519458723242e+00
1.148238362562264e+00

64
1.148238934687030e+00
1.147956774222307e+00

65
1.147957436409493e+00
1.147674179455789e+00

66
1.147674822074883e+00
1.147390619206853e+00

67
1.147391189525129e+00
1.147105990404617e+00

68
1.147106617480686e+00
1.146820276274478e+00

69
1.146820962641871e+00
1.146533569531567e+00

70
1.146534182429023e+00
1.146245830447396e+00

71
1.146246422355388e+00
1.145956966183256e+00

72
1.145957646597525e+00
1.145667031894271e+00

73
1.145667711074337e+00
1.145376080963947e+00

74
1.145376680978683e+00
1.145084023860454e+00

75
1.145084659411190e+00
1.144790817703648e+00

76
1.144791531278551e+00
1.144496548784007e+00

77
1.144497210061294e+00
1.144201212162014e+00

78
1.144201821908417e+00
1.143904708211775e+00

79
1.143905391984468e+00
1.143607049884169e+00

80
1.143607776130060e+00
1.143308315437208e+00

81
1.143308963894113e+00
1.143008451868244e+00

82
1.143009088083974e+00
1.142707377153008e+00

83
1.142708102570215e+00
1.142405145280796e+00

84
1.142405872276287e+00
1.142101805547333e+00

85
1.142102452190110e+00
1.141797276136511e+00

86
1.141797947199223e+00
1.141491505002227e+00

87
1.141492262044863e+00
1.141184567134888e+00

88
1.141185291644953e+00
1.140876478349949e+00

89
1.140877133676464e+00
1.140567145056161e+00

90
1.140567852717290e+00
1.140256546018386e+00

91
1.140257326228650e+00
1.139944761195304e+00

92
1.139945485454464e+00
1.139631777475227e+00

93
1.139632448918693e+00
1.139317500725872e+00

94
1.139318242864073e+00
1.139001935021012e+00

95
1.139002733390676e+00
1.138685156050753e+00

96
1.138685884693529e+00
1.138367129501133e+00

97
1.138367821108986e+00
1.138047766167164e+00

98
1.138048539083541e+00
1.137727087759153e+00

99
1.137727902674265e+00
1.137405162456752e+00

100
1.137405900640088e+00
1.137081942462864e+00

101
1.137082655539369e+00
1.136757344556907e+00

102
1.136758144354064e+00
1.136431400649237e+00

103
1.136432233040116e+00
1.136104172210111e+00

104
1.136104924847821e+00
1.135775604513032e+00

105
1.135776338554772e+00
1.135445618599881e+00

106
1.135446441692551e+00
1.135114250220379e+00

107
1.135115102552366e+00
1.134781557081756e+00

108
1.134782328823255e+00
1.134447482919889e+00

109
1.134448236554755e+00
1.134111950029699e+00

110
1.134112793039171e+00
1.133774992532358e+00

111
1.133775867833503e+00
1.133436667954558e+00

112
1.133437463540189e+00
1.133096923274959e+00

113
1.133097695148098e+00
1.132755679007128e+00

114
1.132756538369163e+00
1.132412962458780e+00

115
1.132413863346882e+00
1.132068833981573e+00

116
1.132069658654972e+00
1.131723248625897e+00

117
1.131724038306922e+00
1.131376123173724e+00

118
1.131376994826663e+00
1.131027472710054e+00

119
1.131028400329330e+00
1.130677361698094e+00

120
1.130678221364266e+00
1.130325758544506e+00

121
1.130326567530251e+00
1.129972576467844e+00

122
1.129973455993293e+00
1.129617812733027e+00

123
1.129618765610227e+00
1.129261534280783e+00

124
1.129262435059265e+00
1.128903728421774e+00

125
1.128904561161731e+00
1.128544308009047e+00

126
1.128545191544065e+00
1.128183247608517e+00

127
1.128184220690529e+00
1.127820611010451e+00

128
1.127821557831539e+00
1.127456409107576e+00

129
1.127457273713788e+00
1.127090561164456e+00

130
1.127091447238071e+00
1.126723016738696e+00

131
1.126724001242156e+00
1.126353826583910e+00

132
1.126354820687058e+00
1.125983026669437e+00

133
1.125983934630704e+00
1.125610552764844e+00

134
1.125611444852986e+00
1.125236332070253e+00

135
1.125237317060539e+00
1.124860389786349e+00

136
1.124861425626356e+00
1.124482782004443e+00

137
1.124483745912757e+00
1.124103472653729e+00

138
1.124104381630832e+00
1.123722376140270e+00

139
1.123723352557379e+00
1.123339481284364e+00

140
1.123340544512617e+00
1.122954850131392e+00

141
1.122955878558748e+00
1.122568483892049e+00

142
1.122569428715037e+00
1.122180300875113e+00

143
1.122181267636406e+00
1.121790250636521e+00

144
1.121791319942124e+00
1.121398378711900e+00

145
1.121399468834271e+00
1.121004723435322e+00

146
1.121005727604234e+00
1.120609228073903e+00

147
1.120610197999136e+00
1.120211813185106e+00

148
1.120212868281240e+00
1.119812484869306e+00

149
1.119813616790594e+00
1.119411302141811e+00

150
1.119412383802455e+00
1.119008251565420e+00

151
1.119009252987883e+00
1.118603248595339e+00

152
1.118604283045209e+00
1.118196249822883e+00

153
1.118197389755587e+00
1.117787302322815e+00

154
1.117788459692541e+00
1.117376439560049e+00

155
1.117377508629491e+00
1.116963603220311e+00

156
1.116964635444256e+00
1.116548713369068e+00

157
1.116549830325292e+00
1.116131771367488e+00

158
1.116132973468190e+00
1.115712834546152e+00

159
1.115713995454672e+00
1.115291895965586e+00

160
1.115292968808760e+00
1.114868873506099e+00

161
1.114869963141821e+00
1.114443712256053e+00

162
1.114444910049010e+00
1.114016447739419e+00

163
1.114017688366463e+00
1.113587123027129e+00

164
1.113588284062171e+00
1.113155694862616e+00

165
1.113156793070706e+00
1.112722077244323e+00

166
1.112723237931122e+00
1.112286246604144e+00

167
1.112287513556728e+00
1.111848255059295e+00

168
1.111849519547540e+00
1.111408120429893e+00

169
1.111409289724711e+00
1.110965774651310e+00

170
1.110966915749978e+00
1.110521140682530e+00

171
1.110522375112090e+00
1.110074222600728e+00

172
1.110075546105178e+00
1.109625074294721e+00

173
1.109626358237324e+00
1.109173687950808e+00

174
1.109174877397767e+00
1.108719981976218e+00

175
1.108721176467713e+00
1.108263893620117e+00

176
1.108265198322644e+00
1.107805446595633e+00

177
1.107806818122482e+00
1.107344688188987e+00

178
1.107345994479534e+00
1.106881589815979e+00

179
1.106882810235484e+00
1.106416064292417e+00

180
1.106417316351738e+00
1.105948062894347e+00

181
1.105949432493151e+00
1.105477620975528e+00

182
1.105479037304122e+00
1.105004776716722e+00

183
1.105006112078035e+00
1.104529486973399e+00

184
1.104530746284763e+00
1.104051663166334e+00

185
1.104052972587878e+00
1.103571267119500e+00

186
1.103572696750289e+00
1.103088339809460e+00

187
1.103089802146507e+00
1.102602911618166e+00

188
1.102604284258630e+00
1.102114930559744e+00

189
1.102116233859906e+00
1.101624307955274e+00

190
1.101625671966579e+00
1.101131011312225e+00

191
1.101132497269219e+00
1.100635083308517e+00

192
1.100636595744321e+00
1.100136549767036e+00

193
1.100137968389954e+00
1.099635354714015e+00

194
1.099636705306149e+00
1.099131408976385e+00

195
1.099132823480043e+00
1.098624680511149e+00

196
1.098626219743386e+00
1.098115211048214e+00

197
1.098116779048503e+00
1.097603025764249e+00

198
1.097604499535725e+00
1.097088069050901e+00

199
1.097089469887347e+00
1.096570250336359e+00

200
1.096571710730968e+00
1.096049532846672e+00

201
1.096051121906339e+00
1.095525954860460e+00

202
1.095527583819005e+00
1.094999544631343e+00

203
1.095001083506709e+00
1.094470251343951e+00

204
1.094471706655804e+00
1.093937982679570e+00

205
1.093939484679257e+00
1.093402692268299e+00

206
1.093404326178067e+00
1.092864411509799e+00

207
1.092866105073139e+00
1.092323174424959e+00

208
1.092324789182163e+00
1.091778939925018e+00

209
1.091780456912683e+00
1.091231615157449e+00

210
1.091233156124820e+00
1.090681140135676e+00

211
1.090682811712692e+00
1.090127534301826e+00

212
1.090129292276518e+00
1.089570837972849e+00

213
1.089572539267265e+00
1.089011025183533e+00

214
1.089012615461828e+00
1.088448006226889e+00

215
1.088449587430540e+00
1.087881705375901e+00

216
1.087883405782702e+00
1.087312123401400e+00

217
1.087313939517228e+00
1.086739303809700e+00

218
1.086741099576269e+00
1.086163240676137e+00

219
1.086164920655641e+00
1.085583854120853e+00

220
1.085585483861254e+00
1.085001053984185e+00

221
1.085002775396507e+00
1.084414815288565e+00

222
1.084416675890464e+00
1.083825176657686e+00

223
1.083827067596384e+00
1.083232154383944e+00

224
1.083233943131001e+00
1.082635687713338e+00

225
1.082637384327412e+00
1.082035678383349e+00

226
1.082037419301878e+00
1.081432071051873e+00

227
1.081433956722831e+00
1.080824886538084e+00

228
1.080826860766635e+00
1.080214159266214e+00

229
1.080216072230930e+00
1.079599857359036e+00

230
1.079601649758708e+00
1.078981886611804e+00

231
1.078983659067262e+00
1.078360163000205e+00

232
1.078362055366351e+00
1.077734675034025e+00

233
1.077736705349588e+00
1.077105461612850e+00

234
1.077107500052234e+00
1.076472525054685e+00

235
1.076474447152342e+00
1.075835791976512e+00

236
1.075837627449358e+00
1.075195160846782e+00

237
1.075197055067248e+00
1.074550578660723e+00

238
1.074552627858419e+00
1.073902066112836e+00

239
1.073904206208043e+00
1.073249653282014e+00

240
1.073251729153369e+00
1.072593303997718e+00

241
1.072595251836853e+00
1.071932920251592e+00

242
1.071934839263369e+00
1.071268411448221e+00

243
1.071270449677269e+00
1.070599756725932e+00

244
1.070601948250104e+00
1.069926990331001e+00

245
1.069929212592163e+00
1.069250119166509e+00

246
1.069252229951255e+00
1.068569075009154e+00

247
1.068571075736203e+00
1.067883750517292e+00

248
1.067885781047565e+00
1.067194073857354e+00

249
1.067196259615021e+00
1.066500048312843e+00

250
1.066502364097367e+00
1.065801706754985e+00

251
1.065803999025689e+00
1.065099030195571e+00

252
1.065101188098020e+00
1.064391928235525e+00

253
1.064394006439684e+00
1.063680293628405e+00

254
1.063682449439216e+00
1.062964073034013e+00

255
1.062966400549029e+00
1.062243283783199e+00

256
1.062245711792384e+00
1.061517949686615e+00

257
1.061520313636813e+00
1.060788029549834e+00

258
1.060790251960085e+00
1.060053419134175e+00

259
1.060055591724248e+00
1.059314014825412e+00

260
1.059316299100240e+00
1.058569777056340e+00

261
1.058572238703738e+00
1.057820729122491e+00

262
1.057823266099339e+00
1.057066884206039e+00

263
1.057069330617752e+00
1.056308184765274e+00

264
1.056310488850343e+00
1.055544518068787e+00

265
1.055546794259030e+00
1.054775783341217e+00

266
1.054778192961383e+00
1.054001948447168e+00

267
1.054004538249678e+00
1.053223037599193e+00

268
1.053225687843054e+00
1.052439055517350e+00

269
1.052441600365376e+00
1.051649934284958e+00

270
1.051652335514009e+00
1.050855555440511e+00

271
1.050857938935106e+00
1.050055817687165e+00

272
1.050058346099612e+00
1.049250689750289e+00

273
1.049253403542140e+00
1.048440193961327e+00

274
1.048442966585047e+00
1.047624330517936e+00

275
1.047626992873462e+00
1.046803026761520e+00

276
1.046805540054566e+00
1.045976159856841e+00

277
1.045978651777798e+00
1.045143623522711e+00

278
1.045146262135928e+00
1.044305380794798e+00

279
1.044308214336921e+00
1.043461450083293e+00

280
1.043464355776501e+00
1.042611831425444e+00

281
1.042614632610622e+00
1.041756453041960e+00

282
1.041759095362306e+00
1.040895189074654e+00

283
1.040897791389803e+00
1.040027923885712e+00

284
1.040030662938462e+00
1.039154608037275e+00

285
1.039157554213216e+00
1.038275253066431e+00

286
1.038278300224541e+00
1.037389862445321e+00

287
1.037392825042721e+00
1.036498371299925e+00

288
1.036501164615614e+00
1.035600653485629e+00

289
1.035603373260968e+00
1.034696580962324e+00

290
1.034699411307531e+00
1.033786084775583e+00

291
1.033789131065250e+00
1.032869164202941e+00

292
1.032872354000285e+00
1.031945827438267e+00

293
1.031948972384916e+00
1.031016022843914e+00

294
1.031018996037274e+00
1.030079629309991e+00

295
1.030082483969581e+00
1.029136506244996e+00

296
1.029139423741553e+00
1.028186558771527e+00

297
1.028189686943465e+00
1.027229765244990e+00

298
1.027233086118671e+00
1.026266135397687e+00

299
1.026269475517920e+00
1.025295636133135e+00

300
1.025298823466285e+00
1.024318159809032e+00

301
1.024321182326981e+00
1.023333557852820e+00

302
1.023336571531964e+00
1.022341705922182e+00

303
1.022344896820929e+00
1.021342550309924e+00

304
1.021345974416312e+00
1.020336092336338e+00

305
1.020339621997607e+00
1.019322318453980e+00

306
1.019325751146980e+00
1.018301144891210e+00

307
1.018304385192868e+00
1.017272425790072e+00

308
1.017275568723877e+00
1.016236010001190e+00

309
1.016239256192542e+00
1.015191801658374e+00

310
1.015195288703765e+00
1.014139776440359e+00

311
1.014143460907327e+00
1.013079932042229e+00

312
1.013083620556359e+00
1.012012216682590e+00

313
1.012015732433853e+00
1.010936503585353e+00

314
1.010939840726389e+00
1.009852626891150e+00

315
1.009855952791640e+00
1.008760445769084e+00

316
1.008763960913155e+00
1.007659890061235e+00

317
1.007663664568886e+00
1.006550947138101e+00

318
1.006554858237834e+00
1.005433594782292e+00

319
1.005437424704096e+00
1.004307742587671e+00

320
1.004311363470590e+00
1.003173232338759e+00

321
1.003176713359675e+00
1.002029889334489e+00

322
1.002033436978015e+00
1.000877584858477e+00

323
1.000881377647095e+00
9.997162645055748e-01

324
9.997203100559550e-01
9.985459133243220e-01

325
9.985500360961758e-01
9.973664838362999e-01

326
9.973704654478449e-01
9.961778528902486e-01

327
9.961816130644622e-01
9.949798395967052e-01

328
9.949835000511607e-01
9.937722637521420e-01

329
9.937760493152270e-01
9.925550034089006e-01

330
9.925590683063032e-01
9.913280089872749e-01

331
9.913323150489395e-01
9.900912555631476e-01

332
9.900955956903905e-01
9.888446719121785e-01

333
9.888488330068611e-01
9.875881089501114e-01

334
9.875920434735388e-01
9.863213674571348e-01

335
9.863252289727565e-01
9.850442591036201e-01

336
9.850482826066955e-01
9.837566597932066e-01

337
9.837609856544379e-01
9.824585154212628e-01

338
9.824630804060799e-01
9.811497884145844e-01

339
9.811543673835373e-01
9.798303884988225e-01

340
9.798347671981722e-01
9.785001465508667e-01

341
9.785042890747760e-01
9.771588458746489e-01

342
9.771629201386852e-01
9.758062837429496e-01

343
9.758105349025069e-01
9.744423233353742e-01

344
9.744468954724045e-01
9.730668978838679e-01

345
9.730717251373346e-01
9.716799568477177e-01

346
9.716848054148376e-01
9.702813966886525e-01

347
9.702860387636041e-01
9.688710334854453e-01

348
9.688754202004193e-01
9.674486323600441e-01

349
9.674529283956209e-01
9.660139682967542e-01

350
9.660184310193950e-01
9.645668800171673e-01

351
9.645716776783839e-01
9.631072792577179e-01

352
9.631123686689547e-01
9.616351017041633e-01

353
9.616402520512275e-01
9.601502361913459e-01

354
9.601551943147658e-01
9.586524896484949e-01

355
9.586571665965851e-01
9.571416090158070e-01

356
9.571461433440506e-01
9.556173394296755e-01

357
9.556219974915575e-01
9.540794824065804e-01

358
9.540844752997683e-01
9.525279163918514e-01

359
9.525332531607809e-01
9.509625588347619e-01

360
9.509680329167688e-01
9.493832947999509e-01

361
9.493886247885480e-01
9.477899289084298e-01

362
9.477949591117706e-01
9.461821929615327e-01

363
9.461870031725466e-01
9.445597974881709e-01

364
9.445646458670891e-01
9.429224941741148e-01

365
9.429276437934162e-01
9.412701120274084e-01

366
9.412756556706644e-01
9.396025385748574e-01

367
9.396083303577728e-01
9.379196538401630e-01

368
9.379254012442408e-01
9.362212672883339e-01

369
9.362267310848952e-01
9.345071034079411e-01

370
9.345122629721367e-01
9.327768393358720e-01

371
9.327819050665307e-01
9.310301676005246e-01

372
9.310354415710679e-01
9.292668484645431e-01

373
9.292725302353650e-01
9.274867177968590e-01

374
9.274927720291114e-01
9.256896384042231e-01

375
9.256958095287159e-01
9.238754274814248e-01

376
9.238814043310480e-01
9.220438141441527e-01

377
9.220494381345555e-01
9.201944522787526e-01

378
9.201998223072776e-01
9.183269745051014e-01

379
9.183323814207762e-01
9.164410553907424e-01

380
9.164467990599716e-01
9.145364486335702e-01

381
9.145426507136301e-01
9.126129704935999e-01

382
9.126194914328557e-01
9.106704346367296e-01

383
9.106769538307451e-01
9.087085843867782e-01

384
9.087148038422279e-01
9.067270692891166e-01

385
9.067329068198848e-01
9.047254753371251e-01

386
9.047311162338656e-01
9.027033865152932e-01

387
9.027091676986037e-01
9.006604445703607e-01

388
9.006666512624822e-01
8.985963729362634e-01

389
8.986030646415384e-01
8.965109439454331e-01

390
8.965179094773520e-01
8.944039064286115e-01

391
8.944107858681787e-01
8.922749241365044e-01

392
8.922814314632351e-01
8.901235643056291e-01

393
8.901296664983791e-01
8.879493370739394e-01

394
8.879552736872701e-01
8.857517603715989e-01

395
8.857579003079274e-01
8.835304171420214e-01

396
8.835370440027877e-01
8.812849720054469e-01

397
8.812921154033586e-01
8.790151306578816e-01

398
8.790225386214227e-01
8.767205642561662e-01

399
8.767278448565338e-01
8.744008497843718e-01

400
8.744077055036152e-01
8.720554622831190e-01

401
8.720618699234202e-01
8.696838171550375e-01

402
8.696900412304847e-01
8.672853368275546e-01

403
8.672917773760515e-01
8.648595089747680e-01

404
8.648664768497801e-01
8.624059037646651e-01

405
8.624134418861972e-01
8.599241332767964e-01

406
8.599319810018617e-01
8.574137740843919e-01

407
8.574215069138253e-01
8.548743032394150e-01

408
8.548815766661645e-01
8.523050853148275e-01

409
8.523118359296045e-01
8.497054115831651e-01

410
8.497118935834251e-01
8.470745673181882e-01

411
8.470812111949931e-01
8.444118950646751e-01

412
8.444190740734927e-01
8.417168208420541e-01

413
8.417246453426148e-01
8.389888221664401e-01

414
8.389970674824500e-01
8.362273513190017e-01

415
8.362355689306320e-01
8.334317611769649e-01

416
8.334395239456769e-01
8.306012773828414e-01

417
8.306084194720594e-01
8.277350265362097e-01

418
8.277417363063888e-01
8.248321009715905e-01

419
8.248388196668406e-01
8.218916292629613e-01

420
8.218988194264185e-01
8.189128188479297e-01

421
8.189207210357055e-01
8.158949431874220e-01

422
8.159034387540974e-01
8.128372731760296e-01

423
8.128459305782660e-01
8.097389912325489e-01

424
8.097472865428039e-01
8.065991387906456e-01

425
8.066067364122708e-01
8.034166219005811e-01

426
8.034235561693009e-01
8.001902654627744e-01

427
8.001969237299174e-01
7.969188884116881e-01

428
7.969258136659242e-01
7.936013665275413e-01

429
7.936089838440399e-01
7.902366498047301e-01

430
7.902450445605099e-01
7.868237168787319e-01

431
7.868325728184118e-01
7.833614858125429e-01

432
7.833702280785554e-01
7.798487315613578e-01

433
7.798568148629763e-01
7.762840537972380e-01

434
7.762912444300089e-01
7.726659047692497e-01

435
7.726724021911365e-01
7.689926581641446e-01

436
7.689989966292803e-01
7.652626877790709e-01

437
7.652694761722315e-01
7.614744209146331e-01

438
7.614820448983204e-01
7.576263347927366e-01

439
7.576347539412235e-01
7.537168876005488e-01

440
7.537256284767079e-01
7.497444158774421e-01

441
7.497527824770718e-01
7.457070528681451e-01

442
7.457144620792540e-01
7.416027058158953e-01

443
7.416089758438640e-01
7.374290944254281e-01

444
7.374345353624542e-01
7.331838273403229e-01

445
7.331890940538333e-01
7.288644832196726e-01

446
7.288702680076913e-01
7.244686591510435e-01

447
7.244753610504431e-01
7.199939541592089e-01

448
7.200014665438748e-01
7.154378826879803e-01

449
7.154456041262891e-01
7.107977549589188e-01

450
7.108048397481973e-01
7.060705821689359e-01

451
7.060763247861862e-01
7.012530453996331e-01

452
7.012572100489343e-01
6.963415303059853e-01

453
6.963444600906709e-01
6.913322036041859e-01

454
6.913346613411913e-01
6.862210960572322e-01

455
6.862239154429561e-01
6.810041513680662e-01

456
6.810078460939113e-01
6.756772037249402e-01

457
6.756816939195260e-01
6.702358731921642e-01

458
6.702404565667200e-01
6.646754133601934e-01

459
6.646790197816619e-01
6.589905737779763e-01

460
6.589922079576661e-01
6.531755256929377e-01

461
6.531746943201088e-01
6.472238614225495e-01

462
6.472207785438019e-01
6.411286464105800e-01

463
6.411241224819431e-01
6.348824873150264e-01

464
6.348775545543306e-01
6.284775707361474e-01

465
6.284729961217688e-01
6.219056245042084e-01

466
6.219014963123699e-01
6.151577725037202e-01

467
6.151533331098005e-01
6.082243010069838e-01

468
6.082181254625444e-01
6.010943987595475e-01

469
6.010848766758762e-01
5.937559360836702e-01

470
5.937418589252449e-01
5.861953126811443e-01

471
5.861762985781538e-01
5.783973628938726e-01

472
5.783739215239889e-01
5.703452797418759e-01

473
5.703184826019061e-01
5.620205011614291e-01

474
5.619913759089252e-01
5.534024903048348e-01

475
5.533713490749146e-01
5.444683423501709e-01

476
5.444342835747616e-01
5.351921695849629e-01

477
5.351529497960297e-01
5.255442694068697e-01

478
5.254966314556816e-01
5.154901578147962e-01

479
5.154305537005129e-01
5.049895167944453e-01

480
5.049149191431526e-01
4.939948749509821e-01

481
4.939031339009060e-01
4.824498629005458e-01

482
4.823394270799937e-01
4.702873490911713e-01

483
4.701568718037931e-01
4.574270305809713e-01

484
4.572743342590203e-01
4.437700908404006e-01

485
4.435886564435743e-01
4.291914133273287e-01

486
4.289678319810238e-01
4.135349903615854e-01

487
4.132538659569132e-01
3.966024310126041e-01

488
3.962417104749483e-01
3.781055451030029e-01

489
3.776000557817545e-01
3.576207120165014e-01

490
3.568718894939678e-01
3.346234830384218e-01

491
3.336038882785771e-01
3.083072737806088e-01

492
3.067816749831707e-01
2.765930742201075e-01

493
2.729092646682714e-01
2.351685613223036e-01

494
2.254793570080343e-01
1.794451317903838e-01

495
1.600620895691118e-01
1.109126724689364e-01

496
8.711120258282398e-02
6.371360894989878e-02

497
5.815903661763040e-02
5.643835254202330e-02

498
5.627411523024147e-02
5.623804849228421e-02

499
5.623489312257436e-02
5.623420692173896e-02

500
5.623414697461294e-02
5.623413393366147e-02

501
5.623413279399152e-02
5.623413254594881e-02

502
5.623413252426424e-02
5.623413251954262e-02

503
5.623413251912971e-02
5.623413251903976e-02

504
5.623413251903190e-02
5.623413251903018e-02

505
5.623413251903003e-02
5.623413251903001e-02

506
5.623413251903000e-02
5.623413251903000e-02

507
5.623413251903000e-02
5.623413251903000e-02

508
5.623413251903000e-02
5.623413251903000e-02

509
5.623413251903000e-02
5.623413251903000e-02

510
5.623413251903000e-02
5.623413251903000e-02

511
5.623413251903000e-02
5.623413251903000e-02

512
5.623413251903000e-02
5.623413251903000e-02

513
5.623413251903000e-02
5.623413251903000e-02

514
5.623413251903000e-02
5.623413251903000e-02

515
5.623413251903000e-02
5.623413251903000e-02

516
5.623413251903000e-02
5.623413251903000e-02

517
5.623413251903000e-02
5.623413251903000e-02

518
5.623413251903000e-02
5.623413251903000e-02

519
5.623413251903000e-02
5.623413251903000e-02

520
5.623413251903000e-02
5.623413251903000e-02

521
5.623413251903000e-02
5.623413251903000e-02

522
5.623413251903000e-02
5.623413251903000e-02

523
5.623413251903000e-02
5.623413251903000e-02

524
5.623413251903000e-02
5.623413251903000e-02

525
5.623413251903000e-02
5.623413251903000e-02

526
5.623413251903000e-02
5.623413251903000e-02

527
5.623413251903000e-02
5.623413251903000e-02

528
5.623413251903000e-02
5.623413251903000e-02

529
5.623413251903000e-02
5.623413251903000e-02

530
5.623413251903000e-02
5.623413251903000e-02

531
5.623413251903000e-02
5.623413251903000e-02

532
5.623413251903000e-02
5.623413251903000e-02

533
5.623413251903000e-02
5.623413251903000e-02

534
5.623413251903000e-02
5.623413251903000e-02

535
5.623413251903000e-02
5.623413251903000e-02

536
5.623413251903000e-02
5.623413251903000e-02

537
5.623413251903000e-02
5.623413251903000e-02

538
5.623413251903000e-02
5.623413251903000e-02

539
5.623413251903000e-02
5.623413251903000e-02

540
5.623413251903000e-02
5.623413251903000e-02

541
5.623413251903000e-02
5.623413251903000e-02

542
5.623413251903000e-02
5.623413251903000e-02

543
5.623413251903000e-02
5.623413251903000e-02

544
5.623413251903000e-02
5.623413251903000e-02

545
5.623413251903000e-02
5.623413251903000e-02

546
5.623413251903000e-02
5.623413251903000e-02

547
5.623413251903000e-02
5.623413251903000e-02

548
5.623413251903000e-02
5.623413251903000e-02

549
5.623413251903000e-02
5.623413251903000e-02

550
5.623413251903000e-02
5.623413251903000e-02

551
5.623413251903000e-02
5.623413251903000e-02

552
5.623413251903000e-02
5.623413251903000e-02

553
5.623413251903000e-02
5.623413251903000e-02

554
5.623413251903000e-02
5.623413251903000e-02

555
5.623413251903000e-02
5.623413251903000e-02

556
5.623413251903000e-02
5.623413251903000e-02

557
5.623413251903000e-02
5.623413251903000e-02

558
5.623413251903000e-02
5.623413251903000e-02

559
5.623413251903000e-02
5.623413251903000e-02

560
5.623413251903000e-02
5.623413251903000e-02

561
5.623413251903000e-02
5.623413251903000e-02

562
5.623413251903000e-02
5.623413251903000e-02

563
5.623413251903000e-02
5.623413251903000e-02

564
5.623413251903000e-02
5.623413251903000e-02

565
5.623413251903000e-02
5.623413251903000e-02

566
5.623413251903000e-02
5.623413251903000e-02

567
5.623413251903000e-02
5.623413251903000e-02

568
5.623413251903000e-02
5.623413251903000e-02

569
5.623413251903000e-02
5.623413251903000e-02

570
5.623413251903000e-02
5.623413251903000e-02

571
5.623413251903000e-02
5.623413251903000e-02

572
5.623413251903000e-02
5.623413251903000e-02

573
5.623413251903000e-02
5.623413251903000e-02

574
5.623413251903000e-02
5.623413251903000e-02

575
5.623413251903000e-02
5.623413251903000e-02

576
5.623413251903000e-02
5.623413251903000e-02

577
5.623413251903000e-02
5.623413251903000e-02

578
5.623413251903000e-02
5.623413251903000e-02

579
5.623413251903000e-02
5.623413251903000e-02

580
5.623413251903000e-02
5.623413251903000e-02

581
5.623413251903000e-02
5.623413251903000e-02

582
5.623413251903000e-02
5.623413251903000e-02

583
5.623413251903000e-02
5.623413251903000e-02

584
5.623413251903000e-02
5.623413251903000e-02

585
5.623413251903000e-02
5.623413251903000e-02

586
5.623413251903000e-02
5.623413251903000e-02

587
5.623413251903000e-02
5.623413251903000e-02

588
5.623413251903000e-02
5.623413251903000e-02

589
5.623413251903000e-02
5.623413251903000e-02

590
5.623413251903000e-02
5.623413251903000e-02

591
5.623413251903000e-02
5.623413251903000e-02

592
5.623413251903000e-02
5.623413251903000e-02

593
5.623413251903000e-02
5.623413251903000e-02

594
5.623413251903000e-02
5.623413251903000e-02

595
5.623413251903000e-02
5.623413251903000e-02

596
5.623413251903000e-02
5.623413251903000e-02

597
5.623413251903000e-02
5.623413251903000e-02

598
5.623413251903000e-02
5.623413251903000e-02

599
5.623413251903000e-02
5.623413251903000e-02

600
5.623413251903000e-02
5.623413251903000e-02

601
5.623413251903000e-02
5.623413251903000e-02

602
5.623413251903000e-02
5.623413251903000e-02

603
5.623413251903000e-02
5.623413251903000e-02

604
5.623413251903000e-02
5.623413251903000e-02

605
5.623413251903000e-02
5.623413251903000e-02

606
5.623413251903000e-02
5.623413251903000e-02

607
5.623413251903000e-02
5.623413251903000e-02

608
5.623413251903000e-02
5.623413251903000e-02

609
5.623413251903000e-02
5.623413251903000e-02

610
5.623413251903000e-02
5.623413251903000e-02

611
5.623413251903000e-02
5.623413251903000e-02

612
5.623413251903000e-02
5.623413251903000e-02

613
5.623413251903000e-02
5.623413251903000e-02

614
5.623413251903000e-02
5.623413251903000e-02

615
5.623413251903000e-02
5.623413251903000e-02

616
5.623413251903000e-02
5.623413251903000e-02

617
5.623413251903000e-02
5.623413251903000e-02

618
5.623413251903000e-02
5.623413251903000e-02

619
5.623413251903000e-02
5.623413251903000e-02

620
5.623413251903000e-02
5.623413251903000e-02

621
5.623413251903000e-02
5.623413251903000e-02

622
5.623413251903000e-02
5.623413251903000e-02

623
5.623413251903000e-02
5.623413251903000e-02

624
5.623413251903000e-02
5.623413251903000e-02

625
5.623413251903000e-02
5.623413251903000e-02

626
5.623413251903000e-02
5.623413251903000e-02

627
5.623413251903000e-02
5.623413251903000e-02

628
5.623413251903000e-02
5.623413251903000e-02

629
5.623413251903000e-02
5.623413251903000e-02

630
5.623413251903000e-02
5.623413251903000e-02

631
5.623413251903000e-02
5.623413251903000e-02

632
5.623413251903000e-02
5.623413251903000e-02

633
5.623413251903000e-02
5.623413251903000e-02

634
5.623413251903000e-02
5.623413251903000e-02

635
5.623413251903000e-02
5.623413251903000e-02

636
5.623413251903000e-02
5.623413251903000e-02

637
5.623413251903000e-02
5.623413251903000e-02

638
5.623413251903000e-02
5.623413251903000e-02

639
5.623413251903000e-02
5.623413251903000e-02

640
5.623413251903000e-02
5.623413251903000e-02

641
5.623413251903000e-02
5.623413251903000e-02

642
5.623413251903000e-02
5.623413251903000e-02

643
5.623413251903000e-02
5.623413251903000e-02

644
5.623413251903000e-02
5.623413251903000e-02

645
5.623413251903000e-02
5.623413251903000e-02

646
5.623413251903000e-02
5.623413251903000e-02

647
5.623413251903000e-02
5.623413251903000e-02

648
5.623413251903000e-02
5.623413251903000e-02

649
5.623413251903000e-02
5.623413251903000e-02

650
5.623413251903000e-02
5.623413251903000e-02

651
5.623413251903000e-02
5.623413251903000e-02

652
5.623413251903000e-02
5.623413251903000e-02

653
5.623413251903000e-02
5.623413251903000e-02

654
5.623413251903000e-02
5.623413251903000e-02

655
5.623413251903000e-02
5.623413251903000e-02

656
5.623413251903000e-02
5.623413251903000e-02

657
5.623413251903000e-02
5.623413251903000e-02

658
5.623413251903000e-02
5.623413251903000e-02

659
5.623413251903000e-02
5.623413251903000e-02

660
5.623413251903000e-02
5.623413251903000e-02

661
5.623413251903000e-02
5.623413251903000e-02

662
5.623413251903000e-02
5.623413251903000e-02

663
5.623413251903000e-02
5.623413251903000e-02

664
5.623413251903000e-02
5.623413251903000e-02

665
5.623413251903000e-02
5.623413251903000e-02

666
5.623413251903000e-02
5.623413251903000e-02

667
5.623413251903000e-02
5.623413251903000e-02

668
5.623413251903000e-02
5.623413251903000e-02

669
5.623413251903000e-02
5.623413251903000e-02

670
5.623413251903000e-02
5.623413251903000e-02

671
5.623413251903000e-02
5.623413251903000e-02

672
5.623413251903000e-02
5.623413251903000e-02

673
5.623413251903000e-02
5.623413251903000e-02

674
5.623413251903000e-02
5.623413251903000e-02

675
5.623413251903000e-02
5.623413251903000e-02

676
5.623413251903000e-02
5.623413251903000e-02

677
5.623413251903000e-02
5.623413251903000e-02

678
5.623413251903000e-02
5.623413251903000e-02

679
5.623413251903000e-02
5.623413251903000e-02

680
5.623413251903000e-02
5.623413251903000e-02

681
5.623413251903000e-02
5.623413251903000e-02

682
5.623413251903000e-02
5.623413251903000e-02

683
5.623413251903000e-02
5.623413251903000e-02

684
5.623413251903000e-02
5.623413251903000e-02

685
5.623413251903000e-02
5.623413251903000e-02

686
5.623413251903000e-02
5.623413251903000e-02

687
5.623413251903000e-02
5.623413251903000e-02

688
5.623413251903000e-02
5.623413251903000e-02

689
5.623413251903000e-02
5.623413251903000e-02

690
5.623413251903000e-02
5.623413251903000e-02

691
5.623413251903000e-02
5.623413251903000e-02

692
5.623413251903000e-02
5.623413251903000e-02

693
5.623413251903000e-02
5.623413251903000e-02

694
5.623413251903000e-02
5.623413251903000e-02

695
5.623413251903000e-02
5.623413251903000e-02

696
5.623413251903000e-02
5.623413251903000e-02

697
5.623413251903000e-02
5.623413251903000e-02

698
5.623413251903000e-02
5.623413251903000e-02

699
5.623413251903000e-02
5.623413251903000e-02

700
5.623413251903000e-02
5.623413251903000e-02

701
5.623413251903000e-02
5.623413251903000e-02

702
5.623413251903000e-02
5.623413251903000e-02

703
5.623413251903000e-02
5.623413251903000e-02

704
5.623413251903000e-02
5.623413251903000e-02

705
5.623413251903000e-02
5.623413251903000e-02

706
5.623413251903000e-02
5.623413251903000e-02

707
5.623413251903000e-02
5.623413251903000e-02

708
5.623413251903000e-02
5.623413251903000e-02

709
5.623413251903000e-02
5.623413251903000e-02

710
5.623413251903000e-02
5.623413251903000e-02

711
5.623413251903000e-02
5.623413251903000e-02

712
5.623413251903000e-02
5.623413251903000e-02

713
5.623413251903000e-02
5.623413251903000e-02

714
5.623413251903000e-02
5.623413251903000e-02

715
5.623413251903000e-02
5.623413251903000e-02

716
5.623413251903000e-02
5.623413251903000e-02

717
5.623413251903000e-02
5.623413251903000e-02

718
5.623413251903000e-02
5.623413251903000e-02

719
5.623413251903000e-02
5.623413251903000e-02

720
5.623413251903000e-02
5.623413251903000e-02

721
5.623413251903000e-02
5.623413251903000e-02

722
5.623413251903000e-02
5.623413251903000e-02

723
5.623413251903000e-02
5.623413251903000e-02

724
5.623413251903000e-02
5.623413251903000e-02

725
5.623413251903000e-02
5.623413251903000e-02

726
5.623413251903000e-02
5.623413251903000e-02

727
5.623413251903000e-02
5.623413251903000e-02

728
5.623413251903000e-02
5.623413251903000e-02

729
5.623413251903000e-02
5.623413251903000e-02

730
5.623413251903000e-02
5.623413251903000e-02

731
5.623413251903000e-02
5.623413251903000e-02

732
5.623413251903000e-02
5.623413251903000e-02

733
5.623413251903000e-02
5.623413251903000e-02

734
5.623413251903000e-02
5.623413251903000e-02

735
5.623413251903000e-02
5.623413251903000e-02

736
5.623413251903000e-02
5.623413251903000e-02

737
5.623413251903000e-02
5.623413251903000e-02

738
5.623413251903000e-02
5.623413251903000e-02

739
5.623413251903000e-02
5.623413251903000e-02

740
5.623413251903000e-02
5.623413251903000e-02

741
5.623413251903000e-02
5.623413251903000e-02

742
5.623413251903000e-02
5.623413251903000e-02

743
5.623413251903000e-02
5.623413251903000e-02

744
5.623413251903000e-02
5.623413251903000e-02

745
5.623413251903000e-02
5.623413251903000e-02

746
5.623413251903000e-02
5.623413251903000e-02

747
5.623413251903000e-02
5.623413251903000e-02

748
5.623413251903000e-02
5.623413251903000e-02

749
5.623413251903000e-02
5.623413251903000e-02

750
5.623413251903000e-02
5.623413251903000e-02

751
5.623413251903000e-02
5.623413251903000e-02

752
5.623413251903000e-02
5.623413251903000e-02

753
5.623413251903000e-02
5.623413251903000e-02

754
5.623413251903000e-02
5.623413251903000e-02

755
5.623413251903000e-02
5.623413251903000e-02

756
5.623413251903000e-02
5.623413251903000e-02

757
5.623413251903000e-02
5.623413251903000e-02

758
5.623413251903000e-02
5.623413251903000e-02

759
5.623413251903000e-02
5.623413251903000e-02

760
5.623413251903000e-02
5.623413251903000e-02

761
5.623413251903000e-02
5.623413251903000e-02

762
5.623413251903000e-02
5.623413251903000e-02

763
5.623413251903000e-02
5.623413251903000e-02

764
5.623413251903000e-02
5.623413251903000e-02

765
5.623413251903000e-02
5.623413251903000e-02

766
5.623413251903000e-02
5.623413251903000e-02

767
5.623413251903000e-02
5.623413251903000e-02

768
5.623413251903000e-02
5.623413251903000e-02

769
5.623413251903000e-02
5.623413251903000e-02

770
5.623413251903000e-02
5.623413251903000e-02

771
5.623413251903000e-02
5.623413251903000e-02

772
5.623413251903000e-02
5.623413251903000e-02

773
5.623413251903000e-02
5.623413251903000e-02

774
5.623413251903000e-02
5.623413251903000e-02

775
5.623413251903000e-02
5.623413251903000e-02

776
5.623413251903000e-02
5.623413251903000e-02

777
5.623413251903000e-02
5.623413251903000e-02

778
5.623413251903000e-02
5.623413251903000e-02

779
5.623413251903000e-02
5.623413251903000e-02

780
5.623413251903000e-02
5.623413251903000e-02

781
5.623413251903000e-02
5.623413251903000e-02

782
5.623413251903000e-02
5.623413251903000e-02

783
5.623413251903000e-02
5.623413251903000e-02

784
5.623413251903000e-02
5.623413251903000e-02

785
5.623413251903000e-02
5.623413251903000e-02

786
5.623413251903000e-02
5.623413251903000e-02

787
5.623413251903000e-02
5.623413251903000e-02

788
5.623413251903000e-02
5.623413251903000e-02

789
5.623413251903000e-02
5.623413251903000e-02

790
5.623413251903000e-02
5.623413251903000e-02

791
5.623413251903000e-02
5.623413251903000e-02

792
5.623413251903000e-02
5.623413251903000e-02

793
5.623413251903000e-02
5.623413251903000e-02

794
5.623413251903000e-02
5.623413251903000e-02

795
5.623413251903000e-02
5.623413251903000e-02

796
5.623413251903000e-02
5.623413251903000e-02

797
5.623413251903000e-02
5.623413251903000e-02

798
5.623413251903000e-02
5.623413251903000e-02

799
5.623413251903000e-02
5.623413251903000e-02

800
5.623413251903000e-02
5.623413251903000e-02

801
5.623413251903000e-02
5.623413251903000e-02

802
5.623413251903000e-02
5.623413251903000e-02

803
5.623413251903000e-02
5.623413251903000e-02

804
5.623413251903000e-02
5.623413251903000e-02

805
5.623413251903000e-02
5.623413251903000e-02

806
5.623413251903000e-02
5.623413251903000e-02

807
5.623413251903000e-02
5.623413251903000e-02

808
5.623413251903000e-02
5.623413251903000e-02

809
5.623413251903000e-02
5.623413251903000e-02

810
5.623413251903000e-02
5.623413251903000e-02

811
5.623413251903000e-02
5.623413251903000e-02

812
5.623413251903000e-02
5.623413251903000e-02

813
5.623413251903000e-02
5.623413251903000e-02

814
5.623413251903000e-02
5.623413251903000e-02

815
5.623413251903000e-02
5.623413251903000e-02

816
5.623413251903000e-02
5.623413251903000e-02

817
5.623413251903000e-02
5.623413251903000e-02

818
5.623413251903000e-02
5.623413251903000e-02

819
5.623413251903000e-02
5.623413251903000e-02

820
5.623413251903000e-02
5.623413251903000e-02

821
5.623413251903000e-02
5.623413251903000e-02

822
5.623413251903000e-02
5.623413251903000e-02

823
5.623413251903000e-02
5.623413251903000e-02

824
5.623413251903000e-02
5.623413251903000e-02

825
5.623413251903000e-02
5.623413251903000e-02

826
5.623413251903000e-02
5.623413251903000e-02

827
5.623413251903000e-02
5.623413251903000e-02

828
5.623413251903000e-02
5.623413251903000e-02

829
5.623413251903000e-02
5.623413251903000e-02

830
5.623413251903000e-02
5.623413251903000e-02

831
5.623413251903000e-02
5.623413251903000e-02

832
5.623413251903000e-02
5.623413251903000e-02

833
5.623413251903000e-02
5.623413251903000e-02

834
5.623413251903000e-02
5.623413251903000e-02

835
5.623413251903000e-02
5.623413251903000e-02

836
5.623413251903000e-02
5.623413251903000e-02

837
5.623413251903000e-02
5.623413251903000e-02

838
5.623413251903000e-02
5.623413251903000e-02

839
5.623413251903000e-02
5.623413251903000e-02

840
5.623413251903000e-02
5.623413251903000e-02

841
5.623413251903000e-02
5.623413251903000e-02

842
5.623413251903000e-02
5.623413251903000e-02

843
5.623413251903000e-02
5.623413251903000e-02

844
5.623413251903000e-02
5.623413251903000e-02

845
5.623413251903000e-02
5.623413251903000e-02

846
5.623413251903000e-02
5.623413251903000e-02

847
5.623413251903000e-02
5.623413251903000e-02

848
5.623413251903000e-02
5.623413251903000e-02

849
5.623413251903000e-02
5.623413251903000e-02

850
5.623413251903000e-02
5.623413251903000e-02

851
5.623413251903000e-02
5.623413251903000e-02

852
5.623413251903000e-02
5.623413251903000e-02

853
5.623413251903000e-02
5.623413251903000e-02

854
5.623413251903000e-02
5.623413251903000e-02

855
5.623413251903000e-02
5.623413251903000e-02

856
5.623413251903000e-02
5.623413251903000e-02

857
5.623413251903000e-02
5.623413251903000e-02

858
5.623413251903000e-02
5.623413251903000e-02

859
5.623413251903000e-02
5.623413251903000e-02

860
5.623413251903000e-02
5.623413251903000e-02

861
5.623413251903000e-02
5.623413251903000e-02

862
5.623413251903000e-02
5.623413251903000e-02

863
5.623413251903000e-02
5.623413251903000e-02

864
5.623413251903000e-02
5.623413251903000e-02

865
5.623413251903000e-02
5.623413251903000e-02

866
5.623413251903000e-02
5.623413251903000e-02

867
5.623413251903000e-02
5.623413251903000e-02

868
5.623413251903000e-02
5.623413251903000e-02

869
5.623413251903000e-02
5.623413251903000e-02

870
5.623413251903000e-02
5.623413251903000e-02

871
5.623413251903000e-02
5.623413251903000e-02

872
5.623413251903000e-02
5.623413251903000e-02

873
5.623413251903000e-02
5.623413251903000e-02

874
5.623413251903000e-02
5.623413251903000e-02

875
5.623413251903000e-02
5.623413251903000e-02

876
5.623413251903000e-02
5.623413251903000e-02

877
5.623413251903000e-02
5.623413251903000e-02

878
5.623413251903000e-02
5.623413251903000e-02

879
5.623413251903000e-02
5.623413251903000e-02

880
5.623413251903000e-02
5.623413251903000e-02

881
5.623413251903000e-02
5.623413251903000e-02

882
5.623413251903000e-02
5.623413251903000e-02

883
5.623413251903000e-02
5.623413251903000e-02

884
5.623413251903000e-02
5.623413251903000e-02

885
5.623413251903000e-02
5.623413251903000e-02

886
5.623413251903000e-02
5.623413251903000e-02

887
5.623413251903000e-02
5.623413251903000e-02

888
5.623413251903000e-02
5.623413251903000e-02

889
5.623413251903000e-02
5.623413251903000e-02

890
5.623413251903000e-02
5.623413251903000e-02

891
5.623413251903000e-02
5.623413251903000e-02

892
5.623413251903000e-02
5.623413251903000e-02

893
5.623413251903000e-02
5.623413251903000e-02

894
5.623413251903000e-02
5.623413251903000e-02

895
5.623413251903000e-02
5.623413251903000e-02

896
5.623413251903000e-02
5.623413251903000e-02

897
5.623413251903000e-02
5.623413251903000e-02

898
5.623413251903000e-02
5.623413251903000e-02

899
5.623413251903000e-02
5.623413251903000e-02

900
5.623413251903000e-02
5.623413251903000e-02

901
5.623413251903000e-02
5.623413251903000e-02

902
5.623413251903000e-02
5.623413251903000e-02

903
5.623413251903000e-02
5.623413251903000e-02

904
5.623413251903000e-02
5.623413251903000e-02

905
5.623413251903000e-02
5.623413251903000e-02

906
5.623413251903000e-02
5.623413251903000e-02

907
5.623413251903000e-02
5.623413251903000e-02

908
5.623413251903000e-02
5.623413251903000e-02

909
5.623413251903000e-02
5.623413251903000e-02

910
5.623413251903000e-02
5.623413251903000e-02

911
5.623413251903000e-02
5.623413251903000e-02

912
5.623413251903000e-02
5.623413251903000e-02

913
5.623413251903000e-02
5.623413251903000e-02

914
5.623413251903000e-02
5.623413251903000e-02

915
5.623413251903000e-02
5.623413251903000e-02

916
5.623413251903000e-02
5.623413251903000e-02

917
5.623413251903000e-02
5.623413251903000e-02

918
5.623413251903000e-02
5.623413251903000e-02

919
5.623413251903000e-02
5.623413251903000e-02

920
5.623413251903000e-02
5.623413251903000e-02

921
5.623413251903000e-02
5.623413251903000e-02

922
5.623413251903000e-02
5.623413251903000e-02

923
5.623413251903000e-02
5.623413251903000e-02

924
5.623413251903000e-02
5.623413251903000e-02

925
5.623413251903000e-02
5.623413251903000e-02

926
5.623413251903000e-02
5.623413251903000e-02

927
5.623413251903000e-02
5.623413251903000e-02

928
5.623413251903000e-02
5.623413251903000e-02

929
5.623413251903000e-02
5.623413251903000e-02

930
5.623413251903000e-02
5.623413251903000e-02

931
5.623413251903000e-02
5.623413251903000e-02

932
5.623413251903000e-02
5.623413251903000e-02

933
5.623413251903000e-02
5.623413251903000e-02

934
5.623413251903000e-02
5.623413251903000e-02

935
5.623413251903000e-02
5.623413251903000e-02

936
5.623413251903000e-02
5.623413251903000e-02

937
5.623413251903000e-02
5.623413251903000e-02

938
5.623413251903000e-02
5.623413251903000e-02

939
5.623413251903000e-02
5.623413251903000e-02

940
5.623413251903000e-02
5.623413251903000e-02

941
5.623413251903000e-02
5.623413251903000e-02

942
5.623413251903000e-02
5.623413251903000e-02

943
5.623413251903000e-02
5.623413251903000e-02

944
5.623413251903000e-02
5.623413251903000e-02

945
5.623413251903000e-02
5.623413251903000e-02

946
5.623413251903000e-02
5.623413251903000e-02

947
5.623413251903000e-02
5.623413251903000e-02

948
5.623413251903000e-02
5.623413251903000e-02

949
5.623413251903000e-02
5.623413251903000e-02

950
5.623413251903000e-02
5.623413251903000e-02

951
5.623413251903000e-02
5.623413251903000e-02

952
5.623413251903000e-02
5.623413251903000e-02

953
5.623413251903000e-02
5.623413251903000e-02

954
5.623413251903000e-02
5.623413251903000e-02

955
5.623413251903000e-02
5.623413251903000e-02

956
5.623413251903000e-02
5.623413251903000e-02

957
5.623413251903000e-02
5.623413251903000e-02

958
5.623413251903000e-02
5.623413251903000e-02

959
5.623413251903000e-02
5.623413251903000e-02

960
5.623413251903000e-02
5.623413251903000e-02

961
5.623413251903000e-02
5.623413251903000e-02

962
5.623413251903000e-02
5.623413251903000e-02

963
5.623413251903000e-02
5.623413251903000e-02

964
5.623413251903000e-02
5.623413251903000e-02

965
5.623413251903000e-02
5.623413251903000e-02

966
5.623413251903000e-02
5.623413251903000e-02

967
5.623413251903000e-02
5.623413251903000e-02

968
5.623413251903000e-02
5.623413251903000e-02

969
5.623413251903000e-02
5.623413251903000e-02

970
5.623413251903000e-02
5.623413251903000e-02

971
5.623413251903000e-02
5.623413251903000e-02

972
5.623413251903000e-02
5.623413251903000e-02

973
5.623413251903000e-02
5.623413251903000e-02

974
5.623413251903000e-02
5.623413251903000e-02

975
5.623413251903000e-02
5.623413251903000e-02

976
5.623413251903000e-02
5.623413251903000e-02

977
5.623413251903000e-02
5.623413251903000e-02

978
5.623413251903000e-02
5.623413251903000e-02

979
5.623413251903000e-02
5.623413251903000e-02

980
5.623413251903000e-02
5.623413251903000e-02

981
5.623413251903000e-02
5.623413251903000e-02

982
5.623413251903000e-02
5.623413251903000e-02

983
5.623413251903000e-02
5.623413251903000e-02

984
5.623413251903000e-02
5.623413251903000e-02

985
5.623413251903000e-02
5.623413251903000e-02

986
5.623413251903000e-02
5.623413251903000e-02

987
5.623413251903000e-02
5.623413251903000e-02

988
5.623413251903000e-02
5.623413251903000e-02

989
5.623413251903000e-02
5.623413251903000e-02

990
5.623413251903000e-02
5.623413251903000e-02

991
5.623413251903000e-02
5.623413251903000e-02

992
5.623413251903000e-02
5.623413251903000e-02

993
5.623413251903000e-02
5.623413251903000e-02

994
5.623413251903000e-02
5.623413251903000e-02

995
5.623413251903000e-02
5.623413251903000e-02

996
5.623413251903000e-02
5.623413251903000e-02

997
5.623413251903000e-02
5.623413251903000e-02

998
5.623413251903000e-02
5.623413251903000e-02

999
5.623413251903000e-02
5.623413251903000e-02

1000
5.623413251903000e-02
5.623413251903000e-02

1001
5.623413251903000e-02
5.623413251903000e-02

1002
5.623413251903000e-02
5.623413251903000e-02

1003
5.623413251903000e-02
5.623413251903000e-02

1004
5.623413251903000e-02
5.623413251903000e-02

1005
5.623413251903000e-02
5.623413251903000e-02

1006
5.623413251903000e-02
5.623413251903000e-02

1007
5.623413251903000e-02
5.623413251903000e-02

1008
5.623413251903000e-02
5.623413251903000e-02

1009
5.623413251903000e-02
5.623413251903000e-02

1010
5.623413251903000e-02
5.623413251903000e-02

1011
5.623413251903000e-02
5.623413251903000e-02

1012
5.623413251903000e-02
5.623413251903000e-02

1013
5.623413251903000e-02
5.623413251903000e-02

1014
5.623413251903000e-02
5.623413251903000e-02

1015
5.623413251903000e-02
5.623413251903000e-02

1016
5.623413251903000e-02
5.623413251903000e-02

1017
5.623413251903000e-02
5.623413251903000e-02

1018
5.623413251903000e-02
5.623413251903000e-02

1019
5.623413251903000e-02
5.623413251903000e-02

1020
5.623413251903000e-02
5.623413251903000e-02

1021
5.623413251903000e-02
5.623413251903000e-02

1022
5.623413251903000e-02
5.623413251903000e-02

1023
5.623413251903000e-02
5.623413251903000e-02

1024
5.623413251903000e-02
5.623413251903000e-02

1025
5.623413251903000e-02
5.623413251903000e-02

1026
5.623413251903000e-02
5.623413251903000e-02

1027
5.623413251903000e-02
5.623413251903000e-02

1028
5.623413251903000e-02
5.623413251903000e-02

1029
5.623413251903000e-02
5.623413251903000e-02

1030
5.623413251903000e-02
5.623413251903000e-02

1031
5.623413251903000e-02
5.623413251903000e-02

1032
5.623413251903000e-02
5.623413251903000e-02

1033
5.623413251903000e-02
5.623413251903000e-02

1034
5.623413251903000e-02
5.623413251903000e-02

1035
5.623413251903000e-02
5.623413251903000e-02

1036
5.623413251903000e-02
5.623413251903000e-02

1037
5.623413251903000e-02
5.623413251903000e-02

1038
5.623413251903000e-02
5.623413251903000e-02

1039
5.623413251903000e-02
5.623413251903000e-02

1040
5.623413251903000e-02
5.623413251903000e-02

1041
5.623413251903000e-02
5.623413251903000e-02

1042
5.623413251903000e-02
5.623413251903000e-02

1043
5.623413251903000e-02
5.623413251903000e-02

1044
5.623413251903000e-02
5.623413251903000e-02

1045
5.623413251903000e-02
5.623413251903000e-02

1046
5.623413251903000e-02
5.623413251903000e-02

1047
5.623413251903000e-02
5.623413251903000e-02

1048
5.623413251903000e-02
5.623413251903000e-02

1049
5.623413251903000e-02
5.623413251903000e-02

1050
5.623413251903000e-02
5.623413251903000e-02

1051
5.623413251903000e-02
5.623413251903000e-02

1052
5.623413251903000e-02
5.623413251903000e-02

1053
5.623413251903000e-02
5.623413251903000e-02

1054
5.623413251903000e-02
5.623413251903000e-02

1055
5.623413251903000e-02
5.623413251903000e-02

1056
5.623413251903000e-02
5.623413251903000e-02

1057
5.623413251903000e-02
5.623413251903000e-02

1058
5.623413251903000e-02
5.623413251903000e-02

1059
5.623413251903000e-02
5.623413251903000e-02

1060
5.623413251903000e-02
5.623413251903000e-02

1061
5.623413251903000e-02
5.623413251903000e-02

1062
5.623413251903000e-02
5.623413251903000e-02

1063
5.623413251903000e-02
5.623413251903000e-02

1064
5.623413251903000e-02
5.623413251903000e-02

1065
5.623413251903000e-02
5.623413251903000e-02

1066
5.623413251903000e-02
5.623413251903000e-02

1067
5.623413251903000e-02
5.623413251903000e-02

1068
5.623413251903000e-02
5.623413251903000e-02

1069
5.623413251903000e-02
5.623413251903000e-02

1070
5.623413251903000e-02
5.623413251903000e-02

1071
5.623413251903000e-02
5.623413251903000e-02

1072
5.623413251903000e-02
5.623413251903000e-02

1073
5.623413251903000e-02
5.623413251903000e-02

1074
5.623413251903000e-02
5.623413251903000e-02

1075
5.623413251903000e-02
5.623413251903000e-02

1076
5.623413251903000e-02
5.623413251903000e-02

1077
5.623413251903000e-02
5.623413251903000e-02

1078
5.623413251903000e-02
5.623413251903000e-02

1079
5.623413251903000e-02
5.623413251903000e-02

1080
5.623413251903000e-02
5.623413251903000e-02

1081
5.623413251903000e-02
5.623413251903000e-02

1082
5.623413251903000e-02
5.623413251903000e-02

1083
5.623413251903000e-02
5.623413251903000e-02

1084
5.623413251903000e-02
5.623413251903000e-02

1085
5.623413251903000e-02
5.623413251903000e-02

1086
5.623413251903000e-02
5.623413251903000e-02

1087
5.623413251903000e-02
5.623413251903000e-02

1088
5.623413251903000e-02
5.623413251903000e-02

1089
5.623413251903000e-02
5.623413251903000e-02

1090
5.623413251903000e-02
5.623413251903000e-02

1091
5.623413251903000e-02
5.623413251903000e-02

1092
5.623413251903000e-02
5.623413251903000e-02

1093
5.623413251903000e-02
5.623413251903000e-02

1094
5.623413251903000e-02
5.623413251903000e-02

1095
5.623413251903000e-02
5.623413251903000e-02

1096
5.623413251903000e-02
5.623413251903000e-02

1097
5.623413251903000e-02
5.623413251903000e-02

1098
5.623413251903000e-02
5.623413251903000e-02

1099
5.623413251903000e-02
5.623413251903000e-02

1100
5.623413251903000e-02
5.623413251903000e-02

1101
5.623413251903000e-02
5.623413251903000e-02

1102
5.623413251903000e-02
5.623413251903000e-02

1103
5.623413251903000e-02
5.623413251903000e-02

1104
5.623413251903000e-02
5.623413251903000e-02

1105
5.623413251903000e-02
5.623413251903000e-02

1106
5.623413251903000e-02
5.623413251903000e-02

1107
5.623413251903000e-02
5.623413251903000e-02

1108
5.623413251903000e-02
5.623413251903000e-02

1109
5.623413251903000e-02
5.623413251903000e-02

1110
5.623413251903000e-02
5.623413251903000e-02

1111
5.623413251903000e-02
5.623413251903000e-02

1112
5.623413251903000e-02
5.623413251903000e-02

1113
5.623413251903000e-02
5.623413251903000e-02

1114
5.623413251903000e-02
5.623413251903000e-02

1115
5.623413251903000e-02
5.623413251903000e-02

1116
5.623413251903000e-02
5.623413251903000e-02

1117
5.623413251903000e-02
5.623413251903000e-02

1118
5.623413251903000e-02
5.623413251903000e-02

1119
5.623413251903000e-02
5.623413251903000e-02

1120
5.623413251903000e-02
5.623413251903000e-02

1121
5.623413251903000e-02
5.623413251903000e-02

1122
5.623413251903000e-02
5.623413251903000e-02

1123
5.623413251903000e-02
5.623413251903000e-02

1124
5.623413251903000e-02
5.623413251903000e-02

1125
5.623413251903000e-02
5.623413251903000e-02

1126
5.623413251903000e-02
5.623413251903000e-02

1127
5.623413251903000e-02
5.623413251903000e-02

1128
5.623413251903000e-02
5.623413251903000e-02

1129
5.623413251903000e-02
5.623413251903000e-02

1130
5.623413251903000e-02
5.623413251903000e-02

1131
5.623413251903000e-02
5.623413251903000e-02

1132
5.623413251903000e-02
5.623413251903000e-02

1133
5.623413251903000e-02
5.623413251903000e-02

1134
5.623413251903000e-02
5.623413251903000e-02

1135
5.623413251903000e-02
5.623413251903000e-02

1136
5.623413251903000e-02
5.623413251903000e-02

1137
5.623413251903000e-02
5.623413251903000e-02

1138
5.623413251903000e-02
5.623413251903000e-02

1139
5.623413251903000e-02
5.623413251903000e-02

1140
5.623413251903000e-02
5.623413251903000e-02

1141
5.623413251903000e-02
5.623413251903000e-02

1142
5.623413251903000e-02
5.623413251903000e-02

1143
5.623413251903000e-02
5.623413251903000e-02

1144
5.623413251903000e-02
5.623413251903000e-02

1145
5.623413251903000e-02
5.623413251903000e-02

1146
5.623413251903000e-02
5.623413251903000e-02

1147
5.623413251903000e-02
5.623413251903000e-02

1148
5.623413251903000e-02
5.623413251903000e-02

1149
5.623413251903000e-02
5.623413251903000e-02

1150
5.623413251903000e-02
5.623413251903000e-02

1151
5.623413251903000e-02
5.623413251903000e-02

1152
5.623413251903000e-02
5.623413251903000e-02

1153
5.623413251903000e-02
5.623413251903000e-02

1154
5.623413251903000e-02
5.623413251903000e-02

1155
5.623413251903000e-02
5.623413251903000e-02

1156
5.623413251903000e-02
5.623413251903000e-02

1157
5.623413251903000e-02
5.623413251903000e-02

1158
5.623413251903000e-02
5.623413251903000e-02

1159
5.623413251903000e-02
5.623413251903000e-02

1160
5.623413251903000e-02
5.623413251903000e-02

1161
5.623413251903000e-02
5.623413251903000e-02

1162
5.623413251903000e-02
5.623413251903000e-02

1163
5.623413251903000e-02
5.623413251903000e-02

1164
5.623413251903000e-02
5.623413251903000e-02

1165
5.623413251903000e-02
5.623413251903000e-02

1166
5.623413251903000e-02
5.623413251903000e-02

1167
5.623413251903000e-02
5.623413251903000e-02

1168
5.623413251903000e-02
5.623413251903000e-02

1169
5.623413251903000e-02
5.623413251903000e-02

1170
5.623413251903000e-02
5.623413251903000e-02

1171
5.623413251903000e-02
5.623413251903000e-02

1172
5.623413251903000e-02
5.623413251903000e-02

1173
5.623413251903000e-02
5.623413251903000e-02

1174
5.623413251903000e-02
5.623413251903000e-02

1175
5.623413251903000e-02
5.623413251903000e-02

1176
5.623413251903000e-02
5.623413251903000e-02

1177
5.623413251903000e-02
5.623413251903000e-02

1178
5.623413251903000e-02
5.623413251903000e-02

1179
5.623413251903000e-02
5.623413251903000e-02

1180
5.623413251903000e-02
5.623413251903000e-02

1181
5.623413251903000e-02
5.623413251903000e-02

1182
5.623413251903000e-02
5.623413251903000e-02

1183
5.623413251903000e-02
5.623413251903000e-02

1184
5.623413251903000e-02
5.623413251903000e-02

1185
5.623413251903000e-02
5.623413251903000e-02

1186
5.623413251903000e-02
5.623413251903000e-02

1187
5.623413251903000e-02
5.623413251903000e-02

1188
5.623413251903000e-02
5.623413251903000e-02

1189
5.623413251903000e-02
5.623413251903000e-02

1190
5.623413251903000e-02
5.623413251903000e-02

1191
5.623413251903000e-02
5.623413251903000e-02

1192
5.623413251903000e-02
5.623413251903000e-02

1193
5.623413251903000e-02
5.623413251903000e-02

1194
5.623413251903000e-02
5.623413251903000e-02

1195
5.623413251903000e-02
5.623413251903000e-02

1196
5.623413251903000e-02
5.623413251903000e-02

1197
5.623413251903000e-02
5.623413251903000e-02

1198
5.623413251903000e-02
5.623413251903000e-02

1199
5.623413251903000e-02
5.623413251903000e-02

1200
5.623413251903000e-02
5.623413251903000e-02

1201
5.623413251903000e-02
5.623413251903000e-02

1202
5.623413251903000e-02
5.623413251903000e-02

1203
5.623413251903000e-02
5.623413251903000e-02

1204
5.623413251903000e-02
5.623413251903000e-02

1205
5.623413251903000e-02
5.623413251903000e-02

1206
5.623413251903000e-02
5.623413251903000e-02

1207
5.623413251903000e-02
5.623413251903000e-02

1208
5.623413251903000e-02
5.623413251903000e-02

1209
5.623413251903000e-02
5.623413251903000e-02

1210
5.623413251903000e-02
5.623413251903000e-02

1211
5.623413251903000e-02
5.623413251903000e-02

1212
5.623413251903000e-02
5.623413251903000e-02

1213
5.623413251903000e-02
5.623413251903000e-02

1214
5.623413251903000e-02
5.623413251903000e-02

1215
5.623413251903000e-02
5.623413251903000e-02

1216
5.623413251903000e-02
5.623413251903000e-02

1217
5.623413251903000e-02
5.623413251903000e-02

1218
5.623413251903000e-02
5.623413251903000e-02

1219
5.623413251903000e-02
5.623413251903000e-02

1220
5.623413251903000e-02
5.623413251903000e-02

1221
5.623413251903000e-02
5.623413251903000e-02

1222
5.623413251903000e-02
5.623413251903000e-02

1223
5.623413251903000e-02
5.623413251903000e-02

1224
5.623413251903000e-02
5.623413251903000e-02

1225
5.623413251903000e-02
5.623413251903000e-02

1226
5.623413251903000e-02
5.623413251903000e-02

1227
5.623413251903000e-02
5.623413251903000e-02

1228
5.623413251903000e-02
5.623413251903000e-02

1229
5.623413251903000e-02
5.623413251903000e-02

1230
5.623413251903000e-02
5.623413251903000e-02

1231
5.623413251903000e-02
5.623413251903000e-02

1232
5.623413251903000e-02
5.623413251903000e-02

1233
5.623413251903000e-02
5.623413251903000e-02

1234
5.623413251903000e-02
5.623413251903000e-02

1235
5.623413251903000e-02
5.623413251903000e-02

1236
5.623413251903000e-02
5.623413251903000e-02

1237
5.623413251903000e-02
5.623413251903000e-02

1238
5.623413251903000e-02
5.623413251903000e-02

1239
5.623413251903000e-02
5.623413251903000e-02

1240
5.623413251903000e-02
5.623413251903000e-02

1241
5.623413251903000e-02
5.623413251903000e-02

1242
5.623413251903000e-02
5.623413251903000e-02

1243
5.623413251903000e-02
5.623413251903000e-02

1244
5.623413251903000e-02
5.623413251903000e-02

1245
5.623413251903000e-02
5.623413251903000e-02

1246
5.623413251903000e-02
5.623413251903000e-02

1247
5.623413251903000e-02
5.623413251903000e-02

1248
5.623413251903000e-02
5.623413251903000e-02

1249
5.623413251903000e-02
5.623413251903000e-02

1250
5.623413251903000e-02
5.623413251903000e-02

1251
5.623413251903000e-02
5.623413251903000e-02

1252
5.623413251903000e-02
5.623413251903000e-02

1253
5.623413251903000e-02
5.623413251903000e-02

1254
5.623413251903000e-02
5.623413251903000e-02

1255
5.623413251903000e-02
5.623413251903000e-02

1256
5.623413251903000e-02
5.623413251903000e-02

1257
5.623413251903000e-02
5.623413251903000e-02

1258
5.623413251903000e-02
5.623413251903000e-02

1259
5.623413251903000e-02
5.623413251903000e-02

1260
5.623413251903000e-02
5.623413251903000e-02

1261
5.623413251903000e-02
5.623413251903000e-02

1262
5.623413251903000e-02
5.623413251903000e-02

1263
5.623413251903000e-02
5.623413251903000e-02

1264
5.623413251903000e-02
5.623413251903000e-02

1265
5.623413251903000e-02
5.623413251903000e-02

1266
5.623413251903000e-02
5.623413251903000e-02

1267
5.623413251903000e-02
5.623413251903000e-02

1268
5.623413251903000e-02
5.623413251903000e-02

1269
5.623413251903000e-02
5.623413251902947e-02

1270
5.623413251902841e-02
5.623413251901564e-02

1271
5.623413251899154e-02
5.623413251870753e-02

1272
5.623413251818806e-02
5.623413251199121e-02

1273
5.623413250112169e-02
5.623413236973201e-02

1274
5.623413215059166e-02
5.623412945793197e-02

1275
5.623412523704618e-02
5.623407228393509e-02

1276
5.623399558990742e-02
5.623300650769126e-02

1277
5.623171802778541e-02
5.621443229287403e-02

1278
5.619510085035429e-02
5.591680711408183e-02

1279
5.567435255299216e-02
5.099510449805093e-02

