#Cell    Group    L_mom 
# Element_0
# Element_1
    0  0  0
1.914040482129200e+00
1.913406723382126e+00

    1  0  0
1.912942726882552e+00
1.912308513892028e+00

    2  0  0
1.911844183451161e+00
1.911209511325334e+00

    3  0  0
1.910744845058684e+00
1.910109711253554e+00

    4  0  0
1.909644706027128e+00
1.909009107915013e+00

    5  0  0
1.908543762992833e+00
1.907907699173435e+00

    6  0  0
1.907442014955433e+00
1.906805484538953e+00

    7  0  0
1.906339459965880e+00
1.905702463658330e+00

    8  0  0
1.905236099522595e+00
1.904598636493320e+00

    9  0  0
1.904131931823486e+00
1.903494001762323e+00

   10  0  0
1.903026956283273e+00
1.902388558283022e+00

   11  0  0
1.901921171157224e+00
1.901282304515608e+00

   12  0  0
1.900814574594611e+00
1.900175237239093e+00

   13  0  0
1.899707161845479e+00
1.899067349808158e+00

   14  0  0
1.898598925730664e+00
1.897958634751492e+00

   15  0  0
1.897489858267764e+00
1.896849084438481e+00

   16  0  0
1.896379953054942e+00
1.895738691239757e+00

   17  0  0
1.895269201937723e+00
1.894627443813708e+00

   18  0  0
1.894157604957446e+00
1.893515343474480e+00

   19  0  0
1.893045122565391e+00
1.892402357839013e+00

   20  0  0
1.891931763796680e+00
1.891288493908731e+00

   21  0  0
1.890817530815922e+00
1.890173754876201e+00

   22  0  0
1.889702423979758e+00
1.889058137958044e+00

   23  0  0
1.888586453393556e+00
1.887941649023170e+00

   24  0  0
1.887469572978618e+00
1.886824259377786e+00

   25  0  0
1.886351818039082e+00
1.885705981398347e+00

   26  0  0
1.885233150286446e+00
1.884586801465606e+00

   27  0  0
1.884113592136766e+00
1.883466729063746e+00

   28  0  0
1.882993144001276e+00
1.882345762547524e+00

   29  0  0
1.881871807073990e+00
1.881223904890487e+00

   30  0  0
1.880749560380672e+00
1.880101131468242e+00

   31  0  0
1.879626408341202e+00
1.878977445781716e+00

   32  0  0
1.878502321610629e+00
1.877852821465034e+00

   33  0  0
1.877377299445321e+00
1.876727256205419e+00

   34  0  0
1.876251334715340e+00
1.875600742501573e+00

   35  0  0
1.875124417863716e+00
1.874473272066542e+00

   36  0  0
1.873996540925496e+00
1.873344837104384e+00

   37  0  0
1.872867697389338e+00
1.872215431756051e+00

   38  0  0
1.871737881105964e+00
1.871085051386075e+00

   39  0  0
1.870607087764879e+00
1.869953694002104e+00

   40  0  0
1.869475319709413e+00
1.868821361535005e+00

   41  0  0
1.868342575631619e+00
1.867688050881755e+00

   42  0  0
1.867208851829699e+00
1.866553759133603e+00

   43  0  0
1.866074145265926e+00
1.865418482899127e+00

   44  0  0
1.864938452232010e+00
1.864282217453241e+00

   45  0  0
1.863801768175063e+00
1.863144956689248e+00

   46  0  0
1.862664085790314e+00
1.862006693497665e+00

   47  0  0
1.861525395670379e+00
1.860867418103243e+00

   48  0  0
1.860385689586306e+00
1.859727120051007e+00

   49  0  0
1.859244957355310e+00
1.858585789678433e+00

   50  0  0
1.858103187475582e+00
1.857443416214757e+00

   51  0  0
1.856960369529885e+00
1.856299988393014e+00

   52  0  0
1.855816494503481e+00
1.855155497566875e+00

   53  0  0
1.854671553000367e+00
1.854009936564668e+00

   54  0  0
1.853525537446826e+00
1.852863298095638e+00

   55  0  0
1.852378443229176e+00
1.851715577237546e+00

   56  0  0
1.851230265602385e+00
1.850566771152862e+00

   57  0  0
1.850081000421367e+00
1.849416876337130e+00

   58  0  0
1.848930645128534e+00
1.848265889038887e+00

   59  0  0
1.847779197139852e+00
1.847113806672951e+00

   60  0  0
1.846626651988805e+00
1.845960625496217e+00

   61  0  0
1.845473004713795e+00
1.844806339037685e+00

   62  0  0
1.844318250395407e+00
1.843650940610031e+00

   63  0  0
1.843162381014881e+00
1.842494422709575e+00

   64  0  0
1.842005386907122e+00
1.841336774915917e+00

   65  0  0
1.840847258293968e+00
1.840177985546829e+00

   66  0  0
1.839687984294661e+00
1.839018043721642e+00

   67  0  0
1.838527552406751e+00
1.837856938030331e+00

   68  0  0
1.837365950760615e+00
1.836694656085013e+00

   69  0  0
1.836203169522244e+00
1.835531187702267e+00

   70  0  0
1.835039198434099e+00
1.834366524693603e+00

   71  0  0
1.833874028360093e+00
1.833200658869861e+00

   72  0  0
1.832707652553092e+00
1.832033583027705e+00

   73  0  0
1.831540065653165e+00
1.830865292495867e+00

   74  0  0
1.830371261851166e+00
1.829695783115334e+00

   75  0  0
1.829201236161332e+00
1.828525049470126e+00

   76  0  0
1.828029985094390e+00
1.827353086886409e+00

   77  0  0
1.826857503710744e+00
1.826179891066165e+00

   78  0  0
1.825683785707732e+00
1.825005455692768e+00

   79  0  0
1.824508824247002e+00
1.823829772155408e+00

   80  0  0
1.823332612041790e+00
1.822652831752013e+00

   81  0  0
1.822155138754046e+00
1.821474624648179e+00

   82  0  0
1.820976392631145e+00
1.820295138342103e+00

   83  0  0
1.819796361932744e+00
1.819114359524479e+00

   84  0  0
1.818615034447071e+00
1.817932276009268e+00

   85  0  0
1.817432396668303e+00
1.816748875658368e+00

   86  0  0
1.816248435763409e+00
1.815564145556949e+00

   87  0  0
1.815063141060852e+00
1.814378074544648e+00

   88  0  0
1.813876502229467e+00
1.813190653688408e+00

   89  0  0
1.812688509305403e+00
1.812001874534868e+00

   90  0  0
1.811499153826107e+00
1.810811728468285e+00

   91  0  0
1.810308429611170e+00
1.809620208925485e+00

   92  0  0
1.809116329985182e+00
1.808427310616626e+00

   93  0  0
1.807922848233927e+00
1.807233027379955e+00

   94  0  0
1.806727978145501e+00
1.806037351902791e+00

   95  0  0
1.805531714076374e+00
1.804840277470344e+00

   96  0  0
1.804334048008978e+00
1.803641796600911e+00

   97  0  0
1.803134970418630e+00
1.802441899129143e+00

   98  0  0
1.801934471002925e+00
1.801240572913126e+00

   99  0  0
1.800732538831502e+00
1.800037805897782e+00

  100  0  0
1.799529160362908e+00
1.798833585254362e+00

  101  0  0
1.798324321183795e+00
1.797627896284224e+00

  102  0  0
1.797118007355006e+00
1.796420724003007e+00

  103  0  0
1.795910205623968e+00
1.795212055144095e+00

  104  0  0
1.794700901814397e+00
1.794001877156946e+00

  105  0  0
1.793490082459452e+00
1.792790176989560e+00

  106  0  0
1.792277735881108e+00
1.791576942530149e+00

  107  0  0
1.791063851920215e+00
1.790362164088108e+00

  108  0  0
1.789848420104417e+00
1.789145833004257e+00

  109  0  0
1.788631430886091e+00
1.787927940103385e+00

  110  0  0
1.787412876286583e+00
1.786708476704042e+00

  111  0  0
1.786192749205870e+00
1.785487435588544e+00

  112  0  0
1.784971041082816e+00
1.784264809179213e+00

  113  0  0
1.783747742704265e+00
1.783040587696674e+00

  114  0  0
1.782522844594994e+00
1.781814759980432e+00

  115  0  0
1.781296336638888e+00
1.780587314835013e+00

  116  0  0
1.780068205951990e+00
1.779358239800974e+00

  117  0  0
1.778838438236869e+00
1.778127519985370e+00

  118  0  0
1.777607018786284e+00
1.776895139277434e+00

  119  0  0
1.776373933106668e+00
1.775661082461833e+00

  120  0  0
1.775139165017428e+00
1.774425334433609e+00

  121  0  0
1.773902698074979e+00
1.773187879114884e+00

  122  0  0
1.772664516551271e+00
1.771948700190956e+00

  123  0  0
1.771424606418384e+00
1.770707783375675e+00

  124  0  0
1.770182953225850e+00
1.769465115739724e+00

  125  0  0
1.768939543013641e+00
1.768220684456150e+00

  126  0  0
1.767694363111337e+00
1.766974476732515e+00

  127  0  0
1.766447403129672e+00
1.765726481836662e+00

  128  0  0
1.765198652627617e+00
1.764476690357415e+00

  129  0  0
1.763948100770432e+00
1.763225092373774e+00

  130  0  0
1.762695736745148e+00
1.761971676319388e+00

  131  0  0
1.761441550355400e+00
1.760716430557653e+00

  132  0  0
1.760185530286114e+00
1.759459343383440e+00

  133  0  0
1.758927662875509e+00
1.758200401516590e+00

  134  0  0
1.757667933191532e+00
1.756939589089286e+00

  135  0  0
1.756406325935975e+00
1.755676889242449e+00

  136  0  0
1.755142825482276e+00
1.754412285599718e+00

  137  0  0
1.753877414117801e+00
1.753145761246718e+00

  138  0  0
1.752610073393635e+00
1.751877297747227e+00

  139  0  0
1.751340784951544e+00
1.750606875877430e+00

  140  0  0
1.750069531672067e+00
1.749334477900402e+00

  141  0  0
1.748796295721724e+00
1.748060087081719e+00

  142  0  0
1.747521059177900e+00
1.746783686706644e+00

  143  0  0
1.746243805054526e+00
1.745505259810805e+00

  144  0  0
1.744964518559370e+00
1.744224791268626e+00

  145  0  0
1.743683185892094e+00
1.742942267996871e+00

  146  0  0
1.742399792885775e+00
1.741657677337996e+00

  147  0  0
1.741114325793495e+00
1.740371005587138e+00

  148  0  0
1.739826771491334e+00
1.739082238600385e+00

  149  0  0
1.738537117495937e+00
1.737791362995166e+00

  150  0  0
1.737245349348759e+00
1.736498364748060e+00

  151  0  0
1.735951451081125e+00
1.735203227859616e+00

  152  0  0
1.734655405730160e+00
1.733905934116487e+00

  153  0  0
1.733357196506363e+00
1.732606465224526e+00

  154  0  0
1.732056805454016e+00
1.731304802950308e+00

  155  0  0
1.730754212564700e+00
1.730000927943776e+00

  156  0  0
1.729449397004588e+00
1.728694818898638e+00

  157  0  0
1.728142337899167e+00
1.727386453814453e+00

  158  0  0
1.726833015139214e+00
1.726075811911216e+00

  159  0  0
1.725521407432270e+00
1.724762872889315e+00

  160  0  0
1.724207493165669e+00
1.723447616147369e+00

  161  0  0
1.722891251403089e+00
1.722130020688261e+00

  162  0  0
1.721572663235411e+00
1.720810067246214e+00

  163  0  0
1.720251711002428e+00
1.719487738719467e+00

  164  0  0
1.718928376660241e+00
1.718163018653354e+00

  165  0  0
1.717602642607731e+00
1.716835889865306e+00

  166  0  0
1.716274491766779e+00
1.715506334519779e+00

  167  0  0
1.714943908264167e+00
1.714174335736532e+00

  168  0  0
1.713610875100669e+00
1.712839876663200e+00

  169  0  0
1.712275373527756e+00
1.711502939096633e+00

  170  0  0
1.710937383860559e+00
1.710163502583057e+00

  171  0  0
1.709596886119268e+00
1.708821545711841e+00

  172  0  0
1.708253860451931e+00
1.707477047564875e+00

  173  0  0
1.706908284910928e+00
1.706129986545891e+00

  174  0  0
1.705560135962298e+00
1.704780339347125e+00

  175  0  0
1.704209389185572e+00
1.703428080593959e+00

  176  0  0
1.702856020442790e+00
1.702073184877041e+00

  177  0  0
1.701500005698363e+00
1.700715627783828e+00

  178  0  0
1.700141319449996e+00
1.699355384948570e+00

  179  0  0
1.698779936039474e+00
1.697992431451263e+00

  180  0  0
1.697415830454837e+00
1.696626742089367e+00

  181  0  0
1.696048979782655e+00
1.695258293564191e+00

  182  0  0
1.694679362149733e+00
1.693887064543146e+00

  183  0  0
1.693306955149096e+00
1.692513034126094e+00

  184  0  0
1.691931736630402e+00
1.691136180584243e+00

  185  0  0
1.690553684749670e+00
1.689756481334012e+00

  186  0  0
1.689172778882044e+00
1.688373914692370e+00

  187  0  0
1.687788997811354e+00
1.686988459356580e+00

  188  0  0
1.686402318462095e+00
1.685600093009186e+00

  189  0  0
1.685012716853063e+00
1.684208791341207e+00

  190  0  0
1.683620168406907e+00
1.682814528527687e+00

  191  0  0
1.682224649083149e+00
1.681417279155717e+00

  192  0  0
1.680826133547304e+00
1.680017017616314e+00

  193  0  0
1.679424594195475e+00
1.678613716838680e+00

  194  0  0
1.678020002200129e+00
1.677207347482131e+00

  195  0  0
1.676612328010519e+00
1.675797878754258e+00

  196  0  0
1.675201542809820e+00
1.674385280725716e+00

  197  0  0
1.673787617101577e+00
1.672969524155341e+00

  198  0  0
1.672370520193543e+00
1.671550579671595e+00

  199  0  0
1.670950221614132e+00
1.670128417239890e+00

  200  0  0
1.669526691729235e+00
1.668703006891743e+00

  201  0  0
1.668099903093289e+00
1.667274320740844e+00

  202  0  0
1.666669828734180e+00
1.665842332348570e+00

  203  0  0
1.665236440814366e+00
1.664407015201491e+00

  204  0  0
1.663799711416397e+00
1.662968341590425e+00

  205  0  0
1.662359612617577e+00
1.661526282740998e+00

  206  0  0
1.660916117612055e+00
1.660080810730044e+00

  207  0  0
1.659469199289119e+00
1.658631898208739e+00

  208  0  0
1.658018828626410e+00
1.657179516959112e+00

  209  0  0
1.656564975586846e+00
1.655723636933318e+00

  210  0  0
1.655107609329374e+00
1.654264226137431e+00

  211  0  0
1.653646699323770e+00
1.652801252507339e+00

  212  0  0
1.652182214534225e+00
1.651334684133091e+00

  213  0  0
1.650714121372732e+00
1.649864487791133e+00

  214  0  0
1.649242384499329e+00
1.648390628209150e+00

  215  0  0
1.647766967488895e+00
1.646913067987922e+00

  216  0  0
1.646287834161666e+00
1.645431769761316e+00

  217  0  0
1.644804949170892e+00
1.643946697664402e+00

  218  0  0
1.643318276119234e+00
1.642457816279510e+00

  219  0  0
1.641827778056406e+00
1.640965089935521e+00

  220  0  0
1.640333418417212e+00
1.639468482121359e+00

  221  0  0
1.638835161609174e+00
1.637967956628969e+00

  222  0  0
1.637332973936366e+00
1.636463479152875e+00

  223  0  0
1.635826821345495e+00
1.634955016080853e+00

  224  0  0
1.634316668465181e+00
1.633442533160939e+00

  225  0  0
1.632802479494471e+00
1.631925994601792e+00

  226  0  0
1.631284218383356e+00
1.630405363410470e+00

  227  0  0
1.629761850161112e+00
1.628880603438827e+00

  228  0  0
1.628235339806033e+00
1.627351679234982e+00

  229  0  0
1.626704650243546e+00
1.625818554400370e+00

  230  0  0
1.625169742971137e+00
1.624281190591619e+00

  231  0  0
1.623630578310722e+00
1.622739546958050e+00

  232  0  0
1.622087116199674e+00
1.621193581738331e+00

  233  0  0
1.620539316614075e+00
1.619643253526527e+00

  234  0  0
1.618987137301033e+00
1.618088520018348e+00

  235  0  0
1.617430533709875e+00
1.616529337296492e+00

  236  0  0
1.615869460285053e+00
1.614965659475889e+00

  237  0  0
1.614303871167487e+00
1.613397439778405e+00

  238  0  0
1.612733721999061e+00
1.611824632975220e+00

  239  0  0
1.611158968899457e+00
1.610247195276021e+00

  240  0  0
1.609579566770065e+00
1.608665082872428e+00

  241  0  0
1.607995470119518e+00
1.607078251113636e+00

  242  0  0
1.606406633421493e+00
1.605486654006367e+00

  243  0  0
1.604813011920183e+00
1.603890245787724e+00

  244  0  0
1.603214562251082e+00
1.602288982280820e+00

  245  0  0
1.601611240069244e+00
1.600682819487830e+00

  246  0  0
1.600002999367193e+00
1.599071712458674e+00

  247  0  0
1.598389793483891e+00
1.597455614506308e+00

  248  0  0
1.596771575261627e+00
1.595834477422917e+00

  249  0  0
1.595148298372511e+00
1.594208253477492e+00

  250  0  0
1.593519916596528e+00
1.592576895527902e+00

  251  0  0
1.591886381270753e+00
1.590940355115375e+00

  252  0  0
1.590247641377729e+00
1.589298581469857e+00

  253  0  0
1.588603644204216e+00
1.587651520807525e+00

  254  0  0
1.586954335800999e+00
1.585999117479069e+00

  255  0  0
1.585299662628027e+00
1.584341316338405e+00

  256  0  0
1.583639570320575e+00
1.582678062506442e+00

  257  0  0
1.581974002203720e+00
1.581009300173002e+00

  258  0  0
1.580302900449536e+00
1.579334972186117e+00

  259  0  0
1.578626206821208e+00
1.577655019802655e+00

  260  0  0
1.576943863629388e+00
1.575969384344176e+00

  261  0  0
1.575255814917035e+00
1.574278008969670e+00

  262  0  0
1.573562004312262e+00
1.572580837437751e+00

  263  0  0
1.571862373605459e+00
1.570877812654781e+00

  264  0  0
1.570156863703631e+00
1.569168875931336e+00

  265  0  0
1.568445414910891e+00
1.567453966752902e+00

  266  0  0
1.566727968039986e+00
1.565733024697004e+00

  267  0  0
1.565004465239179e+00
1.564005990915163e+00

  268  0  0
1.563274847609166e+00
1.562272806607568e+00

  269  0  0
1.561539054072379e+00
1.560533411624412e+00

  270  0  0
1.559797022259967e+00
1.558787743534210e+00

  271  0  0
1.558048688491914e+00
1.557035737262384e+00

  272  0  0
1.556293988769742e+00
1.555277326896175e+00

  273  0  0
1.554532859231044e+00
1.553512446875431e+00

  274  0  0
1.552765233613976e+00
1.551741030405722e+00

  275  0  0
1.550991042368500e+00
1.549963008392114e+00

  276  0  0
1.549210213949739e+00
1.548178309012232e+00

  277  0  0
1.547422675326704e+00
1.546386857948458e+00

  278  0  0
1.545628353564514e+00
1.544588580762363e+00

  279  0  0
1.543827176855346e+00
1.542783404547948e+00

  280  0  0
1.542019072265585e+00
1.540971256489673e+00

  281  0  0
1.540203964699532e+00
1.539152062610263e+00

  282  0  0
1.538381777999350e+00
1.537325747071075e+00

  283  0  0
1.536552435168599e+00
1.535492231896544e+00

  284  0  0
1.534715859452639e+00
1.533651438888859e+00

  285  0  0
1.532871975418435e+00
1.531803291360514e+00

  286  0  0
1.531020706701439e+00
1.529947712785098e+00

  287  0  0
1.529161974498390e+00
1.528084625358104e+00

  288  0  0
1.527295698609622e+00
1.526213949375085e+00

  289  0  0
1.525421797845349e+00
1.524335602718246e+00

  290  0  0
1.523540190725805e+00
1.522449502312270e+00

  291  0  0
1.521650796836698e+00
1.520555566036544e+00

  292  0  0
1.519753534773765e+00
1.518653711524753e+00

  293  0  0
1.517848319690971e+00
1.516743854099991e+00

  294  0  0
1.515935063744311e+00
1.514825905966276e+00

  295  0  0
1.514013676737251e+00
1.512899775532332e+00

  296  0  0
1.512084066542936e+00
1.510965368554820e+00

  297  0  0
1.510146141126131e+00
1.509022590867088e+00

  298  0  0
1.508199808003230e+00
1.507071348659818e+00

  299  0  0
1.506244971782221e+00
1.505111546669864e+00

  300  0  0
1.504281534254821e+00
1.503143087521573e+00

  301  0  0
1.502309395688547e+00
1.501165871154534e+00

  302  0  0
1.500328455055046e+00
1.499179795101110e+00

  303  0  0
1.498338611665159e+00
1.497184756884490e+00

  304  0  0
1.496339765805047e+00
1.495180655295126e+00

  305  0  0
1.494331816021097e+00
1.493167388521708e+00

  306  0  0
1.492314657664879e+00
1.491144852717863e+00

  307  0  0
1.490288184052708e+00
1.489112941484155e+00

  308  0  0
1.488252286984919e+00
1.487071545484490e+00

  309  0  0
1.486206857607959e+00
1.485020554127544e+00

  310  0  0
1.484151788308752e+00
1.482959858013316e+00

  311  0  0
1.482086971205541e+00
1.480889348179687e+00

  312  0  0
1.480012295227631e+00
1.478808913693012e+00

  313  0  0
1.477927645983920e+00
1.476718440608607e+00

  314  0  0
1.475832906596046e+00
1.474617810989835e+00

  315  0  0
1.473727957588132e+00
1.472506903037366e+00

  316  0  0
1.471612678486871e+00
1.470385593562287e+00

  317  0  0
1.469486948565305e+00
1.468253759428460e+00

  318  0  0
1.467350644133547e+00
1.466111275731131e+00

  319  0  0
1.465203636867334e+00
1.463958014308655e+00

  320  0  0
1.463045795051811e+00
1.461793843410607e+00

  321  0  0
1.460876984434615e+00
1.459618627288515e+00

  322  0  0
1.458697068930300e+00
1.457432227640434e+00

  323  0  0
1.456505912900229e+00
1.455234506502608e+00

  324  0  0
1.454303380612754e+00
1.453025326401076e+00

  325  0  0
1.452089333042326e+00
1.450804547857032e+00

  326  0  0
1.449863626977200e+00
1.448572028182229e+00

  327  0  0
1.447626116311866e+00
1.446327620871765e+00

  328  0  0
1.445376652354681e+00
1.444071175350679e+00

  329  0  0
1.443115085018900e+00
1.441802539121544e+00

  330  0  0
1.440841264979652e+00
1.439521560508313e+00

  331  0  0
1.438555042156404e+00
1.437228087893117e+00

  332  0  0
1.436256262572530e+00
1.434921967140067e+00

  333  0  0
1.433944768076895e+00
1.432603040577501e+00

  334  0  0
1.431620397471320e+00
1.430271146078326e+00

  335  0  0
1.429282986400592e+00
1.427926116764586e+00

  336  0  0
1.426932368622158e+00
1.425567783234635e+00

  337  0  0
1.424568377598877e+00
1.423195975766697e+00

  338  0  0
1.422190844150014e+00
1.420810522819784e+00

  339  0  0
1.419799593250305e+00
1.418411248448880e+00

  340  0  0
1.417394444143625e+00
1.415997971610744e+00

  341  0  0
1.414975211738342e+00
1.413570505581212e+00

  342  0  0
1.412541706885529e+00
1.411128658254230e+00

  343  0  0
1.410093738305120e+00
1.408672235028849e+00

  344  0  0
1.407631114582850e+00
1.406201041354999e+00

  345  0  0
1.405153641920866e+00
1.403714881235821e+00

  346  0  0
1.402661120870972e+00
1.401213554496985e+00

  347  0  0
1.400153346323959e+00
1.398696855924886e+00

  348  0  0
1.397630108805560e+00
1.396164574471956e+00

  349  0  0
1.395091194555281e+00
1.393616493262006e+00

  350  0  0
1.392536387236498e+00
1.391052392359375e+00

  351  0  0
1.389965470187637e+00
1.388472051632507e+00

  352  0  0
1.387378224466636e+00
1.385875249574053e+00

  353  0  0
1.384774425275740e+00
1.383261760357086e+00

  354  0  0
1.382153841544828e+00
1.380631352804959e+00

  355  0  0
1.379516237360606e+00
1.377983789580604e+00

  356  0  0
1.376861372013934e+00
1.375318826664796e+00

  357  0  0
1.374189001082970e+00
1.372636215490880e+00

  358  0  0
1.371498878857394e+00
1.369935705998363e+00

  359  0  0
1.368790756890147e+00
1.367217045920619e+00

  360  0  0
1.366064379682296e+00
1.364479977256648e+00

  361  0  0
1.363319483029265e+00
1.361724234567497e+00

  362  0  0
1.360555795399119e+00
1.358949544346532e+00

  363  0  0
1.357773038485834e+00
1.356155624327410e+00

  364  0  0
1.354970927915249e+00
1.353342185200149e+00

  365  0  0
1.352149176328912e+00
1.350508934521899e+00

  366  0  0
1.349307493970253e+00
1.347655577925699e+00

  367  0  0
1.346445584794180e+00
1.344781816001157e+00

  368  0  0
1.343563143410283e+00
1.341887341622001e+00

  369  0  0
1.340659855821241e+00
1.338971839227670e+00

  370  0  0
1.337735400566384e+00
1.336034983771891e+00

  371  0  0
1.334789448681714e+00
1.333076441011690e+00

  372  0  0
1.331821665985488e+00
1.330095870962727e+00

  373  0  0
1.328831715568430e+00
1.327092931034632e+00

  374  0  0
1.325819255363004e+00
1.324067274387440e+00

  375  0  0
1.322783933629185e+00
1.321018546171408e+00

  376  0  0
1.319725387889667e+00
1.317946382118384e+00

  377  0  0
1.316643246589434e+00
1.314850407757457e+00

  378  0  0
1.313537129387796e+00
1.311730237450297e+00

  379  0  0
1.310406647768546e+00
1.308585476105356e+00

  380  0  0
1.307251408215139e+00
1.305415723215404e+00

  381  0  0
1.304071012600472e+00
1.302220573876986e+00

  382  0  0
1.300865053422854e+00
1.298999614857842e+00

  383  0  0
1.297633109491082e+00
1.295752420917771e+00

  384  0  0
1.294374746040125e+00
1.292478553760595e+00

  385  0  0
1.291089516128538e+00
1.289177560831023e+00

  386  0  0
1.287776960486099e+00
1.285848974990084e+00

  387  0  0
1.284436609371512e+00
1.282492317777288e+00

  388  0  0
1.281067986209092e+00
1.279107103809092e+00

  389  0  0
1.277670606555007e+00
1.275692840445385e+00

  390  0  0
1.274243972559992e+00
1.272249023088999e+00

  391  0  0
1.270787569499247e+00
1.268775132102537e+00

  392  0  0
1.267300866745065e+00
1.265270631871231e+00

  393  0  0
1.263783318824269e+00
1.261734969251519e+00

  394  0  0
1.260234365070562e+00
1.258167573595191e+00

  395  0  0
1.256653432136735e+00
1.254567860720225e+00

  396  0  0
1.253039937457914e+00
1.250935237127067e+00

  397  0  0
1.249393287028974e+00
1.247269098553200e+00

  398  0  0
1.245712869070223e+00
1.243568824564909e+00

  399  0  0
1.241998050646362e+00
1.239833775511633e+00

  400  0  0
1.238248178920643e+00
1.236063291502488e+00

  401  0  0
1.234462582066743e+00
1.232256690561919e+00

  402  0  0
1.230640568748435e+00
1.228413268590700e+00

  403  0  0
1.226781430786301e+00
1.224532303542169e+00

  404  0  0
1.222884446654863e+00
1.220613059655939e+00

  405  0  0
1.218948878639407e+00
1.216654785367483e+00

  406  0  0
1.214973965226942e+00
1.212656706683031e+00

  407  0  0
1.210958916454420e+00
1.208618023068784e+00

  408  0  0
1.206902914600115e+00
1.204537905932746e+00

  409  0  0
1.202805115025267e+00
1.200415496301956e+00

  410  0  0
1.198664645267888e+00
1.196249904172335e+00

  411  0  0
1.194480607435893e+00
1.192040212705521e+00

  412  0  0
1.190252082685783e+00
1.187785483624338e+00

  413  0  0
1.185978129501317e+00
1.183484756220340e+00

  414  0  0
1.181657775410462e+00
1.179137040039265e+00

  415  0  0
1.177290010286439e+00
1.174741309057693e+00

  416  0  0
1.172873785832243e+00
1.170296499467836e+00

  417  0  0
1.168408016640755e+00
1.165801506785628e+00

  418  0  0
1.163891578703983e+00
1.161255183489379e+00

  419  0  0
1.159323310110943e+00
1.156656341703712e+00

  420  0  0
1.154702015963121e+00
1.152003759448110e+00

  421  0  0
1.150026468958479e+00
1.147296181971952e+00

  422  0  0
1.145295401066739e+00
1.142532314367575e+00

  423  0  0
1.140507493371288e+00
1.137710812662255e+00

  424  0  0
1.135661372237315e+00
1.132830279604009e+00

  425  0  0
1.130755610129370e+00
1.127889261300017e+00

  426  0  0
1.125788724152344e+00
1.122886242607532e+00

  427  0  0
1.120759173846841e+00
1.117819646247764e+00

  428  0  0
1.115665364427207e+00
1.112687838093942e+00

  429  0  0
1.110505650390315e+00
1.107489131678030e+00

  430  0  0
1.105278329403672e+00
1.102221782851022e+00

  431  0  0
1.099981628322662e+00
1.096883977025955e+00

  432  0  0
1.094613692220436e+00
1.091473819403551e+00

  433  0  0
1.089172581568545e+00
1.085989329720051e+00

  434  0  0
1.083656271099235e+00
1.080428435624653e+00

  435  0  0
1.078062645046748e+00
1.074788966384435e+00

  436  0  0
1.072389495044272e+00
1.069068653272385e+00

  437  0  0
1.066634524412508e+00
1.063265135680123e+00

  438  0  0
1.060795348044117e+00
1.057375961713606e+00

  439  0  0
1.054869478970119e+00
1.051398575526856e+00

  440  0  0
1.048854308396846e+00
1.045330298867138e+00

  441  0  0
1.042747092043302e+00
1.039168318134492e+00

  442  0  0
1.036544945076698e+00
1.032909674697285e+00

  443  0  0
1.030244836133610e+00
1.026551252261519e+00

  444  0  0
1.023843577139536e+00
1.020089765931463e+00

  445  0  0
1.017337818373179e+00
1.013521760318273e+00

  446  0  0
1.010724050258710e+00
1.006843612999323e+00

  447  0  0
1.003998596676793e+00
1.000051528251433e+00

  448  0  0
9.971575906544058e-01
9.931415132875929e-01

  449  0  0
9.901969424051906e-01
9.861093479546935e-01

  450  0  0
9.831123153634190e-01
9.789505611270461e-01

  451  0  0
9.758991118448730e-01
9.716604095300098e-01

  452  0  0
9.685524559215173e-01
9.642338512601477e-01

  453  0  0
9.610671698072025e-01
9.566655202428422e-01

  454  0  0
9.534377561225335e-01
9.489497115057214e-01

  455  0  0
9.456583885195073e-01
9.410803731204805e-01

  456  0  0
9.377228906845055e-01
9.330510844518705e-01

  457  0  0
9.296246890057511e-01
9.248550079356761e-01

  458  0  0
9.213567495590604e-01
9.164848269470064e-01

  459  0  0
9.129115209863988e-01
9.079326886220856e-01

  460  0  0
9.042808886060547e-01
8.991901482061030e-01

  461  0  0
8.954561238785489e-01
8.902481020752555e-01

  462  0  0
8.864278191793201e-01
8.810967137210534e-01

  463  0  0
8.771858221889166e-01
8.717253480755436e-01

  464  0  0
8.677191803224358e-01
8.621225143268387e-01

  465  0  0
8.580160706421340e-01
8.522757897460710e-01

  466  0  0
8.480636838013744e-01
8.421716953956568e-01

  467  0  0
8.378480626487218e-01
8.317955273999615e-01

  468  0  0
8.273539241354640e-01
8.211311721335560e-01

  469  0  0
8.165644823727071e-01
8.101609104148784e-01

  470  0  0
8.054612560088046e-01
7.988651854589559e-01

  471  0  0
7.940238266161501e-01
7.872223180738231e-01

  472  0  0
7.822295505525255e-01
7.752081958388564e-01

  473  0  0
7.700532586564337e-01
7.627959326761153e-01

  474  0  0
7.574668892144013e-01
7.499554612390678e-01

  475  0  0
7.444390303759543e-01
7.366530366263366e-01

  476  0  0
7.309342974166299e-01
7.228504503282295e-01

  477  0  0
7.169123788614359e-01
7.085041303689770e-01

  478  0  0
7.023273025128685e-01
6.935641780633561e-01

  479  0  0
6.871259544704175e-01
6.779723638860188e-01

  480  0  0
6.712462565576282e-01
6.616614173997641e-01

  481  0  0
6.546172672045554e-01
6.445516545831602e-01

  482  0  0
6.371509898450803e-01
6.265457355314104e-01

  483  0  0
6.187471486882001e-01
6.075354619423029e-01

  484  0  0
5.992870080691648e-01
5.873698478594568e-01

  485  0  0
5.785941894206142e-01
5.658816718864701e-01

  486  0  0
5.565374769290581e-01
5.428800293164907e-01

  487  0  0
5.327963181750800e-01
5.179539348099624e-01

  488  0  0
5.070415464150912e-01
4.909998929013337e-01

  489  0  0
4.792435522197764e-01
4.611491018184802e-01

  490  0  0
4.475264836016878e-01
4.274652476873254e-01

  491  0  0
4.133791424576189e-01
3.909256500346763e-01

  492  0  0
3.734285585627415e-01
3.430398028614200e-01

  493  0  0
3.206634378836713e-01
2.916111736648005e-01

  494  0  0
2.755824552747740e-01
2.174864621745453e-01

  495  0  0
1.549446830447557e-01
6.184640130551971e-02

  496  0  0
6.213014639893777e-03
-3.103730394331624e-04

  497  0  0
-5.375819017444627e-04
4.809133850685867e-05

  498  0  0
6.128189705672759e-05
6.474372505533305e-06

  499  0  0
5.234504926948564e-06
1.033317442430774e-05

  500  0  0
1.044251460632842e-05
9.968606510744714e-06

  501  0  0
9.958951506837915e-06
1.000295621266631e-05

  502  0  0
1.000380434771262e-05
9.999721702258350e-06

  503  0  0
9.999647710536427e-06
1.000002620061029e-05

  504  0  0
1.000003259545470e-05
9.999997532542217e-06

  505  0  0
9.999996986749966e-06
1.000000023248353e-05

  506  0  0
1.000000027828628e-05
9.999999978078024e-06

  507  0  0
9.999999974322492e-06
1.000000000206433e-05

  508  0  0
1.000000000236220e-05
9.999999999801292e-06

  509  0  0
9.999999999778839e-06
1.000000000001495e-05

  510  0  0
1.000000000001651e-05
9.999999999994764e-06

  511  0  0
9.999999999994676e-06
9.999999999996672e-06

  512  0  0
9.999999999996675e-06
9.999999999996492e-06

  513  0  0
9.999999999996491e-06
9.999999999996509e-06

  514  0  0
9.999999999996509e-06
9.999999999996508e-06

  515  0  0
9.999999999996506e-06
9.999999999996506e-06

  516  0  0
9.999999999996506e-06
9.999999999996509e-06

  517  0  0
9.999999999996506e-06
9.999999999996506e-06

  518  0  0
9.999999999996506e-06
9.999999999996509e-06

  519  0  0
9.999999999996506e-06
9.999999999996506e-06

  520  0  0
9.999999999996506e-06
9.999999999996509e-06

  521  0  0
9.999999999996506e-06
9.999999999996506e-06

  522  0  0
9.999999999996506e-06
9.999999999996509e-06

  523  0  0
9.999999999996506e-06
9.999999999996506e-06

  524  0  0
9.999999999996506e-06
9.999999999996509e-06

  525  0  0
9.999999999996506e-06
9.999999999996506e-06

  526  0  0
9.999999999996506e-06
9.999999999996509e-06

  527  0  0
9.999999999996506e-06
9.999999999996506e-06

  528  0  0
9.999999999996506e-06
9.999999999996509e-06

  529  0  0
9.999999999996506e-06
9.999999999996506e-06

  530  0  0
9.999999999996506e-06
9.999999999996509e-06

  531  0  0
9.999999999996506e-06
9.999999999996506e-06

  532  0  0
9.999999999996506e-06
9.999999999996509e-06

  533  0  0
9.999999999996506e-06
9.999999999996506e-06

  534  0  0
9.999999999996506e-06
9.999999999996509e-06

  535  0  0
9.999999999996506e-06
9.999999999996506e-06

  536  0  0
9.999999999996506e-06
9.999999999996509e-06

  537  0  0
9.999999999996506e-06
9.999999999996506e-06

  538  0  0
9.999999999996506e-06
9.999999999996509e-06

  539  0  0
9.999999999996506e-06
9.999999999996506e-06

  540  0  0
9.999999999996506e-06
9.999999999996509e-06

  541  0  0
9.999999999996506e-06
9.999999999996506e-06

  542  0  0
9.999999999996506e-06
9.999999999996509e-06

  543  0  0
9.999999999996506e-06
9.999999999996506e-06

  544  0  0
9.999999999996506e-06
9.999999999996509e-06

  545  0  0
9.999999999996506e-06
9.999999999996506e-06

  546  0  0
9.999999999996506e-06
9.999999999996509e-06

  547  0  0
9.999999999996506e-06
9.999999999996506e-06

  548  0  0
9.999999999996506e-06
9.999999999996509e-06

  549  0  0
9.999999999996506e-06
9.999999999996506e-06

  550  0  0
9.999999999996506e-06
9.999999999996509e-06

  551  0  0
9.999999999996506e-06
9.999999999996506e-06

  552  0  0
9.999999999996506e-06
9.999999999996509e-06

  553  0  0
9.999999999996506e-06
9.999999999996506e-06

  554  0  0
9.999999999996506e-06
9.999999999996509e-06

  555  0  0
9.999999999996506e-06
9.999999999996506e-06

  556  0  0
9.999999999996506e-06
9.999999999996509e-06

  557  0  0
9.999999999996506e-06
9.999999999996506e-06

  558  0  0
9.999999999996506e-06
9.999999999996509e-06

  559  0  0
9.999999999996506e-06
9.999999999996506e-06

  560  0  0
9.999999999996506e-06
9.999999999996509e-06

  561  0  0
9.999999999996506e-06
9.999999999996506e-06

  562  0  0
9.999999999996506e-06
9.999999999996509e-06

  563  0  0
9.999999999996506e-06
9.999999999996506e-06

  564  0  0
9.999999999996506e-06
9.999999999996509e-06

  565  0  0
9.999999999996506e-06
9.999999999996506e-06

  566  0  0
9.999999999996506e-06
9.999999999996509e-06

  567  0  0
9.999999999996506e-06
9.999999999996506e-06

  568  0  0
9.999999999996506e-06
9.999999999996509e-06

  569  0  0
9.999999999996506e-06
9.999999999996506e-06

  570  0  0
9.999999999996506e-06
9.999999999996509e-06

  571  0  0
9.999999999996506e-06
9.999999999996506e-06

  572  0  0
9.999999999996506e-06
9.999999999996509e-06

  573  0  0
9.999999999996506e-06
9.999999999996506e-06

  574  0  0
9.999999999996506e-06
9.999999999996509e-06

  575  0  0
9.999999999996506e-06
9.999999999996506e-06

  576  0  0
9.999999999996506e-06
9.999999999996509e-06

  577  0  0
9.999999999996506e-06
9.999999999996506e-06

  578  0  0
9.999999999996506e-06
9.999999999996509e-06

  579  0  0
9.999999999996506e-06
9.999999999996506e-06

  580  0  0
9.999999999996506e-06
9.999999999996509e-06

  581  0  0
9.999999999996506e-06
9.999999999996506e-06

  582  0  0
9.999999999996506e-06
9.999999999996509e-06

  583  0  0
9.999999999996506e-06
9.999999999996506e-06

  584  0  0
9.999999999996506e-06
9.999999999996509e-06

  585  0  0
9.999999999996506e-06
9.999999999996506e-06

  586  0  0
9.999999999996506e-06
9.999999999996509e-06

  587  0  0
9.999999999996506e-06
9.999999999996506e-06

  588  0  0
9.999999999996506e-06
9.999999999996509e-06

  589  0  0
9.999999999996506e-06
9.999999999996506e-06

  590  0  0
9.999999999996506e-06
9.999999999996509e-06

  591  0  0
9.999999999996506e-06
9.999999999996506e-06

  592  0  0
9.999999999996506e-06
9.999999999996509e-06

  593  0  0
9.999999999996506e-06
9.999999999996506e-06

  594  0  0
9.999999999996506e-06
9.999999999996509e-06

  595  0  0
9.999999999996506e-06
9.999999999996506e-06

  596  0  0
9.999999999996506e-06
9.999999999996509e-06

  597  0  0
9.999999999996506e-06
9.999999999996506e-06

  598  0  0
9.999999999996506e-06
9.999999999996509e-06

  599  0  0
9.999999999996506e-06
9.999999999996506e-06

  600  0  0
9.999999999996506e-06
9.999999999996509e-06

  601  0  0
9.999999999996506e-06
9.999999999996506e-06

  602  0  0
9.999999999996506e-06
9.999999999996509e-06

  603  0  0
9.999999999996506e-06
9.999999999996506e-06

  604  0  0
9.999999999996506e-06
9.999999999996509e-06

  605  0  0
9.999999999996506e-06
9.999999999996506e-06

  606  0  0
9.999999999996506e-06
9.999999999996509e-06

  607  0  0
9.999999999996506e-06
9.999999999996506e-06

  608  0  0
9.999999999996506e-06
9.999999999996509e-06

  609  0  0
9.999999999996506e-06
9.999999999996506e-06

  610  0  0
9.999999999996506e-06
9.999999999996509e-06

  611  0  0
9.999999999996506e-06
9.999999999996506e-06

  612  0  0
9.999999999996506e-06
9.999999999996509e-06

  613  0  0
9.999999999996506e-06
9.999999999996506e-06

  614  0  0
9.999999999996506e-06
9.999999999996509e-06

  615  0  0
9.999999999996506e-06
9.999999999996506e-06

  616  0  0
9.999999999996506e-06
9.999999999996509e-06

  617  0  0
9.999999999996506e-06
9.999999999996506e-06

  618  0  0
9.999999999996506e-06
9.999999999996509e-06

  619  0  0
9.999999999996506e-06
9.999999999996506e-06

  620  0  0
9.999999999996506e-06
9.999999999996509e-06

  621  0  0
9.999999999996506e-06
9.999999999996506e-06

  622  0  0
9.999999999996506e-06
9.999999999996509e-06

  623  0  0
9.999999999996506e-06
9.999999999996506e-06

  624  0  0
9.999999999996506e-06
9.999999999996509e-06

  625  0  0
9.999999999996506e-06
9.999999999996506e-06

  626  0  0
9.999999999996506e-06
9.999999999996509e-06

  627  0  0
9.999999999996506e-06
9.999999999996506e-06

  628  0  0
9.999999999996506e-06
9.999999999996509e-06

  629  0  0
9.999999999996506e-06
9.999999999996506e-06

  630  0  0
9.999999999996506e-06
9.999999999996509e-06

  631  0  0
9.999999999996506e-06
9.999999999996506e-06

  632  0  0
9.999999999996506e-06
9.999999999996509e-06

  633  0  0
9.999999999996506e-06
9.999999999996506e-06

  634  0  0
9.999999999996506e-06
9.999999999996509e-06

  635  0  0
9.999999999996506e-06
9.999999999996506e-06

  636  0  0
9.999999999996506e-06
9.999999999996509e-06

  637  0  0
9.999999999996506e-06
9.999999999996506e-06

  638  0  0
9.999999999996506e-06
9.999999999996509e-06

  639  0  0
9.999999999996506e-06
9.999999999996506e-06

  640  0  0
9.999999999996506e-06
9.999999999996509e-06

  641  0  0
9.999999999996506e-06
9.999999999996506e-06

  642  0  0
9.999999999996506e-06
9.999999999996509e-06

  643  0  0
9.999999999996506e-06
9.999999999996506e-06

  644  0  0
9.999999999996506e-06
9.999999999996509e-06

  645  0  0
9.999999999996506e-06
9.999999999996506e-06

  646  0  0
9.999999999996506e-06
9.999999999996509e-06

  647  0  0
9.999999999996506e-06
9.999999999996506e-06

  648  0  0
9.999999999996506e-06
9.999999999996509e-06

  649  0  0
9.999999999996506e-06
9.999999999996506e-06

  650  0  0
9.999999999996506e-06
9.999999999996509e-06

  651  0  0
9.999999999996506e-06
9.999999999996506e-06

  652  0  0
9.999999999996506e-06
9.999999999996509e-06

  653  0  0
9.999999999996506e-06
9.999999999996506e-06

  654  0  0
9.999999999996506e-06
9.999999999996509e-06

  655  0  0
9.999999999996506e-06
9.999999999996506e-06

  656  0  0
9.999999999996506e-06
9.999999999996509e-06

  657  0  0
9.999999999996506e-06
9.999999999996506e-06

  658  0  0
9.999999999996506e-06
9.999999999996509e-06

  659  0  0
9.999999999996506e-06
9.999999999996506e-06

  660  0  0
9.999999999996506e-06
9.999999999996509e-06

  661  0  0
9.999999999996506e-06
9.999999999996506e-06

  662  0  0
9.999999999996506e-06
9.999999999996509e-06

  663  0  0
9.999999999996506e-06
9.999999999996506e-06

  664  0  0
9.999999999996506e-06
9.999999999996509e-06

  665  0  0
9.999999999996506e-06
9.999999999996506e-06

  666  0  0
9.999999999996506e-06
9.999999999996509e-06

  667  0  0
9.999999999996506e-06
9.999999999996506e-06

  668  0  0
9.999999999996506e-06
9.999999999996509e-06

  669  0  0
9.999999999996506e-06
9.999999999996506e-06

  670  0  0
9.999999999996506e-06
9.999999999996509e-06

  671  0  0
9.999999999996506e-06
9.999999999996506e-06

  672  0  0
9.999999999996506e-06
9.999999999996509e-06

  673  0  0
9.999999999996506e-06
9.999999999996506e-06

  674  0  0
9.999999999996506e-06
9.999999999996509e-06

  675  0  0
9.999999999996506e-06
9.999999999996506e-06

  676  0  0
9.999999999996506e-06
9.999999999996509e-06

  677  0  0
9.999999999996506e-06
9.999999999996506e-06

  678  0  0
9.999999999996506e-06
9.999999999996509e-06

  679  0  0
9.999999999996506e-06
9.999999999996506e-06

  680  0  0
9.999999999996506e-06
9.999999999996509e-06

  681  0  0
9.999999999996506e-06
9.999999999996506e-06

  682  0  0
9.999999999996506e-06
9.999999999996509e-06

  683  0  0
9.999999999996506e-06
9.999999999996506e-06

  684  0  0
9.999999999996506e-06
9.999999999996509e-06

  685  0  0
9.999999999996506e-06
9.999999999996506e-06

  686  0  0
9.999999999996506e-06
9.999999999996509e-06

  687  0  0
9.999999999996506e-06
9.999999999996506e-06

  688  0  0
9.999999999996506e-06
9.999999999996509e-06

  689  0  0
9.999999999996506e-06
9.999999999996506e-06

  690  0  0
9.999999999996506e-06
9.999999999996509e-06

  691  0  0
9.999999999996506e-06
9.999999999996506e-06

  692  0  0
9.999999999996506e-06
9.999999999996509e-06

  693  0  0
9.999999999996506e-06
9.999999999996506e-06

  694  0  0
9.999999999996506e-06
9.999999999996509e-06

  695  0  0
9.999999999996506e-06
9.999999999996506e-06

  696  0  0
9.999999999996506e-06
9.999999999996509e-06

  697  0  0
9.999999999996506e-06
9.999999999996506e-06

  698  0  0
9.999999999996506e-06
9.999999999996509e-06

  699  0  0
9.999999999996506e-06
9.999999999996506e-06

  700  0  0
9.999999999996506e-06
9.999999999996509e-06

  701  0  0
9.999999999996506e-06
9.999999999996506e-06

  702  0  0
9.999999999996506e-06
9.999999999996509e-06

  703  0  0
9.999999999996506e-06
9.999999999996506e-06

  704  0  0
9.999999999996506e-06
9.999999999996509e-06

  705  0  0
9.999999999996506e-06
9.999999999996506e-06

  706  0  0
9.999999999996506e-06
9.999999999996509e-06

  707  0  0
9.999999999996506e-06
9.999999999996506e-06

  708  0  0
9.999999999996506e-06
9.999999999996509e-06

  709  0  0
9.999999999996506e-06
9.999999999996506e-06

  710  0  0
9.999999999996506e-06
9.999999999996509e-06

  711  0  0
9.999999999996506e-06
9.999999999996506e-06

  712  0  0
9.999999999996506e-06
9.999999999996509e-06

  713  0  0
9.999999999996506e-06
9.999999999996506e-06

  714  0  0
9.999999999996506e-06
9.999999999996509e-06

  715  0  0
9.999999999996506e-06
9.999999999996506e-06

  716  0  0
9.999999999996506e-06
9.999999999996509e-06

  717  0  0
9.999999999996506e-06
9.999999999996506e-06

  718  0  0
9.999999999996506e-06
9.999999999996509e-06

  719  0  0
9.999999999996506e-06
9.999999999996506e-06

  720  0  0
9.999999999996506e-06
9.999999999996509e-06

  721  0  0
9.999999999996506e-06
9.999999999996506e-06

  722  0  0
9.999999999996506e-06
9.999999999996509e-06

  723  0  0
9.999999999996506e-06
9.999999999996506e-06

  724  0  0
9.999999999996506e-06
9.999999999996509e-06

  725  0  0
9.999999999996506e-06
9.999999999996506e-06

  726  0  0
9.999999999996506e-06
9.999999999996509e-06

  727  0  0
9.999999999996506e-06
9.999999999996506e-06

  728  0  0
9.999999999996506e-06
9.999999999996509e-06

  729  0  0
9.999999999996506e-06
9.999999999996506e-06

  730  0  0
9.999999999996506e-06
9.999999999996509e-06

  731  0  0
9.999999999996506e-06
9.999999999996506e-06

  732  0  0
9.999999999996506e-06
9.999999999996509e-06

  733  0  0
9.999999999996506e-06
9.999999999996506e-06

  734  0  0
9.999999999996506e-06
9.999999999996509e-06

  735  0  0
9.999999999996506e-06
9.999999999996506e-06

  736  0  0
9.999999999996506e-06
9.999999999996509e-06

  737  0  0
9.999999999996506e-06
9.999999999996506e-06

  738  0  0
9.999999999996506e-06
9.999999999996509e-06

  739  0  0
9.999999999996506e-06
9.999999999996506e-06

  740  0  0
9.999999999996506e-06
9.999999999996509e-06

  741  0  0
9.999999999996506e-06
9.999999999996506e-06

  742  0  0
9.999999999996506e-06
9.999999999996509e-06

  743  0  0
9.999999999996506e-06
9.999999999996506e-06

  744  0  0
9.999999999996506e-06
9.999999999996509e-06

  745  0  0
9.999999999996506e-06
9.999999999996506e-06

  746  0  0
9.999999999996506e-06
9.999999999996509e-06

  747  0  0
9.999999999996506e-06
9.999999999996506e-06

  748  0  0
9.999999999996506e-06
9.999999999996509e-06

  749  0  0
9.999999999996506e-06
9.999999999996506e-06

  750  0  0
9.999999999996506e-06
9.999999999996509e-06

  751  0  0
9.999999999996506e-06
9.999999999996506e-06

  752  0  0
9.999999999996506e-06
9.999999999996509e-06

  753  0  0
9.999999999996506e-06
9.999999999996506e-06

  754  0  0
9.999999999996506e-06
9.999999999996509e-06

  755  0  0
9.999999999996506e-06
9.999999999996506e-06

  756  0  0
9.999999999996506e-06
9.999999999996509e-06

  757  0  0
9.999999999996506e-06
9.999999999996506e-06

  758  0  0
9.999999999996506e-06
9.999999999996509e-06

  759  0  0
9.999999999996506e-06
9.999999999996506e-06

  760  0  0
9.999999999996506e-06
9.999999999996509e-06

  761  0  0
9.999999999996506e-06
9.999999999996506e-06

  762  0  0
9.999999999996506e-06
9.999999999996509e-06

  763  0  0
9.999999999996506e-06
9.999999999996506e-06

  764  0  0
9.999999999996506e-06
9.999999999996509e-06

  765  0  0
9.999999999996506e-06
9.999999999996506e-06

  766  0  0
9.999999999996506e-06
9.999999999996509e-06

  767  0  0
9.999999999996506e-06
9.999999999996506e-06

  768  0  0
9.999999999996506e-06
9.999999999996509e-06

  769  0  0
9.999999999996506e-06
9.999999999996506e-06

  770  0  0
9.999999999996506e-06
9.999999999996509e-06

  771  0  0
9.999999999996506e-06
9.999999999996506e-06

  772  0  0
9.999999999996506e-06
9.999999999996509e-06

  773  0  0
9.999999999996506e-06
9.999999999996506e-06

  774  0  0
9.999999999996506e-06
9.999999999996509e-06

  775  0  0
9.999999999996506e-06
9.999999999996506e-06

  776  0  0
9.999999999996506e-06
9.999999999996509e-06

  777  0  0
9.999999999996506e-06
9.999999999996506e-06

  778  0  0
9.999999999996506e-06
9.999999999996509e-06

  779  0  0
9.999999999996506e-06
9.999999999996506e-06

  780  0  0
9.999999999996506e-06
9.999999999996509e-06

  781  0  0
9.999999999996506e-06
9.999999999996506e-06

  782  0  0
9.999999999996506e-06
9.999999999996509e-06

  783  0  0
9.999999999996506e-06
9.999999999996506e-06

  784  0  0
9.999999999996506e-06
9.999999999996509e-06

  785  0  0
9.999999999996506e-06
9.999999999996506e-06

  786  0  0
9.999999999996506e-06
9.999999999996509e-06

  787  0  0
9.999999999996506e-06
9.999999999996506e-06

  788  0  0
9.999999999996506e-06
9.999999999996509e-06

  789  0  0
9.999999999996506e-06
9.999999999996506e-06

  790  0  0
9.999999999996506e-06
9.999999999996509e-06

  791  0  0
9.999999999996506e-06
9.999999999996506e-06

  792  0  0
9.999999999996506e-06
9.999999999996509e-06

  793  0  0
9.999999999996506e-06
9.999999999996506e-06

  794  0  0
9.999999999996506e-06
9.999999999996509e-06

  795  0  0
9.999999999996506e-06
9.999999999996506e-06

  796  0  0
9.999999999996506e-06
9.999999999996509e-06

  797  0  0
9.999999999996506e-06
9.999999999996506e-06

  798  0  0
9.999999999996506e-06
9.999999999996509e-06

  799  0  0
9.999999999996506e-06
9.999999999996506e-06

  800  0  0
9.999999999996506e-06
9.999999999996509e-06

  801  0  0
9.999999999996506e-06
9.999999999996506e-06

  802  0  0
9.999999999996506e-06
9.999999999996509e-06

  803  0  0
9.999999999996506e-06
9.999999999996506e-06

  804  0  0
9.999999999996506e-06
9.999999999996509e-06

  805  0  0
9.999999999996506e-06
9.999999999996506e-06

  806  0  0
9.999999999996506e-06
9.999999999996509e-06

  807  0  0
9.999999999996506e-06
9.999999999996506e-06

  808  0  0
9.999999999996506e-06
9.999999999996509e-06

  809  0  0
9.999999999996506e-06
9.999999999996506e-06

  810  0  0
9.999999999996506e-06
9.999999999996509e-06

  811  0  0
9.999999999996506e-06
9.999999999996506e-06

  812  0  0
9.999999999996506e-06
9.999999999996509e-06

  813  0  0
9.999999999996506e-06
9.999999999996506e-06

  814  0  0
9.999999999996506e-06
9.999999999996509e-06

  815  0  0
9.999999999996506e-06
9.999999999996506e-06

  816  0  0
9.999999999996506e-06
9.999999999996509e-06

  817  0  0
9.999999999996506e-06
9.999999999996506e-06

  818  0  0
9.999999999996506e-06
9.999999999996509e-06

  819  0  0
9.999999999996506e-06
9.999999999996506e-06

  820  0  0
9.999999999996506e-06
9.999999999996509e-06

  821  0  0
9.999999999996506e-06
9.999999999996506e-06

  822  0  0
9.999999999996506e-06
9.999999999996509e-06

  823  0  0
9.999999999996506e-06
9.999999999996506e-06

  824  0  0
9.999999999996506e-06
9.999999999996509e-06

  825  0  0
9.999999999996506e-06
9.999999999996506e-06

  826  0  0
9.999999999996506e-06
9.999999999996509e-06

  827  0  0
9.999999999996506e-06
9.999999999996506e-06

  828  0  0
9.999999999996506e-06
9.999999999996509e-06

  829  0  0
9.999999999996506e-06
9.999999999996506e-06

  830  0  0
9.999999999996506e-06
9.999999999996509e-06

  831  0  0
9.999999999996506e-06
9.999999999996506e-06

  832  0  0
9.999999999996506e-06
9.999999999996509e-06

  833  0  0
9.999999999996506e-06
9.999999999996506e-06

  834  0  0
9.999999999996506e-06
9.999999999996509e-06

  835  0  0
9.999999999996506e-06
9.999999999996506e-06

  836  0  0
9.999999999996506e-06
9.999999999996509e-06

  837  0  0
9.999999999996506e-06
9.999999999996506e-06

  838  0  0
9.999999999996506e-06
9.999999999996509e-06

  839  0  0
9.999999999996506e-06
9.999999999996506e-06

  840  0  0
9.999999999996506e-06
9.999999999996509e-06

  841  0  0
9.999999999996506e-06
9.999999999996506e-06

  842  0  0
9.999999999996506e-06
9.999999999996509e-06

  843  0  0
9.999999999996506e-06
9.999999999996506e-06

  844  0  0
9.999999999996506e-06
9.999999999996509e-06

  845  0  0
9.999999999996506e-06
9.999999999996506e-06

  846  0  0
9.999999999996506e-06
9.999999999996509e-06

  847  0  0
9.999999999996506e-06
9.999999999996506e-06

  848  0  0
9.999999999996506e-06
9.999999999996509e-06

  849  0  0
9.999999999996506e-06
9.999999999996506e-06

  850  0  0
9.999999999996506e-06
9.999999999996509e-06

  851  0  0
9.999999999996506e-06
9.999999999996506e-06

  852  0  0
9.999999999996506e-06
9.999999999996509e-06

  853  0  0
9.999999999996506e-06
9.999999999996506e-06

  854  0  0
9.999999999996506e-06
9.999999999996509e-06

  855  0  0
9.999999999996506e-06
9.999999999996506e-06

  856  0  0
9.999999999996506e-06
9.999999999996509e-06

  857  0  0
9.999999999996506e-06
9.999999999996506e-06

  858  0  0
9.999999999996506e-06
9.999999999996509e-06

  859  0  0
9.999999999996506e-06
9.999999999996506e-06

  860  0  0
9.999999999996506e-06
9.999999999996509e-06

  861  0  0
9.999999999996506e-06
9.999999999996506e-06

  862  0  0
9.999999999996506e-06
9.999999999996509e-06

  863  0  0
9.999999999996506e-06
9.999999999996506e-06

  864  0  0
9.999999999996506e-06
9.999999999996509e-06

  865  0  0
9.999999999996506e-06
9.999999999996506e-06

  866  0  0
9.999999999996506e-06
9.999999999996509e-06

  867  0  0
9.999999999996506e-06
9.999999999996506e-06

  868  0  0
9.999999999996506e-06
9.999999999996509e-06

  869  0  0
9.999999999996506e-06
9.999999999996506e-06

  870  0  0
9.999999999996506e-06
9.999999999996509e-06

  871  0  0
9.999999999996506e-06
9.999999999996506e-06

  872  0  0
9.999999999996506e-06
9.999999999996509e-06

  873  0  0
9.999999999996506e-06
9.999999999996506e-06

  874  0  0
9.999999999996506e-06
9.999999999996509e-06

  875  0  0
9.999999999996506e-06
9.999999999996506e-06

  876  0  0
9.999999999996506e-06
9.999999999996509e-06

  877  0  0
9.999999999996506e-06
9.999999999996506e-06

  878  0  0
9.999999999996506e-06
9.999999999996509e-06

  879  0  0
9.999999999996506e-06
9.999999999996506e-06

  880  0  0
9.999999999996506e-06
9.999999999996509e-06

  881  0  0
9.999999999996506e-06
9.999999999996506e-06

  882  0  0
9.999999999996506e-06
9.999999999996509e-06

  883  0  0
9.999999999996506e-06
9.999999999996506e-06

  884  0  0
9.999999999996506e-06
9.999999999996509e-06

  885  0  0
9.999999999996506e-06
9.999999999996506e-06

  886  0  0
9.999999999996506e-06
9.999999999996509e-06

  887  0  0
9.999999999996506e-06
9.999999999996506e-06

  888  0  0
9.999999999996506e-06
9.999999999996509e-06

  889  0  0
9.999999999996506e-06
9.999999999996506e-06

  890  0  0
9.999999999996506e-06
9.999999999996509e-06

  891  0  0
9.999999999996506e-06
9.999999999996506e-06

  892  0  0
9.999999999996506e-06
9.999999999996509e-06

  893  0  0
9.999999999996506e-06
9.999999999996506e-06

  894  0  0
9.999999999996506e-06
9.999999999996509e-06

  895  0  0
9.999999999996506e-06
9.999999999996506e-06

  896  0  0
9.999999999996506e-06
9.999999999996509e-06

  897  0  0
9.999999999996506e-06
9.999999999996506e-06

  898  0  0
9.999999999996506e-06
9.999999999996509e-06

  899  0  0
9.999999999996506e-06
9.999999999996506e-06

  900  0  0
9.999999999996506e-06
9.999999999996509e-06

  901  0  0
9.999999999996506e-06
9.999999999996506e-06

  902  0  0
9.999999999996506e-06
9.999999999996509e-06

  903  0  0
9.999999999996506e-06
9.999999999996506e-06

  904  0  0
9.999999999996506e-06
9.999999999996509e-06

  905  0  0
9.999999999996506e-06
9.999999999996506e-06

  906  0  0
9.999999999996506e-06
9.999999999996509e-06

  907  0  0
9.999999999996506e-06
9.999999999996506e-06

  908  0  0
9.999999999996506e-06
9.999999999996509e-06

  909  0  0
9.999999999996506e-06
9.999999999996506e-06

  910  0  0
9.999999999996506e-06
9.999999999996509e-06

  911  0  0
9.999999999996506e-06
9.999999999996506e-06

  912  0  0
9.999999999996506e-06
9.999999999996509e-06

  913  0  0
9.999999999996506e-06
9.999999999996506e-06

  914  0  0
9.999999999996506e-06
9.999999999996509e-06

  915  0  0
9.999999999996506e-06
9.999999999996506e-06

  916  0  0
9.999999999996506e-06
9.999999999996509e-06

  917  0  0
9.999999999996506e-06
9.999999999996506e-06

  918  0  0
9.999999999996506e-06
9.999999999996509e-06

  919  0  0
9.999999999996506e-06
9.999999999996506e-06

  920  0  0
9.999999999996506e-06
9.999999999996509e-06

  921  0  0
9.999999999996506e-06
9.999999999996506e-06

  922  0  0
9.999999999996506e-06
9.999999999996509e-06

  923  0  0
9.999999999996506e-06
9.999999999996506e-06

  924  0  0
9.999999999996506e-06
9.999999999996509e-06

  925  0  0
9.999999999996506e-06
9.999999999996506e-06

  926  0  0
9.999999999996506e-06
9.999999999996509e-06

  927  0  0
9.999999999996506e-06
9.999999999996506e-06

  928  0  0
9.999999999996506e-06
9.999999999996509e-06

  929  0  0
9.999999999996506e-06
9.999999999996506e-06

  930  0  0
9.999999999996506e-06
9.999999999996509e-06

  931  0  0
9.999999999996506e-06
9.999999999996506e-06

  932  0  0
9.999999999996506e-06
9.999999999996509e-06

  933  0  0
9.999999999996506e-06
9.999999999996506e-06

  934  0  0
9.999999999996506e-06
9.999999999996509e-06

  935  0  0
9.999999999996506e-06
9.999999999996506e-06

  936  0  0
9.999999999996506e-06
9.999999999996509e-06

  937  0  0
9.999999999996506e-06
9.999999999996506e-06

  938  0  0
9.999999999996506e-06
9.999999999996509e-06

  939  0  0
9.999999999996506e-06
9.999999999996506e-06

  940  0  0
9.999999999996506e-06
9.999999999996509e-06

  941  0  0
9.999999999996506e-06
9.999999999996506e-06

  942  0  0
9.999999999996506e-06
9.999999999996509e-06

  943  0  0
9.999999999996506e-06
9.999999999996506e-06

  944  0  0
9.999999999996506e-06
9.999999999996509e-06

  945  0  0
9.999999999996506e-06
9.999999999996506e-06

  946  0  0
9.999999999996506e-06
9.999999999996509e-06

  947  0  0
9.999999999996506e-06
9.999999999996506e-06

  948  0  0
9.999999999996506e-06
9.999999999996509e-06

  949  0  0
9.999999999996506e-06
9.999999999996506e-06

  950  0  0
9.999999999996506e-06
9.999999999996509e-06

  951  0  0
9.999999999996506e-06
9.999999999996506e-06

  952  0  0
9.999999999996506e-06
9.999999999996509e-06

  953  0  0
9.999999999996506e-06
9.999999999996506e-06

  954  0  0
9.999999999996506e-06
9.999999999996509e-06

  955  0  0
9.999999999996506e-06
9.999999999996506e-06

  956  0  0
9.999999999996506e-06
9.999999999996509e-06

  957  0  0
9.999999999996506e-06
9.999999999996506e-06

  958  0  0
9.999999999996506e-06
9.999999999996509e-06

  959  0  0
9.999999999996506e-06
9.999999999996506e-06

  960  0  0
9.999999999996506e-06
9.999999999996509e-06

  961  0  0
9.999999999996506e-06
9.999999999996506e-06

  962  0  0
9.999999999996506e-06
9.999999999996509e-06

  963  0  0
9.999999999996506e-06
9.999999999996506e-06

  964  0  0
9.999999999996506e-06
9.999999999996509e-06

  965  0  0
9.999999999996506e-06
9.999999999996506e-06

  966  0  0
9.999999999996506e-06
9.999999999996509e-06

  967  0  0
9.999999999996506e-06
9.999999999996506e-06

  968  0  0
9.999999999996506e-06
9.999999999996509e-06

  969  0  0
9.999999999996506e-06
9.999999999996506e-06

  970  0  0
9.999999999996506e-06
9.999999999996509e-06

  971  0  0
9.999999999996506e-06
9.999999999996506e-06

  972  0  0
9.999999999996506e-06
9.999999999996509e-06

  973  0  0
9.999999999996506e-06
9.999999999996506e-06

  974  0  0
9.999999999996506e-06
9.999999999996509e-06

  975  0  0
9.999999999996506e-06
9.999999999996506e-06

  976  0  0
9.999999999996506e-06
9.999999999996509e-06

  977  0  0
9.999999999996506e-06
9.999999999996506e-06

  978  0  0
9.999999999996506e-06
9.999999999996509e-06

  979  0  0
9.999999999996506e-06
9.999999999996506e-06

  980  0  0
9.999999999996506e-06
9.999999999996509e-06

  981  0  0
9.999999999996506e-06
9.999999999996506e-06

  982  0  0
9.999999999996506e-06
9.999999999996509e-06

  983  0  0
9.999999999996506e-06
9.999999999996506e-06

  984  0  0
9.999999999996506e-06
9.999999999996509e-06

  985  0  0
9.999999999996506e-06
9.999999999996506e-06

  986  0  0
9.999999999996506e-06
9.999999999996509e-06

  987  0  0
9.999999999996506e-06
9.999999999996506e-06

  988  0  0
9.999999999996506e-06
9.999999999996509e-06

  989  0  0
9.999999999996506e-06
9.999999999996506e-06

  990  0  0
9.999999999996506e-06
9.999999999996509e-06

  991  0  0
9.999999999996506e-06
9.999999999996506e-06

  992  0  0
9.999999999996506e-06
9.999999999996509e-06

  993  0  0
9.999999999996506e-06
9.999999999996506e-06

  994  0  0
9.999999999996506e-06
9.999999999996509e-06

  995  0  0
9.999999999996506e-06
9.999999999996506e-06

  996  0  0
9.999999999996506e-06
9.999999999996509e-06

  997  0  0
9.999999999996506e-06
9.999999999996506e-06

  998  0  0
9.999999999996506e-06
9.999999999996509e-06

  999  0  0
9.999999999996506e-06
9.999999999996506e-06

 1000  0  0
9.999999999996506e-06
9.999999999996509e-06

 1001  0  0
9.999999999996506e-06
9.999999999996506e-06

 1002  0  0
9.999999999996506e-06
9.999999999996509e-06

 1003  0  0
9.999999999996506e-06
9.999999999996506e-06

 1004  0  0
9.999999999996506e-06
9.999999999996509e-06

 1005  0  0
9.999999999996506e-06
9.999999999996506e-06

 1006  0  0
9.999999999996506e-06
9.999999999996509e-06

 1007  0  0
9.999999999996506e-06
9.999999999996506e-06

 1008  0  0
9.999999999996506e-06
9.999999999996509e-06

 1009  0  0
9.999999999996506e-06
9.999999999996506e-06

 1010  0  0
9.999999999996506e-06
9.999999999996509e-06

 1011  0  0
9.999999999996506e-06
9.999999999996506e-06

 1012  0  0
9.999999999996506e-06
9.999999999996509e-06

 1013  0  0
9.999999999996506e-06
9.999999999996506e-06

 1014  0  0
9.999999999996506e-06
9.999999999996509e-06

 1015  0  0
9.999999999996506e-06
9.999999999996506e-06

 1016  0  0
9.999999999996506e-06
9.999999999996509e-06

 1017  0  0
9.999999999996506e-06
9.999999999996506e-06

 1018  0  0
9.999999999996506e-06
9.999999999996509e-06

 1019  0  0
9.999999999996506e-06
9.999999999996506e-06

 1020  0  0
9.999999999996506e-06
9.999999999996509e-06

 1021  0  0
9.999999999996506e-06
9.999999999996506e-06

 1022  0  0
9.999999999996506e-06
9.999999999996509e-06

 1023  0  0
9.999999999996506e-06
9.999999999996506e-06

 1024  0  0
9.999999999996506e-06
9.999999999996509e-06

 1025  0  0
9.999999999996506e-06
9.999999999996506e-06

 1026  0  0
9.999999999996509e-06
9.999999999996509e-06

 1027  0  0
9.999999999996506e-06
9.999999999996506e-06

 1028  0  0
9.999999999996509e-06
9.999999999996509e-06

 1029  0  0
9.999999999996506e-06
9.999999999996506e-06

 1030  0  0
9.999999999996506e-06
9.999999999996509e-06

 1031  0  0
9.999999999996506e-06
9.999999999996506e-06

 1032  0  0
9.999999999996506e-06
9.999999999996509e-06

 1033  0  0
9.999999999996506e-06
9.999999999996506e-06

 1034  0  0
9.999999999996506e-06
9.999999999996509e-06

 1035  0  0
9.999999999996506e-06
9.999999999996506e-06

 1036  0  0
9.999999999996506e-06
9.999999999996511e-06

 1037  0  0
9.999999999996509e-06
9.999999999996506e-06

 1038  0  0
9.999999999996506e-06
9.999999999996509e-06

 1039  0  0
9.999999999996509e-06
9.999999999996506e-06

 1040  0  0
9.999999999996506e-06
9.999999999996509e-06

 1041  0  0
9.999999999996509e-06
9.999999999996506e-06

 1042  0  0
9.999999999996506e-06
9.999999999996509e-06

 1043  0  0
9.999999999996509e-06
9.999999999996506e-06

 1044  0  0
9.999999999996506e-06
9.999999999996509e-06

 1045  0  0
9.999999999996509e-06
9.999999999996506e-06

 1046  0  0
9.999999999996506e-06
9.999999999996509e-06

 1047  0  0
9.999999999996506e-06
9.999999999996506e-06

 1048  0  0
9.999999999996506e-06
9.999999999996509e-06

 1049  0  0
9.999999999996506e-06
9.999999999996506e-06

 1050  0  0
9.999999999996506e-06
9.999999999996511e-06

 1051  0  0
9.999999999996509e-06
9.999999999996506e-06

 1052  0  0
9.999999999996506e-06
9.999999999996509e-06

 1053  0  0
9.999999999996509e-06
9.999999999996506e-06

 1054  0  0
9.999999999996506e-06
9.999999999996509e-06

 1055  0  0
9.999999999996506e-06
9.999999999996506e-06

 1056  0  0
9.999999999996506e-06
9.999999999996509e-06

 1057  0  0
9.999999999996506e-06
9.999999999996506e-06

 1058  0  0
9.999999999996506e-06
9.999999999996509e-06

 1059  0  0
9.999999999996506e-06
9.999999999996506e-06

 1060  0  0
9.999999999996508e-06
9.999999999996509e-06

 1061  0  0
9.999999999996509e-06
9.999999999996506e-06

 1062  0  0
9.999999999996506e-06
9.999999999996509e-06

 1063  0  0
9.999999999996506e-06
9.999999999996506e-06

 1064  0  0
9.999999999996508e-06
9.999999999996509e-06

 1065  0  0
9.999999999996509e-06
9.999999999996506e-06

 1066  0  0
9.999999999996506e-06
9.999999999996509e-06

 1067  0  0
9.999999999996509e-06
9.999999999996506e-06

 1068  0  0
9.999999999996506e-06
9.999999999996509e-06

 1069  0  0
9.999999999996509e-06
9.999999999996506e-06

 1070  0  0
9.999999999996506e-06
9.999999999996509e-06

 1071  0  0
9.999999999996506e-06
9.999999999996506e-06

 1072  0  0
9.999999999996506e-06
9.999999999996509e-06

 1073  0  0
9.999999999996508e-06
9.999999999996506e-06

 1074  0  0
9.999999999996509e-06
9.999999999996509e-06

 1075  0  0
9.999999999996506e-06
9.999999999996506e-06

 1076  0  0
9.999999999996509e-06
9.999999999996509e-06

 1077  0  0
9.999999999996506e-06
9.999999999996506e-06

 1078  0  0
9.999999999996509e-06
9.999999999996509e-06

 1079  0  0
9.999999999996506e-06
9.999999999996506e-06

 1080  0  0
9.999999999996509e-06
9.999999999996509e-06

 1081  0  0
9.999999999996506e-06
9.999999999996506e-06

 1082  0  0
9.999999999996509e-06
9.999999999996509e-06

 1083  0  0
9.999999999996506e-06
9.999999999996506e-06

 1084  0  0
9.999999999996509e-06
9.999999999996509e-06

 1085  0  0
9.999999999996506e-06
9.999999999996506e-06

 1086  0  0
9.999999999996509e-06
9.999999999996509e-06

 1087  0  0
9.999999999996506e-06
9.999999999996506e-06

 1088  0  0
9.999999999996509e-06
9.999999999996509e-06

 1089  0  0
9.999999999996506e-06
9.999999999996506e-06

 1090  0  0
9.999999999996509e-06
9.999999999996509e-06

 1091  0  0
9.999999999996506e-06
9.999999999996506e-06

 1092  0  0
9.999999999996509e-06
9.999999999996509e-06

 1093  0  0
9.999999999996506e-06
9.999999999996506e-06

 1094  0  0
9.999999999996509e-06
9.999999999996509e-06

 1095  0  0
9.999999999996506e-06
9.999999999996506e-06

 1096  0  0
9.999999999996509e-06
9.999999999996509e-06

 1097  0  0
9.999999999996506e-06
9.999999999996506e-06

 1098  0  0
9.999999999996509e-06
9.999999999996509e-06

 1099  0  0
9.999999999996506e-06
9.999999999996506e-06

 1100  0  0
9.999999999996509e-06
9.999999999996509e-06

 1101  0  0
9.999999999996506e-06
9.999999999996506e-06

 1102  0  0
9.999999999996506e-06
9.999999999996509e-06

 1103  0  0
9.999999999996508e-06
9.999999999996506e-06

 1104  0  0
9.999999999996509e-06
9.999999999996509e-06

 1105  0  0
9.999999999996506e-06
9.999999999996506e-06

 1106  0  0
9.999999999996509e-06
9.999999999996509e-06

 1107  0  0
9.999999999996506e-06
9.999999999996506e-06

 1108  0  0
9.999999999996506e-06
9.999999999996509e-06

 1109  0  0
9.999999999996506e-06
9.999999999996506e-06

 1110  0  0
9.999999999996506e-06
9.999999999996509e-06

 1111  0  0
9.999999999996506e-06
9.999999999996506e-06

 1112  0  0
9.999999999996506e-06
9.999999999996509e-06

 1113  0  0
9.999999999996506e-06
9.999999999996506e-06

 1114  0  0
9.999999999996506e-06
9.999999999996509e-06

 1115  0  0
9.999999999996506e-06
9.999999999996506e-06

 1116  0  0
9.999999999996506e-06
9.999999999996509e-06

 1117  0  0
9.999999999996506e-06
9.999999999996506e-06

 1118  0  0
9.999999999996506e-06
9.999999999996509e-06

 1119  0  0
9.999999999996506e-06
9.999999999996506e-06

 1120  0  0
9.999999999996506e-06
9.999999999996509e-06

 1121  0  0
9.999999999996506e-06
9.999999999996506e-06

 1122  0  0
9.999999999996506e-06
9.999999999996509e-06

 1123  0  0
9.999999999996506e-06
9.999999999996506e-06

 1124  0  0
9.999999999996506e-06
9.999999999996509e-06

 1125  0  0
9.999999999996506e-06
9.999999999996506e-06

 1126  0  0
9.999999999996506e-06
9.999999999996509e-06

 1127  0  0
9.999999999996506e-06
9.999999999996506e-06

 1128  0  0
9.999999999996506e-06
9.999999999996509e-06

 1129  0  0
9.999999999996506e-06
9.999999999996506e-06

 1130  0  0
9.999999999996506e-06
9.999999999996509e-06

 1131  0  0
9.999999999996506e-06
9.999999999996506e-06

 1132  0  0
9.999999999996508e-06
9.999999999996509e-06

 1133  0  0
9.999999999996509e-06
9.999999999996506e-06

 1134  0  0
9.999999999996506e-06
9.999999999996509e-06

 1135  0  0
9.999999999996506e-06
9.999999999996506e-06

 1136  0  0
9.999999999996506e-06
9.999999999996509e-06

 1137  0  0
9.999999999996506e-06
9.999999999996506e-06

 1138  0  0
9.999999999996508e-06
9.999999999996509e-06

 1139  0  0
9.999999999996509e-06
9.999999999996506e-06

 1140  0  0
9.999999999996506e-06
9.999999999996509e-06

 1141  0  0
9.999999999996506e-06
9.999999999996506e-06

 1142  0  0
9.999999999996506e-06
9.999999999996509e-06

 1143  0  0
9.999999999996506e-06
9.999999999996506e-06

 1144  0  0
9.999999999996506e-06
9.999999999996509e-06

 1145  0  0
9.999999999996506e-06
9.999999999996506e-06

 1146  0  0
9.999999999996506e-06
9.999999999996509e-06

 1147  0  0
9.999999999996506e-06
9.999999999996506e-06

 1148  0  0
9.999999999996508e-06
9.999999999996509e-06

 1149  0  0
9.999999999996509e-06
9.999999999996506e-06

 1150  0  0
9.999999999996506e-06
9.999999999996509e-06

 1151  0  0
9.999999999996509e-06
9.999999999996506e-06

 1152  0  0
9.999999999996506e-06
9.999999999996509e-06

 1153  0  0
9.999999999996506e-06
9.999999999996506e-06

 1154  0  0
9.999999999996509e-06
9.999999999996509e-06

 1155  0  0
9.999999999996506e-06
9.999999999996506e-06

 1156  0  0
9.999999999996509e-06
9.999999999996509e-06

 1157  0  0
9.999999999996506e-06
9.999999999996506e-06

 1158  0  0
9.999999999996509e-06
9.999999999996509e-06

 1159  0  0
9.999999999996506e-06
9.999999999996506e-06

 1160  0  0
9.999999999996509e-06
9.999999999996509e-06

 1161  0  0
9.999999999996506e-06
9.999999999996506e-06

 1162  0  0
9.999999999996509e-06
9.999999999996509e-06

 1163  0  0
9.999999999996506e-06
9.999999999996506e-06

 1164  0  0
9.999999999996509e-06
9.999999999996509e-06

 1165  0  0
9.999999999996506e-06
9.999999999996506e-06

 1166  0  0
9.999999999996509e-06
9.999999999996509e-06

 1167  0  0
9.999999999996506e-06
9.999999999996506e-06

 1168  0  0
9.999999999996509e-06
9.999999999996509e-06

 1169  0  0
9.999999999996506e-06
9.999999999996506e-06

 1170  0  0
9.999999999996506e-06
9.999999999996509e-06

 1171  0  0
9.999999999996506e-06
9.999999999996506e-06

 1172  0  0
9.999999999996509e-06
9.999999999996509e-06

 1173  0  0
9.999999999996506e-06
9.999999999996506e-06

 1174  0  0
9.999999999996509e-06
9.999999999996509e-06

 1175  0  0
9.999999999996506e-06
9.999999999996506e-06

 1176  0  0
9.999999999996509e-06
9.999999999996509e-06

 1177  0  0
9.999999999996506e-06
9.999999999996506e-06

 1178  0  0
9.999999999996509e-06
9.999999999996509e-06

 1179  0  0
9.999999999996506e-06
9.999999999996506e-06

 1180  0  0
9.999999999996509e-06
9.999999999996509e-06

 1181  0  0
9.999999999996506e-06
9.999999999996506e-06

 1182  0  0
9.999999999996506e-06
9.999999999996509e-06

 1183  0  0
9.999999999996506e-06
9.999999999996506e-06

 1184  0  0
9.999999999996506e-06
9.999999999996511e-06

 1185  0  0
9.999999999996509e-06
9.999999999996506e-06

 1186  0  0
9.999999999996506e-06
9.999999999996509e-06

 1187  0  0
9.999999999996506e-06
9.999999999996506e-06

 1188  0  0
9.999999999996506e-06
9.999999999996511e-06

 1189  0  0
9.999999999996509e-06
9.999999999996506e-06

 1190  0  0
9.999999999996506e-06
9.999999999996509e-06

 1191  0  0
9.999999999996509e-06
9.999999999996506e-06

 1192  0  0
9.999999999996506e-06
9.999999999996509e-06

 1193  0  0
9.999999999996509e-06
9.999999999996506e-06

 1194  0  0
9.999999999996506e-06
9.999999999996509e-06

 1195  0  0
9.999999999996509e-06
9.999999999996506e-06

 1196  0  0
9.999999999996506e-06
9.999999999996509e-06

 1197  0  0
9.999999999996506e-06
9.999999999996506e-06

 1198  0  0
9.999999999996506e-06
9.999999999996509e-06

 1199  0  0
9.999999999996506e-06
9.999999999996506e-06

 1200  0  0
9.999999999996506e-06
9.999999999996509e-06

 1201  0  0
9.999999999996506e-06
9.999999999996506e-06

 1202  0  0
9.999999999996506e-06
9.999999999996509e-06

 1203  0  0
9.999999999996508e-06
9.999999999996506e-06

 1204  0  0
9.999999999996506e-06
9.999999999996509e-06

 1205  0  0
9.999999999996509e-06
9.999999999996506e-06

 1206  0  0
9.999999999996508e-06
9.999999999996509e-06

 1207  0  0
9.999999999996508e-06
9.999999999996506e-06

 1208  0  0
9.999999999996506e-06
9.999999999996509e-06

 1209  0  0
9.999999999996508e-06
9.999999999996506e-06

 1210  0  0
9.999999999996506e-06
9.999999999996509e-06

 1211  0  0
9.999999999996508e-06
9.999999999996506e-06

 1212  0  0
9.999999999996506e-06
9.999999999996511e-06

 1213  0  0
9.999999999996509e-06
9.999999999996506e-06

 1214  0  0
9.999999999996508e-06
9.999999999996509e-06

 1215  0  0
9.999999999996508e-06
9.999999999996506e-06

 1216  0  0
9.999999999996508e-06
9.999999999996513e-06

 1217  0  0
9.999999999996508e-06
9.999999999996506e-06

 1218  0  0
9.999999999996508e-06
9.999999999996511e-06

 1219  0  0
9.999999999996508e-06
9.999999999996506e-06

 1220  0  0
9.999999999996509e-06
9.999999999996509e-06

 1221  0  0
9.999999999996506e-06
9.999999999996506e-06

 1222  0  0
9.999999999996508e-06
9.999999999996509e-06

 1223  0  0
9.999999999996506e-06
9.999999999996506e-06

 1224  0  0
9.999999999996509e-06
9.999999999996509e-06

 1225  0  0
9.999999999996508e-06
9.999999999996506e-06

 1226  0  0
9.999999999996506e-06
9.999999999996509e-06

 1227  0  0
9.999999999996508e-06
9.999999999996506e-06

 1228  0  0
9.999999999996506e-06
9.999999999996509e-06

 1229  0  0
9.999999999996508e-06
9.999999999996506e-06

 1230  0  0
9.999999999996508e-06
9.999999999996509e-06

 1231  0  0
9.999999999996508e-06
9.999999999996506e-06

 1232  0  0
9.999999999996509e-06
9.999999999996509e-06

 1233  0  0
9.999999999996508e-06
9.999999999996506e-06

 1234  0  0
9.999999999996506e-06
9.999999999996509e-06

 1235  0  0
9.999999999996509e-06
9.999999999996506e-06

 1236  0  0
9.999999999996508e-06
9.999999999996509e-06

 1237  0  0
9.999999999996508e-06
9.999999999996506e-06

 1238  0  0
9.999999999996508e-06
9.999999999996509e-06

 1239  0  0
9.999999999996509e-06
9.999999999996506e-06

 1240  0  0
9.999999999996506e-06
9.999999999996509e-06

 1241  0  0
9.999999999996509e-06
9.999999999996506e-06

 1242  0  0
9.999999999996508e-06
9.999999999996509e-06

 1243  0  0
9.999999999996506e-06
9.999999999996506e-06

 1244  0  0
9.999999999996508e-06
9.999999999996509e-06

 1245  0  0
9.999999999996508e-06
9.999999999996506e-06

 1246  0  0
9.999999999996508e-06
9.999999999996509e-06

 1247  0  0
9.999999999996506e-06
9.999999999996506e-06

 1248  0  0
9.999999999996508e-06
9.999999999996509e-06

 1249  0  0
9.999999999996508e-06
9.999999999996506e-06

 1250  0  0
9.999999999996508e-06
9.999999999996511e-06

 1251  0  0
9.999999999996506e-06
9.999999999996506e-06

 1252  0  0
9.999999999996509e-06
9.999999999996509e-06

 1253  0  0
9.999999999996506e-06
9.999999999996506e-06

 1254  0  0
9.999999999996509e-06
9.999999999996509e-06

 1255  0  0
9.999999999996508e-06
9.999999999996506e-06

 1256  0  0
9.999999999996508e-06
9.999999999996509e-06

 1257  0  0
9.999999999996506e-06
9.999999999996506e-06

 1258  0  0
9.999999999996509e-06
9.999999999996509e-06

 1259  0  0
9.999999999996506e-06
9.999999999996506e-06

 1260  0  0
9.999999999996509e-06
9.999999999996509e-06

 1261  0  0
9.999999999996508e-06
9.999999999996506e-06

 1262  0  0
9.999999999996509e-06
9.999999999996509e-06

 1263  0  0
9.999999999996506e-06
9.999999999996506e-06

 1264  0  0
9.999999999996509e-06
9.999999999996509e-06

 1265  0  0
9.999999999996508e-06
9.999999999996514e-06

 1266  0  0
9.999999999996509e-06
9.999999999996438e-06

 1267  0  0
9.999999999996657e-06
9.999999999998549e-06

 1268  0  0
9.999999999994731e-06
9.999999999974924e-06

 1269  0  0
1.000000000001307e-05
1.000000000022494e-05

 1270  0  0
9.999999999853239e-06
9.999999997664119e-06

 1271  0  0
1.000000000111342e-05
1.000000002283863e-05

 1272  0  0
9.999999993118981e-06
9.999999788340425e-06

 1273  0  0
1.000000001269940e-05
1.000000180359097e-05

 1274  0  0
1.000000058570193e-05
9.999986840451490e-06

 1275  0  0
9.999985267389387e-06
1.000006203974338e-05

 1276  0  0
1.000025613318283e-05
1.000032075370883e-05

 1277  0  0
9.996129907180838e-06
9.984533567752953e-06

 1278  0  0
1.005631423259126e-05
1.031804429555142e-05

 1279  0  0
9.564448601340081e-06
6.020200499287337e-06

