#Cell 
# Element_0
# Element_1
0
1.191690964191585e+00
1.149646421799751e+00

1
1.182238330105036e+00
1.115660221190949e+00

2
1.172738293828833e+00
1.060390032081426e+00

3
1.163609699166922e+00
9.673781232268607e-01

4
1.155900726803770e+00
8.032054005951820e-01

5
1.112505901488753e+00
4.887041710374661e-01

6
8.575038645334800e-01
1.278824178355453e-01

7
9.047455882124854e-02
5.633638060327378e-02

8
5.623481512582167e-02
5.623413390100459e-02

9
5.623413252496840e-02
5.623413251904201e-02

10
5.623413251903003e-02
5.623413251903000e-02

11
5.623413251903000e-02
5.623413251903000e-02

12
5.623413251903000e-02
5.623413251903000e-02

13
5.623413251903000e-02
5.623413251903000e-02

14
5.623413251903000e-02
5.623413251903000e-02

15
5.623413251903000e-02
5.623413251903000e-02

16
5.623413251903000e-02
5.623413251903000e-02

17
5.623413251903000e-02
5.623413251896856e-02

18
5.623413251314964e-02
5.623412964867597e-02

19
5.623389795271109e-02
5.611947103394918e-02

