#Cell    Group    L_mom 
# Element_0
# Element_1
    0  0  0
1.951485249075779e+00
1.933516146046291e+00

    1  0  0
1.934250624544235e+00
1.916008071877090e+00

    2  0  0
1.916818422827571e+00
1.898245262273767e+00

    3  0  0
1.899156479545002e+00
1.880205337408967e+00

    4  0  0
1.881236114032673e+00
1.861856211290045e+00

    5  0  0
1.863025592038739e+00
1.843159447549725e+00

    6  0  0
1.844488463778497e+00
1.824069927706702e+00

    7  0  0
1.825582437639565e+00
1.804534858584050e+00

    8  0  0
1.806258229598792e+00
1.784492412213367e+00

    9  0  0
1.786458216645330e+00
1.763870036355525e+00

   10  0  0
1.766114858055250e+00
1.742582374332729e+00

   11  0  0
1.745148677753101e+00
1.720528483684854e+00

   12  0  0
1.723465821718915e+00
1.697588816993100e+00

   13  0  0
1.700955126216537e+00
1.673620386592539e+00

   14  0  0
1.677483465070920e+00
1.648451322668098e+00

   15  0  0
1.652892260618446e+00
1.621875294439167e+00

   16  0  0
1.626988651485628e+00
1.593633453958582e+00

   17  0  0
1.599535600134190e+00
1.563416734917823e+00

   18  0  0
1.570248706564099e+00
1.530822497992587e+00

   19  0  0
1.538748836750024e+00
1.495327140543146e+00

   20  0  0
1.504611941900529e+00
1.456331650723167e+00

   21  0  0
1.467188078600907e+00
1.412699992248856e+00

   22  0  0
1.425610836397357e+00
1.363552860439383e+00

   23  0  0
1.379580205539552e+00
1.306637836048042e+00

   24  0  0
1.325278991692088e+00
1.236492985702255e+00

   25  0  0
1.259345568902396e+00
1.156767462838245e+00

   26  0  0
1.209470585783048e+00
1.051327892101235e+00

   27  0  0
1.150600668270911e+00
7.710871142071397e-01

   28  0  0
6.408978813925053e-01
1.788879709672216e-01

   29  0  0
1.945817133579206e-02
7.716055827974515e-04

   30  0  0
2.268554870311533e-05
1.009994960040645e-05

   31  0  0
1.000158785684084e-05
1.000001241882772e-05

   32  0  0
1.000000019721778e-05
1.000000000153861e-05

   33  0  0
1.000000000002095e-05
9.999999999996696e-06

   34  0  0
9.999999999996511e-06
9.999999999996508e-06

   35  0  0
9.999999999996508e-06
9.999999999996508e-06

   36  0  0
9.999999999996508e-06
9.999999999996508e-06

   37  0  0
9.999999999996508e-06
9.999999999996508e-06

   38  0  0
9.999999999996508e-06
9.999999999996508e-06

   39  0  0
9.999999999996508e-06
9.999999999996508e-06

   40  0  0
9.999999999996508e-06
9.999999999996508e-06

   41  0  0
9.999999999996508e-06
9.999999999996508e-06

   42  0  0
9.999999999996508e-06
9.999999999996508e-06

   43  0  0
9.999999999996508e-06
9.999999999996508e-06

   44  0  0
9.999999999996508e-06
9.999999999996508e-06

   45  0  0
9.999999999996508e-06
9.999999999996508e-06

   46  0  0
9.999999999996508e-06
9.999999999996508e-06

   47  0  0
9.999999999996508e-06
9.999999999996508e-06

   48  0  0
9.999999999996508e-06
9.999999999996508e-06

   49  0  0
9.999999999996508e-06
9.999999999996508e-06

   50  0  0
9.999999999996508e-06
9.999999999996508e-06

   51  0  0
9.999999999996508e-06
9.999999999996508e-06

   52  0  0
9.999999999996508e-06
9.999999999996508e-06

   53  0  0
9.999999999996508e-06
9.999999999996508e-06

   54  0  0
9.999999999996508e-06
9.999999999996508e-06

   55  0  0
9.999999999996508e-06
9.999999999996508e-06

   56  0  0
9.999999999996508e-06
9.999999999996508e-06

   57  0  0
9.999999999996508e-06
9.999999999996508e-06

   58  0  0
9.999999999996508e-06
9.999999999996508e-06

   59  0  0
9.999999999996508e-06
9.999999999996508e-06

   60  0  0
9.999999999996508e-06
9.999999999996508e-06

   61  0  0
9.999999999996508e-06
9.999999999996508e-06

   62  0  0
9.999999999996508e-06
9.999999999996508e-06

   63  0  0
9.999999999996508e-06
9.999999999996508e-06

   64  0  0
9.999999999996508e-06
9.999999999996508e-06

   65  0  0
9.999999999996508e-06
9.999999999996508e-06

   66  0  0
9.999999999996508e-06
9.999999999996508e-06

   67  0  0
9.999999999996508e-06
9.999999999996508e-06

   68  0  0
9.999999999996508e-06
9.999999999996508e-06

   69  0  0
9.999999999996508e-06
9.999999999996508e-06

   70  0  0
9.999999999996508e-06
9.999999999996508e-06

   71  0  0
9.999999999996508e-06
9.999999999996508e-06

   72  0  0
9.999999999996508e-06
9.999999999996508e-06

   73  0  0
9.999999999996508e-06
9.999999999996508e-06

   74  0  0
9.999999999996508e-06
9.999999999996508e-06

   75  0  0
9.999999999996508e-06
9.999999999996506e-06

   76  0  0
9.999999999996438e-06
9.999999999976745e-06

   77  0  0
9.999999999466382e-06
9.999999934945492e-06

   78  0  0
9.999998566718214e-06
9.999824117259190e-06

   79  0  0
9.996778358583035e-06
9.605630376286229e-06

