#Cell    Group    L_mom 
# Element_0
# Element_1
# Element_2
    0  0  0
1.913651006667054e+00
1.911949342866442e+00
1.910246280164781e+00

    1  0  0
1.909254465020337e+00
1.907548569198663e+00
1.905840379608317e+00

    2  0  0
1.904844960292581e+00
1.903132999347178e+00
1.901419061418155e+00

    3  0  0
1.900420980338654e+00
1.898704733079936e+00
1.896986748797257e+00

    4  0  0
1.895985809493517e+00
1.894263930130228e+00
1.892539490019932e+00

    5  0  0
1.891534835678417e+00
1.889807291242263e+00
1.888078136891936e+00

    6  0  0
1.887071137014559e+00
1.885339052439185e+00
1.883604604871834e+00

    7  0  0
1.882593774119433e+00
1.880854996554535e+00
1.879113871486056e+00

    8  0  0
1.878099813229570e+00
1.876356021035157e+00
1.874610432098534e+00

    9  0  0
1.873593436646080e+00
1.871843737336044e+00
1.870091130955254e+00

   10  0  0
1.869069806626401e+00
1.867313315920284e+00
1.865554851175871e+00

   11  0  0
1.864530767744911e+00
1.862769269314607e+00
1.861005285356043e+00

   12  0  0
1.859977133829586e+00
1.858208223802294e+00
1.856436449467469e+00

   13  0  0
1.855404324996260e+00
1.853629356194950e+00
1.851852423462241e+00

   14  0  0
1.850817209398792e+00
1.849035999282470e+00
1.847251582415254e+00

   15  0  0
1.846211452638534e+00
1.844422250692882e+00
1.842630576039432e+00

   16  0  0
1.841587063459765e+00
1.839792121539051e+00
1.837994602409493e+00

   17  0  0
1.836946854934615e+00
1.835143858951642e+00
1.833337437737062e+00

   18  0  0
1.832284812410112e+00
1.830474349420613e+00
1.828661619099277e+00

   19  0  0
1.827605589483257e+00
1.825788442570725e+00
1.823967831864828e+00

   20  0  0
1.822906355714634e+00
1.821079978822706e+00
1.819250516411283e+00

   21  0  0
1.818184828530238e+00
1.816351687436024e+00
1.814515864252705e+00

   22  0  0
1.813445791282643e+00
1.811603974633410e+00
1.809758089689388e+00

   23  0  0
1.808682030287949e+00
1.806830839099108e+00
1.804976839127875e+00

   24  0  0
1.803896766100978e+00
1.802038187780728e+00
1.800175969875980e+00

   25  0  0
1.799090051063947e+00
1.797221048247831e+00
1.795348135926899e+00

   26  0  0
1.794256770664456e+00
1.792379231146889e+00
1.790498706720442e+00

   27  0  0
1.789402627959808e+00
1.787515816575598e+00
1.785624490165906e+00

   28  0  0
1.784521591309346e+00
1.782623746172490e+00
1.780722432937605e+00

   29  0  0
1.779614679956135e+00
1.777708359966311e+00
1.775798151233910e+00

   30  0  0
1.774684101293611e+00
1.772766102976888e+00
1.770843315043962e+00

   31  0  0
1.769722453206212e+00
1.767793862314453e+00
1.765861842575064e+00

   32  0  0
1.764735788822174e+00
1.762797116166219e+00
1.760853409086572e+00

   33  0  0
1.759719533034566e+00
1.757767643223256e+00
1.755811255942685e+00

   34  0  0
1.754671128148689e+00
1.752708937906816e+00
1.750742575241282e+00

   35  0  0
1.749595749217455e+00
1.747620778974835e+00
1.745640120697106e+00

   36  0  0
1.744484973433559e+00
1.742496826474218e+00
1.740504499324207e+00

   37  0  0
1.739343257325011e+00
1.737343819810054e+00
1.735338913519682e+00

   38  0  0
1.734169017093464e+00
1.732154326515373e+00
1.730133959811068e+00

   39  0  0
1.728956094210716e+00
1.726928661870526e+00
1.724896590466648e+00

   40  0  0
1.723711452110993e+00
1.721669998956319e+00
1.719621937516116e+00

   41  0  0
1.718426850423985e+00
1.716369145962451e+00
1.714306101793912e+00

   42  0  0
1.713103439677692e+00
1.711032483012557e+00
1.708955608116932e+00

   43  0  0
1.707743508514675e+00
1.705655276587802e+00
1.703559998331780e+00

   44  0  0
1.702337790246262e+00
1.700233464774608e+00
1.698123676255769e+00

   45  0  0
1.696893205786195e+00
1.694773262185862e+00
1.692645863942318e+00

   46  0  0
1.691403898924861e+00
1.689264431262228e+00
1.687118102695816e+00

   47  0  0
1.685866450736714e+00
1.683710826837749e+00
1.681548672103775e+00

   48  0  0
1.680286698754722e+00
1.678111699929568e+00
1.675928191049675e+00

   49  0  0
1.674653694258724e+00
1.672458455106387e+00
1.670256452172113e+00

   50  0  0
1.668972067106828e+00
1.666758878106776e+00
1.664537401107725e+00

   51  0  0
1.663240030191656e+00
1.661003901269435e+00
1.658759009489744e+00

   52  0  0
1.657449146101468e+00
1.655192695208057e+00
1.652928749008207e+00

   53  0  0
1.651607317473311e+00
1.649329095346117e+00
1.647040896389658e+00

   54  0  0
1.645704409158606e+00
1.643401130688469e+00
1.641089190455396e+00

   55  0  0
1.639740277644532e+00
1.637415479719989e+00
1.635081438046338e+00

   56  0  0
1.633718002967442e+00
1.631366730922649e+00
1.629004521968712e+00

   57  0  0
1.627625189731573e+00
1.625248078563326e+00
1.622861901807620e+00

   58  0  0
1.621468994821442e+00
1.619066892764841e+00
1.616653322643346e+00

   59  0  0
1.615242781850511e+00
1.612810283485846e+00
1.610366591963995e+00

   60  0  0
1.608940021301640e+00
1.606480710462794e+00
1.604010814859511e+00

   61  0  0
1.602567815308442e+00
1.600078098798079e+00
1.597575090760415e+00

   62  0  0
1.596112334465419e+00
1.593589942017199e+00
1.591056079041738e+00

   63  0  0
1.589576561452587e+00
1.587024416189047e+00
1.584459187854753e+00

   64  0  0
1.582959351298183e+00
1.580371051372583e+00
1.577768441847978e+00

   65  0  0
1.576247883718247e+00
1.573625385880076e+00
1.570990218970516e+00

   66  0  0
1.569450437238159e+00
1.566792592139158e+00
1.564118953152212e+00

   67  0  0
1.562555227866893e+00
1.559856669749430e+00
1.557143243146799e+00

   68  0  0
1.555558010927407e+00
1.552822586159425e+00
1.550071981794867e+00

   69  0  0
1.548463259617026e+00
1.545685159826343e+00
1.542889129828710e+00

   70  0  0
1.541253979312412e+00
1.538431982876930e+00
1.535594081449817e+00

   71  0  0
1.533935348380916e+00
1.531071030841900e+00
1.528188118972113e+00

   72  0  0
1.526500846793754e+00
1.523586566610830e+00
1.520652948312313e+00

   73  0  0
1.518937601339381e+00
1.515976173674365e+00
1.512996497589436e+00

   74  0  0
1.511253345412901e+00
1.508241197053920e+00
1.505206972156066e+00

   75  0  0
1.503430664965080e+00
1.500362320626276e+00
1.497273251514496e+00

   76  0  0
1.495466681749794e+00
1.492345722498712e+00
1.489202733285739e+00

   77  0  0
1.487362276866219e+00
1.484180482209970e+00
1.480973614893845e+00

   78  0  0
1.479096270414888e+00
1.475852639868327e+00
1.472585940159263e+00

   79  0  0
1.470674175073801e+00
1.467368807798681e+00
1.464036669014684e+00

   80  0  0
1.462084176800132e+00
1.458708004634415e+00
1.455304491044936e+00

   81  0  0
1.453312104626926e+00
1.449867924636160e+00
1.446396656593162e+00

   82  0  0
1.444363011528858e+00
1.440844217492540e+00
1.437293590602208e+00

   83  0  0
1.435212414527763e+00
1.431612838244291e+00
1.427982891178865e+00

   84  0  0
1.425857011001840e+00
1.422179028225005e+00
1.418468035766297e+00

   85  0  0
1.416291759582522e+00
1.412524155515329e+00
1.408720079941900e+00

   86  0  0
1.406490096504492e+00
1.402631478562934e+00
1.398737877532403e+00

   87  0  0
1.396455539598823e+00
1.392503171257106e+00
1.388510574275357e+00

   88  0  0
1.386167416189211e+00
1.382109317021311e+00
1.378009940021688e+00

   89  0  0
1.375606218944183e+00
1.371443869492450e+00
1.367239423959212e+00

   90  0  0
1.364771929584963e+00
1.360495168127205e+00
1.356170192862459e+00

   91  0  0
1.353630836535312e+00
1.349230949133731e+00
1.344783556377088e+00

   92  0  0
1.342173943091229e+00
1.337650353968067e+00
1.333074723184152e+00

   93  0  0
1.330386201873715e+00
1.325722914089922e+00
1.321002769070216e+00

   94  0  0
1.318230378173769e+00
1.313423291812752e+00
1.308559450441276e+00

   95  0  0
1.305702062234064e+00
1.300743083115166e+00
1.295719402755505e+00

   96  0  0
1.292764771382276e+00
1.287636459910572e+00
1.282441085824646e+00

   97  0  0
1.279387633020598e+00
1.274087273248149e+00
1.268716155127539e+00

   98  0  0
1.265555947698712e+00
1.260064984621500e+00
1.254494107183979e+00

   99  0  0
1.251215102855279e+00
1.245518798869530e+00
1.239741081778542e+00

  100  0  0
1.236341247430768e+00
1.230430952070711e+00
1.224430121878547e+00

  101  0  0
1.220893982366531e+00
1.214742697167931e+00
1.208492536079558e+00

  102  0  0
1.204810315431615e+00
1.198405125870771e+00
1.191896607596345e+00

  103  0  0
1.188059827213997e+00
1.181378631067661e+00
1.174580066804050e+00

  104  0  0
1.170567917529951e+00
1.163579154484107e+00
1.156465154722420e+00

  105  0  0
1.152267859313489e+00
1.144952958570009e+00
1.137500937256053e+00

  106  0  0
1.133098126953310e+00
1.125416585456358e+00
1.117579911256119e+00

  107  0  0
1.112947033971750e+00
1.104861568187144e+00
1.096609553358373e+00

  108  0  0
1.091729499701833e+00
1.083202952901539e+00
1.074486815735440e+00

  109  0  0
1.069323609072002e+00
1.060293589200590e+00
1.051050577073863e+00

  110  0  0
1.045572502357906e+00
1.035984844505284e+00
1.026160389115117e+00

  111  0  0
1.020330205919753e+00
1.010108962458703e+00
9.996111633553462e-01

  112  0  0
9.933709779648120e-01
9.824184496089383e-01
9.711509401218424e-01

  113  0  0
9.644458326824794e-01
9.526583842525869e-01
9.405042108341257e-01

  114  0  0
9.332540930568297e-01
9.204785119892436e-01
9.072631845299943e-01

  115  0  0
8.993643394697828e-01
8.854161425059717e-01
8.709412965560346e-01

  116  0  0
8.622663774194023e-01
8.469014523795952e-01
8.308814922056531e-01

  117  0  0
8.212394420568028e-01
8.040960321556043e-01
7.861181164599189e-01

  118  0  0
7.752517305771828e-01
7.558352668446849e-01
7.353092096487164e-01

  119  0  0
7.228194770673148e-01
7.003449073771335e-01
6.762940942352065e-01

  120  0  0
6.615031913052810e-01
6.346276795243426e-01
6.053209374613182e-01

  121  0  0
5.869843526419899e-01
5.531437220050699e-01
5.148636902524630e-01

  122  0  0
4.899345362737155e-01
4.427009357582251e-01
3.841773587482258e-01

  123  0  0
3.500172680481389e-01
2.469476087183669e-01
6.455588191437457e-02

  124  0  0
-6.143329402230144e-05
4.058914275799060e-04
-1.587454077308257e-05

  125  0  0
-9.109178581835010e-05
2.351631760980685e-05
1.337643577574443e-05

  126  0  0
2.188172508426172e-06
1.106175438831638e-05
1.019384305225703e-05

  127  0  0
9.427039583108258e-06
1.008496972803014e-05
1.000835147996074e-05

  128  0  0
9.959496563720593e-06
1.000643700570545e-05
1.000022822540636e-05

  129  0  0
9.997242073646231e-06
1.000046164519532e-05
9.999995383205582e-06

  130  0  0
9.999818549092799e-06
1.000003159061057e-05
9.999998624484682e-06

  131  0  0
9.999988416835857e-06
1.000000207891543e-05
9.999999856568219e-06

  132  0  0
9.999999279692956e-06
1.000000013242384e-05
9.999999988232909e-06

  133  0  0
9.999999956210517e-06
1.000000000820452e-05
9.999999999137335e-06

  134  0  0
9.999999997386943e-06
1.000000000049358e-05
9.999999999938069e-06

  135  0  0
9.999999999843654e-06
1.000000000002602e-05
9.999999999992720e-06

  136  0  0
9.999999999987692e-06
9.999999999998237e-06
9.999999999996272e-06

  137  0  0
9.999999999996005e-06
9.999999999996608e-06
9.999999999996492e-06

  138  0  0
9.999999999996481e-06
9.999999999996513e-06
9.999999999996506e-06

  139  0  0
9.999999999996506e-06
9.999999999996509e-06
9.999999999996509e-06

  140  0  0
9.999999999996508e-06
9.999999999996508e-06
9.999999999996508e-06

  141  0  0
9.999999999996509e-06
9.999999999996509e-06
9.999999999996508e-06

  142  0  0
9.999999999996509e-06
9.999999999996508e-06
9.999999999996508e-06

  143  0  0
9.999999999996506e-06
9.999999999996506e-06
9.999999999996508e-06

  144  0  0
9.999999999996508e-06
9.999999999996506e-06
9.999999999996508e-06

  145  0  0
9.999999999996508e-06
9.999999999996506e-06
9.999999999996508e-06

  146  0  0
9.999999999996508e-06
9.999999999996506e-06
9.999999999996508e-06

  147  0  0
9.999999999996508e-06
9.999999999996506e-06
9.999999999996509e-06

  148  0  0
9.999999999996508e-06
9.999999999996506e-06
9.999999999996509e-06

  149  0  0
9.999999999996508e-06
9.999999999996508e-06
9.999999999996509e-06

  150  0  0
9.999999999996508e-06
9.999999999996508e-06
9.999999999996508e-06

  151  0  0
9.999999999996508e-06
9.999999999996509e-06
9.999999999996506e-06

  152  0  0
9.999999999996509e-06
9.999999999996509e-06
9.999999999996509e-06

  153  0  0
9.999999999996509e-06
9.999999999996509e-06
9.999999999996506e-06

  154  0  0
9.999999999996508e-06
9.999999999996508e-06
9.999999999996509e-06

  155  0  0
9.999999999996509e-06
9.999999999996508e-06
9.999999999996508e-06

  156  0  0
9.999999999996509e-06
9.999999999996508e-06
9.999999999996509e-06

  157  0  0
9.999999999996509e-06
9.999999999996508e-06
9.999999999996509e-06

  158  0  0
9.999999999996509e-06
9.999999999996508e-06
9.999999999996508e-06

  159  0  0
9.999999999996509e-06
9.999999999996508e-06
9.999999999996509e-06

  160  0  0
9.999999999996509e-06
9.999999999996508e-06
9.999999999996509e-06

  161  0  0
9.999999999996509e-06
9.999999999996509e-06
9.999999999996506e-06

  162  0  0
9.999999999996509e-06
9.999999999996508e-06
9.999999999996509e-06

  163  0  0
9.999999999996509e-06
9.999999999996506e-06
9.999999999996509e-06

  164  0  0
9.999999999996509e-06
9.999999999996506e-06
9.999999999996509e-06

  165  0  0
9.999999999996508e-06
9.999999999996508e-06
9.999999999996509e-06

  166  0  0
9.999999999996508e-06
9.999999999996509e-06
9.999999999996509e-06

  167  0  0
9.999999999996509e-06
9.999999999996509e-06
9.999999999996509e-06

  168  0  0
9.999999999996509e-06
9.999999999996508e-06
9.999999999996509e-06

  169  0  0
9.999999999996509e-06
9.999999999996508e-06
9.999999999996506e-06

  170  0  0
9.999999999996509e-06
9.999999999996508e-06
9.999999999996509e-06

  171  0  0
9.999999999996509e-06
9.999999999996506e-06
9.999999999996508e-06

  172  0  0
9.999999999996509e-06
9.999999999996506e-06
9.999999999996509e-06

  173  0  0
9.999999999996509e-06
9.999999999996506e-06
9.999999999996509e-06

  174  0  0
9.999999999996509e-06
9.999999999996506e-06
9.999999999996509e-06

  175  0  0
9.999999999996509e-06
9.999999999996509e-06
9.999999999996509e-06

  176  0  0
9.999999999996509e-06
9.999999999996508e-06
9.999999999996509e-06

  177  0  0
9.999999999996509e-06
9.999999999996509e-06
9.999999999996509e-06

  178  0  0
9.999999999996509e-06
9.999999999996509e-06
9.999999999996509e-06

  179  0  0
9.999999999996509e-06
9.999999999996508e-06
9.999999999996509e-06

  180  0  0
9.999999999996509e-06
9.999999999996508e-06
9.999999999996508e-06

  181  0  0
9.999999999996509e-06
9.999999999996508e-06
9.999999999996506e-06

  182  0  0
9.999999999996509e-06
9.999999999996508e-06
9.999999999996509e-06

  183  0  0
9.999999999996509e-06
9.999999999996506e-06
9.999999999996508e-06

  184  0  0
9.999999999996509e-06
9.999999999996506e-06
9.999999999996506e-06

  185  0  0
9.999999999996509e-06
9.999999999996506e-06
9.999999999996509e-06

  186  0  0
9.999999999996509e-06
9.999999999996506e-06
9.999999999996509e-06

  187  0  0
9.999999999996508e-06
9.999999999996509e-06
9.999999999996509e-06

  188  0  0
9.999999999996509e-06
9.999999999996508e-06
9.999999999996509e-06

  189  0  0
9.999999999996509e-06
9.999999999996508e-06
9.999999999996506e-06

  190  0  0
9.999999999996509e-06
9.999999999996508e-06
9.999999999996509e-06

  191  0  0
9.999999999996509e-06
9.999999999996508e-06
9.999999999996509e-06

  192  0  0
9.999999999996509e-06
9.999999999996509e-06
9.999999999996509e-06

  193  0  0
9.999999999996509e-06
9.999999999996508e-06
9.999999999996509e-06

  194  0  0
9.999999999996509e-06
9.999999999996506e-06
9.999999999996509e-06

  195  0  0
9.999999999996509e-06
9.999999999996506e-06
9.999999999996509e-06

  196  0  0
9.999999999996509e-06
9.999999999996506e-06
9.999999999996508e-06

  197  0  0
9.999999999996509e-06
9.999999999996508e-06
9.999999999996509e-06

  198  0  0
9.999999999996509e-06
9.999999999996508e-06
9.999999999996506e-06

  199  0  0
9.999999999996509e-06
9.999999999996508e-06
9.999999999996509e-06

  200  0  0
9.999999999996509e-06
9.999999999996509e-06
9.999999999996509e-06

  201  0  0
9.999999999996509e-06
9.999999999996509e-06
9.999999999996509e-06

  202  0  0
9.999999999996509e-06
9.999999999996508e-06
9.999999999996509e-06

  203  0  0
9.999999999996509e-06
9.999999999996506e-06
9.999999999996509e-06

  204  0  0
9.999999999996509e-06
9.999999999996506e-06
9.999999999996509e-06

  205  0  0
9.999999999996509e-06
9.999999999996508e-06
9.999999999996509e-06

  206  0  0
9.999999999996509e-06
9.999999999996508e-06
9.999999999996508e-06

  207  0  0
9.999999999996509e-06
9.999999999996508e-06
9.999999999996508e-06

  208  0  0
9.999999999996509e-06
9.999999999996506e-06
9.999999999996508e-06

  209  0  0
9.999999999996509e-06
9.999999999996506e-06
9.999999999996509e-06

  210  0  0
9.999999999996509e-06
9.999999999996506e-06
9.999999999996509e-06

  211  0  0
9.999999999996509e-06
9.999999999996508e-06
9.999999999996508e-06

  212  0  0
9.999999999996508e-06
9.999999999996506e-06
9.999999999996509e-06

  213  0  0
9.999999999996509e-06
9.999999999996506e-06
9.999999999996509e-06

  214  0  0
9.999999999996509e-06
9.999999999996506e-06
9.999999999996509e-06

  215  0  0
9.999999999996509e-06
9.999999999996506e-06
9.999999999996509e-06

  216  0  0
9.999999999996509e-06
9.999999999996506e-06
9.999999999996509e-06

  217  0  0
9.999999999996509e-06
9.999999999996508e-06
9.999999999996506e-06

  218  0  0
9.999999999996509e-06
9.999999999996508e-06
9.999999999996509e-06

  219  0  0
9.999999999996509e-06
9.999999999996508e-06
9.999999999996509e-06

  220  0  0
9.999999999996509e-06
9.999999999996508e-06
9.999999999996509e-06

  221  0  0
9.999999999996509e-06
9.999999999996508e-06
9.999999999996509e-06

  222  0  0
9.999999999996509e-06
9.999999999996508e-06
9.999999999996509e-06

  223  0  0
9.999999999996509e-06
9.999999999996508e-06
9.999999999996508e-06

  224  0  0
9.999999999996509e-06
9.999999999996508e-06
9.999999999996509e-06

  225  0  0
9.999999999996508e-06
9.999999999996508e-06
9.999999999996509e-06

  226  0  0
9.999999999996509e-06
9.999999999996506e-06
9.999999999996506e-06

  227  0  0
9.999999999996509e-06
9.999999999996508e-06
9.999999999996508e-06

  228  0  0
9.999999999996509e-06
9.999999999996508e-06
9.999999999996508e-06

  229  0  0
9.999999999996509e-06
9.999999999996506e-06
9.999999999996506e-06

  230  0  0
9.999999999996509e-06
9.999999999996508e-06
9.999999999996506e-06

  231  0  0
9.999999999996509e-06
9.999999999996508e-06
9.999999999996509e-06

  232  0  0
9.999999999996509e-06
9.999999999996508e-06
9.999999999996509e-06

  233  0  0
9.999999999996509e-06
9.999999999996508e-06
9.999999999996509e-06

  234  0  0
9.999999999996509e-06
9.999999999996509e-06
9.999999999996509e-06

  235  0  0
9.999999999996509e-06
9.999999999996508e-06
9.999999999996508e-06

  236  0  0
9.999999999996509e-06
9.999999999996508e-06
9.999999999996509e-06

  237  0  0
9.999999999996509e-06
9.999999999996508e-06
9.999999999996506e-06

  238  0  0
9.999999999996509e-06
9.999999999996508e-06
9.999999999996509e-06

  239  0  0
9.999999999996509e-06
9.999999999996508e-06
9.999999999996509e-06

  240  0  0
9.999999999996509e-06
9.999999999996509e-06
9.999999999996509e-06

  241  0  0
9.999999999996509e-06
9.999999999996508e-06
9.999999999996509e-06

  242  0  0
9.999999999996509e-06
9.999999999996508e-06
9.999999999996509e-06

  243  0  0
9.999999999996509e-06
9.999999999996508e-06
9.999999999996508e-06

  244  0  0
9.999999999996509e-06
9.999999999996508e-06
9.999999999996509e-06

  245  0  0
9.999999999996509e-06
9.999999999996508e-06
9.999999999996508e-06

  246  0  0
9.999999999996509e-06
9.999999999996508e-06
9.999999999996509e-06

  247  0  0
9.999999999996509e-06
9.999999999996508e-06
9.999999999996509e-06

  248  0  0
9.999999999996509e-06
9.999999999996508e-06
9.999999999996509e-06

  249  0  0
9.999999999996509e-06
9.999999999996508e-06
9.999999999996509e-06

  250  0  0
9.999999999996509e-06
9.999999999996506e-06
9.999999999996509e-06

  251  0  0
9.999999999996509e-06
9.999999999996506e-06
9.999999999996508e-06

  252  0  0
9.999999999996509e-06
9.999999999996508e-06
9.999999999996509e-06

  253  0  0
9.999999999996509e-06
9.999999999996508e-06
9.999999999996509e-06

  254  0  0
9.999999999996509e-06
9.999999999996506e-06
9.999999999996508e-06

  255  0  0
9.999999999996509e-06
9.999999999996508e-06
9.999999999996506e-06

  256  0  0
9.999999999996509e-06
9.999999999996508e-06
9.999999999996508e-06

  257  0  0
9.999999999996509e-06
9.999999999996508e-06
9.999999999996506e-06

  258  0  0
9.999999999996509e-06
9.999999999996506e-06
9.999999999996506e-06

  259  0  0
9.999999999996509e-06
9.999999999996508e-06
9.999999999996509e-06

  260  0  0
9.999999999996509e-06
9.999999999996508e-06
9.999999999996509e-06

  261  0  0
9.999999999996509e-06
9.999999999996508e-06
9.999999999996509e-06

  262  0  0
9.999999999996509e-06
9.999999999996508e-06
9.999999999996506e-06

  263  0  0
9.999999999996509e-06
9.999999999996509e-06
9.999999999996509e-06

  264  0  0
9.999999999996509e-06
9.999999999996508e-06
9.999999999996509e-06

  265  0  0
9.999999999996509e-06
9.999999999996508e-06
9.999999999996509e-06

  266  0  0
9.999999999996509e-06
9.999999999996508e-06
9.999999999996509e-06

  267  0  0
9.999999999996509e-06
9.999999999996506e-06
9.999999999996509e-06

  268  0  0
9.999999999996509e-06
9.999999999996506e-06
9.999999999996509e-06

  269  0  0
9.999999999996509e-06
9.999999999996508e-06
9.999999999996509e-06

  270  0  0
9.999999999996509e-06
9.999999999996508e-06
9.999999999996509e-06

  271  0  0
9.999999999996509e-06
9.999999999996508e-06
9.999999999996509e-06

  272  0  0
9.999999999996509e-06
9.999999999996508e-06
9.999999999996509e-06

  273  0  0
9.999999999996509e-06
9.999999999996508e-06
9.999999999996506e-06

  274  0  0
9.999999999996509e-06
9.999999999996508e-06
9.999999999996509e-06

  275  0  0
9.999999999996509e-06
9.999999999996506e-06
9.999999999996508e-06

  276  0  0
9.999999999996509e-06
9.999999999996508e-06
9.999999999996506e-06

  277  0  0
9.999999999996509e-06
9.999999999996508e-06
9.999999999996509e-06

  278  0  0
9.999999999996509e-06
9.999999999996508e-06
9.999999999996509e-06

  279  0  0
9.999999999996509e-06
9.999999999996508e-06
9.999999999996508e-06

  280  0  0
9.999999999996509e-06
9.999999999996508e-06
9.999999999996508e-06

  281  0  0
9.999999999996509e-06
9.999999999996508e-06
9.999999999996509e-06

  282  0  0
9.999999999996509e-06
9.999999999996509e-06
9.999999999996509e-06

  283  0  0
9.999999999996509e-06
9.999999999996508e-06
9.999999999996506e-06

  284  0  0
9.999999999996509e-06
9.999999999996508e-06
9.999999999996508e-06

  285  0  0
9.999999999996509e-06
9.999999999996508e-06
9.999999999996509e-06

  286  0  0
9.999999999996509e-06
9.999999999996508e-06
9.999999999996509e-06

  287  0  0
9.999999999996509e-06
9.999999999996509e-06
9.999999999996506e-06

  288  0  0
9.999999999996509e-06
9.999999999996508e-06
9.999999999996509e-06

  289  0  0
9.999999999996509e-06
9.999999999996508e-06
9.999999999996509e-06

  290  0  0
9.999999999996509e-06
9.999999999996508e-06
9.999999999996509e-06

  291  0  0
9.999999999996509e-06
9.999999999996506e-06
9.999999999996509e-06

  292  0  0
9.999999999996509e-06
9.999999999996506e-06
9.999999999996509e-06

  293  0  0
9.999999999996509e-06
9.999999999996509e-06
9.999999999996506e-06

  294  0  0
9.999999999996509e-06
9.999999999996508e-06
9.999999999996509e-06

  295  0  0
9.999999999996509e-06
9.999999999996506e-06
9.999999999996509e-06

  296  0  0
9.999999999996509e-06
9.999999999996506e-06
9.999999999996509e-06

  297  0  0
9.999999999996509e-06
9.999999999996506e-06
9.999999999996509e-06

  298  0  0
9.999999999996509e-06
9.999999999996506e-06
9.999999999996509e-06

  299  0  0
9.999999999996509e-06
9.999999999996506e-06
9.999999999996509e-06

  300  0  0
9.999999999996509e-06
9.999999999996506e-06
9.999999999996509e-06

  301  0  0
9.999999999996509e-06
9.999999999996508e-06
9.999999999996509e-06

  302  0  0
9.999999999996509e-06
9.999999999996509e-06
9.999999999996506e-06

  303  0  0
9.999999999996509e-06
9.999999999996508e-06
9.999999999996509e-06

  304  0  0
9.999999999996509e-06
9.999999999996508e-06
9.999999999996509e-06

  305  0  0
9.999999999996508e-06
9.999999999996508e-06
9.999999999996509e-06

  306  0  0
9.999999999996506e-06
9.999999999996508e-06
9.999999999996508e-06

  307  0  0
9.999999999996508e-06
9.999999999996509e-06
9.999999999996496e-06

  308  0  0
9.999999999996503e-06
9.999999999996552e-06
9.999999999996277e-06

  309  0  0
9.999999999996504e-06
9.999999999997033e-06
9.999999999987507e-06

  310  0  0
9.999999999996857e-06
1.000000000001883e-05
9.999999999862190e-06

  311  0  0
9.999999999999742e-06
1.000000000031997e-05
9.999999998050919e-06

  312  0  0
1.000000000006327e-05
1.000000000461503e-05
9.999999972019052e-06

  313  0  0
1.000000000139968e-05
1.000000006550372e-05
9.999999600057554e-06

  314  0  0
1.000000002691528e-05
1.000000092240755e-05
9.999994319101043e-06

  315  0  0
1.000000048815375e-05
1.000001288668352e-05
9.999919855481429e-06

  316  0  0
1.000000850969525e-05
1.000017850534366e-05
9.998877642268659e-06

  317  0  0
1.000014363017258e-05
1.000245087502651e-05
9.984412171909147e-06

  318  0  0
1.000230038893322e-05
1.003354735553279e-05
9.786558842033854e-06

  319  0  0
1.002427938861252e-05
1.049909799888760e-05
7.331948416581584e-06

