#Cell 
# Element_0
# Element_1
# Element_2
0
1.164033336087544e+00
1.162600298908968e+00
1.161125688666811e+00

1
1.160262616462619e+00
1.158749996168486e+00
1.157184527501728e+00

2
1.156268540699306e+00
1.154679273154466e+00
1.153058313934514e+00

3
1.152094505306644e+00
1.150420868306116e+00
1.148708531801267e+00

4
1.147698967869065e+00
1.145908601115831e+00
1.144506547958805e+00

5
1.143082921930880e+00
1.141203405646348e+00
1.139289083744435e+00

6
1.138154412356670e+00
1.136155220587995e+00
1.134102575054642e+00

7
1.132879562164656e+00
1.130735090777240e+00
1.128552990065819e+00

8
1.127242141246104e+00
1.124948756977206e+00
1.122586933472756e+00

9
1.121177269460929e+00
1.118714163888903e+00
1.116141083895781e+00

10
1.114592253773383e+00
1.111902427616198e+00
1.109153521388172e+00

11
1.107501262983598e+00
1.104594319385067e+00
1.101616667255011e+00

12
1.099826831839619e+00
1.096680682524296e+00
1.093398768599856e+00

13
1.091431336130140e+00
1.087993086540689e+00
1.084371078152949e+00

14
1.082201651961337e+00
1.078422538100573e+00
1.074459249977253e+00

15
1.072077706558263e+00
1.067915188988875e+00
1.063515770591084e+00

16
1.060883192884412e+00
1.056248044705017e+00
1.051436164038011e+00

17
1.048534358395366e+00
1.043395173889645e+00
1.038000887463100e+00

18
1.034758320401098e+00
1.029008224888833e+00
1.023000328357630e+00

19
1.019362975467615e+00
1.012927082979871e+00
1.006125345266871e+00

20
1.002024490734431e+00
9.947348793536570e-01
9.870759387314960e-01

21
9.824283644088853e-01
9.741676341519239e-01
9.653092712961837e-01

22
9.599177686965749e-01
9.503953614644257e-01
9.403240196067765e-01

23
9.341918022846430e-01
9.231785500281722e-01
9.114673031760642e-01

24
9.042997478719150e-01
8.914015225973952e-01
8.776161808511597e-01

25
8.691362130968557e-01
8.537646894323471e-01
8.372233206069235e-01

26
8.269888730895851e-01
8.082966491598192e-01
7.879612946733601e-01

27
7.752613949727987e-01
7.518515367502343e-01
7.258979478622096e-01

28
7.094023401016609e-01
6.783012742896493e-01
6.428950261497437e-01

29
6.197536304548424e-01
5.741024972220340e-01
5.183024598137508e-01

30
4.797618326664260e-01
3.818728027107007e-01
2.193536370507412e-01

31
9.447758010036843e-03
7.176343234511544e-02
5.030816977753236e-02

32
5.585475708915571e-02
5.633402807179030e-02
5.619385516396518e-02

33
5.622938804669288e-02
5.623538499000805e-02
5.623359606030560e-02

34
5.623410669273363e-02
5.623413972193572e-02
5.623412823970549e-02

35
5.623413368314906e-02
5.623413222869427e-02
5.623413259086878e-02

36
5.623413258276434e-02
5.623413250276381e-02
5.623413252426603e-02

37
5.623413252126925e-02
5.623413251845513e-02
5.623413251922552e-02

38
5.623413251909761e-02
5.623413251901259e-02
5.623413251903604e-02

39
5.623413251903189e-02
5.623413251902953e-02
5.623413251903014e-02

40
5.623413251903003e-02
5.623413251902998e-02
5.623413251903001e-02

41
5.623413251903000e-02
5.623413251903000e-02
5.623413251903000e-02

42
5.623413251903000e-02
5.623413251903000e-02
5.623413251903000e-02

43
5.623413251903000e-02
5.623413251903000e-02
5.623413251903000e-02

44
5.623413251903000e-02
5.623413251903000e-02
5.623413251903000e-02

45
5.623413251903000e-02
5.623413251903000e-02
5.623413251903000e-02

46
5.623413251903000e-02
5.623413251903000e-02
5.623413251903000e-02

47
5.623413251903000e-02
5.623413251903000e-02
5.623413251903000e-02

48
5.623413251903000e-02
5.623413251903000e-02
5.623413251903000e-02

49
5.623413251903000e-02
5.623413251903000e-02
5.623413251903000e-02

50
5.623413251903000e-02
5.623413251903000e-02
5.623413251903000e-02

51
5.623413251903000e-02
5.623413251903000e-02
5.623413251903000e-02

52
5.623413251903000e-02
5.623413251903000e-02
5.623413251903000e-02

53
5.623413251903000e-02
5.623413251903000e-02
5.623413251903000e-02

54
5.623413251903000e-02
5.623413251903000e-02
5.623413251903000e-02

55
5.623413251903000e-02
5.623413251903000e-02
5.623413251903000e-02

56
5.623413251903000e-02
5.623413251903000e-02
5.623413251903000e-02

57
5.623413251903000e-02
5.623413251903000e-02
5.623413251903000e-02

58
5.623413251903000e-02
5.623413251903000e-02
5.623413251903000e-02

59
5.623413251903000e-02
5.623413251903000e-02
5.623413251903000e-02

60
5.623413251903000e-02
5.623413251903000e-02
5.623413251903000e-02

61
5.623413251903000e-02
5.623413251903000e-02
5.623413251903000e-02

62
5.623413251903000e-02
5.623413251903000e-02
5.623413251903000e-02

63
5.623413251903000e-02
5.623413251903000e-02
5.623413251903000e-02

64
5.623413251903000e-02
5.623413251903000e-02
5.623413251903000e-02

65
5.623413251903000e-02
5.623413251903000e-02
5.623413251903000e-02

66
5.623413251903000e-02
5.623413251903000e-02
5.623413251903000e-02

67
5.623413251903000e-02
5.623413251903000e-02
5.623413251903000e-02

68
5.623413251903000e-02
5.623413251903000e-02
5.623413251903000e-02

69
5.623413251903000e-02
5.623413251903000e-02
5.623413251903000e-02

70
5.623413251903000e-02
5.623413251903000e-02
5.623413251903000e-02

71
5.623413251903000e-02
5.623413251903003e-02
5.623413251902853e-02

72
5.623413251902527e-02
5.623413251904427e-02
5.623413251897349e-02

73
5.623413251887308e-02
5.623413251949624e-02
5.623413251720964e-02

74
5.623413251411781e-02
5.623413253372646e-02
5.623413246159961e-02

75
5.623413236901915e-02
5.623413297161624e-02
5.623413074842255e-02

76
5.623412807547709e-02
5.623414606818397e-02
5.623407943724486e-02

77
5.623400588780952e-02
5.623452403886347e-02
5.623259585698671e-02

78
5.623070354803383e-02
5.624493895128877e-02
5.619161717811873e-02

79
5.614677753482807e-02
5.651657785122514e-02
5.512164072636042e-02

