#Cell 
# Element_0
# Element_1
# Element_2
0
1.164431808939850e+00
1.163972642637720e+00
1.163510929706362e+00

1
1.163510638550250e+00
1.163046316439839e+00
1.162579012087312e+00

2
1.162578936215307e+00
1.162109080610571e+00
1.161636394273443e+00

3
1.161636291908261e+00
1.161160862059881e+00
1.160682466880666e+00

4
1.160682412140030e+00
1.160201243202722e+00
1.159717425610046e+00

5
1.159716828201427e+00
1.159229996393714e+00
1.158739615513806e+00

6
1.158737368645661e+00
1.158247399257230e+00
1.157747980980774e+00

7
1.157747768190070e+00
1.157248350126011e+00
1.156745631667622e+00

8
1.156745570266745e+00
1.156239745958765e+00
1.155730549176767e+00

9
1.155730469416706e+00
1.155218054009286e+00
1.154702171763121e+00

10
1.154702083189264e+00
1.154182902191858e+00
1.153660150405136e+00

11
1.153660090924090e+00
1.153133917113316e+00
1.152604076201223e+00

12
1.152603994604540e+00
1.152070653185716e+00
1.151533552497193e+00

13
1.151533473200939e+00
1.150992775903325e+00
1.150448181604320e+00

14
1.150448127424064e+00
1.149899828776119e+00
1.149347524796115e+00

15
1.149347452442171e+00
1.148791343805718e+00
1.148231130129852e+00

16
1.148231059096762e+00
1.147666935809220e+00
1.147098566921111e+00

17
1.147098497501965e+00
1.146526110004284e+00
1.145949356183300e+00

18
1.145949279481239e+00
1.145368402803529e+00
1.144783020971512e+00

19
1.144783195900078e+00
1.144193170501524e+00
1.143599250439197e+00

20
1.143599177271997e+00
1.143000531917505e+00
1.142397125761362e+00

21
1.142397048648031e+00
1.141789131238564e+00
1.141176312388136e+00

22
1.141176233530404e+00
1.140558770341913e+00
1.139936261130644e+00

23
1.139936180323847e+00
1.139308888994000e+00
1.138676402066077e+00

24
1.138676319561258e+00
1.138038907933453e+00
1.137396145889119e+00

25
1.137396059450436e+00
1.136748228934241e+00
1.136094891861375e+00

26
1.136094804654504e+00
1.135436240166571e+00
1.134772001379834e+00

27
1.134771912132275e+00
1.134102292703393e+00
1.133426828187069e+00

28
1.133426734460468e+00
1.132745730176734e+00
1.132058708015310e+00

29
1.132058613410904e+00
1.131365876695399e+00
1.130666936823593e+00

30
1.130666839748301e+00
1.129962016324879e+00
1.129250801288789e+00

31
1.129250701364860e+00
1.128533423337799e+00
1.127809558724902e+00

32
1.127809455942078e+00
1.127079342927841e+00
1.126342441643040e+00

33
1.126342335824452e+00
1.125598994152941e+00
1.124848655438184e+00

34
1.124848546476849e+00
1.124091568872900e+00
1.123327378268641e+00

35
1.123327266040447e+00
1.122556231075278e+00
1.121777759410560e+00

36
1.121777643790993e+00
1.120992115046832e+00
1.120198918075059e+00

37
1.120198798933415e+00
1.119398324815489e+00
1.118589942725240e+00

38
1.118589819910222e+00
1.117773932598159e+00
1.116949888833043e+00

39
1.116949762219520e+00
1.116117977202426e+00
1.115277778476022e+00

40
1.115277647836372e+00
1.114429463452013e+00
1.113572598729365e+00

41
1.113572464702180e+00
1.112707359341404e+00
1.111833297494198e+00

42
1.111833148502644e+00
1.110950604303435e+00
1.110058810953461e+00

43
1.110058687029821e+00
1.109158062317322e+00
1.108247924164471e+00

44
1.108247778850260e+00
1.107328597706765e+00
1.106399567311824e+00

45
1.106399414612199e+00
1.105461034016085e+00
1.104512484253104e+00

46
1.104512326529754e+00
1.103554122178631e+00
1.102585416396631e+00

47
1.102585253584206e+00
1.101606577813642e+00
1.100617055795188e+00

48
1.100616888000904e+00
1.099617066317687e+00
1.098606040294532e+00

49
1.098605863649747e+00
1.097584212486858e+00
1.096550976154067e+00

50
1.096550796638529e+00
1.095506567403507e+00
1.094450375267125e+00

51
1.094450189642971e+00
1.093382637940916e+00
1.092302721082743e+00

52
1.092302529516057e+00
1.091210870633255e+00
1.090106428168509e+00

53
1.090106226678080e+00
1.088989649779612e+00
1.087859860136637e+00

54
1.087859654790628e+00
1.086717304763869e+00
1.085561283791840e+00

55
1.085561072194039e+00
1.084392066224433e+00
1.083208918125346e+00

56
1.083208695396104e+00
1.082012129529565e+00
1.080800919642090e+00

57
1.080800688656343e+00
1.079575595467703e+00
1.078335346891193e+00

58
1.078335111834584e+00
1.077080476693012e+00
1.075810163732234e+00

59
1.075809920184661e+00
1.074524714292014e+00
1.073223274120961e+00

60
1.073223022158176e+00
1.071906160354904e+00
1.070572484209178e+00

61
1.070572222758514e+00
1.069222572185508e+00
1.067855500278889e+00

62
1.067855229142435e+00
1.066471604811576e+00
1.065069931539806e+00

63
1.065069660770593e+00
1.063650839990605e+00
1.062213282132587e+00

64
1.062212984554491e+00
1.060757586850960e+00
1.059282841682492e+00

65
1.059282540461364e+00
1.057789340436393e+00
1.056276007113363e+00

66
1.056275695481404e+00
1.054743222184047e+00
1.053189854992195e+00

67
1.053189526363861e+00
1.051616302661148e+00
1.050021399736369e+00

68
1.050021064113008e+00
1.048405528233186e+00
1.046767471425587e+00

69
1.046767123381042e+00
1.045107646321312e+00
1.043424771456682e+00

70
1.043424405104443e+00
1.041719281542292e+00
1.039989853186162e+00

71
1.039989470683676e+00
1.038236923027877e+00
1.036459084599438e+00

72
1.036458704219926e+00
1.034656820844033e+00
1.032828611376106e+00

73
1.032828199411772e+00
1.030974882511345e+00
1.029094285539199e+00

74
1.029093850675792e+00
1.027187228262082e+00
1.025252106221097e+00

75
1.025251669204393e+00
1.023289395519760e+00
1.021297445302658e+00

76
1.021296992088666e+00
1.019276768149324e+00
1.017225612113768e+00

77
1.017225133071509e+00
1.015144506531055e+00
1.013031634757702e+00

78
1.013031136524585e+00
1.010887509188910e+00
1.008710239870638e+00

79
1.008709728690762e+00
1.006500341912754e+00
1.004255814795651e+00

80
1.004255283489122e+00
1.001977225502756e+00
9.996624543940497e-01

81
9.996618931377681e-01
9.973120895541133e-01
9.949239190314366e-01

82
9.949233417798735e-01
9.924984905381489e-01
9.900334815790552e-01

83
9.900328814465593e-01
9.875294993012941e-01
9.849840738132322e-01

84
9.849834483091652e-01
9.823978184895955e-01
9.797681286454379e-01

85
9.797674757182622e-01
9.770956262665808e-01
9.743775677680887e-01

86
9.743768885204886e-01
9.716145880157588e-01
9.688037817780809e-01

87
9.688030716655499e-01
9.659457800908864e-01
9.630375156569229e-01

88
9.630367753694203e-01
9.600796297909602e-01
9.570688735866332e-01

89
9.570681016011081e-01
9.540058851350469e-01
9.508872140329476e-01

90
9.508864059260922e-01
9.477134877734366e-01
9.444810513951700e-01

91
9.444802120111574e-01
9.411905297169958e-01
9.378380289131512e-01

92
9.378371301281231e-01
9.344242003119118e-01
9.309448270853948e-01

93
9.309439058172706e-01
9.274005095306435e-01
9.237868357132720e-01

94
9.237858748741755e-01
9.201043616968297e-01
9.163483490622745e-01

95
9.163473405501651e-01
9.125192949478326e-01
9.086121367460263e-01

96
9.086110847497737e-01
9.046273334600319e-01
9.005594389008833e-01

97
9.005583407401647e-01
8.964088175942611e-01
8.921696068540029e-01

98
8.921684267200046e-01
8.878421511887638e-01
8.834200385510245e-01

99
8.834188347112174e-01
8.789034620786951e-01
8.742855738662870e-01

100
8.742843090630082e-01
8.695663642031656e-01
8.647383994642382e-01

101
8.647370784492479e-01
8.598015012393225e-01
8.547475642373221e-01

102
8.547461854737551e-01
8.495761593314779e-01
8.442783975236969e-01

103
8.442769501089832e-01
8.388535208083918e-01
8.332917883968547e-01

104
8.332902861995150e-01
8.275920928373094e-01
8.217436413247441e-01

105
8.217420715161134e-01
8.157447866762190e-01
8.095835478492650e-01

106
8.095819151566294e-01
8.032576628152813e-01
7.967537543872542e-01

107
7.967520742178584e-01
7.900687655712431e-01
7.831875831713909e-01

108
7.831858413000475e-01
7.761060324576445e-01
7.688070021712117e-01

109
7.688052355508200e-01
7.612850057646172e-01
7.535203953869294e-01

110
7.535186168657805e-01
7.455058036561474e-01
7.372184314908808e-01

111
7.372166659321712e-01
7.286484284115555e-01
7.197690838058355e-01

112
7.197674238564086e-01
7.105672682884959e-01
7.010110274154361e-01

113
7.010095380738574e-01
6.910823864909870e-01
6.807426280114768e-01

114
6.807414840235689e-01
6.699674595314601e-01
6.587079311244243e-01

115
6.587073686020735e-01
6.469287115345689e-01
6.345704840589470e-01

116
6.345711322606681e-01
6.215822031218662e-01
6.078823758132152e-01

117
6.078851018075047e-01
5.933971640066524e-01
5.780136862254106e-01

118
5.780205089933074e-01
5.616157724491454e-01
5.440374282032072e-01

119
5.440531237334668e-01
5.250851863280789e-01
5.044925048153988e-01

120
5.045297185370715e-01
4.819055096641128e-01
4.568386803899832e-01

121
4.569457223464463e-01
4.285300234856945e-01
3.958880084799367e-01

122
3.962686673914950e-01
3.568623224616955e-01
3.075358521205633e-01

123
3.114180778298807e-01
2.306236439838099e-01
9.388314811841211e-02

124
6.651219591988888e-02
5.651143358613386e-02
5.599310504351246e-02

125
5.620843344892487e-02
5.623371318131431e-02
5.623451955980692e-02

126
5.623415888271094e-02
5.623413235703475e-02
5.623413249407641e-02

127
5.623413261374180e-02
5.623413252445921e-02
5.623413251517986e-02

128
5.623413251812865e-02
5.623413251899531e-02
5.623413251905598e-02

129
5.623413251903513e-02
5.623413251903017e-02
5.623413251902988e-02

130
5.623413251903000e-02
5.623413251903000e-02
5.623413251903000e-02

131
5.623413251903000e-02
5.623413251903000e-02
5.623413251903000e-02

132
5.623413251903000e-02
5.623413251903000e-02
5.623413251903000e-02

133
5.623413251903000e-02
5.623413251903000e-02
5.623413251903000e-02

134
5.623413251903000e-02
5.623413251903000e-02
5.623413251903000e-02

135
5.623413251903000e-02
5.623413251903000e-02
5.623413251903000e-02

136
5.623413251903000e-02
5.623413251903000e-02
5.623413251903000e-02

137
5.623413251903000e-02
5.623413251903000e-02
5.623413251903000e-02

138
5.623413251903000e-02
5.623413251903000e-02
5.623413251903000e-02

139
5.623413251903000e-02
5.623413251903000e-02
5.623413251903000e-02

140
5.623413251903000e-02
5.623413251903000e-02
5.623413251903000e-02

141
5.623413251903000e-02
5.623413251903000e-02
5.623413251903000e-02

142
5.623413251903000e-02
5.623413251903000e-02
5.623413251903000e-02

143
5.623413251903000e-02
5.623413251903000e-02
5.623413251903000e-02

144
5.623413251903000e-02
5.623413251903000e-02
5.623413251903000e-02

145
5.623413251903000e-02
5.623413251903000e-02
5.623413251903000e-02

146
5.623413251903000e-02
5.623413251903000e-02
5.623413251903000e-02

147
5.623413251903000e-02
5.623413251903000e-02
5.623413251903000e-02

148
5.623413251903000e-02
5.623413251903000e-02
5.623413251903000e-02

149
5.623413251903000e-02
5.623413251903000e-02
5.623413251903000e-02

150
5.623413251903000e-02
5.623413251903000e-02
5.623413251903000e-02

151
5.623413251903000e-02
5.623413251903000e-02
5.623413251903000e-02

152
5.623413251903000e-02
5.623413251903000e-02
5.623413251903000e-02

153
5.623413251903000e-02
5.623413251903000e-02
5.623413251903000e-02

154
5.623413251903000e-02
5.623413251903000e-02
5.623413251903000e-02

155
5.623413251903000e-02
5.623413251903000e-02
5.623413251903000e-02

156
5.623413251903000e-02
5.623413251903000e-02
5.623413251903000e-02

157
5.623413251903000e-02
5.623413251903000e-02
5.623413251903000e-02

158
5.623413251903000e-02
5.623413251903000e-02
5.623413251903000e-02

159
5.623413251903000e-02
5.623413251903000e-02
5.623413251903000e-02

160
5.623413251903000e-02
5.623413251903000e-02
5.623413251903000e-02

161
5.623413251903000e-02
5.623413251903000e-02
5.623413251903000e-02

162
5.623413251903000e-02
5.623413251903000e-02
5.623413251903000e-02

163
5.623413251903000e-02
5.623413251903000e-02
5.623413251903000e-02

164
5.623413251903000e-02
5.623413251903000e-02
5.623413251903000e-02

165
5.623413251903000e-02
5.623413251903000e-02
5.623413251903000e-02

166
5.623413251903000e-02
5.623413251903000e-02
5.623413251903000e-02

167
5.623413251903000e-02
5.623413251903000e-02
5.623413251903000e-02

168
5.623413251903000e-02
5.623413251903000e-02
5.623413251903000e-02

169
5.623413251903000e-02
5.623413251903000e-02
5.623413251903000e-02

170
5.623413251903000e-02
5.623413251903000e-02
5.623413251903000e-02

171
5.623413251903000e-02
5.623413251903000e-02
5.623413251903000e-02

172
5.623413251903000e-02
5.623413251903000e-02
5.623413251903000e-02

173
5.623413251903000e-02
5.623413251903000e-02
5.623413251903000e-02

174
5.623413251903000e-02
5.623413251903000e-02
5.623413251903000e-02

175
5.623413251903000e-02
5.623413251903000e-02
5.623413251903000e-02

176
5.623413251903000e-02
5.623413251903000e-02
5.623413251903000e-02

177
5.623413251903000e-02
5.623413251903000e-02
5.623413251903000e-02

178
5.623413251903000e-02
5.623413251903000e-02
5.623413251903000e-02

179
5.623413251903000e-02
5.623413251903000e-02
5.623413251903000e-02

180
5.623413251903000e-02
5.623413251903000e-02
5.623413251903000e-02

181
5.623413251903000e-02
5.623413251903000e-02
5.623413251903000e-02

182
5.623413251903000e-02
5.623413251903000e-02
5.623413251903000e-02

183
5.623413251903000e-02
5.623413251903000e-02
5.623413251903000e-02

184
5.623413251903000e-02
5.623413251903000e-02
5.623413251903000e-02

185
5.623413251903000e-02
5.623413251903000e-02
5.623413251903000e-02

186
5.623413251903000e-02
5.623413251903000e-02
5.623413251903000e-02

187
5.623413251903000e-02
5.623413251903000e-02
5.623413251903000e-02

188
5.623413251903000e-02
5.623413251903000e-02
5.623413251903000e-02

189
5.623413251903000e-02
5.623413251903000e-02
5.623413251903000e-02

190
5.623413251903000e-02
5.623413251903000e-02
5.623413251903000e-02

191
5.623413251903000e-02
5.623413251903000e-02
5.623413251903000e-02

192
5.623413251903000e-02
5.623413251903000e-02
5.623413251903000e-02

193
5.623413251903000e-02
5.623413251903000e-02
5.623413251903000e-02

194
5.623413251903000e-02
5.623413251903000e-02
5.623413251903000e-02

195
5.623413251903000e-02
5.623413251903000e-02
5.623413251903000e-02

196
5.623413251903000e-02
5.623413251903000e-02
5.623413251903000e-02

197
5.623413251903000e-02
5.623413251903000e-02
5.623413251903000e-02

198
5.623413251903000e-02
5.623413251903000e-02
5.623413251903000e-02

199
5.623413251903000e-02
5.623413251903000e-02
5.623413251903000e-02

200
5.623413251903000e-02
5.623413251903000e-02
5.623413251903000e-02

201
5.623413251903000e-02
5.623413251903000e-02
5.623413251903000e-02

202
5.623413251903000e-02
5.623413251903000e-02
5.623413251903000e-02

203
5.623413251903000e-02
5.623413251903000e-02
5.623413251903000e-02

204
5.623413251903000e-02
5.623413251903000e-02
5.623413251903000e-02

205
5.623413251903000e-02
5.623413251903000e-02
5.623413251903000e-02

206
5.623413251903000e-02
5.623413251903000e-02
5.623413251903000e-02

207
5.623413251903000e-02
5.623413251903000e-02
5.623413251903000e-02

208
5.623413251903000e-02
5.623413251903000e-02
5.623413251903000e-02

209
5.623413251903000e-02
5.623413251903000e-02
5.623413251903000e-02

210
5.623413251903000e-02
5.623413251903000e-02
5.623413251903000e-02

211
5.623413251903000e-02
5.623413251903000e-02
5.623413251903000e-02

212
5.623413251903000e-02
5.623413251903000e-02
5.623413251903000e-02

213
5.623413251903000e-02
5.623413251903000e-02
5.623413251903000e-02

214
5.623413251903000e-02
5.623413251903000e-02
5.623413251903000e-02

215
5.623413251903000e-02
5.623413251903000e-02
5.623413251903000e-02

216
5.623413251903000e-02
5.623413251903000e-02
5.623413251903000e-02

217
5.623413251903000e-02
5.623413251903000e-02
5.623413251903000e-02

218
5.623413251903000e-02
5.623413251903000e-02
5.623413251903000e-02

219
5.623413251903000e-02
5.623413251903000e-02
5.623413251903000e-02

220
5.623413251903000e-02
5.623413251903000e-02
5.623413251903000e-02

221
5.623413251903000e-02
5.623413251903000e-02
5.623413251903000e-02

222
5.623413251903000e-02
5.623413251903000e-02
5.623413251903000e-02

223
5.623413251903000e-02
5.623413251903000e-02
5.623413251903000e-02

224
5.623413251903000e-02
5.623413251903000e-02
5.623413251903000e-02

225
5.623413251903000e-02
5.623413251903000e-02
5.623413251903000e-02

226
5.623413251903000e-02
5.623413251903000e-02
5.623413251903000e-02

227
5.623413251903000e-02
5.623413251903000e-02
5.623413251903000e-02

228
5.623413251903000e-02
5.623413251903000e-02
5.623413251903000e-02

229
5.623413251903000e-02
5.623413251903000e-02
5.623413251903000e-02

230
5.623413251903000e-02
5.623413251903000e-02
5.623413251903000e-02

231
5.623413251903000e-02
5.623413251903000e-02
5.623413251903000e-02

232
5.623413251903000e-02
5.623413251903000e-02
5.623413251903000e-02

233
5.623413251903000e-02
5.623413251903000e-02
5.623413251903000e-02

234
5.623413251903000e-02
5.623413251903000e-02
5.623413251903000e-02

235
5.623413251903000e-02
5.623413251903000e-02
5.623413251903000e-02

236
5.623413251903000e-02
5.623413251903000e-02
5.623413251903000e-02

237
5.623413251903000e-02
5.623413251903000e-02
5.623413251903000e-02

238
5.623413251903000e-02
5.623413251903000e-02
5.623413251903000e-02

239
5.623413251903000e-02
5.623413251903000e-02
5.623413251903000e-02

240
5.623413251903000e-02
5.623413251903000e-02
5.623413251903000e-02

241
5.623413251903000e-02
5.623413251903000e-02
5.623413251903000e-02

242
5.623413251903000e-02
5.623413251903000e-02
5.623413251903000e-02

243
5.623413251903000e-02
5.623413251903000e-02
5.623413251903000e-02

244
5.623413251903000e-02
5.623413251903000e-02
5.623413251903000e-02

245
5.623413251903000e-02
5.623413251903000e-02
5.623413251903000e-02

246
5.623413251903000e-02
5.623413251903000e-02
5.623413251903000e-02

247
5.623413251903000e-02
5.623413251903000e-02
5.623413251903000e-02

248
5.623413251903000e-02
5.623413251903000e-02
5.623413251903000e-02

249
5.623413251903000e-02
5.623413251903000e-02
5.623413251903000e-02

250
5.623413251903000e-02
5.623413251903000e-02
5.623413251903000e-02

251
5.623413251903000e-02
5.623413251903000e-02
5.623413251903000e-02

252
5.623413251903000e-02
5.623413251903000e-02
5.623413251903000e-02

253
5.623413251903000e-02
5.623413251903000e-02
5.623413251903000e-02

254
5.623413251903000e-02
5.623413251903000e-02
5.623413251903000e-02

255
5.623413251903000e-02
5.623413251903000e-02
5.623413251903000e-02

256
5.623413251903000e-02
5.623413251903000e-02
5.623413251903000e-02

257
5.623413251903000e-02
5.623413251903000e-02
5.623413251903000e-02

258
5.623413251903000e-02
5.623413251903000e-02
5.623413251903000e-02

259
5.623413251903000e-02
5.623413251903000e-02
5.623413251903000e-02

260
5.623413251903000e-02
5.623413251903000e-02
5.623413251903000e-02

261
5.623413251903000e-02
5.623413251903000e-02
5.623413251903000e-02

262
5.623413251903000e-02
5.623413251903000e-02
5.623413251903000e-02

263
5.623413251903000e-02
5.623413251903000e-02
5.623413251903000e-02

264
5.623413251903000e-02
5.623413251903000e-02
5.623413251903000e-02

265
5.623413251903000e-02
5.623413251903000e-02
5.623413251903000e-02

266
5.623413251903000e-02
5.623413251903000e-02
5.623413251903000e-02

267
5.623413251903000e-02
5.623413251903000e-02
5.623413251903000e-02

268
5.623413251903000e-02
5.623413251903000e-02
5.623413251903000e-02

269
5.623413251903000e-02
5.623413251903000e-02
5.623413251903000e-02

270
5.623413251903000e-02
5.623413251903000e-02
5.623413251903000e-02

271
5.623413251903000e-02
5.623413251903000e-02
5.623413251903000e-02

272
5.623413251903000e-02
5.623413251903000e-02
5.623413251903000e-02

273
5.623413251903000e-02
5.623413251903000e-02
5.623413251903000e-02

274
5.623413251903000e-02
5.623413251903000e-02
5.623413251903000e-02

275
5.623413251903000e-02
5.623413251903000e-02
5.623413251903000e-02

276
5.623413251903000e-02
5.623413251903000e-02
5.623413251903000e-02

277
5.623413251903000e-02
5.623413251903000e-02
5.623413251903000e-02

278
5.623413251903000e-02
5.623413251903000e-02
5.623413251903000e-02

279
5.623413251903000e-02
5.623413251903000e-02
5.623413251903000e-02

280
5.623413251903000e-02
5.623413251903000e-02
5.623413251903000e-02

281
5.623413251903000e-02
5.623413251903000e-02
5.623413251903000e-02

282
5.623413251903000e-02
5.623413251903000e-02
5.623413251903000e-02

283
5.623413251903000e-02
5.623413251903000e-02
5.623413251903000e-02

284
5.623413251903000e-02
5.623413251903000e-02
5.623413251903000e-02

285
5.623413251903000e-02
5.623413251903000e-02
5.623413251903000e-02

286
5.623413251903000e-02
5.623413251903000e-02
5.623413251903000e-02

287
5.623413251903000e-02
5.623413251903000e-02
5.623413251903000e-02

288
5.623413251903000e-02
5.623413251903000e-02
5.623413251903000e-02

289
5.623413251903000e-02
5.623413251903000e-02
5.623413251903000e-02

290
5.623413251903000e-02
5.623413251903000e-02
5.623413251903000e-02

291
5.623413251903000e-02
5.623413251903000e-02
5.623413251903000e-02

292
5.623413251903000e-02
5.623413251903000e-02
5.623413251903000e-02

293
5.623413251903000e-02
5.623413251903000e-02
5.623413251903000e-02

294
5.623413251903000e-02
5.623413251903000e-02
5.623413251903000e-02

295
5.623413251903000e-02
5.623413251903000e-02
5.623413251903000e-02

296
5.623413251903000e-02
5.623413251903000e-02
5.623413251903000e-02

297
5.623413251903000e-02
5.623413251903000e-02
5.623413251903000e-02

298
5.623413251903000e-02
5.623413251903000e-02
5.623413251903000e-02

299
5.623413251903000e-02
5.623413251903000e-02
5.623413251903000e-02

300
5.623413251903000e-02
5.623413251903000e-02
5.623413251903000e-02

301
5.623413251903000e-02
5.623413251903000e-02
5.623413251903000e-02

302
5.623413251903000e-02
5.623413251903000e-02
5.623413251903000e-02

303
5.623413251903000e-02
5.623413251903000e-02
5.623413251903000e-02

304
5.623413251903000e-02
5.623413251903000e-02
5.623413251903000e-02

305
5.623413251903000e-02
5.623413251903000e-02
5.623413251903000e-02

306
5.623413251903000e-02
5.623413251903000e-02
5.623413251903000e-02

307
5.623413251903000e-02
5.623413251903000e-02
5.623413251903000e-02

308
5.623413251903000e-02
5.623413251903000e-02
5.623413251903000e-02

309
5.623413251903000e-02
5.623413251903000e-02
5.623413251903000e-02

310
5.623413251903000e-02
5.623413251903000e-02
5.623413251903000e-02

311
5.623413251903000e-02
5.623413251903000e-02
5.623413251903000e-02

312
5.623413251903000e-02
5.623413251903000e-02
5.623413251903000e-02

313
5.623413251903000e-02
5.623413251903000e-02
5.623413251903000e-02

314
5.623413251903000e-02
5.623413251903839e-02
5.623413251933734e-02

315
5.623413251984447e-02
5.623413251765209e-02
5.623413248288735e-02

316
5.623413242877785e-02
5.623413267597425e-02
5.623413658246321e-02

317
5.623414192493757e-02
5.623411554535564e-02
5.623370058387321e-02

318
5.623323022893430e-02
5.623584933701094e-02
5.627670977514329e-02

319
5.630882065503275e-02
5.607792986779957e-02
5.195503799260644e-02

