#Cell  Group   Direction 
# Element_0
# Element_1
# Element_2
# Element_3
# Element_4
    0  0  0
1.822805328430577e-01
1.811770159151317e-01
1.790862980266834e-01
1.769929183413769e-01
1.758863433196962e-01

    0  0  1
1.732050851599265e+00
1.730123685467625e+00
1.726455081494079e+00
1.722765548328960e+00
1.720810593146000e+00

    1  0  0
1.758864947446429e-01
1.747785611656633e-01
1.726737781957998e-01
1.705648852486460e-01
1.694524674045113e-01

    1  0  1
1.720810666904712e+00
1.718849506134680e+00
1.715114994049118e+00
1.711357234228551e+00
1.709365476675082e+00

    2  0  0
1.694525372854344e-01
1.683418175986871e-01
1.662413302868294e-01
1.641439186348843e-01
1.630357277554345e-01

    2  0  1
1.709365595298644e+00
1.707366753620760e+00
1.703559019096526e+00
1.699725314184853e+00
1.697692112601591e+00

    3  0  0
1.630359989884558e-01
1.619268001097377e-01
1.598210334825326e-01
1.577104689465949e-01
1.565938772037434e-01

    3  0  1
1.697692165098730e+00
1.695651320240830e+00
1.691761478634985e+00
1.687842839108044e+00
1.685763768884467e+00

    4  0  0
1.565937217581285e-01
1.554738389246305e-01
1.533463647086177e-01
1.512229567137264e-01
1.501093260850075e-01

    4  0  1
1.685763770173138e+00
1.683676289931369e+00
1.679695385016987e+00
1.675682168812171e+00
1.673551688131478e+00

    5  0  0
1.501086791653825e-01
1.489975593571102e-01
1.468945815480208e-01
1.447874251353795e-01
1.436719643958713e-01

    5  0  1
1.673551692004532e+00
1.671411734149205e+00
1.667328366723102e+00
1.663208763379174e+00
1.661020506232109e+00

    6  0  0
1.436724484255501e-01
1.425561039992365e-01
1.404367556505825e-01
1.383138274826261e-01
1.371924180693801e-01

    6  0  1
1.661020540228278e+00
1.658821515740944e+00
1.654622932382796e+00
1.650383658755434e+00
1.648130263266985e+00

    7  0  0
1.371925965207960e-01
1.360716690044846e-01
1.339515004112653e-01
1.318399800611160e-01
1.307289862394685e-01

    7  0  1
1.648130470614706e+00
1.645864735870474e+00
1.641535767936916e+00
1.637160456185442e+00
1.634833003930467e+00

    8  0  0
1.307287578262896e-01
1.296178741289804e-01
1.275105407824523e-01
1.253984139674123e-01
1.242817156884734e-01

    8  0  1
1.634833038953652e+00
1.632491787283840e+00
1.628014797759065e+00
1.623485088634382e+00
1.621073519677672e+00

    9  0  0
1.242816294138997e-01
1.231626483418794e-01
1.210370712967996e-01
1.189114932768920e-01
1.177936385588880e-01

    9  0  1
1.621073545165904e+00
1.618646303192611e+00
1.614001055286406e+00
1.609295691428683e+00
1.606788392694376e+00

   10  0  0
1.177934336529696e-01
1.166784415470405e-01
1.145722567759718e-01
1.124705308246092e-01
1.113606838498853e-01

   10  0  1
1.606788530135509e+00
1.604263209147595e+00
1.599425903560253e+00
1.594519812186636e+00
1.591903013232167e+00

   11  0  0
1.113610134798877e-01
1.102508632291238e-01
1.081440583001327e-01
1.060330866215258e-01
1.049171830375163e-01

   11  0  1
1.591903002913859e+00
1.589265835134074e+00
1.584208748370307e+00
1.579072821833278e+00
1.576330542257105e+00

   12  0  0
1.049173303257660e-01
1.038014460638019e-01
1.016923385926849e-01
9.959632441614456e-02
9.849481162287203e-02

   12  0  1
1.576330546022935e+00
1.573564820473615e+00
1.568255421622854e+00
1.562855267054349e+00
1.559968553379671e+00

   13  0  0
9.849433636468727e-02
9.739194584788803e-02
9.529911473050087e-02
9.320428748854409e-02
9.210113168034197e-02

   13  0  1
1.559968763710477e+00
1.557054680432542e+00
1.551454777533502e+00
1.545749586917684e+00
1.542696102015059e+00

   14  0  0
9.210057638327666e-02
9.099676394153873e-02
8.890234300388719e-02
8.680593119611746e-02
8.570179138740303e-02

   14  0  1
1.542696338006714e+00
1.539611257708118e+00
1.533674437310920e+00
1.527615330565161e+00
1.524367639399675e+00

   15  0  0
8.570190943762353e-02
8.460128737958550e-02
8.252569572392600e-02
8.046120335648893e-02
7.937332115133053e-02

   15  0  1
1.524367498443135e+00
1.521083289096329e+00
1.514753292621087e+00
1.508281224662552e+00
1.504807213253587e+00

   16  0  0
7.937372303496383e-02
7.828729545571549e-02
7.622906577648919e-02
7.417383596216719e-02
7.309338367113147e-02

   16  0  1
1.504807392547785e+00
1.501290453961824e+00
1.494502449391293e+00
1.487546854218934e+00
1.483807030040917e+00

   17  0  0
7.309394409448547e-02
7.202246792590841e-02
7.000987589267210e-02
6.798728810621259e-02
6.689337341320223e-02

   17  0  1
1.483807003889694e+00
1.480016679154590e+00
1.472688140201987e+00
1.465162694671239e+00
1.461109923440796e+00

   18  0  0
6.689601535655475e-02
6.579312177117660e-02
6.370515526055270e-02
6.165884060580794e-02
6.059816135423809e-02

   18  0  1
1.461109947884722e+00
1.456997668324083e+00
1.449032013827961e+00
1.440832425174458e+00
1.436407967181351e+00

   19  0  0
6.059535366552008e-02
5.953247136321545e-02
5.751335389515906e-02
5.549168353678503e-02
5.443123341827697e-02

   19  0  1
1.436408407088683e+00
1.431912141939433e+00
1.423187074738276e+00
1.414180725564535e+00
1.409310649791015e+00

   20  0  0
5.442982474399138e-02
5.336952598129766e-02
5.136774285885559e-02
4.938377730593312e-02
4.834849323034646e-02

   20  0  1
1.409310814462083e+00
1.404355537483202e+00
1.394716775549989e+00
1.384737916887050e+00
1.379328910198001e+00

   21  0  0
4.834778536767187e-02
4.731652504228365e-02
4.536939763941628e-02
4.342873752753867e-02
4.240830177787336e-02

   21  0  1
1.379329038089067e+00
1.373814997499423e+00
1.363062516323719e+00
1.351893200265797e+00
1.345823169521599e+00

   22  0  0
4.240797034457108e-02
4.138794233526331e-02
3.945889225931774e-02
3.754200310125025e-02
3.653895464474011e-02

   22  0  1
1.345823394517166e+00
1.339624134305046e+00
1.327501092017166e+00
1.314859472579851e+00
1.307968036439276e+00

   23  0  0
3.653847777511084e-02
3.554125302816327e-02
3.367247332882020e-02
3.182817474209772e-02
3.085972079110452e-02

   23  0  1
1.307969144917001e+00
1.300914095597839e+00
1.287075853933754e+00
1.272576639698677e+00
1.264643433674233e+00

   24  0  0
3.086007002067131e-02
2.989660035040224e-02
2.808557199801086e-02
2.628809849276045e-02
2.533952435460258e-02

   24  0  1
1.264642999386053e+00
1.256504100147161e+00
1.240468041390141e+00
1.223578641286609e+00
1.214298206714572e+00

   25  0  0
2.534085066328663e-02
2.440016089115938e-02
2.263377212919032e-02
2.089263631153493e-02
1.998300214075081e-02

   25  0  1
1.214253792877888e+00
1.204759740318630e+00
1.185840803154892e+00
1.165880805651753e+00
1.154801798216987e+00

   26  0  0
1.998811172714920e-02
1.910319785624092e-02
1.744907978535661e-02
1.581651583007687e-02
1.496696339312410e-02

   26  0  1
1.154798785606288e+00
1.143296518565176e+00
1.120351516872904e+00
1.095751776460072e+00
1.082028269745817e+00

   27  0  0
1.496911118344339e-02
1.413465858114842e-02
1.257120462954888e-02
1.103397925670896e-02
1.024593190376506e-02

   27  0  1
1.082027621280579e+00
1.067739778196747e+00
1.038942358058710e+00
1.007595213947291e+00
9.898784563973216e-01

   28  0  0
1.024570625493579e-02
9.470609196237677e-03
8.040034044489107e-03
6.682254562436646e-03
6.004976678531501e-03

   28  0  1
9.898843822477935e-01
9.712378766846855e-01
9.330542591598033e-01
8.903572505754632e-01
8.656208891886640e-01

   29  0  0
5.999944266676515e-03
5.323353935627625e-03
4.101035528699469e-03
2.984714463724957e-03
2.424489342184887e-03

   29  0  1
8.650734735514005e-01
8.393478649928784e-01
7.824985047446514e-01
7.154687346147599e-01
6.751296315399986e-01

   30  0  0
2.417799034406694e-03
1.868145503366285e-03
9.463170511908468e-04
2.576562896936730e-04
-1.755731934150676e-06

   30  0  1
7.440382600519576e-01
5.978937377339621e-01
5.401475730345676e-01
3.144966812900450e-01
4.528824074592951e-02

   31  0  0
1.052329165464223e-05
5.124254957539913e-06
4.965823323494588e-06
5.023503743298715e-06
4.965524580663032e-06

   31  0  1
9.688436374116295e-03
1.721887695654647e-04
-4.116289648013573e-05
3.686150474211435e-05
-4.806711249357022e-05

   32  0  0
4.990060771798420e-06
4.999952545346271e-06
5.000010402840857e-06
4.999993414291804e-06
5.000001147698440e-06

   32  0  1
-1.742324018680784e-06
4.884358405246656e-06
5.033095729402264e-06
4.977451769471554e-06
5.038031099814677e-06

   33  0  0
5.000010937991514e-06
5.000000046133833e-06
4.999999990683031e-06
5.000000005728724e-06
5.000000002051648e-06

   33  0  1
5.004853463392457e-06
5.000082323852546e-06
4.999976419716572e-06
5.000016069548460e-06
4.999972838529026e-06

   34  0  0
4.999999987574180e-06
4.999999999951962e-06
5.000000000006834e-06
4.999999999993147e-06
4.999999999993118e-06

   34  0  1
4.999996587638293e-06
4.999999942930442e-06
5.000000016343383e-06
4.999999988859706e-06
5.000000018834482e-06

   35  0  0
5.000000000012484e-06
4.999999999998301e-06
4.999999999998245e-06
4.999999999998262e-06
4.999999999998261e-06

   35  0  1
5.000000002350623e-06
5.000000000038296e-06
4.999999999986819e-06
5.000000000006043e-06
4.999999999985170e-06

   36  0  0
4.999999999998246e-06
4.999999999998254e-06
4.999999999998254e-06
4.999999999998253e-06
4.999999999998253e-06

   36  0  1
4.999999999996564e-06
4.999999999998222e-06
4.999999999998262e-06
4.999999999998248e-06
4.999999999998263e-06

   37  0  0
4.999999999998256e-06
4.999999999998254e-06
4.999999999998254e-06
4.999999999998253e-06
4.999999999998252e-06

   37  0  1
4.999999999998257e-06
4.999999999998254e-06
4.999999999998254e-06
4.999999999998255e-06
4.999999999998254e-06

   38  0  0
4.999999999998256e-06
4.999999999998254e-06
4.999999999998254e-06
4.999999999998253e-06
4.999999999998252e-06

   38  0  1
4.999999999998256e-06
4.999999999998254e-06
4.999999999998254e-06
4.999999999998255e-06
4.999999999998254e-06

   39  0  0
4.999999999998256e-06
4.999999999998254e-06
4.999999999998254e-06
4.999999999998253e-06
4.999999999998252e-06

   39  0  1
4.999999999998256e-06
4.999999999998254e-06
4.999999999998254e-06
4.999999999998255e-06
4.999999999998254e-06

   40  0  0
4.999999999998256e-06
4.999999999998254e-06
4.999999999998254e-06
4.999999999998253e-06
4.999999999998252e-06

   40  0  1
4.999999999998256e-06
4.999999999998254e-06
4.999999999998254e-06
4.999999999998255e-06
4.999999999998254e-06

   41  0  0
4.999999999998256e-06
4.999999999998254e-06
4.999999999998254e-06
4.999999999998253e-06
4.999999999998252e-06

   41  0  1
4.999999999998256e-06
4.999999999998254e-06
4.999999999998254e-06
4.999999999998255e-06
4.999999999998254e-06

   42  0  0
4.999999999998256e-06
4.999999999998254e-06
4.999999999998254e-06
4.999999999998253e-06
4.999999999998252e-06

   42  0  1
4.999999999998256e-06
4.999999999998254e-06
4.999999999998254e-06
4.999999999998255e-06
4.999999999998254e-06

   43  0  0
4.999999999998256e-06
4.999999999998254e-06
4.999999999998254e-06
4.999999999998253e-06
4.999999999998252e-06

   43  0  1
4.999999999998256e-06
4.999999999998254e-06
4.999999999998254e-06
4.999999999998255e-06
4.999999999998254e-06

   44  0  0
4.999999999998256e-06
4.999999999998254e-06
4.999999999998254e-06
4.999999999998253e-06
4.999999999998252e-06

   44  0  1
4.999999999998256e-06
4.999999999998254e-06
4.999999999998254e-06
4.999999999998255e-06
4.999999999998254e-06

   45  0  0
4.999999999998256e-06
4.999999999998254e-06
4.999999999998254e-06
4.999999999998253e-06
4.999999999998252e-06

   45  0  1
4.999999999998256e-06
4.999999999998254e-06
4.999999999998254e-06
4.999999999998255e-06
4.999999999998254e-06

   46  0  0
4.999999999998256e-06
4.999999999998254e-06
4.999999999998254e-06
4.999999999998253e-06
4.999999999998252e-06

   46  0  1
4.999999999998256e-06
4.999999999998254e-06
4.999999999998254e-06
4.999999999998255e-06
4.999999999998254e-06

   47  0  0
4.999999999998256e-06
4.999999999998254e-06
4.999999999998254e-06
4.999999999998253e-06
4.999999999998252e-06

   47  0  1
4.999999999998256e-06
4.999999999998254e-06
4.999999999998254e-06
4.999999999998255e-06
4.999999999998254e-06

   48  0  0
4.999999999998256e-06
4.999999999998254e-06
4.999999999998254e-06
4.999999999998253e-06
4.999999999998252e-06

   48  0  1
4.999999999998256e-06
4.999999999998254e-06
4.999999999998254e-06
4.999999999998255e-06
4.999999999998254e-06

   49  0  0
4.999999999998256e-06
4.999999999998254e-06
4.999999999998254e-06
4.999999999998253e-06
4.999999999998252e-06

   49  0  1
4.999999999998256e-06
4.999999999998254e-06
4.999999999998254e-06
4.999999999998255e-06
4.999999999998254e-06

   50  0  0
4.999999999998256e-06
4.999999999998254e-06
4.999999999998254e-06
4.999999999998253e-06
4.999999999998252e-06

   50  0  1
4.999999999998256e-06
4.999999999998254e-06
4.999999999998254e-06
4.999999999998255e-06
4.999999999998254e-06

   51  0  0
4.999999999998256e-06
4.999999999998254e-06
4.999999999998254e-06
4.999999999998253e-06
4.999999999998252e-06

   51  0  1
4.999999999998256e-06
4.999999999998254e-06
4.999999999998254e-06
4.999999999998255e-06
4.999999999998254e-06

   52  0  0
4.999999999998256e-06
4.999999999998254e-06
4.999999999998254e-06
4.999999999998253e-06
4.999999999998252e-06

   52  0  1
4.999999999998256e-06
4.999999999998254e-06
4.999999999998254e-06
4.999999999998255e-06
4.999999999998254e-06

   53  0  0
4.999999999998256e-06
4.999999999998254e-06
4.999999999998254e-06
4.999999999998253e-06
4.999999999998252e-06

   53  0  1
4.999999999998256e-06
4.999999999998254e-06
4.999999999998254e-06
4.999999999998255e-06
4.999999999998254e-06

   54  0  0
4.999999999998256e-06
4.999999999998254e-06
4.999999999998254e-06
4.999999999998253e-06
4.999999999998252e-06

   54  0  1
4.999999999998256e-06
4.999999999998254e-06
4.999999999998254e-06
4.999999999998255e-06
4.999999999998254e-06

   55  0  0
4.999999999998256e-06
4.999999999998254e-06
4.999999999998254e-06
4.999999999998253e-06
4.999999999998252e-06

   55  0  1
4.999999999998256e-06
4.999999999998254e-06
4.999999999998254e-06
4.999999999998255e-06
4.999999999998254e-06

   56  0  0
4.999999999998256e-06
4.999999999998254e-06
4.999999999998254e-06
4.999999999998253e-06
4.999999999998252e-06

   56  0  1
4.999999999998256e-06
4.999999999998254e-06
4.999999999998254e-06
4.999999999998255e-06
4.999999999998254e-06

   57  0  0
4.999999999998256e-06
4.999999999998254e-06
4.999999999998254e-06
4.999999999998253e-06
4.999999999998252e-06

   57  0  1
4.999999999998256e-06
4.999999999998254e-06
4.999999999998254e-06
4.999999999998255e-06
4.999999999998254e-06

   58  0  0
4.999999999998256e-06
4.999999999998254e-06
4.999999999998254e-06
4.999999999998252e-06
4.999999999998252e-06

   58  0  1
4.999999999998256e-06
4.999999999998254e-06
4.999999999998254e-06
4.999999999998255e-06
4.999999999998254e-06

   59  0  0
4.999999999998256e-06
4.999999999998256e-06
4.999999999998254e-06
4.999999999998253e-06
4.999999999998254e-06

   59  0  1
4.999999999998256e-06
4.999999999998254e-06
4.999999999998254e-06
4.999999999998255e-06
4.999999999998254e-06

   60  0  0
4.999999999998256e-06
4.999999999998255e-06
4.999999999998254e-06
4.999999999998252e-06
4.999999999998252e-06

   60  0  1
4.999999999998256e-06
4.999999999998254e-06
4.999999999998254e-06
4.999999999998255e-06
4.999999999998254e-06

   61  0  0
4.999999999998257e-06
4.999999999998256e-06
4.999999999998254e-06
4.999999999998254e-06
4.999999999998254e-06

   61  0  1
4.999999999998256e-06
4.999999999998254e-06
4.999999999998254e-06
4.999999999998255e-06
4.999999999998254e-06

   62  0  0
4.999999999998256e-06
4.999999999998254e-06
4.999999999998254e-06
4.999999999998253e-06
4.999999999998250e-06

   62  0  1
4.999999999998256e-06
4.999999999998254e-06
4.999999999998254e-06
4.999999999998254e-06
4.999999999998251e-06

   63  0  0
4.999999999998256e-06
4.999999999998254e-06
4.999999999998254e-06
4.999999999998253e-06
4.999999999998252e-06

   63  0  1
4.999999999998254e-06
4.999999999998254e-06
4.999999999998254e-06
4.999999999998255e-06
4.999999999998255e-06

   64  0  0
4.999999999998256e-06
4.999999999998254e-06
4.999999999998254e-06
4.999999999998253e-06
4.999999999998252e-06

   64  0  1
4.999999999998256e-06
4.999999999998254e-06
4.999999999998254e-06
4.999999999998255e-06
4.999999999998255e-06

   65  0  0
4.999999999998256e-06
4.999999999998254e-06
4.999999999998254e-06
4.999999999998253e-06
4.999999999998252e-06

   65  0  1
4.999999999998255e-06
4.999999999998254e-06
4.999999999998254e-06
4.999999999998255e-06
4.999999999998254e-06

   66  0  0
4.999999999998256e-06
4.999999999998254e-06
4.999999999998254e-06
4.999999999998253e-06
4.999999999998252e-06

   66  0  1
4.999999999998256e-06
4.999999999998254e-06
4.999999999998254e-06
4.999999999998255e-06
4.999999999998254e-06

   67  0  0
4.999999999998256e-06
4.999999999998254e-06
4.999999999998254e-06
4.999999999998253e-06
4.999999999998252e-06

   67  0  1
4.999999999998256e-06
4.999999999998254e-06
4.999999999998254e-06
4.999999999998255e-06
4.999999999998254e-06

   68  0  0
4.999999999998256e-06
4.999999999998254e-06
4.999999999998254e-06
4.999999999998253e-06
4.999999999998252e-06

   68  0  1
4.999999999998256e-06
4.999999999998254e-06
4.999999999998254e-06
4.999999999998255e-06
4.999999999998254e-06

   69  0  0
4.999999999998256e-06
4.999999999998254e-06
4.999999999998254e-06
4.999999999998253e-06
4.999999999998252e-06

   69  0  1
4.999999999998256e-06
4.999999999998254e-06
4.999999999998254e-06
4.999999999998255e-06
4.999999999998254e-06

   70  0  0
4.999999999998256e-06
4.999999999998254e-06
4.999999999998254e-06
4.999999999998253e-06
4.999999999998252e-06

   70  0  1
4.999999999998256e-06
4.999999999998254e-06
4.999999999998254e-06
4.999999999998255e-06
4.999999999998254e-06

   71  0  0
4.999999999998256e-06
4.999999999998254e-06
4.999999999998254e-06
4.999999999998253e-06
4.999999999998252e-06

   71  0  1
4.999999999998256e-06
4.999999999998254e-06
4.999999999998254e-06
4.999999999998255e-06
4.999999999998254e-06

   72  0  0
4.999999999998256e-06
4.999999999998254e-06
4.999999999998254e-06
4.999999999998253e-06
4.999999999998252e-06

   72  0  1
4.999999999998256e-06
4.999999999998254e-06
4.999999999998254e-06
4.999999999998255e-06
4.999999999998254e-06

   73  0  0
4.999999999998256e-06
4.999999999998254e-06
4.999999999998254e-06
4.999999999998253e-06
4.999999999998252e-06

   73  0  1
4.999999999998256e-06
4.999999999998254e-06
4.999999999998254e-06
4.999999999998255e-06
4.999999999998254e-06

   74  0  0
4.999999999998256e-06
4.999999999998254e-06
4.999999999998255e-06
4.999999999998255e-06
4.999999999998309e-06

   74  0  1
4.999999999998256e-06
4.999999999998255e-06
4.999999999998254e-06
4.999999999998256e-06
4.999999999998254e-06

   75  0  0
4.999999999998630e-06
4.999999999998033e-06
4.999999999998599e-06
4.999999999996599e-06
4.999999999941155e-06

   75  0  1
4.999999999998081e-06
4.999999999998347e-06
4.999999999998139e-06
4.999999999998233e-06
4.999999999975713e-06

   76  0  0
4.999999999769319e-06
5.000000000153270e-06
4.999999999766541e-06
5.000000000860394e-06
5.000000027457161e-06

   76  0  1
5.000000000018561e-06
5.000000000000277e-06
4.999999999992990e-06
5.000000000050589e-06
5.000000011802758e-06

   77  0  0
5.000000103858308e-06
4.999999928576600e-06
5.000000107014434e-06
4.999999598816611e-06
4.999987731022003e-06

   77  0  1
4.999999989362831e-06
4.999999998936724e-06
5.000000002798945e-06
4.999999972151025e-06
4.999994169381060e-06

   78  0  0
4.999957246839233e-06
5.000030086832247e-06
4.999954768428836e-06
5.000171459546342e-06
5.004960174630282e-06

   78  0  1
5.000005259168615e-06
5.000000533066374e-06
4.999998586506545e-06
5.000014079308863e-06
5.002668951164266e-06

   79  0  0
5.015232438974522e-06
4.988873362258219e-06
5.016847469658193e-06
4.935247320531656e-06
3.258219409810857e-06

   79  0  1
4.997254787707708e-06
4.999919214905887e-06
5.000422685592096e-06
4.994045899169187e-06
3.878500060323659e-06

