#Cell  Group   Direction 
# Element_0
# Element_1
# Element_2
# Element_3
    0  0  0
1.821940174079777e-01
1.817511531830329e-01
1.810338434643286e-01
1.805901432845275e-01

    0  0  1
1.732050802497556e+00
1.731280195797640e+00
1.730031419335956e+00
1.729258469372926e+00

    1  0  0
1.805902058988185e-01
1.801466551724666e-01
1.794294367539941e-01
1.789865901444612e-01

    1  0  1
1.729258475692815e+00
1.728484602178911e+00
1.727230520866025e+00
1.726454240370395e+00

    2  0  0
1.789865316704123e-01
1.785436548269323e-01
1.778266694345637e-01
1.773830109756858e-01

    2  0  1
1.726454245226960e+00
1.725677022658779e+00
1.724417467529113e+00
1.723637775470354e+00

    3  0  0
1.773830413082217e-01
1.769390906338161e-01
1.762205201127600e-01
1.757765943397559e-01

    3  0  1
1.723637775173753e+00
1.722857122139984e+00
1.721591954404434e+00
1.720808767435175e+00

    4  0  0
1.757766106715104e-01
1.753330169970943e-01
1.746157087361261e-01
1.741724433111592e-01

    4  0  1
1.720808766992360e+00
1.720024599467910e+00
1.718753695558739e+00
1.717966927659804e+00

    5  0  0
1.741723820986630e-01
1.737286795629588e-01
1.730097259485054e-01
1.725646704922446e-01

    5  0  1
1.717966930212787e+00
1.717179151960342e+00
1.715902358783276e+00
1.715111912670115e+00

    6  0  0
1.725647476193141e-01
1.721196325104887e-01
1.713997416117460e-01
1.709554042696451e-01

    6  0  1
1.715111912519558e+00
1.714320438368255e+00
1.713037600690215e+00
1.712243388920389e+00

    7  0  0
1.709553641441551e-01
1.705113284425717e-01
1.697930589824512e-01
1.693488712053690e-01

    7  0  1
1.712243389169787e+00
1.711448117169969e+00
1.710159075676782e+00
1.709360993440230e+00

    8  0  0
1.693488507567172e-01
1.689042164810346e-01
1.681841355717107e-01
1.677389391251307e-01

    8  0  1
1.709361000415370e+00
1.708561823796819e+00
1.707266421321487e+00
1.706464360794278e+00

    9  0  0
1.677390055253682e-01
1.672941633580048e-01
1.665750483977478e-01
1.661309701108914e-01

    9  0  1
1.706464360874967e+00
1.705661177994266e+00
1.704359214585468e+00
1.703553069236623e+00

   10  0  0
1.661308839463692e-01
1.656864960882670e-01
1.649665259630748e-01
1.645207325702674e-01

   10  0  1
1.703553064876825e+00
1.702745776134333e+00
1.701437083330155e+00
1.700626737852580e+00

   11  0  0
1.645208056166378e-01
1.640747953464652e-01
1.633532076840042e-01
1.629077454044992e-01

   11  0  1
1.700626737757686e+00
1.699815214951770e+00
1.698499621221152e+00
1.697684966654743e+00

   12  0  0
1.629077265873433e-01
1.624626690793917e-01
1.617430001502092e-01
1.612981361714312e-01

   12  0  1
1.697684966722181e+00
1.696869099014680e+00
1.695546405429666e+00
1.694727318406182e+00

   13  0  0
1.612980916660492e-01
1.608527791267318e-01
1.601314744349046e-01
1.596853401914431e-01

   13  0  1
1.694727318467993e+00
1.693906984564453e+00
1.692576991607018e+00
1.691753347666756e+00

   14  0  0
1.596854181890347e-01
1.592395506710917e-01
1.585187428437930e-01
1.580737236853168e-01

   14  0  1
1.691753347564770e+00
1.690928421701600e+00
1.689590922726256e+00
1.688762592988776e+00

   15  0  0
1.580736433192692e-01
1.576284791923634e-01
1.569075902497337e-01
1.564614163999989e-01

   15  0  1
1.688762593160718e+00
1.687932944294711e+00
1.686587724662591e+00
1.685754573987751e+00

   16  0  0
1.564614738690948e-01
1.560151186418389e-01
1.552929463361102e-01
1.548470193641054e-01

   16  0  1
1.685754576623876e+00
1.684920066162205e+00
1.683566904247500e+00
1.682728792249216e+00

   17  0  0
1.548470060727311e-01
1.544013925848491e-01
1.536806568607577e-01
1.532350707711035e-01

   17  0  1
1.682728792488451e+00
1.681889282533413e+00
1.680527941458005e+00
1.679684722899846e+00

   18  0  0
1.532350361681408e-01
1.527890282363327e-01
1.520666491976169e-01
1.516198811794379e-01

   18  0  1
1.679684723194154e+00
1.678840066877307e+00
1.677470311401885e+00
1.676621838330575e+00

   19  0  0
1.516199479301453e-01
1.511734106704955e-01
1.504514988197752e-01
1.500058144161333e-01

   19  0  1
1.676621838494477e+00
1.675771886011798e+00
1.674393469920373e+00
1.673539587021713e+00

   20  0  0
1.500057466010034e-01
1.495600183798998e-01
1.488383839453588e-01
1.483918216765726e-01

   20  0  1
1.673539587491292e+00
1.672684180250755e+00
1.671296844893142e+00
1.670437391637250e+00

   21  0  0
1.483918592104295e-01
1.479450265255785e-01
1.472218760237780e-01
1.467752004780088e-01

   21  0  1
1.670437390393855e+00
1.669576370695749e+00
1.668179847862347e+00
1.667314655141574e+00

   22  0  0
1.467752113831992e-01
1.463289011158859e-01
1.456072515984753e-01
1.451613184859240e-01

   22  0  1
1.667314656680335e+00
1.666447848459253e+00
1.665041867985934e+00
1.664170764483745e+00

   23  0  0
1.451612636872890e-01
1.447149621085580e-01
1.439920722258839e-01
1.435448389182831e-01

   23  0  1
1.664170764662751e+00
1.663297994478625e+00
1.661882259030062e+00
1.661005061582834e+00

   24  0  0
1.435449120870448e-01
1.430978044148326e-01
1.423748875836443e-01
1.419286491628335e-01

   24  0  1
1.661005063202976e+00
1.660126147319766e+00
1.658700361216580e+00
1.657816882467993e+00

   25  0  0
1.419285927140887e-01
1.414824669653829e-01
1.407604516135617e-01
1.403137614230357e-01

   25  0  1
1.657816882640556e+00
1.656931633057857e+00
1.655495482333119e+00
1.654605527799105e+00

   26  0  0
1.403137748732227e-01
1.398667234946052e-01
1.391429883294889e-01
1.386957724269918e-01

   26  0  1
1.654605527990090e+00
1.653713748312024e+00
1.652266913795875e+00
1.651370282441795e+00

   27  0  0
1.386958095116776e-01
1.382489837852451e-01
1.375266797525544e-01
1.370805677176493e-01

   27  0  1
1.651370282624065e+00
1.650471769033551e+00
1.649013916246675e+00
1.648110398533194e+00

   28  0  0
1.370804974474915e-01
1.366341195224557e-01
1.359111615741071e-01
1.354637807028586e-01

   28  0  1
1.648110398837523e+00
1.647204939248035e+00
1.645735720863923e+00
1.644825099677319e+00

   29  0  0
1.354638506297915e-01
1.350164576538038e-01
1.342929271629344e-01
1.338463303176328e-01

   29  0  1
1.644825101143736e+00
1.643912475736793e+00
1.642431532476616e+00
1.641513580847701e+00

   30  0  0
1.338462969064221e-01
1.334000142154027e-01
1.326781224851095e-01
1.322317034739103e-01

   30  0  1
1.641513580967561e+00
1.640593561605395e+00
1.639100514852946e+00
1.638174998022915e+00

   31  0  0
1.322316767428791e-01
1.317847499540367e-01
1.310607287366981e-01
1.306128945365480e-01

   31  0  1
1.638174998189432e+00
1.637247347674641e+00
1.635741811117389e+00
1.634808485859223e+00

   32  0  0
1.306129720994994e-01
1.301654352011529e-01
1.294421511964410e-01
1.289958408976053e-01

   32  0  1
1.634808486052859e+00
1.633872958124114e+00
1.632354527517250e+00
1.631413140557457e+00

   33  0  0
1.289957602059712e-01
1.285495123737314e-01
1.278271607027422e-01
1.273801428143107e-01

   33  0  1
1.631413142020502e+00
1.630469479576680e+00
1.628937735222416e+00
1.627988022590741e+00

   34  0  0
1.273801831125010e-01
1.269328859980796e-01
1.262090485937933e-01
1.257620546359775e-01

   34  0  1
1.627988022786661e+00
1.627035960464808e+00
1.625490462676304e+00
1.624532150773639e+00

   35  0  0
1.257620685310016e-01
1.253155371324542e-01
1.245936246472541e-01
1.241475141054603e-01

   35  0  1
1.624532151126293e+00
1.623571412544193e+00
1.622011710389470e+00
1.621044516217462e+00

   36  0  0
1.241474537990578e-01
1.237009247371360e-01
1.229776710640693e-01
1.225302882504632e-01

   36  0  1
1.621044519107787e+00
1.620074815934339e+00
1.618500437804902e+00
1.617524063625634e+00

   37  0  0
1.225303727346858e-01
1.220832561721428e-01
1.213605576304152e-01
1.209145574708684e-01

   37  0  1
1.617524063875301e+00
1.616545096791211e+00
1.614955546809405e+00
1.613969683952608e+00

   38  0  0
1.209144849038764e-01
1.204685680976006e-01
1.197468340239621e-01
1.193002762621219e-01

   38  0  1
1.613969684200989e+00
1.612981142966785e+00
1.611375914827586e+00
1.610380245040150e+00

   39  0  0
1.193003056456709e-01
1.188534529543522e-01
1.181302282164775e-01
1.176834929031200e-01

   39  0  1
1.610380245190431e+00
1.609381806606025e+00
1.607760369307139e+00
1.606754560011072e+00

   40  0  0
1.176835196338537e-01
1.172372492920328e-01
1.165159325338935e-01
1.160704217649608e-01

   40  0  1
1.606754560271326e+00
1.605745887546934e+00
1.604107688877969e+00
1.603091393498201e+00

   41  0  0
1.160703527447612e-01
1.156245589510267e-01
1.149025662574640e-01
1.144558432457293e-01

   41  0  1
1.603091393650809e+00
1.602072136988894e+00
1.600416601972674e+00
1.599389460348839e+00

   42  0  0
1.144559203343009e-01
1.140092922852987e-01
1.132872137392966e-01
1.128416372883584e-01

   42  0  1
1.599389461968897e+00
1.598359255460449e+00
1.596685786095015e+00
1.595647421852793e+00

   43  0  0
1.128415929886150e-01
1.123963536921078e-01
1.116761733230159e-01
1.112308002999564e-01

   43  0  1
1.595647422374778e+00
1.594605886549494e+00
1.592913856256637e+00
1.591863878714572e+00

   44  0  0
1.112307822311855e-01
1.107849397287248e-01
1.100628075287421e-01
1.096162726530327e-01

   44  0  1
1.591863878873911e+00
1.590810620535211e+00
1.589099383616482e+00
1.588037386422982e+00

   45  0  0
1.096163484071145e-01
1.091702162625345e-01
1.084493796161033e-01
1.080046458098448e-01

   45  0  1
1.588037386966445e+00
1.586971992495473e+00
1.585240872514355e+00
1.584166431974382e+00

   46  0  0
1.080045584084831e-01
1.075598768217139e-01
1.068400512883464e-01
1.063946031414645e-01

   46  0  1
1.584166432175451e+00
1.583088475178636e+00
1.581336769234740e+00
1.580249443793062e+00

   47  0  0
1.063946558813671e-01
1.059490233336638e-01
1.052281140340806e-01
1.047831041236116e-01

   47  0  1
1.580249444004556e+00
1.579158476496093e+00
1.577385449811411e+00
1.576284778781583e+00

   48  0  0
1.047831053925233e-01
1.043386180069976e-01
1.036200878409996e-01
1.031760654869892e-01

   48  0  1
1.576284779054181e+00
1.575180335001350e+00
1.573385222052882e+00
1.572270725505902e+00

   49  0  0
1.031760125160106e-01
1.027316034528174e-01
1.020118920012748e-01
1.015668132644108e-01

   49  0  1
1.572270725721158e+00
1.571152320741629e+00
1.569334325844411e+00
1.568205503983793e+00

   50  0  0
1.015668966175510e-01
1.011221836337586e-01
1.004036147894525e-01
9.996032824145354e-02

   50  0  1
1.568205507290174e+00
1.567072632733484e+00
1.565230924713720e+00
1.564087252364338e+00

   51  0  0
9.996025643396271e-02
9.951718704985194e-02
9.880025204094607e-02
9.835670248182118e-02

   51  0  1
1.564087254378824e+00
1.562939378232419e+00
1.561073075927348e+00
1.559914005271424e+00

   52  0  0
9.835671520049094e-02
9.791273718584025e-02
9.719382529534297e-02
9.674952224450026e-02

   52  0  1
1.559914005560933e+00
1.558750579211790e+00
1.556858780692698e+00
1.555683744920557e+00

   53  0  0
9.674958514104273e-02
9.630583181296862e-02
9.558902335341651e-02
9.514676574336199e-02

   53  0  1
1.555683745159454e+00
1.554504192919537e+00
1.552585954456527e+00
1.551394360034008e+00

   54  0  0
9.514666728115495e-02
9.470434066482876e-02
9.398817368894651e-02
9.354497815545156e-02

   54  0  1
1.551394362188489e+00
1.550198080745279e+00
1.548252413481862e+00
1.547043637942998e+00

   55  0  0
9.354506247989965e-02
9.310190966393604e-02
9.238548653848626e-02
9.194354420373123e-02

   55  0  1
1.547043638280766e+00
1.545829999512273e+00
1.543855865148184e+00
1.542629259091347e+00

   56  0  0
9.194350326923556e-02
9.150202927545555e-02
9.078814210235965e-02
9.034673590862850e-02

   56  0  1
1.542629259390042e+00
1.541397606496090e+00
1.539393927844478e+00
1.538148813478226e+00

   57  0  0
9.034672053785045e-02
8.990495208314812e-02
8.918977315056620e-02
8.874784183318850e-02

   57  0  1
1.538148813687457e+00
1.536898459706619e+00
1.534864106548792e+00
1.533599774416011e+00

   58  0  0
8.874790745525762e-02
8.830653925158678e-02
8.759355591973345e-02
8.715361798337840e-02

   58  0  1
1.533599778759232e+00
1.532330002511099e+00
1.530263795492454e+00
1.528979499253383e+00

   59  0  0
8.715353317472931e-02
8.671358425545579e-02
8.600140250046251e-02
8.556076973073554e-02

   59  0  1
1.528979499535873e+00
1.527689546559647e+00
1.525590231064016e+00
1.524285191592719e+00

   60  0  0
8.556083305273296e-02
8.512016834132237e-02
8.440758232676847e-02
8.396786809867099e-02

   60  0  1
1.524285196270759e+00
1.522974279174685e+00
1.520840573302182e+00
1.519513975046965e+00

   61  0  0
8.396785996086922e-02
8.352873991651483e-02
8.281908366306338e-02
8.238067560343522e-02

   61  0  1
1.519513975520866e+00
1.518181265816247e+00
1.516011792304141e+00
1.514662778954259e+00

   62  0  0
8.238062508104198e-02
8.194192985840695e-02
8.123162061704928e-02
8.079242029921709e-02

   62  0  1
1.514662779362383e+00
1.513307415020160e+00
1.511100761671775e+00
1.509728441254949e+00

   63  0  0
8.079250484429470e-02
8.035372965506232e-02
7.964492194013251e-02
7.920778061570805e-02

   63  0  1
1.509728446269128e+00
1.508349515766126e+00
1.506104190175584e+00
1.504707619790407e+00

   64  0  0
7.920770622211504e-02
7.877084822538680e-02
7.806413143818444e-02
7.762702980963379e-02

   64  0  1
1.504707620905115e+00
1.503304171324459e+00
1.501018589537357e+00
1.499596780807945e+00

   65  0  0
7.762705676192704e-02
7.718976570451687e-02
7.648227898432269e-02
7.604547028698197e-02

   65  0  1
1.499596781905417e+00
1.498167816100921e+00
1.495840342530519e+00
1.494392262651856e+00

   66  0  0
7.604550620211378e-02
7.560938832315613e-02
7.490499464959569e-02
7.447026327665608e-02

   66  0  1
1.494392263794584e+00
1.492936731147333e+00
1.490565635014781e+00
1.489090194909286e+00

   67  0  0
7.447018306784982e-02
7.403534369154802e-02
7.333138660650367e-02
7.289595041784828e-02

   67  0  1
1.489090195635473e+00
1.487606992984140e+00
1.485190454631651e+00
1.483686507855673e+00

   68  0  0
7.289603370442950e-02
7.246082491386002e-02
7.175756669331199e-02
7.132389060151270e-02

   68  0  1
1.483686508553292e+00
1.482174471534163e+00
1.479710572806248e+00
1.478176913999759e+00

   69  0  0
7.132384792028520e-02
7.089074240490473e-02
7.019068703153071e-02
6.975805221606028e-02

   69  0  1
1.478176914692110e+00
1.476634822140337e+00
1.474121550611302e+00
1.472556909818706e+00

   70  0  0
6.975803207601507e-02
6.932516387378465e-02
6.862458098669338e-02
6.819173833497376e-02

   70  0  1
1.472556911180439e+00
1.470983471525677e+00
1.468418699562916e+00
1.466821738779363e+00

   71  0  0
6.819181126410076e-02
6.775963017879701e-02
6.706180925931848e-02
6.663149815001577e-02

   71  0  1
1.466821739711578e+00
1.465215599440155e+00
1.462597090693682e+00
1.460966398686272e+00

   72  0  0
6.663140987380363e-02
6.620127871251325e-02
6.550531564645352e-02
6.507485050310770e-02

   72  0  1
1.460966399580311e+00
1.459326123710913e+00
1.456651510997891e+00
1.454985598553299e+00

   73  0  0
6.507490808381858e-02
6.464446662786111e-02
6.394857174074085e-02
6.351929600004265e-02

   73  0  1
1.454985599463890e+00
1.453309677922239e+00
1.450576470345664e+00
1.448873764237021e+00

   74  0  0
6.351930068374168e-02
6.309081317297738e-02
6.239882221830315e-02
6.197165442032343e-02

   74  0  1
1.448873765349584e+00
1.447160598600118e+00
1.444366155585733e+00
1.442624991435451e+00

   75  0  0
6.197158942580121e-02
6.154429518954881e-02
6.085268350832340e-02
6.042511589177154e-02

   75  0  1
1.442624992437215e+00
1.440872891473070e+00
1.438014422496689e+00
1.436233040440954e+00

   76  0  0
6.042520695050806e-02
5.999814603340501e-02
5.930856459134082e-02
5.888356189523915e-02

   76  0  1
1.436233041720830e+00
1.434440217648889e+00
1.431514768450935e+00
1.429691303426694e+00

   77  0  0
5.888349269304834e-02
5.845903124420329e-02
5.777287370851426e-02
5.734874636622640e-02

   77  0  1
1.429691305223449e+00
1.427855862685960e+00
1.424860301610408e+00
1.422992780843577e+00

   78  0  0
5.734875753978028e-02
5.692452988891456e-02
5.623835644839969e-02
5.581479889409184e-02

   78  0  1
1.422992809002321e+00
1.421112716759438e+00
1.418043734852686e+00
1.416130049263608e+00

   79  0  0
5.581485608365907e-02
5.539217429019471e-02
5.470999844263536e-02
5.428938077104484e-02

   79  0  1
1.416130051867672e+00
1.414203195515046e+00
1.411057192665379e+00
1.409095097577151e+00

   80  0  0
5.428929101941788e-02
5.386881852250403e-02
5.318853858448197e-02
5.276789409238805e-02

   80  0  1
1.409095127078543e+00
1.407119214822728e+00
1.403892502831632e+00
1.401879635789156e+00

   81  0  0
5.276797687391008e-02
5.234763788539655e-02
5.166866545014725e-02
5.125020427570873e-02

   81  0  1
1.401879638866319e+00
1.399852273859069e+00
1.396540780524653e+00
1.394474595867349e+00

   82  0  0
5.125018000362561e-02
5.083258999658163e-02
5.015829417553024e-02
4.974200005907246e-02

   82  0  1
1.394474597911866e+00
1.392393212856869e+00
1.388992737539559e+00
1.386870562004988e+00

   83  0  0
4.974195607503733e-02
4.932559708563465e-02
4.865197949452993e-02
4.823586592609352e-02

   83  0  1
1.386870564825709e+00
1.384732409745125e+00
1.381238399503385e+00
1.379057356297417e+00

   84  0  0
4.823595481590227e-02
4.782063242303501e-02
4.715053475282898e-02
4.673777741524397e-02

   84  0  1
1.379057358712106e+00
1.376859508167529e+00
1.373267109029495e+00
1.371024118663263e+00

   85  0  0
4.673769190212813e-02
4.632549561472520e-02
4.565924381257794e-02
4.524747182729475e-02

   85  0  1
1.371024122164702e+00
1.368763432820984e+00
1.365067436471913e+00
1.362759204360534e+00

   86  0  0
4.524750917468234e-02
4.483585617413818e-02
4.417057374487236e-02
4.376035275611256e-02

   86  0  1
1.362759207019301e+00
1.360432326923738e+00
1.356627163874867e+00
1.354250154172983e+00

   87  0  0
4.376038488633967e-02
4.335124058327484e-02
4.269127827755119e-02
4.228445791449278e-02

   87  0  1
1.354250156978886e+00
1.351853476365780e+00
1.347933154540466e+00
1.345483570489321e+00

   88  0  0
4.228437136188046e-02
4.187773452658476e-02
4.122006201674554e-02
4.081364204041169e-02

   88  0  1
1.345483604489247e+00
1.343013221036822e+00
1.338971309443568e+00
1.336445046169597e+00

   89  0  0
4.081373957847115e-02
4.040794451994650e-02
3.975314002080326e-02
3.934997917088971e-02

   89  0  1
1.336445050460757e+00
1.333896798006605e+00
1.329726260314266e+00
1.327118881521499e+00

   90  0  0
3.934993189388172e-02
3.894776311914671e-02
3.829860295890988e-02
3.789789356555901e-02

   90  0  1
1.327118885633192e+00
1.324488264984204e+00
1.320181671182241e+00
1.317488438656545e+00

   91  0  0
3.789787084542851e-02
3.749726597568844e-02
3.684965478691490e-02
3.645006165214016e-02

   91  0  1
1.317488443249489e+00
1.314770583364033e+00
1.310319821311155e+00
1.307535574581836e+00

   92  0  0
3.645013978722007e-02
3.605165191992116e-02
3.540935200264579e-02
3.501401668917021e-02

   92  0  1
1.307535579171597e+00
1.304725204353082e+00
1.300121478756659e+00
1.297240621480713e+00

   93  0  0
3.501392093490818e-02
3.461922183130797e-02
3.398150255619627e-02
3.358754048090654e-02

   93  0  1
1.297240665041551e+00
1.294332012910652e+00
1.289565775925887e+00
1.286582192635460e+00

   94  0  0
3.358760978601369e-02
3.319410667737273e-02
3.255891788548831e-02
3.216778292011794e-02

   94  0  1
1.286582201156146e+00
1.283569032841472e+00
1.278629745383281e+00
1.275536764530068e+00

   95  0  0
3.216779297412206e-02
3.177799557245647e-02
3.114979069667319e-02
3.076277406303822e-02

   95  0  1
1.275536769520754e+00
1.272412305731778e+00
1.267288690739707e+00
1.264079089920005e+00

   96  0  0
3.076268960526316e-02
3.037598664390825e-02
2.975103690911318e-02
2.936526569804540e-02

   96  0  1
1.264079145953930e+00
1.260835911992428e+00
1.255515540403891e+00
1.252181277393575e+00

   97  0  0
2.936537139200736e-02
2.898061763223740e-02
2.836063203205553e-02
2.797943556019657e-02

   97  0  1
1.252181287605826e+00
1.248810990995346e+00
1.243279820820052e+00
1.239812072543042e+00

   98  0  0
2.797937788586248e-02
2.759941383456972e-02
2.698658288532885e-02
2.660851376795976e-02

   98  0  1
1.239812083472360e+00
1.236305774981239e+00
1.230548876515115e+00
1.226938000994954e+00

   99  0  0
2.660851570365032e-02
2.623086954299737e-02
2.562119784741927e-02
2.524563292353967e-02

   99  0  1
1.226938013617657e+00
1.223285714754937e+00
1.217286328248655e+00
1.213521569233570e+00

  100  0  0
2.524568773757273e-02
2.487159498919982e-02
2.426956135639981e-02
2.389955308385289e-02

  100  0  1
1.213521583866789e+00
1.209712219092883e+00
1.203451715834979e+00
1.199521100159841e+00

  101  0  0
2.389944224284520e-02
2.353026476502135e-02
2.293434189356226e-02
2.256661959999824e-02

  101  0  1
1.199521117285461e+00
1.195542343758320e+00
1.188999931693100e+00
1.184890074048423e+00

  102  0  0
2.256672187718536e-02
2.219995708189457e-02
2.160899051882970e-02
2.124576483520894e-02

  102  0  1
1.184890094378770e+00
1.180728095049610e+00
1.173880456507162e+00
1.169576316633641e+00

  103  0  0
2.124577233759989e-02
2.088434985262897e-02
2.030288555004962e-02
1.994513575213983e-02

  103  0  1
1.169576344498743e+00
1.165215561096525e+00
1.158036399570784e+00
1.153521005854956e+00

  104  0  0
1.994503639008262e-02
1.958787656227569e-02
1.901165586311719e-02
1.865676182628523e-02

  104  0  1
1.153521034600317e+00
1.148943934398366e+00
1.141403528365703e+00
1.136657597779507e+00

  105  0  0
1.865683813567673e-02
1.830339474419548e-02
1.773514649120760e-02
1.738665361806040e-02

  105  0  1
1.136657635067462e+00
1.131844170983185e+00
1.123908491235076e+00
1.118909965556068e+00

  106  0  0
1.738661200372883e-02
1.703986209614279e-02
1.648153359530551e-02
1.613751724027312e-02

  106  0  1
1.118910012556584e+00
1.113837297582462e+00
1.105467381780648e+00
1.100190885425645e+00

  107  0  0
1.613758734102271e-02
1.579471818554943e-02
1.524267378853372e-02
1.490350094857968e-02

  107  0  1
1.100190941803889e+00
1.094832540215962e+00
1.085983244019723e+00
1.080399310647123e+00

  108  0  0
1.490350852768140e-02
1.456635128065998e-02
1.402560057433257e-02
1.369445485083831e-02

  108  0  1
1.080399377054104e+00
1.074724547847755e+00
1.065343201440239e+00
1.059417309188646e+00

  109  0  0
1.369425894437354e-02
1.336418195425935e-02
1.283262041657756e-02
1.250566692848307e-02

  109  0  1
1.059417398813167e+00
1.053389975143165e+00
1.043414422354322e+00
1.037105741435386e+00

  110  0  0
1.250582789463968e-02
1.218068743583075e-02
1.165841734619839e-02
1.133841876897147e-02

  110  0  1
1.037105856877579e+00
1.030683004328748e+00
1.020039287392384e+00
1.013298958902674e+00

  111  0  0
1.133853997782375e-02
1.102158565187850e-02
1.051383047740440e-02
1.020228925925877e-02

  111  0  1
1.013299110758331e+00
1.006429344559737e+00
9.950281581968823e-01
9.877969088620410e-01

  112  0  0
1.020215083232622e-02
9.891894299640085e-03
9.393847186145565e-03
9.088899685195892e-03

  112  0  1
9.877971136877792e-01
9.804177258515084e-01
9.681496941423023e-01
9.603545014072296e-01

  113  0  0
9.088790569753806e-03
8.785636379724975e-03
8.300890367616972e-03
8.005951356741732e-03

  113  0  1
9.603547858765392e-01
9.523881466980038e-01
9.391169851187264e-01
9.306662277108124e-01

  114  0  0
8.005930633438397e-03
7.713773667036030e-03
7.245252371561420e-03
6.957595424812506e-03

  114  0  1
9.306666368430775e-01
9.220147798935038e-01
9.075671702376947e-01
8.983433560936911e-01

  115  0  0
6.957971454147762e-03
6.673686271445933e-03
6.219256077356618e-03
5.941421017158864e-03

  115  0  1
8.983439702080717e-01
8.888803818857377e-01
8.730304072590267e-01
8.628788222323572e-01

  116  0  0
5.941418869141540e-03
5.667227189683488e-03
5.232688418420350e-03
4.969852674058446e-03

  116  0  1
8.628797941168583e-01
8.524364247509323e-01
8.348805415353062e-01
8.235906558565104e-01

  117  0  0
4.969221843210875e-03
4.707516953701381e-03
4.290209817911162e-03
4.037604319489419e-03

  117  0  1
8.235923008106640e-01
8.119379260838262e-01
7.922524285574115e-01
7.795255506025561e-01

  118  0  0
4.037731970066967e-03
3.788551188634395e-03
3.392150950585111e-03
3.152227363289394e-03

  118  0  1
7.795285740022889e-01
7.663303712521695e-01
7.438938167742555e-01
7.292820070914224e-01

  119  0  0
3.152979625823036e-03
2.920747090466124e-03
2.555216223172884e-03
2.332954614010585e-03

  119  0  1
7.292884513097903e-01
7.140365420110719e-01
6.878733174309648e-01
6.706518745982016e-01

  120  0  0
2.332989653374039e-03
2.115920625555946e-03
1.778204649071295e-03
1.578160010395913e-03

  120  0  1
6.706688302325535e-01
6.525115819158761e-01
6.209371835386247e-01
5.997955609228957e-01

  121  0  0
1.577122638174128e-03
1.379849702646594e-03
1.077408215022658e-03
9.057319974112043e-04

  121  0  1
5.998529499874273e-01
5.771633217660608e-01
5.368135669498552e-01
5.088929307844159e-01

  122  0  0
9.053944941195340e-04
7.408290295270575e-04
4.904428197198110e-04
3.479434311001433e-04

  122  0  1
5.087750824090850e-01
4.782288876537262e-01
4.201930158871806e-01
3.755351256085865e-01

  123  0  0
3.497571170098858e-04
2.263744818769997e-04
6.873182698778743e-05
1.962335751290384e-06

  123  0  1
3.370444463848585e-01
3.395137047279422e-01
1.842727830426240e-01
2.553103974898963e-02

  124  0  0
5.752371066372466e-06
5.006430048352633e-06
4.996558613392183e-06
5.005839679895112e-06

  124  0  1
6.619131887189491e-03
2.301338454383888e-04
-7.197143429144384e-05
1.025295823937746e-04

  125  0  0
5.000271411340096e-06
4.999963826598754e-06
5.000004187568344e-06
5.000013146779954e-06

  125  0  1
2.609410706467201e-05
5.697902543559864e-06
4.759752014676471e-06
5.305573928983575e-06

  126  0  0
4.999984694095122e-06
4.999999725151139e-06
5.000000033403561e-06
5.000000111628761e-06

  126  0  1
5.064720384782176e-06
5.002063339632918e-06
4.999286675501243e-06
5.000918211711020e-06

  127  0  0
4.999999866703978e-06
4.999999998226455e-06
5.000000000214073e-06
5.000000000729786e-06

  127  0  1
5.000184985412398e-06
5.000005609053282e-06
4.999998087082477e-06
5.000002460510644e-06

  128  0  0
4.999999999126094e-06
4.999999999986868e-06
4.999999999999644e-06
5.000000000002880e-06

  128  0  1
5.000000472121142e-06
5.000000018019951e-06
4.999999994381970e-06
5.000000006229159e-06

  129  0  0
4.999999999992725e-06
4.999999999998179e-06
4.999999999998265e-06
4.999999999998281e-06

  129  0  1
5.000000001790112e-06
5.000000000125717e-06
4.999999999959436e-06
5.000000000035397e-06

  130  0  0
4.999999999998217e-06
4.999999999998254e-06
4.999999999998256e-06
4.999999999998256e-06

  130  0  1
5.000000000015082e-06
4.999999999999346e-06
4.999999999997890e-06
4.999999999998655e-06

  131  0  0
4.999999999998251e-06
4.999999999998255e-06
4.999999999998254e-06
4.999999999998255e-06

  131  0  1
4.999999999998400e-06
4.999999999998260e-06
4.999999999998254e-06
4.999999999998257e-06

  132  0  0
4.999999999998253e-06
4.999999999998255e-06
4.999999999998254e-06
4.999999999998255e-06

  132  0  1
4.999999999998256e-06
4.999999999998253e-06
4.999999999998255e-06
4.999999999998253e-06

  133  0  0
4.999999999998253e-06
4.999999999998255e-06
4.999999999998254e-06
4.999999999998255e-06

  133  0  1
4.999999999998256e-06
4.999999999998253e-06
4.999999999998255e-06
4.999999999998253e-06

  134  0  0
4.999999999998253e-06
4.999999999998255e-06
4.999999999998254e-06
4.999999999998255e-06

  134  0  1
4.999999999998255e-06
4.999999999998253e-06
4.999999999998255e-06
4.999999999998254e-06

  135  0  0
4.999999999998253e-06
4.999999999998255e-06
4.999999999998254e-06
4.999999999998255e-06

  135  0  1
4.999999999998256e-06
4.999999999998253e-06
4.999999999998255e-06
4.999999999998254e-06

  136  0  0
4.999999999998253e-06
4.999999999998255e-06
4.999999999998254e-06
4.999999999998255e-06

  136  0  1
4.999999999998256e-06
4.999999999998253e-06
4.999999999998255e-06
4.999999999998254e-06

  137  0  0
4.999999999998253e-06
4.999999999998255e-06
4.999999999998254e-06
4.999999999998255e-06

  137  0  1
4.999999999998255e-06
4.999999999998253e-06
4.999999999998255e-06
4.999999999998253e-06

  138  0  0
4.999999999998253e-06
4.999999999998255e-06
4.999999999998254e-06
4.999999999998255e-06

  138  0  1
4.999999999998255e-06
4.999999999998253e-06
4.999999999998255e-06
4.999999999998254e-06

  139  0  0
4.999999999998253e-06
4.999999999998255e-06
4.999999999998254e-06
4.999999999998255e-06

  139  0  1
4.999999999998256e-06
4.999999999998253e-06
4.999999999998255e-06
4.999999999998253e-06

  140  0  0
4.999999999998253e-06
4.999999999998255e-06
4.999999999998254e-06
4.999999999998255e-06

  140  0  1
4.999999999998256e-06
4.999999999998253e-06
4.999999999998255e-06
4.999999999998254e-06

  141  0  0
4.999999999998253e-06
4.999999999998255e-06
4.999999999998254e-06
4.999999999998255e-06

  141  0  1
4.999999999998256e-06
4.999999999998253e-06
4.999999999998255e-06
4.999999999998253e-06

  142  0  0
4.999999999998253e-06
4.999999999998255e-06
4.999999999998254e-06
4.999999999998255e-06

  142  0  1
4.999999999998256e-06
4.999999999998253e-06
4.999999999998255e-06
4.999999999998254e-06

  143  0  0
4.999999999998253e-06
4.999999999998255e-06
4.999999999998254e-06
4.999999999998255e-06

  143  0  1
4.999999999998255e-06
4.999999999998253e-06
4.999999999998255e-06
4.999999999998253e-06

  144  0  0
4.999999999998253e-06
4.999999999998255e-06
4.999999999998254e-06
4.999999999998255e-06

  144  0  1
4.999999999998256e-06
4.999999999998253e-06
4.999999999998255e-06
4.999999999998254e-06

  145  0  0
4.999999999998253e-06
4.999999999998255e-06
4.999999999998254e-06
4.999999999998255e-06

  145  0  1
4.999999999998256e-06
4.999999999998253e-06
4.999999999998255e-06
4.999999999998254e-06

  146  0  0
4.999999999998253e-06
4.999999999998255e-06
4.999999999998254e-06
4.999999999998255e-06

  146  0  1
4.999999999998256e-06
4.999999999998253e-06
4.999999999998255e-06
4.999999999998254e-06

  147  0  0
4.999999999998253e-06
4.999999999998255e-06
4.999999999998254e-06
4.999999999998255e-06

  147  0  1
4.999999999998256e-06
4.999999999998253e-06
4.999999999998255e-06
4.999999999998254e-06

  148  0  0
4.999999999998253e-06
4.999999999998255e-06
4.999999999998254e-06
4.999999999998255e-06

  148  0  1
4.999999999998256e-06
4.999999999998253e-06
4.999999999998255e-06
4.999999999998254e-06

  149  0  0
4.999999999998253e-06
4.999999999998255e-06
4.999999999998254e-06
4.999999999998255e-06

  149  0  1
4.999999999998256e-06
4.999999999998253e-06
4.999999999998255e-06
4.999999999998254e-06

  150  0  0
4.999999999998253e-06
4.999999999998255e-06
4.999999999998254e-06
4.999999999998255e-06

  150  0  1
4.999999999998256e-06
4.999999999998253e-06
4.999999999998255e-06
4.999999999998254e-06

  151  0  0
4.999999999998253e-06
4.999999999998255e-06
4.999999999998254e-06
4.999999999998255e-06

  151  0  1
4.999999999998256e-06
4.999999999998253e-06
4.999999999998255e-06
4.999999999998254e-06

  152  0  0
4.999999999998253e-06
4.999999999998255e-06
4.999999999998254e-06
4.999999999998255e-06

  152  0  1
4.999999999998256e-06
4.999999999998253e-06
4.999999999998255e-06
4.999999999998254e-06

  153  0  0
4.999999999998253e-06
4.999999999998255e-06
4.999999999998254e-06
4.999999999998255e-06

  153  0  1
4.999999999998256e-06
4.999999999998253e-06
4.999999999998255e-06
4.999999999998254e-06

  154  0  0
4.999999999998253e-06
4.999999999998255e-06
4.999999999998254e-06
4.999999999998255e-06

  154  0  1
4.999999999998256e-06
4.999999999998253e-06
4.999999999998255e-06
4.999999999998254e-06

  155  0  0
4.999999999998253e-06
4.999999999998255e-06
4.999999999998254e-06
4.999999999998255e-06

  155  0  1
4.999999999998256e-06
4.999999999998253e-06
4.999999999998255e-06
4.999999999998254e-06

  156  0  0
4.999999999998253e-06
4.999999999998255e-06
4.999999999998254e-06
4.999999999998255e-06

  156  0  1
4.999999999998256e-06
4.999999999998253e-06
4.999999999998255e-06
4.999999999998254e-06

  157  0  0
4.999999999998253e-06
4.999999999998255e-06
4.999999999998254e-06
4.999999999998255e-06

  157  0  1
4.999999999998256e-06
4.999999999998253e-06
4.999999999998255e-06
4.999999999998254e-06

  158  0  0
4.999999999998253e-06
4.999999999998255e-06
4.999999999998254e-06
4.999999999998255e-06

  158  0  1
4.999999999998256e-06
4.999999999998253e-06
4.999999999998255e-06
4.999999999998254e-06

  159  0  0
4.999999999998253e-06
4.999999999998255e-06
4.999999999998254e-06
4.999999999998255e-06

  159  0  1
4.999999999998256e-06
4.999999999998253e-06
4.999999999998255e-06
4.999999999998254e-06

  160  0  0
4.999999999998253e-06
4.999999999998255e-06
4.999999999998254e-06
4.999999999998255e-06

  160  0  1
4.999999999998256e-06
4.999999999998253e-06
4.999999999998255e-06
4.999999999998254e-06

  161  0  0
4.999999999998253e-06
4.999999999998255e-06
4.999999999998254e-06
4.999999999998255e-06

  161  0  1
4.999999999998256e-06
4.999999999998253e-06
4.999999999998255e-06
4.999999999998254e-06

  162  0  0
4.999999999998253e-06
4.999999999998255e-06
4.999999999998254e-06
4.999999999998255e-06

  162  0  1
4.999999999998256e-06
4.999999999998253e-06
4.999999999998255e-06
4.999999999998254e-06

  163  0  0
4.999999999998253e-06
4.999999999998255e-06
4.999999999998254e-06
4.999999999998255e-06

  163  0  1
4.999999999998256e-06
4.999999999998253e-06
4.999999999998255e-06
4.999999999998254e-06

  164  0  0
4.999999999998253e-06
4.999999999998255e-06
4.999999999998254e-06
4.999999999998255e-06

  164  0  1
4.999999999998256e-06
4.999999999998253e-06
4.999999999998255e-06
4.999999999998254e-06

  165  0  0
4.999999999998253e-06
4.999999999998255e-06
4.999999999998254e-06
4.999999999998255e-06

  165  0  1
4.999999999998256e-06
4.999999999998253e-06
4.999999999998255e-06
4.999999999998254e-06

  166  0  0
4.999999999998253e-06
4.999999999998255e-06
4.999999999998254e-06
4.999999999998255e-06

  166  0  1
4.999999999998256e-06
4.999999999998253e-06
4.999999999998255e-06
4.999999999998254e-06

  167  0  0
4.999999999998253e-06
4.999999999998255e-06
4.999999999998254e-06
4.999999999998255e-06

  167  0  1
4.999999999998256e-06
4.999999999998253e-06
4.999999999998255e-06
4.999999999998254e-06

  168  0  0
4.999999999998253e-06
4.999999999998255e-06
4.999999999998254e-06
4.999999999998255e-06

  168  0  1
4.999999999998256e-06
4.999999999998253e-06
4.999999999998255e-06
4.999999999998254e-06

  169  0  0
4.999999999998253e-06
4.999999999998255e-06
4.999999999998254e-06
4.999999999998255e-06

  169  0  1
4.999999999998256e-06
4.999999999998253e-06
4.999999999998255e-06
4.999999999998254e-06

  170  0  0
4.999999999998253e-06
4.999999999998255e-06
4.999999999998254e-06
4.999999999998255e-06

  170  0  1
4.999999999998256e-06
4.999999999998253e-06
4.999999999998255e-06
4.999999999998254e-06

  171  0  0
4.999999999998253e-06
4.999999999998255e-06
4.999999999998254e-06
4.999999999998255e-06

  171  0  1
4.999999999998256e-06
4.999999999998253e-06
4.999999999998255e-06
4.999999999998254e-06

  172  0  0
4.999999999998253e-06
4.999999999998255e-06
4.999999999998254e-06
4.999999999998255e-06

  172  0  1
4.999999999998256e-06
4.999999999998253e-06
4.999999999998255e-06
4.999999999998254e-06

  173  0  0
4.999999999998253e-06
4.999999999998255e-06
4.999999999998254e-06
4.999999999998255e-06

  173  0  1
4.999999999998256e-06
4.999999999998253e-06
4.999999999998255e-06
4.999999999998254e-06

  174  0  0
4.999999999998253e-06
4.999999999998255e-06
4.999999999998254e-06
4.999999999998255e-06

  174  0  1
4.999999999998256e-06
4.999999999998253e-06
4.999999999998255e-06
4.999999999998254e-06

  175  0  0
4.999999999998253e-06
4.999999999998255e-06
4.999999999998254e-06
4.999999999998255e-06

  175  0  1
4.999999999998256e-06
4.999999999998253e-06
4.999999999998255e-06
4.999999999998254e-06

  176  0  0
4.999999999998253e-06
4.999999999998255e-06
4.999999999998254e-06
4.999999999998255e-06

  176  0  1
4.999999999998256e-06
4.999999999998253e-06
4.999999999998255e-06
4.999999999998254e-06

  177  0  0
4.999999999998253e-06
4.999999999998255e-06
4.999999999998254e-06
4.999999999998255e-06

  177  0  1
4.999999999998256e-06
4.999999999998253e-06
4.999999999998255e-06
4.999999999998254e-06

  178  0  0
4.999999999998253e-06
4.999999999998255e-06
4.999999999998254e-06
4.999999999998255e-06

  178  0  1
4.999999999998256e-06
4.999999999998253e-06
4.999999999998255e-06
4.999999999998254e-06

  179  0  0
4.999999999998253e-06
4.999999999998255e-06
4.999999999998254e-06
4.999999999998255e-06

  179  0  1
4.999999999998256e-06
4.999999999998253e-06
4.999999999998255e-06
4.999999999998254e-06

  180  0  0
4.999999999998253e-06
4.999999999998255e-06
4.999999999998254e-06
4.999999999998255e-06

  180  0  1
4.999999999998256e-06
4.999999999998253e-06
4.999999999998255e-06
4.999999999998254e-06

  181  0  0
4.999999999998253e-06
4.999999999998255e-06
4.999999999998254e-06
4.999999999998255e-06

  181  0  1
4.999999999998256e-06
4.999999999998253e-06
4.999999999998255e-06
4.999999999998254e-06

  182  0  0
4.999999999998253e-06
4.999999999998255e-06
4.999999999998254e-06
4.999999999998255e-06

  182  0  1
4.999999999998256e-06
4.999999999998253e-06
4.999999999998255e-06
4.999999999998254e-06

  183  0  0
4.999999999998253e-06
4.999999999998255e-06
4.999999999998254e-06
4.999999999998255e-06

  183  0  1
4.999999999998256e-06
4.999999999998253e-06
4.999999999998255e-06
4.999999999998254e-06

  184  0  0
4.999999999998253e-06
4.999999999998255e-06
4.999999999998254e-06
4.999999999998255e-06

  184  0  1
4.999999999998256e-06
4.999999999998253e-06
4.999999999998255e-06
4.999999999998254e-06

  185  0  0
4.999999999998253e-06
4.999999999998255e-06
4.999999999998254e-06
4.999999999998255e-06

  185  0  1
4.999999999998256e-06
4.999999999998253e-06
4.999999999998255e-06
4.999999999998254e-06

  186  0  0
4.999999999998253e-06
4.999999999998255e-06
4.999999999998254e-06
4.999999999998255e-06

  186  0  1
4.999999999998256e-06
4.999999999998253e-06
4.999999999998255e-06
4.999999999998254e-06

  187  0  0
4.999999999998253e-06
4.999999999998255e-06
4.999999999998254e-06
4.999999999998255e-06

  187  0  1
4.999999999998256e-06
4.999999999998253e-06
4.999999999998255e-06
4.999999999998254e-06

  188  0  0
4.999999999998253e-06
4.999999999998255e-06
4.999999999998254e-06
4.999999999998255e-06

  188  0  1
4.999999999998256e-06
4.999999999998253e-06
4.999999999998255e-06
4.999999999998254e-06

  189  0  0
4.999999999998253e-06
4.999999999998255e-06
4.999999999998254e-06
4.999999999998255e-06

  189  0  1
4.999999999998256e-06
4.999999999998253e-06
4.999999999998255e-06
4.999999999998254e-06

  190  0  0
4.999999999998253e-06
4.999999999998255e-06
4.999999999998254e-06
4.999999999998255e-06

  190  0  1
4.999999999998256e-06
4.999999999998253e-06
4.999999999998255e-06
4.999999999998254e-06

  191  0  0
4.999999999998253e-06
4.999999999998255e-06
4.999999999998254e-06
4.999999999998255e-06

  191  0  1
4.999999999998256e-06
4.999999999998253e-06
4.999999999998255e-06
4.999999999998254e-06

  192  0  0
4.999999999998253e-06
4.999999999998255e-06
4.999999999998254e-06
4.999999999998255e-06

  192  0  1
4.999999999998256e-06
4.999999999998253e-06
4.999999999998255e-06
4.999999999998254e-06

  193  0  0
4.999999999998253e-06
4.999999999998255e-06
4.999999999998254e-06
4.999999999998255e-06

  193  0  1
4.999999999998256e-06
4.999999999998253e-06
4.999999999998255e-06
4.999999999998254e-06

  194  0  0
4.999999999998253e-06
4.999999999998255e-06
4.999999999998254e-06
4.999999999998255e-06

  194  0  1
4.999999999998256e-06
4.999999999998253e-06
4.999999999998255e-06
4.999999999998254e-06

  195  0  0
4.999999999998253e-06
4.999999999998255e-06
4.999999999998254e-06
4.999999999998255e-06

  195  0  1
4.999999999998256e-06
4.999999999998253e-06
4.999999999998255e-06
4.999999999998254e-06

  196  0  0
4.999999999998253e-06
4.999999999998255e-06
4.999999999998254e-06
4.999999999998255e-06

  196  0  1
4.999999999998256e-06
4.999999999998253e-06
4.999999999998255e-06
4.999999999998254e-06

  197  0  0
4.999999999998253e-06
4.999999999998255e-06
4.999999999998254e-06
4.999999999998255e-06

  197  0  1
4.999999999998256e-06
4.999999999998253e-06
4.999999999998255e-06
4.999999999998254e-06

  198  0  0
4.999999999998253e-06
4.999999999998255e-06
4.999999999998254e-06
4.999999999998255e-06

  198  0  1
4.999999999998256e-06
4.999999999998253e-06
4.999999999998255e-06
4.999999999998254e-06

  199  0  0
4.999999999998253e-06
4.999999999998255e-06
4.999999999998254e-06
4.999999999998255e-06

  199  0  1
4.999999999998256e-06
4.999999999998253e-06
4.999999999998255e-06
4.999999999998254e-06

  200  0  0
4.999999999998253e-06
4.999999999998255e-06
4.999999999998254e-06
4.999999999998255e-06

  200  0  1
4.999999999998256e-06
4.999999999998253e-06
4.999999999998255e-06
4.999999999998254e-06

  201  0  0
4.999999999998253e-06
4.999999999998255e-06
4.999999999998254e-06
4.999999999998255e-06

  201  0  1
4.999999999998256e-06
4.999999999998253e-06
4.999999999998255e-06
4.999999999998254e-06

  202  0  0
4.999999999998253e-06
4.999999999998255e-06
4.999999999998254e-06
4.999999999998255e-06

  202  0  1
4.999999999998256e-06
4.999999999998253e-06
4.999999999998255e-06
4.999999999998254e-06

  203  0  0
4.999999999998253e-06
4.999999999998255e-06
4.999999999998254e-06
4.999999999998255e-06

  203  0  1
4.999999999998256e-06
4.999999999998253e-06
4.999999999998255e-06
4.999999999998254e-06

  204  0  0
4.999999999998253e-06
4.999999999998255e-06
4.999999999998254e-06
4.999999999998255e-06

  204  0  1
4.999999999998256e-06
4.999999999998253e-06
4.999999999998255e-06
4.999999999998254e-06

  205  0  0
4.999999999998253e-06
4.999999999998255e-06
4.999999999998254e-06
4.999999999998255e-06

  205  0  1
4.999999999998256e-06
4.999999999998253e-06
4.999999999998255e-06
4.999999999998254e-06

  206  0  0
4.999999999998253e-06
4.999999999998255e-06
4.999999999998254e-06
4.999999999998255e-06

  206  0  1
4.999999999998256e-06
4.999999999998253e-06
4.999999999998255e-06
4.999999999998254e-06

  207  0  0
4.999999999998253e-06
4.999999999998255e-06
4.999999999998254e-06
4.999999999998255e-06

  207  0  1
4.999999999998256e-06
4.999999999998253e-06
4.999999999998255e-06
4.999999999998254e-06

  208  0  0
4.999999999998253e-06
4.999999999998255e-06
4.999999999998254e-06
4.999999999998255e-06

  208  0  1
4.999999999998256e-06
4.999999999998253e-06
4.999999999998255e-06
4.999999999998254e-06

  209  0  0
4.999999999998253e-06
4.999999999998255e-06
4.999999999998254e-06
4.999999999998255e-06

  209  0  1
4.999999999998256e-06
4.999999999998253e-06
4.999999999998255e-06
4.999999999998254e-06

  210  0  0
4.999999999998253e-06
4.999999999998255e-06
4.999999999998254e-06
4.999999999998255e-06

  210  0  1
4.999999999998256e-06
4.999999999998253e-06
4.999999999998255e-06
4.999999999998254e-06

  211  0  0
4.999999999998253e-06
4.999999999998255e-06
4.999999999998254e-06
4.999999999998255e-06

  211  0  1
4.999999999998256e-06
4.999999999998253e-06
4.999999999998255e-06
4.999999999998254e-06

  212  0  0
4.999999999998253e-06
4.999999999998255e-06
4.999999999998254e-06
4.999999999998255e-06

  212  0  1
4.999999999998256e-06
4.999999999998253e-06
4.999999999998255e-06
4.999999999998254e-06

  213  0  0
4.999999999998253e-06
4.999999999998255e-06
4.999999999998254e-06
4.999999999998255e-06

  213  0  1
4.999999999998256e-06
4.999999999998253e-06
4.999999999998255e-06
4.999999999998254e-06

  214  0  0
4.999999999998253e-06
4.999999999998255e-06
4.999999999998254e-06
4.999999999998255e-06

  214  0  1
4.999999999998256e-06
4.999999999998253e-06
4.999999999998255e-06
4.999999999998254e-06

  215  0  0
4.999999999998253e-06
4.999999999998255e-06
4.999999999998254e-06
4.999999999998255e-06

  215  0  1
4.999999999998256e-06
4.999999999998253e-06
4.999999999998255e-06
4.999999999998254e-06

  216  0  0
4.999999999998253e-06
4.999999999998255e-06
4.999999999998254e-06
4.999999999998255e-06

  216  0  1
4.999999999998256e-06
4.999999999998253e-06
4.999999999998255e-06
4.999999999998254e-06

  217  0  0
4.999999999998253e-06
4.999999999998255e-06
4.999999999998254e-06
4.999999999998255e-06

  217  0  1
4.999999999998256e-06
4.999999999998253e-06
4.999999999998255e-06
4.999999999998254e-06

  218  0  0
4.999999999998253e-06
4.999999999998255e-06
4.999999999998254e-06
4.999999999998255e-06

  218  0  1
4.999999999998256e-06
4.999999999998253e-06
4.999999999998255e-06
4.999999999998254e-06

  219  0  0
4.999999999998253e-06
4.999999999998255e-06
4.999999999998254e-06
4.999999999998255e-06

  219  0  1
4.999999999998256e-06
4.999999999998253e-06
4.999999999998255e-06
4.999999999998254e-06

  220  0  0
4.999999999998253e-06
4.999999999998255e-06
4.999999999998254e-06
4.999999999998255e-06

  220  0  1
4.999999999998256e-06
4.999999999998253e-06
4.999999999998255e-06
4.999999999998254e-06

  221  0  0
4.999999999998253e-06
4.999999999998255e-06
4.999999999998254e-06
4.999999999998255e-06

  221  0  1
4.999999999998256e-06
4.999999999998253e-06
4.999999999998255e-06
4.999999999998254e-06

  222  0  0
4.999999999998253e-06
4.999999999998255e-06
4.999999999998254e-06
4.999999999998255e-06

  222  0  1
4.999999999998256e-06
4.999999999998253e-06
4.999999999998255e-06
4.999999999998254e-06

  223  0  0
4.999999999998253e-06
4.999999999998255e-06
4.999999999998254e-06
4.999999999998255e-06

  223  0  1
4.999999999998256e-06
4.999999999998253e-06
4.999999999998255e-06
4.999999999998254e-06

  224  0  0
4.999999999998253e-06
4.999999999998255e-06
4.999999999998254e-06
4.999999999998255e-06

  224  0  1
4.999999999998256e-06
4.999999999998253e-06
4.999999999998255e-06
4.999999999998254e-06

  225  0  0
4.999999999998253e-06
4.999999999998255e-06
4.999999999998254e-06
4.999999999998255e-06

  225  0  1
4.999999999998256e-06
4.999999999998253e-06
4.999999999998255e-06
4.999999999998254e-06

  226  0  0
4.999999999998253e-06
4.999999999998255e-06
4.999999999998254e-06
4.999999999998255e-06

  226  0  1
4.999999999998256e-06
4.999999999998253e-06
4.999999999998255e-06
4.999999999998254e-06

  227  0  0
4.999999999998253e-06
4.999999999998255e-06
4.999999999998254e-06
4.999999999998255e-06

  227  0  1
4.999999999998256e-06
4.999999999998253e-06
4.999999999998255e-06
4.999999999998254e-06

  228  0  0
4.999999999998253e-06
4.999999999998255e-06
4.999999999998254e-06
4.999999999998255e-06

  228  0  1
4.999999999998256e-06
4.999999999998253e-06
4.999999999998255e-06
4.999999999998254e-06

  229  0  0
4.999999999998253e-06
4.999999999998255e-06
4.999999999998254e-06
4.999999999998255e-06

  229  0  1
4.999999999998256e-06
4.999999999998253e-06
4.999999999998255e-06
4.999999999998254e-06

  230  0  0
4.999999999998253e-06
4.999999999998255e-06
4.999999999998254e-06
4.999999999998255e-06

  230  0  1
4.999999999998256e-06
4.999999999998253e-06
4.999999999998255e-06
4.999999999998254e-06

  231  0  0
4.999999999998253e-06
4.999999999998255e-06
4.999999999998254e-06
4.999999999998255e-06

  231  0  1
4.999999999998256e-06
4.999999999998253e-06
4.999999999998255e-06
4.999999999998254e-06

  232  0  0
4.999999999998253e-06
4.999999999998255e-06
4.999999999998254e-06
4.999999999998255e-06

  232  0  1
4.999999999998256e-06
4.999999999998253e-06
4.999999999998255e-06
4.999999999998254e-06

  233  0  0
4.999999999998253e-06
4.999999999998255e-06
4.999999999998254e-06
4.999999999998255e-06

  233  0  1
4.999999999998256e-06
4.999999999998253e-06
4.999999999998255e-06
4.999999999998254e-06

  234  0  0
4.999999999998253e-06
4.999999999998255e-06
4.999999999998254e-06
4.999999999998255e-06

  234  0  1
4.999999999998256e-06
4.999999999998253e-06
4.999999999998255e-06
4.999999999998254e-06

  235  0  0
4.999999999998253e-06
4.999999999998255e-06
4.999999999998254e-06
4.999999999998255e-06

  235  0  1
4.999999999998256e-06
4.999999999998253e-06
4.999999999998255e-06
4.999999999998254e-06

  236  0  0
4.999999999998253e-06
4.999999999998255e-06
4.999999999998254e-06
4.999999999998255e-06

  236  0  1
4.999999999998256e-06
4.999999999998253e-06
4.999999999998255e-06
4.999999999998254e-06

  237  0  0
4.999999999998253e-06
4.999999999998255e-06
4.999999999998254e-06
4.999999999998255e-06

  237  0  1
4.999999999998256e-06
4.999999999998253e-06
4.999999999998255e-06
4.999999999998254e-06

  238  0  0
4.999999999998253e-06
4.999999999998255e-06
4.999999999998254e-06
4.999999999998255e-06

  238  0  1
4.999999999998256e-06
4.999999999998253e-06
4.999999999998255e-06
4.999999999998254e-06

  239  0  0
4.999999999998253e-06
4.999999999998255e-06
4.999999999998254e-06
4.999999999998255e-06

  239  0  1
4.999999999998256e-06
4.999999999998253e-06
4.999999999998255e-06
4.999999999998254e-06

  240  0  0
4.999999999998253e-06
4.999999999998255e-06
4.999999999998254e-06
4.999999999998255e-06

  240  0  1
4.999999999998256e-06
4.999999999998253e-06
4.999999999998255e-06
4.999999999998254e-06

  241  0  0
4.999999999998253e-06
4.999999999998255e-06
4.999999999998254e-06
4.999999999998255e-06

  241  0  1
4.999999999998256e-06
4.999999999998253e-06
4.999999999998255e-06
4.999999999998254e-06

  242  0  0
4.999999999998253e-06
4.999999999998255e-06
4.999999999998254e-06
4.999999999998255e-06

  242  0  1
4.999999999998256e-06
4.999999999998253e-06
4.999999999998255e-06
4.999999999998254e-06

  243  0  0
4.999999999998253e-06
4.999999999998255e-06
4.999999999998254e-06
4.999999999998255e-06

  243  0  1
4.999999999998256e-06
4.999999999998253e-06
4.999999999998255e-06
4.999999999998254e-06

  244  0  0
4.999999999998253e-06
4.999999999998255e-06
4.999999999998254e-06
4.999999999998255e-06

  244  0  1
4.999999999998256e-06
4.999999999998253e-06
4.999999999998255e-06
4.999999999998254e-06

  245  0  0
4.999999999998253e-06
4.999999999998255e-06
4.999999999998254e-06
4.999999999998255e-06

  245  0  1
4.999999999998256e-06
4.999999999998253e-06
4.999999999998255e-06
4.999999999998254e-06

  246  0  0
4.999999999998253e-06
4.999999999998255e-06
4.999999999998254e-06
4.999999999998255e-06

  246  0  1
4.999999999998256e-06
4.999999999998253e-06
4.999999999998255e-06
4.999999999998254e-06

  247  0  0
4.999999999998253e-06
4.999999999998255e-06
4.999999999998254e-06
4.999999999998255e-06

  247  0  1
4.999999999998256e-06
4.999999999998253e-06
4.999999999998255e-06
4.999999999998254e-06

  248  0  0
4.999999999998253e-06
4.999999999998255e-06
4.999999999998254e-06
4.999999999998255e-06

  248  0  1
4.999999999998256e-06
4.999999999998253e-06
4.999999999998255e-06
4.999999999998254e-06

  249  0  0
4.999999999998253e-06
4.999999999998255e-06
4.999999999998254e-06
4.999999999998255e-06

  249  0  1
4.999999999998256e-06
4.999999999998253e-06
4.999999999998255e-06
4.999999999998254e-06

  250  0  0
4.999999999998253e-06
4.999999999998255e-06
4.999999999998254e-06
4.999999999998255e-06

  250  0  1
4.999999999998256e-06
4.999999999998253e-06
4.999999999998255e-06
4.999999999998254e-06

  251  0  0
4.999999999998253e-06
4.999999999998255e-06
4.999999999998254e-06
4.999999999998255e-06

  251  0  1
4.999999999998256e-06
4.999999999998253e-06
4.999999999998255e-06
4.999999999998254e-06

  252  0  0
4.999999999998253e-06
4.999999999998255e-06
4.999999999998254e-06
4.999999999998255e-06

  252  0  1
4.999999999998256e-06
4.999999999998253e-06
4.999999999998255e-06
4.999999999998254e-06

  253  0  0
4.999999999998253e-06
4.999999999998255e-06
4.999999999998254e-06
4.999999999998255e-06

  253  0  1
4.999999999998256e-06
4.999999999998253e-06
4.999999999998255e-06
4.999999999998254e-06

  254  0  0
4.999999999998253e-06
4.999999999998255e-06
4.999999999998254e-06
4.999999999998255e-06

  254  0  1
4.999999999998256e-06
4.999999999998253e-06
4.999999999998255e-06
4.999999999998254e-06

  255  0  0
4.999999999998253e-06
4.999999999998255e-06
4.999999999998254e-06
4.999999999998255e-06

  255  0  1
4.999999999998256e-06
4.999999999998253e-06
4.999999999998255e-06
4.999999999998254e-06

  256  0  0
4.999999999998253e-06
4.999999999998255e-06
4.999999999998254e-06
4.999999999998255e-06

  256  0  1
4.999999999998256e-06
4.999999999998253e-06
4.999999999998255e-06
4.999999999998254e-06

  257  0  0
4.999999999998253e-06
4.999999999998255e-06
4.999999999998254e-06
4.999999999998255e-06

  257  0  1
4.999999999998256e-06
4.999999999998253e-06
4.999999999998255e-06
4.999999999998254e-06

  258  0  0
4.999999999998253e-06
4.999999999998255e-06
4.999999999998254e-06
4.999999999998255e-06

  258  0  1
4.999999999998256e-06
4.999999999998253e-06
4.999999999998255e-06
4.999999999998254e-06

  259  0  0
4.999999999998253e-06
4.999999999998255e-06
4.999999999998254e-06
4.999999999998255e-06

  259  0  1
4.999999999998256e-06
4.999999999998253e-06
4.999999999998255e-06
4.999999999998254e-06

  260  0  0
4.999999999998253e-06
4.999999999998255e-06
4.999999999998254e-06
4.999999999998255e-06

  260  0  1
4.999999999998256e-06
4.999999999998253e-06
4.999999999998255e-06
4.999999999998254e-06

  261  0  0
4.999999999998253e-06
4.999999999998255e-06
4.999999999998254e-06
4.999999999998255e-06

  261  0  1
4.999999999998256e-06
4.999999999998253e-06
4.999999999998255e-06
4.999999999998254e-06

  262  0  0
4.999999999998253e-06
4.999999999998255e-06
4.999999999998254e-06
4.999999999998255e-06

  262  0  1
4.999999999998256e-06
4.999999999998253e-06
4.999999999998255e-06
4.999999999998254e-06

  263  0  0
4.999999999998253e-06
4.999999999998255e-06
4.999999999998254e-06
4.999999999998255e-06

  263  0  1
4.999999999998256e-06
4.999999999998253e-06
4.999999999998255e-06
4.999999999998254e-06

  264  0  0
4.999999999998253e-06
4.999999999998255e-06
4.999999999998254e-06
4.999999999998255e-06

  264  0  1
4.999999999998256e-06
4.999999999998253e-06
4.999999999998255e-06
4.999999999998254e-06

  265  0  0
4.999999999998253e-06
4.999999999998255e-06
4.999999999998254e-06
4.999999999998255e-06

  265  0  1
4.999999999998256e-06
4.999999999998253e-06
4.999999999998255e-06
4.999999999998254e-06

  266  0  0
4.999999999998253e-06
4.999999999998255e-06
4.999999999998254e-06
4.999999999998255e-06

  266  0  1
4.999999999998256e-06
4.999999999998253e-06
4.999999999998255e-06
4.999999999998254e-06

  267  0  0
4.999999999998253e-06
4.999999999998255e-06
4.999999999998254e-06
4.999999999998255e-06

  267  0  1
4.999999999998256e-06
4.999999999998253e-06
4.999999999998255e-06
4.999999999998254e-06

  268  0  0
4.999999999998253e-06
4.999999999998255e-06
4.999999999998254e-06
4.999999999998255e-06

  268  0  1
4.999999999998256e-06
4.999999999998253e-06
4.999999999998255e-06
4.999999999998254e-06

  269  0  0
4.999999999998253e-06
4.999999999998255e-06
4.999999999998254e-06
4.999999999998255e-06

  269  0  1
4.999999999998256e-06
4.999999999998253e-06
4.999999999998255e-06
4.999999999998254e-06

  270  0  0
4.999999999998253e-06
4.999999999998255e-06
4.999999999998254e-06
4.999999999998255e-06

  270  0  1
4.999999999998256e-06
4.999999999998253e-06
4.999999999998255e-06
4.999999999998254e-06

  271  0  0
4.999999999998253e-06
4.999999999998255e-06
4.999999999998254e-06
4.999999999998255e-06

  271  0  1
4.999999999998256e-06
4.999999999998253e-06
4.999999999998255e-06
4.999999999998254e-06

  272  0  0
4.999999999998253e-06
4.999999999998255e-06
4.999999999998254e-06
4.999999999998255e-06

  272  0  1
4.999999999998256e-06
4.999999999998253e-06
4.999999999998255e-06
4.999999999998254e-06

  273  0  0
4.999999999998253e-06
4.999999999998255e-06
4.999999999998254e-06
4.999999999998255e-06

  273  0  1
4.999999999998256e-06
4.999999999998253e-06
4.999999999998255e-06
4.999999999998254e-06

  274  0  0
4.999999999998253e-06
4.999999999998255e-06
4.999999999998254e-06
4.999999999998255e-06

  274  0  1
4.999999999998256e-06
4.999999999998253e-06
4.999999999998255e-06
4.999999999998254e-06

  275  0  0
4.999999999998253e-06
4.999999999998255e-06
4.999999999998254e-06
4.999999999998255e-06

  275  0  1
4.999999999998256e-06
4.999999999998253e-06
4.999999999998255e-06
4.999999999998254e-06

  276  0  0
4.999999999998253e-06
4.999999999998255e-06
4.999999999998254e-06
4.999999999998255e-06

  276  0  1
4.999999999998256e-06
4.999999999998253e-06
4.999999999998255e-06
4.999999999998254e-06

  277  0  0
4.999999999998253e-06
4.999999999998255e-06
4.999999999998254e-06
4.999999999998255e-06

  277  0  1
4.999999999998256e-06
4.999999999998253e-06
4.999999999998255e-06
4.999999999998254e-06

  278  0  0
4.999999999998253e-06
4.999999999998255e-06
4.999999999998254e-06
4.999999999998255e-06

  278  0  1
4.999999999998256e-06
4.999999999998253e-06
4.999999999998255e-06
4.999999999998254e-06

  279  0  0
4.999999999998253e-06
4.999999999998255e-06
4.999999999998254e-06
4.999999999998255e-06

  279  0  1
4.999999999998256e-06
4.999999999998253e-06
4.999999999998255e-06
4.999999999998254e-06

  280  0  0
4.999999999998253e-06
4.999999999998255e-06
4.999999999998254e-06
4.999999999998255e-06

  280  0  1
4.999999999998256e-06
4.999999999998253e-06
4.999999999998255e-06
4.999999999998254e-06

  281  0  0
4.999999999998253e-06
4.999999999998255e-06
4.999999999998254e-06
4.999999999998255e-06

  281  0  1
4.999999999998256e-06
4.999999999998253e-06
4.999999999998255e-06
4.999999999998254e-06

  282  0  0
4.999999999998253e-06
4.999999999998255e-06
4.999999999998254e-06
4.999999999998255e-06

  282  0  1
4.999999999998256e-06
4.999999999998253e-06
4.999999999998255e-06
4.999999999998254e-06

  283  0  0
4.999999999998253e-06
4.999999999998255e-06
4.999999999998254e-06
4.999999999998255e-06

  283  0  1
4.999999999998256e-06
4.999999999998253e-06
4.999999999998255e-06
4.999999999998254e-06

  284  0  0
4.999999999998253e-06
4.999999999998255e-06
4.999999999998254e-06
4.999999999998255e-06

  284  0  1
4.999999999998256e-06
4.999999999998253e-06
4.999999999998255e-06
4.999999999998254e-06

  285  0  0
4.999999999998253e-06
4.999999999998255e-06
4.999999999998254e-06
4.999999999998255e-06

  285  0  1
4.999999999998256e-06
4.999999999998253e-06
4.999999999998255e-06
4.999999999998254e-06

  286  0  0
4.999999999998253e-06
4.999999999998255e-06
4.999999999998254e-06
4.999999999998255e-06

  286  0  1
4.999999999998256e-06
4.999999999998253e-06
4.999999999998255e-06
4.999999999998254e-06

  287  0  0
4.999999999998253e-06
4.999999999998255e-06
4.999999999998254e-06
4.999999999998255e-06

  287  0  1
4.999999999998256e-06
4.999999999998253e-06
4.999999999998255e-06
4.999999999998254e-06

  288  0  0
4.999999999998253e-06
4.999999999998255e-06
4.999999999998254e-06
4.999999999998255e-06

  288  0  1
4.999999999998256e-06
4.999999999998253e-06
4.999999999998255e-06
4.999999999998254e-06

  289  0  0
4.999999999998253e-06
4.999999999998255e-06
4.999999999998254e-06
4.999999999998255e-06

  289  0  1
4.999999999998256e-06
4.999999999998253e-06
4.999999999998255e-06
4.999999999998254e-06

  290  0  0
4.999999999998253e-06
4.999999999998255e-06
4.999999999998254e-06
4.999999999998255e-06

  290  0  1
4.999999999998256e-06
4.999999999998253e-06
4.999999999998255e-06
4.999999999998254e-06

  291  0  0
4.999999999998253e-06
4.999999999998255e-06
4.999999999998254e-06
4.999999999998255e-06

  291  0  1
4.999999999998256e-06
4.999999999998253e-06
4.999999999998255e-06
4.999999999998254e-06

  292  0  0
4.999999999998253e-06
4.999999999998255e-06
4.999999999998254e-06
4.999999999998255e-06

  292  0  1
4.999999999998256e-06
4.999999999998253e-06
4.999999999998255e-06
4.999999999998254e-06

  293  0  0
4.999999999998253e-06
4.999999999998255e-06
4.999999999998254e-06
4.999999999998255e-06

  293  0  1
4.999999999998256e-06
4.999999999998253e-06
4.999999999998255e-06
4.999999999998254e-06

  294  0  0
4.999999999998253e-06
4.999999999998255e-06
4.999999999998254e-06
4.999999999998255e-06

  294  0  1
4.999999999998256e-06
4.999999999998253e-06
4.999999999998255e-06
4.999999999998254e-06

  295  0  0
4.999999999998253e-06
4.999999999998255e-06
4.999999999998254e-06
4.999999999998255e-06

  295  0  1
4.999999999998256e-06
4.999999999998253e-06
4.999999999998255e-06
4.999999999998254e-06

  296  0  0
4.999999999998253e-06
4.999999999998255e-06
4.999999999998254e-06
4.999999999998255e-06

  296  0  1
4.999999999998256e-06
4.999999999998253e-06
4.999999999998255e-06
4.999999999998254e-06

  297  0  0
4.999999999998253e-06
4.999999999998255e-06
4.999999999998254e-06
4.999999999998255e-06

  297  0  1
4.999999999998256e-06
4.999999999998253e-06
4.999999999998255e-06
4.999999999998254e-06

  298  0  0
4.999999999998253e-06
4.999999999998255e-06
4.999999999998254e-06
4.999999999998255e-06

  298  0  1
4.999999999998256e-06
4.999999999998253e-06
4.999999999998255e-06
4.999999999998254e-06

  299  0  0
4.999999999998253e-06
4.999999999998255e-06
4.999999999998254e-06
4.999999999998255e-06

  299  0  1
4.999999999998256e-06
4.999999999998253e-06
4.999999999998255e-06
4.999999999998254e-06

  300  0  0
4.999999999998254e-06
4.999999999998255e-06
4.999999999998254e-06
4.999999999998255e-06

  300  0  1
4.999999999998256e-06
4.999999999998253e-06
4.999999999998255e-06
4.999999999998254e-06

  301  0  0
4.999999999998254e-06
4.999999999998255e-06
4.999999999998254e-06
4.999999999998255e-06

  301  0  1
4.999999999998256e-06
4.999999999998253e-06
4.999999999998255e-06
4.999999999998254e-06

  302  0  0
4.999999999998253e-06
4.999999999998255e-06
4.999999999998254e-06
4.999999999998255e-06

  302  0  1
4.999999999998256e-06
4.999999999998253e-06
4.999999999998255e-06
4.999999999998254e-06

  303  0  0
4.999999999998254e-06
4.999999999998255e-06
4.999999999998254e-06
4.999999999998255e-06

  303  0  1
4.999999999998256e-06
4.999999999998253e-06
4.999999999998255e-06
4.999999999998254e-06

  304  0  0
4.999999999998254e-06
4.999999999998255e-06
4.999999999998254e-06
4.999999999998255e-06

  304  0  1
4.999999999998256e-06
4.999999999998253e-06
4.999999999998255e-06
4.999999999998254e-06

  305  0  0
4.999999999998254e-06
4.999999999998255e-06
4.999999999998254e-06
4.999999999998255e-06

  305  0  1
4.999999999998256e-06
4.999999999998253e-06
4.999999999998255e-06
4.999999999998254e-06

  306  0  0
4.999999999998253e-06
4.999999999998255e-06
4.999999999998254e-06
4.999999999998255e-06

  306  0  1
4.999999999998256e-06
4.999999999998253e-06
4.999999999998255e-06
4.999999999998254e-06

  307  0  0
4.999999999998253e-06
4.999999999998255e-06
4.999999999998254e-06
4.999999999998255e-06

  307  0  1
4.999999999998256e-06
4.999999999998253e-06
4.999999999998255e-06
4.999999999998254e-06

  308  0  0
4.999999999998253e-06
4.999999999998255e-06
4.999999999998254e-06
4.999999999998255e-06

  308  0  1
4.999999999998256e-06
4.999999999998253e-06
4.999999999998255e-06
4.999999999998254e-06

  309  0  0
4.999999999998253e-06
4.999999999998255e-06
4.999999999998254e-06
4.999999999998256e-06

  309  0  1
4.999999999998256e-06
4.999999999998253e-06
4.999999999998255e-06
4.999999999998254e-06

  310  0  0
4.999999999998254e-06
4.999999999998255e-06
4.999999999998254e-06
4.999999999998255e-06

  310  0  1
4.999999999998256e-06
4.999999999998253e-06
4.999999999998255e-06
4.999999999998254e-06

  311  0  0
4.999999999998253e-06
4.999999999998255e-06
4.999999999998254e-06
4.999999999998255e-06

  311  0  1
4.999999999998256e-06
4.999999999998253e-06
4.999999999998255e-06
4.999999999998254e-06

  312  0  0
4.999999999998253e-06
4.999999999998256e-06
4.999999999998250e-06
4.999999999998223e-06

  312  0  1
4.999999999998256e-06
4.999999999998253e-06
4.999999999998255e-06
4.999999999998254e-06

  313  0  0
4.999999999998154e-06
4.999999999998344e-06
4.999999999997967e-06
4.999999999993046e-06

  313  0  1
4.999999999998328e-06
4.999999999998210e-06
4.999999999998355e-06
4.999999999996285e-06

  314  0  0
4.999999999988276e-06
5.000000000009982e-06
4.999999999953901e-06
4.999999999497584e-06

  314  0  1
4.999999999999984e-06
4.999999999998906e-06
4.999999999992469e-06
4.999999999793496e-06

  315  0  0
4.999999999061941e-06
5.000000001126625e-06
4.999999995632339e-06
4.999999952259032e-06

  315  0  1
5.000000000187153e-06
5.000000000062168e-06
4.999999999376837e-06
4.999999979216686e-06

  316  0  0
4.999999914403913e-06
5.000000106124164e-06
4.999999581053081e-06
4.999995579712282e-06

  316  0  1
5.000000019311068e-06
5.000000006594668e-06
4.999999935070054e-06
4.999997940703000e-06

  317  0  0
4.999992469860830e-06
5.000009675303485e-06
4.999960852378914e-06
4.999603839785120e-06

  317  0  1
5.000001932716859e-06
5.000000667129629e-06
4.999993339148284e-06
4.999801388750339e-06

  318  0  0
4.999366115836320e-06
5.000852184254909e-06
4.996446087804196e-06
4.965726306054764e-06

  318  0  1
5.000189406464152e-06
5.000065506481176e-06
4.999331379227412e-06
4.981416679200540e-06

  319  0  0
4.949105575605197e-06
5.073206822425016e-06
4.691098400159438e-06
2.066269943919199e-06

  319  0  1
5.025951578799224e-06
5.001643371662678e-06
4.944308164544484e-06
3.172857415767875e-06

