#Cell  Group   Direction 
# Element_0
# Element_1
# Element_2
    0  0  0
1.821890654534490e-01
1.789751266696274e-01
1.757649307779127e-01

    0  0  1
1.732049582358586e+00
1.726454543268895e+00
1.720808859564223e+00

    1  0  0
1.757684360674334e-01
1.725654295056750e-01
1.693590835839418e-01

    1  0  1
1.720807850988405e+00
1.715112037964726e+00
1.709360633479827e+00

    2  0  0
1.693543535466365e-01
1.661275964032312e-01
1.628909145464226e-01

    2  0  1
1.709359534577014e+00
1.703552663686193e+00
1.697684081182596e+00

    3  0  0
1.628952722653059e-01
1.596758071769914e-01
1.564674835376004e-01

    3  0  1
1.697682765371237e+00
1.691752409345374e+00
1.685752944574681e+00

    4  0  0
1.564657967697868e-01
1.532435366658463e-01
1.500052174179449e-01

    4  0  1
1.685751391422604e+00
1.679682998836998e+00
1.673536986236140e+00

    5  0  0
1.500032443690769e-01
1.467615374822290e-01
1.435269735540622e-01

    5  0  1
1.673535199485238e+00
1.667311881877676e+00
1.661001195236973e+00

    6  0  0
1.435326478693091e-01
1.403149552992880e-01
1.370984206670358e-01

    6  0  1
1.660999109722918e+00
1.654601390990213e+00
1.648104927890605e+00

    7  0  0
1.370914543286653e-01
1.338468898343712e-01
1.305884070778152e-01

    7  0  1
1.648102505447695e+00
1.641507737693228e+00
1.634801033540576e+00

    8  0  0
1.305940336920228e-01
1.273623637207198e-01
1.241516530216725e-01

    8  0  1
1.634798207214621e+00
1.627980075156054e+00
1.621034617862364e+00

    9  0  0
1.241507951154894e-01
1.209292261915821e-01
1.176898296475416e-01

    9  0  1
1.621031312647231e+00
1.613959145731547e+00
1.606741682313376e+00

   10  0  0
1.176852480034534e-01
1.144371327009559e-01
1.111984570729596e-01

   10  0  1
1.606737805850957e+00
1.599375776209561e+00
1.591847375407607e+00

   11  0  0
1.112077877975332e-01
1.080041342258499e-01
1.048127887310128e-01

   11  0  1
1.591842809915276e+00
1.584148916301728e+00
1.576263868401506e+00

   12  0  0
1.048032623888382e-01
1.015750662537933e-01
9.832631374907340e-02

   12  0  1
1.576258471286341e+00
1.568183310012430e+00
1.559887706113814e+00

   13  0  0
9.833215628715894e-02
9.511968668184473e-02
9.194223130598179e-02

   13  0  1
1.559881280444907e+00
1.551366497194408e+00
1.542596459751813e+00

   14  0  0
9.194454389429707e-02
8.877036212918625e-02
8.558206453175245e-02

   14  0  1
1.542588771596668e+00
1.533565034341839e+00
1.524244477448016e+00

   15  0  0
8.557253602227033e-02
8.236281461190263e-02
7.916115833805124e-02

   15  0  1
1.524235202274052e+00
1.514619729341298e+00
1.504657366284151e+00

   16  0  0
7.917542326765188e-02
7.603780654105885e-02
7.293505202951379e-02

   16  0  1
1.504646077184989e+00
1.494339214527607e+00
1.483624702073174e+00

   17  0  0
7.292405919407693e-02
6.978082037838387e-02
6.660999945251476e-02

   17  0  1
1.483610822544266e+00
1.472491695729046e+00
1.460890436688904e+00

   18  0  0
6.661313023096596e-02
6.348270604873413e-02
6.040430055122484e-02

   18  0  1
1.460873146642667e+00
1.448793665327535e+00
1.436139603509375e+00

   19  0  0
6.041379473156836e-02
5.737453508184652e-02
5.433947657083335e-02

   19  0  1
1.436117756783920e+00
1.422894283703052e+00
1.408979977753820e+00

   20  0  0
5.432259940083380e-02
5.124673440729292e-02
4.817217934487429e-02

   20  0  1
1.408951843129175e+00
1.394353697723802e+00
1.378915818870187e+00

   21  0  0
4.819119078209343e-02
4.522085397717454e-02
4.232542242770534e-02

   21  0  1
1.378878810211653e+00
1.362610852748207e+00
1.345308552774503e+00

   22  0  0
4.231721462329058e-02
3.939983048684828e-02
3.645768105626673e-02

   22  0  1
1.345258419340394e+00
1.326935851563480e+00
1.307317868527152e+00

   23  0  0
3.645262073983956e-02
3.354416185103381e-02
3.070597433811972e-02

   23  0  1
1.307247505049086e+00
1.286355416924630e+00
1.263805710123107e+00

   24  0  0
3.072810886399856e-02
2.800443360402200e-02
2.533768165948229e-02

   24  0  1
1.263702210131986e+00
1.239529336007047e+00
1.213174513496780e+00

   25  0  0
2.531340826796008e-02
2.259653057335083e-02
1.987794699915297e-02

   25  0  1
1.213011981563930e+00
1.184535739819197e+00
1.153072624175697e+00

   26  0  0
1.989832210431397e-02
1.733872764441346e-02
1.492551798323699e-02

   26  0  1
1.152794102875569e+00
1.118459821310825e+00
1.079800492371808e+00

   27  0  0
1.493129751701211e-02
1.258940077319835e-02
1.027756254587041e-02

   27  0  1
1.079260693556170e+00
1.036535913427989e+00
9.869153650078929e-01

   28  0  0
1.025604149924461e-02
7.985917438813515e-03
5.843677007555015e-03

   28  0  1
9.849853885578337e-01
9.302409266991927e-01
8.618983304907052e-01

   29  0  0
5.888206897141830e-03
4.047334917147948e-03
2.449992362705517e-03

   29  0  1
8.552782396113241e-01
7.741393749580211e-01
6.703778097737301e-01

   30  0  0
2.455800947817131e-03
1.062034417178121e-03
-1.704239561034275e-05

   30  0  1
7.280828508467360e-01
5.006511846555654e-01
6.828108140512801e-02

   31  0  0
1.442509881664367e-05
5.015850227809498e-06
4.987263663793913e-06

   31  0  1
6.317504219934700e-03
5.137362797996643e-05
-3.783463435766289e-05

   32  0  0
4.996872653256293e-06
4.999999415822747e-06
4.999999467662021e-06

   32  0  1
3.186954240229241e-06
4.986865023441277e-06
5.012401795941755e-06

   33  0  0
5.000000822010398e-06
5.000000000144818e-06
5.000000000131436e-06

   33  0  1
5.000522827689941e-06
5.000003769350635e-06
4.999996440002513e-06

   34  0  0
4.999999999792133e-06
4.999999999998216e-06
4.999999999998219e-06

   34  0  1
4.999999850679027e-06
4.999999998927885e-06
5.000000001009530e-06

   35  0  0
4.999999999998305e-06
4.999999999998253e-06
4.999999999998253e-06

   35  0  1
5.000000000040412e-06
4.999999999998553e-06
4.999999999997969e-06

   36  0  0
4.999999999998252e-06
4.999999999998254e-06
4.999999999998254e-06

   36  0  1
4.999999999998241e-06
4.999999999998254e-06
4.999999999998253e-06

   37  0  0
4.999999999998252e-06
4.999999999998254e-06
4.999999999998254e-06

   37  0  1
4.999999999998252e-06
4.999999999998254e-06
4.999999999998254e-06

   38  0  0
4.999999999998252e-06
4.999999999998254e-06
4.999999999998254e-06

   38  0  1
4.999999999998252e-06
4.999999999998254e-06
4.999999999998254e-06

   39  0  0
4.999999999998252e-06
4.999999999998254e-06
4.999999999998254e-06

   39  0  1
4.999999999998252e-06
4.999999999998254e-06
4.999999999998254e-06

   40  0  0
4.999999999998252e-06
4.999999999998254e-06
4.999999999998254e-06

   40  0  1
4.999999999998252e-06
4.999999999998254e-06
4.999999999998254e-06

   41  0  0
4.999999999998252e-06
4.999999999998254e-06
4.999999999998254e-06

   41  0  1
4.999999999998252e-06
4.999999999998254e-06
4.999999999998254e-06

   42  0  0
4.999999999998252e-06
4.999999999998254e-06
4.999999999998254e-06

   42  0  1
4.999999999998252e-06
4.999999999998254e-06
4.999999999998254e-06

   43  0  0
4.999999999998252e-06
4.999999999998254e-06
4.999999999998254e-06

   43  0  1
4.999999999998252e-06
4.999999999998254e-06
4.999999999998254e-06

   44  0  0
4.999999999998252e-06
4.999999999998254e-06
4.999999999998254e-06

   44  0  1
4.999999999998252e-06
4.999999999998254e-06
4.999999999998254e-06

   45  0  0
4.999999999998252e-06
4.999999999998254e-06
4.999999999998254e-06

   45  0  1
4.999999999998252e-06
4.999999999998254e-06
4.999999999998254e-06

   46  0  0
4.999999999998252e-06
4.999999999998254e-06
4.999999999998254e-06

   46  0  1
4.999999999998252e-06
4.999999999998254e-06
4.999999999998254e-06

   47  0  0
4.999999999998252e-06
4.999999999998254e-06
4.999999999998254e-06

   47  0  1
4.999999999998252e-06
4.999999999998254e-06
4.999999999998254e-06

   48  0  0
4.999999999998252e-06
4.999999999998254e-06
4.999999999998254e-06

   48  0  1
4.999999999998252e-06
4.999999999998254e-06
4.999999999998254e-06

   49  0  0
4.999999999998252e-06
4.999999999998254e-06
4.999999999998254e-06

   49  0  1
4.999999999998252e-06
4.999999999998254e-06
4.999999999998254e-06

   50  0  0
4.999999999998252e-06
4.999999999998254e-06
4.999999999998254e-06

   50  0  1
4.999999999998252e-06
4.999999999998254e-06
4.999999999998254e-06

   51  0  0
4.999999999998252e-06
4.999999999998254e-06
4.999999999998254e-06

   51  0  1
4.999999999998252e-06
4.999999999998254e-06
4.999999999998254e-06

   52  0  0
4.999999999998252e-06
4.999999999998254e-06
4.999999999998254e-06

   52  0  1
4.999999999998252e-06
4.999999999998254e-06
4.999999999998254e-06

   53  0  0
4.999999999998252e-06
4.999999999998254e-06
4.999999999998254e-06

   53  0  1
4.999999999998252e-06
4.999999999998254e-06
4.999999999998254e-06

   54  0  0
4.999999999998252e-06
4.999999999998254e-06
4.999999999998254e-06

   54  0  1
4.999999999998252e-06
4.999999999998254e-06
4.999999999998254e-06

   55  0  0
4.999999999998252e-06
4.999999999998254e-06
4.999999999998254e-06

   55  0  1
4.999999999998252e-06
4.999999999998254e-06
4.999999999998254e-06

   56  0  0
4.999999999998252e-06
4.999999999998254e-06
4.999999999998254e-06

   56  0  1
4.999999999998252e-06
4.999999999998254e-06
4.999999999998254e-06

   57  0  0
4.999999999998252e-06
4.999999999998254e-06
4.999999999998254e-06

   57  0  1
4.999999999998252e-06
4.999999999998254e-06
4.999999999998254e-06

   58  0  0
4.999999999998252e-06
4.999999999998254e-06
4.999999999998254e-06

   58  0  1
4.999999999998252e-06
4.999999999998254e-06
4.999999999998254e-06

   59  0  0
4.999999999998252e-06
4.999999999998254e-06
4.999999999998254e-06

   59  0  1
4.999999999998252e-06
4.999999999998254e-06
4.999999999998254e-06

   60  0  0
4.999999999998252e-06
4.999999999998254e-06
4.999999999998254e-06

   60  0  1
4.999999999998252e-06
4.999999999998254e-06
4.999999999998254e-06

   61  0  0
4.999999999998252e-06
4.999999999998254e-06
4.999999999998254e-06

   61  0  1
4.999999999998252e-06
4.999999999998254e-06
4.999999999998254e-06

   62  0  0
4.999999999998252e-06
4.999999999998254e-06
4.999999999998254e-06

   62  0  1
4.999999999998252e-06
4.999999999998254e-06
4.999999999998254e-06

   63  0  0
4.999999999998252e-06
4.999999999998254e-06
4.999999999998254e-06

   63  0  1
4.999999999998252e-06
4.999999999998254e-06
4.999999999998254e-06

   64  0  0
4.999999999998252e-06
4.999999999998254e-06
4.999999999998254e-06

   64  0  1
4.999999999998252e-06
4.999999999998254e-06
4.999999999998254e-06

   65  0  0
4.999999999998252e-06
4.999999999998254e-06
4.999999999998254e-06

   65  0  1
4.999999999998252e-06
4.999999999998254e-06
4.999999999998254e-06

   66  0  0
4.999999999998252e-06
4.999999999998254e-06
4.999999999998254e-06

   66  0  1
4.999999999998252e-06
4.999999999998254e-06
4.999999999998254e-06

   67  0  0
4.999999999998252e-06
4.999999999998254e-06
4.999999999998254e-06

   67  0  1
4.999999999998252e-06
4.999999999998254e-06
4.999999999998254e-06

   68  0  0
4.999999999998252e-06
4.999999999998254e-06
4.999999999998254e-06

   68  0  1
4.999999999998252e-06
4.999999999998254e-06
4.999999999998254e-06

   69  0  0
4.999999999998252e-06
4.999999999998254e-06
4.999999999998254e-06

   69  0  1
4.999999999998252e-06
4.999999999998254e-06
4.999999999998254e-06

   70  0  0
4.999999999998252e-06
4.999999999998254e-06
4.999999999998254e-06

   70  0  1
4.999999999998252e-06
4.999999999998254e-06
4.999999999998254e-06

   71  0  0
4.999999999998252e-06
4.999999999998254e-06
4.999999999998254e-06

   71  0  1
4.999999999998252e-06
4.999999999998254e-06
4.999999999998254e-06

   72  0  0
4.999999999998252e-06
4.999999999998254e-06
4.999999999998254e-06

   72  0  1
4.999999999998252e-06
4.999999999998254e-06
4.999999999998254e-06

   73  0  0
4.999999999998252e-06
4.999999999998254e-06
4.999999999998254e-06

   73  0  1
4.999999999998252e-06
4.999999999998254e-06
4.999999999998254e-06

   74  0  0
4.999999999998252e-06
4.999999999998254e-06
4.999999999998252e-06

   74  0  1
4.999999999998252e-06
4.999999999998254e-06
4.999999999998254e-06

   75  0  0
4.999999999998257e-06
4.999999999998250e-06
4.999999999997830e-06

   75  0  1
4.999999999998252e-06
4.999999999998254e-06
4.999999999998253e-06

   76  0  0
4.999999999989445e-06
5.000000000008100e-06
5.000000000830442e-06

   76  0  1
4.999999999998625e-06
4.999999999998300e-06
5.000000000351354e-06

   77  0  0
5.000000009970381e-06
4.999999988812475e-06
4.999999103383564e-06

   77  0  1
4.999999999776775e-06
4.999999999730796e-06
4.999999576629167e-06

   78  0  0
4.999990148964435e-06
5.000011164571711e-06
5.000850156881637e-06

   78  0  1
5.000000264642263e-06
5.000000322789549e-06
5.000460551985693e-06

   79  0  0
5.008110223472941e-06
4.990643478576785e-06
4.342588415266674e-06

   79  0  1
4.999699035506767e-06
4.999657990080284e-06
4.566917889169801e-06

