#Cell 
# Element_0
# Element_1
# Element_2
# Element_3
# Element_4
0
1.204488701035000e+00
1.204329866038900e+00
1.204096456545319e+00
1.203862269417875e+00
1.203702254937076e+00

1
1.203620535220389e+00
1.203459966561435e+00
1.203224502353865e+00
1.202988437882462e+00
1.202826865769504e+00

2
1.202744294429639e+00
1.202582248386162e+00
1.202344374596843e+00
1.202105809555467e+00
1.201942483795902e+00

3
1.201859012904036e+00
1.201695168990048e+00
1.201454623801587e+00
1.201213332350165e+00
1.201048151801980e+00

4
1.200963676547356e+00
1.200797950114853e+00
1.200554588627192e+00
1.200310456078166e+00
1.200143295988691e+00

5
1.200057837858179e+00
1.199890118696782e+00
1.199643821439577e+00
1.199396712960503e+00
1.199227477157518e+00

6
1.199140987468475e+00
1.198971178633971e+00
1.198721821040414e+00
1.198471623910584e+00
1.198300254951888e+00

7
1.198212662878934e+00
1.198040692803046e+00
1.197788145341771e+00
1.197534730538058e+00
1.197361176398078e+00

8
1.197272423651146e+00
1.197098235561625e+00
1.196842385990607e+00
1.196585634593850e+00
1.196409768910500e+00

9
1.196319871547135e+00
1.196143359043672e+00
1.195884105169073e+00
1.195623919813529e+00
1.195445691473046e+00

10
1.195354562652080e+00
1.195175663204551e+00
1.194912875004744e+00
1.194649123143382e+00
1.194468452085201e+00

11
1.194376074480834e+00
1.194194705751683e+00
1.193928279416519e+00
1.193660858166834e+00
1.193477652403669e+00

12
1.193383975843699e+00
1.193200055361116e+00
1.192929861477677e+00
1.192658639193159e+00
1.192472826298399e+00

13
1.192377820242390e+00
1.192191264042597e+00
1.191917191462929e+00
1.191642057888283e+00
1.191453557308301e+00

14
1.191357153000926e+00
1.191167887738223e+00
1.190889803617325e+00
1.190610624916103e+00
1.190419330367925e+00

15
1.190321527382905e+00
1.190129446779417e+00
1.189847230918398e+00
1.189563884110316e+00
1.189369740063911e+00

16
1.189270447820138e+00
1.189075485110620e+00
1.188789006407998e+00
1.188501362803727e+00
1.188304257099782e+00

17
1.188203448609380e+00
1.188005505881996e+00
1.187714627835705e+00
1.187422548648747e+00
1.187222384418340e+00

18
1.187120033185915e+00
1.186919006897679e+00
1.186623596815327e+00
1.186326946300704e+00
1.186123648914911e+00

19
1.186019679819210e+00
1.185815486406605e+00
1.185515405048325e+00
1.185214045110282e+00
1.185007515121978e+00

20
1.184901871686088e+00
1.184694419121237e+00
1.184389520626985e+00
1.184083305865399e+00
1.183873431938492e+00

21
1.183766080979154e+00
1.183555261994663e+00
1.183245398758505e+00
1.182934179410506e+00
1.182720858050008e+00

22
1.182611756371978e+00
1.182397463177910e+00
1.182082485413554e+00
1.181766109213160e+00
1.181549242327093e+00

23
1.181438330470139e+00
1.181220459309863e+00
1.180900213051906e+00
1.180578524797731e+00
1.180358010196867e+00

24
1.180245224543445e+00
1.180023671417843e+00
1.179697997857492e+00
1.179370838351612e+00
1.179146566761074e+00

25
1.179031847425475e+00
1.178806504238185e+00
1.178475240214955e+00
1.178142445833230e+00
1.177914303023575e+00

26
1.177797593228174e+00
1.177568347030752e+00
1.177231325397817e+00
1.176892728160696e+00
1.176660597070183e+00

27
1.176541840078978e+00
1.176308574024155e+00
1.175965623677175e+00
1.175621051380046e+00
1.175384812862376e+00

28
1.175263950093417e+00
1.175026544349619e+00
1.174677490093703e+00
1.174326766275710e+00
1.174086298953849e+00

29
1.173963269470198e+00
1.173721601559045e+00
1.173366264041819e+00
1.173009208040184e+00
1.172764388009748e+00

30
1.172639128724369e+00
1.172393073469284e+00
1.172031269041779e+00
1.171667695908310e+00
1.171418396445528e+00

31
1.171290842494750e+00
1.171040271859132e+00
1.170671812506816e+00
1.170301532949643e+00
1.170047624310724e+00

32
1.169917709423520e+00
1.169662492402817e+00
1.169287185786486e+00
1.168910006144414e+00
1.168651355333227e+00

33
1.168519012072464e+00
1.168259014512005e+00
1.167876663884532e+00
1.167492386157454e+00
1.167228856843067e+00

34
1.167094016766857e+00
1.166829101417824e+00
1.166439505626283e+00
1.166047927502543e+00
1.165779379997770e+00

35
1.165641973475841e+00
1.165372000213704e+00
1.164974953664569e+00
1.164575868532659e+00
1.164302160016303e+00

36
1.164162115505368e+00
1.163886941783521e+00
1.163482234517417e+00
1.163075431604887e+00
1.162796416826695e+00

37
1.162653659660278e+00
1.162373140948725e+00
1.161960558605275e+00
1.161545822854602e+00
1.161261355034697e+00

38
1.161115806478383e+00
1.160829796255501e+00
1.160409120237607e+00
1.159986232103056e+00
1.159696163172325e+00

39
1.159547741244215e+00
1.159256089889444e+00
1.158827097488220e+00
1.158395832719369e+00
1.158100011808283e+00

40
1.157948634825689e+00
1.157651187800534e+00
1.157213652252698e+00
1.156773782135019e+00
1.156472052925003e+00

41
1.156317643695557e+00
1.156014240817164e+00
1.155567931269423e+00
1.155119223268591e+00
1.154811422938105e+00

42
1.154653908095356e+00
1.154344385856548e+00
1.153889067312873e+00
1.153431285858196e+00
1.153117248502768e+00

43
1.152956550130331e+00
1.152640746442190e+00
1.152176179823956e+00
1.151709086131160e+00
1.151388648660975e+00

44
1.151224676295234e+00
1.150902431310976e+00
1.150428373871375e+00
1.149951724571690e+00
1.149624726409080e+00

45
1.149457384271527e+00
1.149128533352640e+00
1.148644739316909e+00
1.148158286339102e+00
1.147824559808794e+00

46
1.147653764166234e+00
1.147318132751972e+00
1.146824353379242e+00
1.146327846265611e+00
1.145987213374093e+00

47
1.145812890183842e+00
1.145470301579727e+00
1.144966284745495e+00
1.144459472091030e+00
1.144111757066684e+00

48
1.143933816717079e+00
1.143584102680721e+00
1.143069593154193e+00
1.142552220121043e+00
1.142197256248754e+00

49
1.142015593917333e+00
1.141658584612453e+00
1.141133325421360e+00
1.140605132731463e+00
1.140242745201757e+00

50
1.140057275321556e+00
1.139692787194014e+00
1.139156520041223e+00
1.138617248379149e+00
1.138247250617804e+00

51
1.138057898281058e+00
1.137685750376033e+00
1.137138214802900e+00
1.136587605595710e+00
1.136209822714363e+00

52
1.136016484280037e+00
1.135636507993571e+00
1.135077442391977e+00
1.134515233230442e+00
1.134129494771534e+00

53
1.133932070726815e+00
1.133544084811891e+00
1.132973228434112e+00
1.132399156889320e+00
1.132005274836799e+00

54
1.131803694361064e+00
1.131407512673832e+00
1.130824604834375e+00
1.130238412690932e+00
1.129836209884944e+00

55
1.129630372571199e+00
1.129225827952944e+00
1.128630608330554e+00
1.128032035313135e+00
1.127621344494752e+00

56
1.127411149747937e+00
1.126998063231053e+00
1.126390275045153e+00
1.125779063426027e+00
1.125359698333157e+00

57
1.125145079322302e+00
1.124723269493047e+00
1.124102658602653e+00
1.123478557791581e+00
1.123050351354109e+00

58
1.122831202868979e+00
1.122400510362950e+00
1.121766826092766e+00
1.121129585163137e+00
1.120692372816876e+00

59
1.120468610855987e+00
1.120028858591787e+00
1.119381857649756e+00
1.118731234972238e+00
1.118284840817618e+00

60
1.118056396124899e+00
1.117607422817466e+00
1.116946867342713e+00
1.116282628895384e+00
1.115826906984137e+00

61
1.115593675021406e+00
1.115135329221710e+00
1.114460990796889e+00
1.113782908371133e+00
1.113317695816833e+00

62
1.113079623500498e+00
1.112611743208088e+00
1.111923404565782e+00
1.111231266562994e+00
1.110756423468240e+00

63
1.110513419501789e+00
1.110035875975898e+00
1.109333330974636e+00
1.108626933143125e+00
1.108142325562967e+00

64
1.107894330385933e+00
1.107406978892914e+00
1.106690038688455e+00
1.105969197871822e+00
1.105474695426482e+00

65
1.105221647604488e+00
1.104724377345685e+00
1.103992868497955e+00
1.103257416168396e+00
1.102752918130479e+00

66
1.102494753046987e+00
1.101987450831306e+00
1.101241223080722e+00
1.100491014889978e+00
1.099976413361256e+00

67
1.099713098542301e+00
1.099195676867478e+00
1.098434602241331e+00
1.097669518205689e+00
1.097144749424652e+00

68
1.096876227698531e+00
1.096348613732897e+00
1.095572594245379e+00
1.094792543675979e+00
1.094257536505391e+00

69
1.093983801793255e+00
1.093445944261749e+00
1.092654913336056e+00
1.091859840506495e+00
1.091314576920089e+00

70
1.091035592067048e+00
1.090487467235519e+00
1.089681397412113e+00
1.088871284896824e+00
1.088315745340972e+00

71
1.088031532319494e+00
1.087473142285695e+00
1.086652048716883e+00
1.085826925626015e+00
1.085261151939804e+00

72
1.084971705880605e+00
1.084403088210505e+00
1.083567038012130e+00
1.082726985554356e+00
1.082151028062228e+00

73
1.081856403549503e+00
1.081277635246983e+00
1.080426752255649e+00
1.079571911931144e+00
1.078985890663934e+00

74
1.078686130800884e+00
1.078097328017621e+00
1.077231805639453e+00
1.076362390855205e+00
1.075766452036800e+00

75
1.075461649467609e+00
1.074862991426280e+00
1.073983098590990e+00
1.073099400640414e+00
1.072493765166682e+00

76
1.072184032826992e+00
1.071575740312846e+00
1.070681839532338e+00
1.069784249041603e+00
1.069169196012648e+00

77
1.068854673414836e+00
1.068237061029795e+00
1.067329616961962e+00
1.066418628121267e+00
1.065794511433900e+00

78
1.065475405882879e+00
1.064848841582144e+00
1.063928444997399e+00
1.063004687120831e+00
1.062371966698293e+00

79
1.062048489511663e+00
1.061413462979850e+00
1.060480847396791e+00
1.059545095718311e+00
1.058904314175590e+00

80
1.058576783657368e+00
1.057933878317180e+00
1.056989949140780e+00
1.056043161383947e+00
1.055395017092858e+00

81
1.055063774261097e+00
1.054413712971679e+00
1.053459582007084e+00
1.052502932256837e+00
1.051848255273386e+00

82
1.051513743345351e+00
1.050857422058352e+00
1.049894446914213e+00
1.048929367091113e+00
1.048269180947359e+00

83
1.047931951647054e+00
1.047270440956277e+00
1.046300288989136e+00
1.045328544202879e+00
1.044664118365293e+00

84
1.044324807030810e+00
1.043659445118939e+00
1.042684160385122e+00
1.041707936032715e+00
1.041040827902689e+00

85
1.040700275217917e+00
1.040032703590481e+00
1.039054763807611e+00
1.038076769757997e+00
1.037409017334616e+00

86
1.037068299705865e+00
1.036400701831655e+00
1.035423144544763e+00
1.034446414209957e+00
1.033780443217276e+00

87
1.033441012152830e+00
1.032776707114529e+00
1.031804698332885e+00
1.030832650013012e+00
1.030169846394727e+00

88
1.029832627531890e+00
1.029174218476361e+00
1.028218091665251e+00
1.027263642190429e+00
1.026608819527593e+00

89
1.026273275794244e+00
1.025615390773077e+00
1.024665817814039e+00
1.023748785234203e+00
1.023136851477678e+00

90
1.022824482837974e+00
1.022204782132256e+00
1.021256668512510e+00
1.020282535590845e+00
1.019634675657983e+00

91
1.019320771200804e+00
1.018748721780211e+00
1.018030240802174e+00
1.017429741688462e+00
1.017065729095336e+00

92
1.016888254535444e+00
1.016552343543303e+00
1.016079170286079e+00
1.015618931493582e+00
1.015307748244562e+00

93
1.015149092695231e+00
1.014837600161005e+00
1.014380061645987e+00
1.013921683741412e+00
1.013608273451069e+00

94
1.013448132896836e+00
1.013133703045791e+00
1.012671756819464e+00
1.012208428208245e+00
1.011891338241442e+00

95
1.011729309285990e+00
1.011411250806321e+00
1.010944188498821e+00
1.010475695492597e+00
1.010154987788728e+00

96
1.009991082956162e+00
1.009669368685530e+00
1.009197014492715e+00
1.008723214558091e+00
1.008398846425236e+00

97
1.008233048362247e+00
1.007907646103648e+00
1.007429886867925e+00
1.006950662203062e+00
1.006622561237773e+00

98
1.006454859298801e+00
1.006125708659495e+00
1.005642442879068e+00
1.005157686953164e+00
1.004825788386936e+00

99
1.004656153735744e+00
1.004323181993977e+00
1.003834309946741e+00
1.003343921079922e+00
1.003008164448766e+00

100
1.002836547208225e+00
1.002499689107629e+00
1.002005108337868e+00
1.001508983209164e+00
1.001169295591151e+00

101
1.000995655177598e+00
1.000654847314867e+00
1.000154451145994e+00
9.996524820910546e-01
9.993087824785758e-01

102
9.991330945252981e-01
9.987882620197300e-01
9.982819413420050e-01
9.977740180014854e-01
9.974262309860981e-01

103
9.972484647635815e-01
9.968995249564994e-01
9.963871696499358e-01
9.958731811988761e-01
9.955212374524556e-01

104
9.953413448765680e-01
9.949882192639211e-01
9.944697165990537e-01
9.939495499199809e-01
9.935933743529688e-01

105
9.934113045653480e-01
9.930539198820059e-01
9.925291529369253e-01
9.920026906863773e-01
9.916421982349176e-01

106
9.914579121463798e-01
9.910961914802715e-01
9.905650395237107e-01
9.900321599661845e-01
9.896672619991216e-01

107
9.894807277251670e-01
9.891145851300011e-01
9.885769249018100e-01
9.880375034778568e-01
9.876681148066030e-01

108
9.874792942513159e-01
9.871086386653098e-01
9.865643448060119e-01
9.860182551333355e-01
9.856442936464628e-01

109
9.854531372609230e-01
9.850778788628182e-01
9.845268229873378e-01
9.839739360036098e-01
9.835953166291296e-01

110
9.834017699209928e-01
9.830218217044524e-01
9.824638715060390e-01
9.819040543061621e-01
9.815206849808894e-01

111
9.813246972226373e-01
9.809399712696504e-01
9.803749901370642e-01
9.798081053664555e-01
9.794198880816638e-01

112
9.792214145917481e-01
9.788318178821536e-01
9.782596652994546e-01
9.776855714263428e-01
9.772924057940121e-01

113
9.770914038790637e-01
9.766968373492936e-01
9.761173695507981e-01
9.755359214687378e-01
9.751377072223961e-01

114
9.749341306582304e-01
9.745344909035594e-01
9.739475608286697e-01
9.733586101608387e-01
9.729552473215867e-01

115
9.727490437448312e-01
9.723442254949005e-01
9.717496824152390e-01
9.711530772677489e-01
9.707444643258913e-01

116
9.705355762579926e-01
9.701254736673496e-01
9.695231627169116e-01
9.689187471512658e-01
9.685047789324778e-01

117
9.682931465835983e-01
9.678776528501153e-01
9.672674146672385e-01
9.666550283609101e-01
9.662355950415495e-01

118
9.660211587226719e-01
9.656001648098680e-01
9.649818352470509e-01
9.643613130881805e-01
9.639363002345854e-01

119
9.637190012126566e-01
9.632923946139906e-01
9.626658047613662e-01
9.620369767395504e-01
9.616062659387629e-01

120
9.613860459223135e-01
9.609537099413691e-01
9.603186861887706e-01
9.596813774261646e-01
9.592448469555979e-01

121
9.590216469409999e-01
9.585834604719713e-01
9.579398243126954e-01
9.572938549700595e-01
9.568513802533767e-01

122
9.566251394910512e-01
9.561809773726943e-01
9.555285454119984e-01
9.548737305944260e-01
9.544251841804346e-01

123
9.541958394311435e-01
9.537455726853853e-01
9.530841563969227e-01
9.524203059841148e-01
9.519655573061402e-01

124
9.517330425481365e-01
9.512765385365811e-01
9.506059439998308e-01
9.499328625161226e-01
9.494717776526551e-01

125
9.492360241711953e-01
9.487731467109074e-01
9.480931743318696e-01
9.474106605427437e-01
9.469431017306827e-01

126
9.467040382552115e-01
9.462346474918460e-01
9.455450918271094e-01
9.448529386070155e-01
9.443787639541956e-01

127
9.441363168457271e-01
9.436602690171207e-01
9.429609184508918e-01
9.422589125171802e-01
9.417779757860781e-01

128
9.415320691867487e-01
9.410492164094006e-01
9.403398528614987e-01
9.396277743946814e-01
9.391399247332096e-01

129
9.388904805950413e-01
9.384006706460862e-01
9.376810694554200e-01
9.369586919674571e-01
9.364637737477496e-01

130
9.362107117761193e-01
9.357137877652869e-01
9.349837172800080e-01
9.342508072679463e-01
9.337486599380104e-01

131
9.334918975158117e-01
9.329876976922311e-01
9.322469190217479e-01
9.315032356888110e-01
9.309936936309813e-01

132
9.307331457130267e-01
9.302215033142829e-01
9.294697701167703e-01
9.287150650431487e-01
9.281979572861894e-01

133
9.279335361765103e-01
9.274142790754900e-01
9.266513371463734e-01
9.258853540525207e-01
9.253605042035766e-01

134
9.250921194504257e-01
9.245650700257622e-01
9.237906569895887e-01
9.230131313344265e-01
9.224803573406235e-01

135
9.222079155534220e-01
9.216728904778286e-01
9.208867354642246e-01
9.200973940468836e-01
9.195565078958543e-01

136
9.192799125135646e-01
9.187367224397139e-01
9.179385457271821e-01
9.171371064605620e-01
9.165879140737800e-01

137
9.163070652173296e-01
9.157555145310555e-01
9.149450270596969e-01
9.141311984110191e-01
9.135734993503347e-01

138
9.132882936335797e-01
9.127281801932814e-01
9.119050832654684e-01
9.110785638986855e-01
9.105121510982347e-01

139
9.102224814499527e-01
9.096535962032675e-01
9.088175810345971e-01
9.079780593851630e-01
9.074027188685534e-01

140
9.071084744064863e-01
9.065306009264200e-01
9.056813480471726e-01
9.048285017668726e-01
9.042440123611368e-01

141
9.039450784169867e-01
9.033579926094052e-01
9.024951715428302e-01
9.016286669750244e-01
9.010347997694836e-01

142
9.007310578856075e-01
9.001345273921049e-01
8.992577960112534e-01
8.983772876321432e-01
8.977738054508655e-01

143
8.974651335314409e-01
8.968589172484065e-01
8.959679211276523e-01
8.950730509498760e-01
8.944597077705424e-01

144
8.941459802969670e-01
8.935298281022420e-01
8.926241999150478e-01
8.917145967161216e-01
8.910911367698433e-01

145
8.907722247347355e-01
8.901458771231793e-01
8.892252358966550e-01
8.883005146968802e-01
8.876666718823647e-01

146
8.873424424853893e-01
8.867056305289990e-01
8.857695808332192e-01
8.848293421820040e-01
8.841848395961457e-01

147
8.838551553543232e-01
8.832076008017157e-01
8.822557319772180e-01
8.812995612204003e-01
8.806441110054074e-01

148
8.803088282370013e-01
8.796502435704368e-01
8.786821291878122e-01
8.777095960007527e-01
8.770428997307534e-01

149
8.767018667249219e-01
8.760319546989587e-01
8.750471517407203e-01
8.740578093108425e-01
8.733795586196303e-01

150
8.730326142822372e-01
8.723510669198404e-01
8.713491152993792e-01
8.703424994298041e-01
8.696523762017567e-01

151
8.692993500483079e-01
8.686058466255633e-01
8.675862685346092e-01
8.665618965382209e-01
8.658595719066946e-01

152
8.655002861060366e-01
8.647944904757389e-01
8.637567890995344e-01
8.627141583439710e-01
8.619992901545851e-01

153
8.616335632797332e-01
8.609151220976896e-01
8.598587801640186e-01
8.587973664473709e-01
8.580695953497673e-01

154
8.576972452677302e-01
8.569657878048366e-01
8.558902655758236e-01
8.548095217626787e-01
8.540684682094605e-01

155
8.536893111554064e-01
8.529444514029614e-01
8.518491848234121e-01
8.507485400974790e-01
8.499938045448143e-01

156
8.496076489852145e-01
8.488489887085433e-01
8.477333881521588e-01
8.466122471749553e-01
8.458434134584006e-01

157
8.454500512532676e-01
8.446771806618399e-01
8.435406307771910e-01
8.423983730132540e-01
8.416150128864205e-01

158
8.412142146366656e-01
8.404267080403773e-01
8.392685675136696e-01
8.381045453451047e-01
8.373062188520526e-01

159
8.368977394532441e-01
8.360951470368670e-01
8.349147469990607e-01
8.337282824751491e-01
8.329145304343597e-01

160
8.324981226437497e-01
8.316799644781558e-01
8.304766050917697e-01
8.292669867931489e-01
8.284373195178001e-01

161
8.280127422809590e-01
8.271785106403716e-01
8.259514562711435e-01
8.247179373735808e-01
8.238718305422676e-01

162
8.234388392418345e-01
8.225880083472016e-01
8.213364848626264e-01
8.200782828381077e-01
8.192151859385114e-01

163
8.187735095211276e-01
8.179055409032265e-01
8.166287361816538e-01
8.153450319745245e-01
8.144643804823122e-01

164
8.140137100242715e-01
8.131280425804213e-01
8.118251073338927e-01
8.105150417902065e-01
8.096162556751253e-01

165
8.091562631957655e-01
8.082522944378748e-01
8.069223386944840e-01
8.055850061988545e-01
8.046674685836568e-01

166
8.041978369563537e-01
8.032749170517308e-01
8.019170016073469e-01
8.005514454839124e-01
7.996144855121055e-01

167
7.991349048692663e-01
7.981923535276826e-01
7.968054832517532e-01
7.954106956669961e-01
7.944536006680318e-01

168
7.939637254780386e-01
7.930008475392384e-01
7.915839720504536e-01
7.901588933007964e-01
7.891809335521870e-01

169
7.886803587328028e-01
7.876964277915061e-01
7.862484445280962e-01
7.847919566592123e-01
7.837923791861714e-01

170
7.832806796894352e-01
7.822749039775733e-01
7.807946506810026e-01
7.793055670392256e-01
7.782835548302961e-01

171
7.777603313542650e-01
7.767318539460643e-01
7.752180930816389e-01
7.736951534168189e-01
7.726498125205176e-01

172
7.721146543669496e-01
7.710625897757569e-01
7.695140028750947e-01
7.679558744984569e-01
7.668862731098585e-01

173
7.663386869743474e-01
7.652621233755289e-01
7.636773170912097e-01
7.620825890286353e-01
7.609877742383122e-01

174
7.604272110596570e-01
7.593251567398868e-01
7.577026581956535e-01
7.560698251413206e-01
7.549487662479927e-01

175
7.543747081582757e-01
7.532460716574069e-01
7.515843047355047e-01
7.499117570170094e-01
7.487633109481918e-01

176
7.481752354705971e-01
7.470188790333631e-01
7.453161517698113e-01
7.436021768126253e-01
7.424251453823516e-01

177
7.418224140818666e-01
7.406371626655127e-01
7.388916764353767e-01
7.371344486973561e-01
7.359275994348050e-01

178
7.353095056271850e-01
7.340940647021520e-01
7.323039044707659e-01
7.305014606786444e-01
7.292634354372269e-01

179
7.286293215287410e-01
7.273822634688406e-01
7.255453606132559e-01
7.236955889871951e-01
7.224248828089062e-01

180
7.217740396186266e-01
7.204938853752533e-01
7.186080073871391e-01
7.167086462579869e-01
7.154036995140948e-01

181
7.147352480173178e-01
7.134204303075352e-01
7.114831917940663e-01
7.095318034288621e-01
7.081909613292130e-01

182
7.075040080014329e-01
7.061527589829275e-01
7.041615838719133e-01
7.021555215384609e-01
7.007769100895866e-01

183
7.000705938332459e-01
6.986810106137460e-01
6.966330858050792e-01
6.945694879061273e-01
6.931510935012365e-01

184
6.924243533953187e-01
6.909944535748259e-01
6.888867393513293e-01
6.867625064448915e-01
6.853022254835988e-01

185
6.845538704384397e-01
6.830814298713986e-01
6.809106340240555e-01
6.787223742843341e-01
6.772178287999330e-01

186
6.764467339573983e-01
6.749292796293586e-01
6.726917762666615e-01
6.704357823018497e-01
6.688843399827488e-01

187
6.680891752319565e-01
6.665241138168525e-01
6.642159341216312e-01
6.618881553219584e-01
6.602870503029230e-01

188
6.594662406783864e-01
6.578506742084390e-01
6.554674843991595e-01
6.530634464075397e-01
6.514095502833217e-01

189
6.505615819803751e-01
6.488922273926661e-01
6.464292075763338e-01
6.439439622352383e-01
6.422337533521009e-01

190
6.413568561355155e-01
6.396302208981209e-01
6.370820280947846e-01
6.345101037066451e-01
6.327398277878384e-01

191
6.318318794949829e-01
6.300440227133804e-01
6.274047468581821e-01
6.247400218455396e-01
6.229053769699675e-01

192
6.219642921944202e-01
6.201107055418926e-01
6.173736838599634e-01
6.146092971769120e-01
6.127054060923678e-01

193
6.117286755157912e-01
6.098044801504237e-01
6.069622266016830e-01
6.040904678433683e-01
6.021120168399072e-01

194
6.010966891207927e-01
5.990962491150703e-01
5.961403290888877e-01
5.931524241794021e-01
5.910931830714847e-01

195
5.900362523231062e-01
5.879530972864051e-01
5.848738306725401e-01
5.817597777806852e-01
5.796126713758073e-01

196
5.785103467265524e-01
5.763372820398461e-01
5.731236053519837e-01
5.698719106224902e-01
5.676289401374414e-01

197
5.664769488547432e-01
5.642054115238373e-01
5.608445281200600e-01
5.574418209183782e-01
5.550933973188474e-01

198
5.538870215213976e-01
5.515071539533801e-01
5.479840475442315e-01
5.444147119351953e-01
5.419498501776600e-01

199
5.406830256449338e-01
5.381833270688784e-01
5.344803750575920e-01
5.307258988258378e-01
5.281314657475681e-01

200
5.267975206999314e-01
5.241639811199817e-01
5.202600571323633e-01
5.162982492060623e-01
5.135582967624995e-01

201
5.121489115119120e-01
5.093650285019572e-01
5.052345761483429e-01
5.010385090150470e-01
4.981339805571801e-01

202
4.966388346570927e-01
4.936840716648410e-01
4.892957283907818e-01
4.848320638874271e-01
4.817388135460455e-01

203
4.801456846450396e-01
4.769945128214080e-01
4.723088490623248e-01
4.675356641675395e-01
4.642235713704990e-01

204
4.625159932808392e-01
4.591361347839317e-01
4.541028355177114e-01
4.489660299890592e-01
4.453958205002189e-01

205
4.435533940628139e-01
4.399021072348024e-01
4.344548198374659e-01
4.288826609686018e-01
4.250017304969559e-01

206
4.229962545806867e-01
4.190167067178328e-01
4.130653312153614e-01
4.069593386929868e-01
4.026953449283930e-01

207
4.004878243397681e-01
3.960993940883001e-01
3.895162057999241e-01
3.827347925668275e-01
3.779815544686708e-01

208
3.755152973903369e-01
3.705997079560422e-01
3.631932333581445e-01
3.555206991182605e-01
3.501151150486395e-01

209
3.472999013773801e-01
3.416693575277863e-01
3.331307526821446e-01
3.242095882566627e-01
3.178733778692274e-01

210
3.145566325954885e-01
3.078823260925279e-01
2.976542278925138e-01
2.868147620682834e-01
2.790091585959482e-01

211
2.748823252372682e-01
2.664921188552384e-01
2.533762247548928e-01
2.390753732452888e-01
2.284713379601922e-01

212
2.227465937716652e-01
2.108051011991385e-01
1.911754786976318e-01
1.679544792327678e-01
1.490125764532908e-01

213
1.381318612146454e-01
1.117653406281955e-01
6.990295962671605e-02
5.466418267947117e-02
5.861149991497521e-02

214
5.549125083784188e-02
5.620744585960673e-02
5.622805231843486e-02
5.622774582204337e-02
5.625560894392965e-02

215
5.622653910624698e-02
5.623349201092050e-02
5.623412689015365e-02
5.623404412259102e-02
5.623431870847984e-02

216
5.623409180817483e-02
5.623412245928974e-02
5.623413354358060e-02
5.623413163808825e-02
5.623413281865742e-02

217
5.623413304327406e-02
5.623413239756953e-02
5.623413254322993e-02
5.623413251716993e-02
5.623413248663035e-02

218
5.623413253989831e-02
5.623413251854936e-02
5.623413251920345e-02
5.623413251928475e-02
5.623413251816031e-02

219
5.623413251934481e-02
5.623413251906902e-02
5.623413251901947e-02
5.623413251904050e-02
5.623413251901911e-02

220
5.623413251902801e-02
5.623413251903191e-02
5.623413251902938e-02
5.623413251903028e-02
5.623413251903014e-02

221
5.623413251902968e-02
5.623413251903006e-02
5.623413251902997e-02
5.623413251903001e-02
5.623413251903001e-02

222
5.623413251902998e-02
5.623413251903000e-02
5.623413251903000e-02
5.623413251903000e-02
5.623413251903000e-02

223
5.623413251903000e-02
5.623413251903000e-02
5.623413251903000e-02
5.623413251903000e-02
5.623413251903000e-02

224
5.623413251903000e-02
5.623413251903000e-02
5.623413251903000e-02
5.623413251903000e-02
5.623413251903000e-02

225
5.623413251903000e-02
5.623413251903000e-02
5.623413251903000e-02
5.623413251903000e-02
5.623413251903000e-02

226
5.623413251903000e-02
5.623413251903000e-02
5.623413251903000e-02
5.623413251903000e-02
5.623413251903000e-02

227
5.623413251903000e-02
5.623413251903000e-02
5.623413251903000e-02
5.623413251903000e-02
5.623413251903000e-02

228
5.623413251903000e-02
5.623413251903000e-02
5.623413251903000e-02
5.623413251903000e-02
5.623413251903000e-02

229
5.623413251903000e-02
5.623413251903000e-02
5.623413251903000e-02
5.623413251903000e-02
5.623413251903000e-02

230
5.623413251903000e-02
5.623413251903000e-02
5.623413251903000e-02
5.623413251903000e-02
5.623413251903000e-02

231
5.623413251903000e-02
5.623413251903000e-02
5.623413251903000e-02
5.623413251903000e-02
5.623413251903000e-02

232
5.623413251903000e-02
5.623413251903000e-02
5.623413251903000e-02
5.623413251903000e-02
5.623413251903000e-02

233
5.623413251903000e-02
5.623413251903000e-02
5.623413251903000e-02
5.623413251903000e-02
5.623413251903000e-02

234
5.623413251903000e-02
5.623413251903000e-02
5.623413251903000e-02
5.623413251903000e-02
5.623413251903000e-02

235
5.623413251903000e-02
5.623413251903000e-02
5.623413251903000e-02
5.623413251903000e-02
5.623413251903000e-02

236
5.623413251903000e-02
5.623413251903000e-02
5.623413251903000e-02
5.623413251903000e-02
5.623413251903000e-02

237
5.623413251903000e-02
5.623413251903000e-02
5.623413251903000e-02
5.623413251903000e-02
5.623413251903000e-02

238
5.623413251903000e-02
5.623413251903000e-02
5.623413251903000e-02
5.623413251903000e-02
5.623413251903000e-02

239
5.623413251903000e-02
5.623413251903000e-02
5.623413251903000e-02
5.623413251903000e-02
5.623413251903000e-02

240
5.623413251903000e-02
5.623413251903000e-02
5.623413251903000e-02
5.623413251903000e-02
5.623413251903000e-02

241
5.623413251903000e-02
5.623413251903000e-02
5.623413251903000e-02
5.623413251903000e-02
5.623413251903000e-02

242
5.623413251903000e-02
5.623413251903000e-02
5.623413251903000e-02
5.623413251903000e-02
5.623413251903000e-02

243
5.623413251903000e-02
5.623413251903000e-02
5.623413251903000e-02
5.623413251903000e-02
5.623413251903000e-02

244
5.623413251903000e-02
5.623413251903000e-02
5.623413251903000e-02
5.623413251903000e-02
5.623413251903000e-02

245
5.623413251903000e-02
5.623413251903000e-02
5.623413251903000e-02
5.623413251903000e-02
5.623413251903000e-02

246
5.623413251903000e-02
5.623413251903000e-02
5.623413251903000e-02
5.623413251903000e-02
5.623413251903000e-02

247
5.623413251903000e-02
5.623413251903000e-02
5.623413251903000e-02
5.623413251903000e-02
5.623413251903000e-02

248
5.623413251903000e-02
5.623413251903000e-02
5.623413251903000e-02
5.623413251903000e-02
5.623413251903000e-02

249
5.623413251903000e-02
5.623413251903000e-02
5.623413251903000e-02
5.623413251903000e-02
5.623413251903000e-02

250
5.623413251903000e-02
5.623413251903000e-02
5.623413251903000e-02
5.623413251903000e-02
5.623413251903000e-02

251
5.623413251903000e-02
5.623413251903000e-02
5.623413251903000e-02
5.623413251903000e-02
5.623413251903000e-02

252
5.623413251903000e-02
5.623413251903000e-02
5.623413251903000e-02
5.623413251903000e-02
5.623413251903000e-02

253
5.623413251903000e-02
5.623413251903000e-02
5.623413251903000e-02
5.623413251903000e-02
5.623413251903000e-02

254
5.623413251903000e-02
5.623413251903000e-02
5.623413251903000e-02
5.623413251903000e-02
5.623413251903000e-02

255
5.623413251903000e-02
5.623413251903000e-02
5.623413251903000e-02
5.623413251903000e-02
5.623413251903000e-02

256
5.623413251903000e-02
5.623413251903000e-02
5.623413251903000e-02
5.623413251903000e-02
5.623413251903000e-02

257
5.623413251903000e-02
5.623413251903000e-02
5.623413251903000e-02
5.623413251903000e-02
5.623413251903000e-02

258
5.623413251903000e-02
5.623413251903000e-02
5.623413251903000e-02
5.623413251903000e-02
5.623413251903000e-02

259
5.623413251903000e-02
5.623413251903000e-02
5.623413251903000e-02
5.623413251903000e-02
5.623413251903000e-02

260
5.623413251903000e-02
5.623413251903000e-02
5.623413251903000e-02
5.623413251903000e-02
5.623413251903000e-02

261
5.623413251903000e-02
5.623413251903000e-02
5.623413251903000e-02
5.623413251903000e-02
5.623413251903000e-02

262
5.623413251903000e-02
5.623413251903000e-02
5.623413251903000e-02
5.623413251903000e-02
5.623413251903000e-02

263
5.623413251903000e-02
5.623413251903000e-02
5.623413251903000e-02
5.623413251903000e-02
5.623413251903000e-02

264
5.623413251903000e-02
5.623413251903000e-02
5.623413251903000e-02
5.623413251903000e-02
5.623413251903000e-02

265
5.623413251903000e-02
5.623413251903000e-02
5.623413251903000e-02
5.623413251903000e-02
5.623413251903000e-02

266
5.623413251903000e-02
5.623413251903000e-02
5.623413251903000e-02
5.623413251903000e-02
5.623413251903000e-02

267
5.623413251903000e-02
5.623413251903000e-02
5.623413251903000e-02
5.623413251903000e-02
5.623413251903000e-02

268
5.623413251903000e-02
5.623413251903000e-02
5.623413251903000e-02
5.623413251903000e-02
5.623413251903000e-02

269
5.623413251903000e-02
5.623413251903000e-02
5.623413251903000e-02
5.623413251903000e-02
5.623413251903000e-02

270
5.623413251903000e-02
5.623413251903000e-02
5.623413251903000e-02
5.623413251903000e-02
5.623413251903000e-02

271
5.623413251903000e-02
5.623413251903000e-02
5.623413251903000e-02
5.623413251903000e-02
5.623413251903000e-02

272
5.623413251903000e-02
5.623413251903000e-02
5.623413251903000e-02
5.623413251903000e-02
5.623413251903000e-02

273
5.623413251903000e-02
5.623413251903000e-02
5.623413251903000e-02
5.623413251903000e-02
5.623413251903000e-02

274
5.623413251903000e-02
5.623413251903000e-02
5.623413251903000e-02
5.623413251903000e-02
5.623413251903000e-02

275
5.623413251903000e-02
5.623413251903000e-02
5.623413251903000e-02
5.623413251903000e-02
5.623413251903000e-02

276
5.623413251903000e-02
5.623413251903000e-02
5.623413251903000e-02
5.623413251903000e-02
5.623413251903000e-02

277
5.623413251903000e-02
5.623413251903000e-02
5.623413251903000e-02
5.623413251903000e-02
5.623413251903000e-02

278
5.623413251903000e-02
5.623413251903000e-02
5.623413251903000e-02
5.623413251903000e-02
5.623413251903000e-02

279
5.623413251903000e-02
5.623413251903000e-02
5.623413251903000e-02
5.623413251903000e-02
5.623413251903000e-02

280
5.623413251903000e-02
5.623413251903000e-02
5.623413251903000e-02
5.623413251903000e-02
5.623413251903000e-02

281
5.623413251903000e-02
5.623413251903000e-02
5.623413251903000e-02
5.623413251903000e-02
5.623413251903000e-02

282
5.623413251903000e-02
5.623413251903000e-02
5.623413251903000e-02
5.623413251903000e-02
5.623413251903000e-02

283
5.623413251903000e-02
5.623413251903000e-02
5.623413251903000e-02
5.623413251903000e-02
5.623413251903000e-02

284
5.623413251903000e-02
5.623413251903000e-02
5.623413251903000e-02
5.623413251903000e-02
5.623413251903000e-02

285
5.623413251903000e-02
5.623413251903000e-02
5.623413251903000e-02
5.623413251903000e-02
5.623413251903000e-02

286
5.623413251903000e-02
5.623413251903000e-02
5.623413251903000e-02
5.623413251903000e-02
5.623413251903000e-02

287
5.623413251903000e-02
5.623413251903000e-02
5.623413251903000e-02
5.623413251903000e-02
5.623413251903000e-02

288
5.623413251903000e-02
5.623413251903000e-02
5.623413251903000e-02
5.623413251903000e-02
5.623413251903000e-02

289
5.623413251903000e-02
5.623413251903000e-02
5.623413251903000e-02
5.623413251903000e-02
5.623413251903000e-02

290
5.623413251903000e-02
5.623413251903000e-02
5.623413251903000e-02
5.623413251903000e-02
5.623413251903000e-02

291
5.623413251903000e-02
5.623413251903000e-02
5.623413251903000e-02
5.623413251903000e-02
5.623413251903000e-02

292
5.623413251903000e-02
5.623413251903000e-02
5.623413251903000e-02
5.623413251903000e-02
5.623413251903000e-02

293
5.623413251903000e-02
5.623413251903000e-02
5.623413251903000e-02
5.623413251903000e-02
5.623413251903000e-02

294
5.623413251903000e-02
5.623413251903000e-02
5.623413251903000e-02
5.623413251903000e-02
5.623413251903000e-02

295
5.623413251903000e-02
5.623413251903000e-02
5.623413251903000e-02
5.623413251903000e-02
5.623413251903000e-02

296
5.623413251903000e-02
5.623413251903000e-02
5.623413251903000e-02
5.623413251903000e-02
5.623413251903000e-02

297
5.623413251903000e-02
5.623413251903000e-02
5.623413251903000e-02
5.623413251903000e-02
5.623413251903000e-02

298
5.623413251903000e-02
5.623413251903000e-02
5.623413251903000e-02
5.623413251903000e-02
5.623413251903000e-02

299
5.623413251903000e-02
5.623413251903000e-02
5.623413251903000e-02
5.623413251903000e-02
5.623413251903000e-02

300
5.623413251903000e-02
5.623413251903000e-02
5.623413251903000e-02
5.623413251903000e-02
5.623413251903000e-02

301
5.623413251903000e-02
5.623413251903000e-02
5.623413251903000e-02
5.623413251903000e-02
5.623413251903000e-02

302
5.623413251903000e-02
5.623413251903000e-02
5.623413251903000e-02
5.623413251903000e-02
5.623413251903000e-02

303
5.623413251903000e-02
5.623413251903000e-02
5.623413251903000e-02
5.623413251903000e-02
5.623413251903000e-02

304
5.623413251903000e-02
5.623413251903000e-02
5.623413251903000e-02
5.623413251903000e-02
5.623413251903000e-02

305
5.623413251903000e-02
5.623413251903000e-02
5.623413251903000e-02
5.623413251903000e-02
5.623413251903000e-02

306
5.623413251903000e-02
5.623413251903000e-02
5.623413251903000e-02
5.623413251903000e-02
5.623413251903000e-02

307
5.623413251903000e-02
5.623413251903000e-02
5.623413251903000e-02
5.623413251903000e-02
5.623413251903000e-02

308
5.623413251903000e-02
5.623413251903000e-02
5.623413251903000e-02
5.623413251903000e-02
5.623413251903000e-02

309
5.623413251903000e-02
5.623413251903000e-02
5.623413251903000e-02
5.623413251903000e-02
5.623413251903000e-02

310
5.623413251903000e-02
5.623413251903000e-02
5.623413251903000e-02
5.623413251903000e-02
5.623413251903000e-02

311
5.623413251903000e-02
5.623413251903000e-02
5.623413251903000e-02
5.623413251903000e-02
5.623413251903000e-02

312
5.623413251903000e-02
5.623413251903000e-02
5.623413251903000e-02
5.623413251903000e-02
5.623413251903000e-02

313
5.623413251903000e-02
5.623413251903000e-02
5.623413251903000e-02
5.623413251903000e-02
5.623413251903000e-02

314
5.623413251903000e-02
5.623413251903000e-02
5.623413251903000e-02
5.623413251903000e-02
5.623413251903000e-02

315
5.623413251903000e-02
5.623413251903000e-02
5.623413251903000e-02
5.623413251903000e-02
5.623413251903000e-02

316
5.623413251903000e-02
5.623413251903000e-02
5.623413251903000e-02
5.623413251903000e-02
5.623413251903000e-02

317
5.623413251903000e-02
5.623413251903000e-02
5.623413251903000e-02
5.623413251903000e-02
5.623413251903000e-02

318
5.623413251903000e-02
5.623413251903000e-02
5.623413251903000e-02
5.623413251903000e-02
5.623413251903000e-02

319
5.623413251903000e-02
5.623413251903000e-02
5.623413251903000e-02
5.623413251903000e-02
5.623413251903000e-02

320
5.623413251903000e-02
5.623413251903000e-02
5.623413251903000e-02
5.623413251903000e-02
5.623413251903000e-02

321
5.623413251903000e-02
5.623413251903000e-02
5.623413251903000e-02
5.623413251903000e-02
5.623413251903000e-02

322
5.623413251903000e-02
5.623413251903000e-02
5.623413251903000e-02
5.623413251903000e-02
5.623413251903000e-02

323
5.623413251903000e-02
5.623413251903000e-02
5.623413251903000e-02
5.623413251903000e-02
5.623413251903000e-02

324
5.623413251903000e-02
5.623413251903000e-02
5.623413251903000e-02
5.623413251903000e-02
5.623413251903000e-02

325
5.623413251903000e-02
5.623413251903000e-02
5.623413251903000e-02
5.623413251903000e-02
5.623413251903000e-02

326
5.623413251903000e-02
5.623413251903000e-02
5.623413251903000e-02
5.623413251903000e-02
5.623413251903000e-02

327
5.623413251903000e-02
5.623413251903000e-02
5.623413251903000e-02
5.623413251903000e-02
5.623413251903000e-02

328
5.623413251903000e-02
5.623413251903000e-02
5.623413251903000e-02
5.623413251903000e-02
5.623413251903000e-02

329
5.623413251903000e-02
5.623413251903000e-02
5.623413251903000e-02
5.623413251903000e-02
5.623413251903000e-02

330
5.623413251903000e-02
5.623413251903000e-02
5.623413251903000e-02
5.623413251903000e-02
5.623413251903000e-02

331
5.623413251903000e-02
5.623413251903000e-02
5.623413251903000e-02
5.623413251903000e-02
5.623413251903000e-02

332
5.623413251903000e-02
5.623413251903000e-02
5.623413251903000e-02
5.623413251903000e-02
5.623413251903000e-02

333
5.623413251903000e-02
5.623413251903000e-02
5.623413251903000e-02
5.623413251903000e-02
5.623413251903000e-02

334
5.623413251903000e-02
5.623413251903000e-02
5.623413251903000e-02
5.623413251903000e-02
5.623413251903000e-02

335
5.623413251903000e-02
5.623413251903000e-02
5.623413251903000e-02
5.623413251903000e-02
5.623413251903000e-02

336
5.623413251903000e-02
5.623413251903000e-02
5.623413251903000e-02
5.623413251903000e-02
5.623413251903000e-02

337
5.623413251903000e-02
5.623413251903000e-02
5.623413251903000e-02
5.623413251903000e-02
5.623413251903000e-02

338
5.623413251903000e-02
5.623413251903000e-02
5.623413251903000e-02
5.623413251903000e-02
5.623413251903000e-02

339
5.623413251903000e-02
5.623413251903000e-02
5.623413251903000e-02
5.623413251903000e-02
5.623413251903000e-02

340
5.623413251903000e-02
5.623413251903000e-02
5.623413251903000e-02
5.623413251903000e-02
5.623413251903000e-02

341
5.623413251903000e-02
5.623413251903000e-02
5.623413251903000e-02
5.623413251903000e-02
5.623413251903000e-02

342
5.623413251903000e-02
5.623413251903000e-02
5.623413251903000e-02
5.623413251903000e-02
5.623413251903000e-02

343
5.623413251903000e-02
5.623413251903000e-02
5.623413251903000e-02
5.623413251903000e-02
5.623413251903000e-02

344
5.623413251903000e-02
5.623413251903000e-02
5.623413251903000e-02
5.623413251903000e-02
5.623413251903000e-02

345
5.623413251903000e-02
5.623413251903000e-02
5.623413251903000e-02
5.623413251903000e-02
5.623413251903000e-02

346
5.623413251903000e-02
5.623413251903000e-02
5.623413251903000e-02
5.623413251903000e-02
5.623413251903000e-02

347
5.623413251903000e-02
5.623413251903000e-02
5.623413251903000e-02
5.623413251903000e-02
5.623413251903000e-02

348
5.623413251903000e-02
5.623413251903000e-02
5.623413251903000e-02
5.623413251903000e-02
5.623413251903000e-02

349
5.623413251903000e-02
5.623413251903000e-02
5.623413251903000e-02
5.623413251903000e-02
5.623413251903000e-02

350
5.623413251903000e-02
5.623413251903000e-02
5.623413251903000e-02
5.623413251903000e-02
5.623413251903000e-02

351
5.623413251903000e-02
5.623413251903000e-02
5.623413251903000e-02
5.623413251903000e-02
5.623413251903000e-02

352
5.623413251903000e-02
5.623413251903000e-02
5.623413251903000e-02
5.623413251903000e-02
5.623413251903000e-02

353
5.623413251903000e-02
5.623413251903000e-02
5.623413251903000e-02
5.623413251903000e-02
5.623413251903000e-02

354
5.623413251903000e-02
5.623413251903000e-02
5.623413251903000e-02
5.623413251903000e-02
5.623413251903000e-02

355
5.623413251903000e-02
5.623413251903000e-02
5.623413251903000e-02
5.623413251903000e-02
5.623413251903000e-02

356
5.623413251903000e-02
5.623413251903000e-02
5.623413251903000e-02
5.623413251903000e-02
5.623413251903000e-02

357
5.623413251903000e-02
5.623413251903000e-02
5.623413251903000e-02
5.623413251903000e-02
5.623413251903000e-02

358
5.623413251903000e-02
5.623413251903000e-02
5.623413251903000e-02
5.623413251903000e-02
5.623413251903000e-02

359
5.623413251903000e-02
5.623413251903000e-02
5.623413251903000e-02
5.623413251903000e-02
5.623413251903000e-02

360
5.623413251903000e-02
5.623413251903000e-02
5.623413251903000e-02
5.623413251903000e-02
5.623413251903000e-02

361
5.623413251903000e-02
5.623413251903000e-02
5.623413251903000e-02
5.623413251903000e-02
5.623413251903000e-02

362
5.623413251903000e-02
5.623413251903000e-02
5.623413251903000e-02
5.623413251903000e-02
5.623413251903000e-02

363
5.623413251903000e-02
5.623413251903000e-02
5.623413251903000e-02
5.623413251903000e-02
5.623413251903000e-02

364
5.623413251903000e-02
5.623413251903000e-02
5.623413251903000e-02
5.623413251903000e-02
5.623413251903000e-02

365
5.623413251903000e-02
5.623413251903000e-02
5.623413251903000e-02
5.623413251903000e-02
5.623413251903000e-02

366
5.623413251903000e-02
5.623413251903000e-02
5.623413251903000e-02
5.623413251903000e-02
5.623413251903000e-02

367
5.623413251903000e-02
5.623413251903000e-02
5.623413251903000e-02
5.623413251903000e-02
5.623413251903000e-02

368
5.623413251903000e-02
5.623413251903000e-02
5.623413251903000e-02
5.623413251903000e-02
5.623413251903000e-02

369
5.623413251903000e-02
5.623413251903000e-02
5.623413251903000e-02
5.623413251903000e-02
5.623413251903000e-02

370
5.623413251903000e-02
5.623413251903000e-02
5.623413251903000e-02
5.623413251903000e-02
5.623413251903000e-02

371
5.623413251903000e-02
5.623413251903000e-02
5.623413251903000e-02
5.623413251903000e-02
5.623413251903000e-02

372
5.623413251903000e-02
5.623413251903000e-02
5.623413251903000e-02
5.623413251903000e-02
5.623413251903000e-02

373
5.623413251903000e-02
5.623413251903000e-02
5.623413251903000e-02
5.623413251903000e-02
5.623413251903000e-02

374
5.623413251903000e-02
5.623413251903000e-02
5.623413251903000e-02
5.623413251903000e-02
5.623413251903000e-02

375
5.623413251903000e-02
5.623413251903000e-02
5.623413251903000e-02
5.623413251903000e-02
5.623413251903000e-02

376
5.623413251903000e-02
5.623413251903000e-02
5.623413251903000e-02
5.623413251903000e-02
5.623413251903000e-02

377
5.623413251903000e-02
5.623413251903000e-02
5.623413251903000e-02
5.623413251903000e-02
5.623413251903000e-02

378
5.623413251903000e-02
5.623413251903000e-02
5.623413251903000e-02
5.623413251903000e-02
5.623413251903000e-02

379
5.623413251903000e-02
5.623413251903000e-02
5.623413251903000e-02
5.623413251903000e-02
5.623413251903000e-02

380
5.623413251903000e-02
5.623413251903000e-02
5.623413251903000e-02
5.623413251903000e-02
5.623413251903000e-02

381
5.623413251903000e-02
5.623413251903000e-02
5.623413251903000e-02
5.623413251903000e-02
5.623413251903000e-02

382
5.623413251903000e-02
5.623413251903000e-02
5.623413251903000e-02
5.623413251903000e-02
5.623413251903000e-02

383
5.623413251903000e-02
5.623413251903000e-02
5.623413251903000e-02
5.623413251903000e-02
5.623413251903000e-02

384
5.623413251903000e-02
5.623413251903000e-02
5.623413251903000e-02
5.623413251903000e-02
5.623413251903000e-02

385
5.623413251903000e-02
5.623413251903000e-02
5.623413251903000e-02
5.623413251903000e-02
5.623413251903000e-02

386
5.623413251903000e-02
5.623413251903000e-02
5.623413251903000e-02
5.623413251903000e-02
5.623413251903000e-02

387
5.623413251903000e-02
5.623413251903000e-02
5.623413251903000e-02
5.623413251903000e-02
5.623413251903000e-02

388
5.623413251903000e-02
5.623413251903000e-02
5.623413251903000e-02
5.623413251903000e-02
5.623413251903000e-02

389
5.623413251903000e-02
5.623413251903000e-02
5.623413251903000e-02
5.623413251903000e-02
5.623413251903000e-02

390
5.623413251903000e-02
5.623413251903000e-02
5.623413251903000e-02
5.623413251903000e-02
5.623413251903000e-02

391
5.623413251903000e-02
5.623413251903000e-02
5.623413251903000e-02
5.623413251903000e-02
5.623413251903000e-02

392
5.623413251903000e-02
5.623413251903000e-02
5.623413251903000e-02
5.623413251903000e-02
5.623413251903000e-02

393
5.623413251903000e-02
5.623413251903000e-02
5.623413251903000e-02
5.623413251903000e-02
5.623413251903000e-02

394
5.623413251903000e-02
5.623413251903000e-02
5.623413251903000e-02
5.623413251903000e-02
5.623413251903000e-02

395
5.623413251903000e-02
5.623413251903000e-02
5.623413251903000e-02
5.623413251903000e-02
5.623413251903000e-02

396
5.623413251903000e-02
5.623413251903000e-02
5.623413251903000e-02
5.623413251903000e-02
5.623413251903000e-02

397
5.623413251903000e-02
5.623413251903000e-02
5.623413251903000e-02
5.623413251903000e-02
5.623413251903000e-02

398
5.623413251903000e-02
5.623413251903000e-02
5.623413251903000e-02
5.623413251903000e-02
5.623413251903000e-02

399
5.623413251903000e-02
5.623413251903000e-02
5.623413251903000e-02
5.623413251903000e-02
5.623413251903000e-02

400
5.623413251903000e-02
5.623413251903000e-02
5.623413251903000e-02
5.623413251903000e-02
5.623413251903000e-02

401
5.623413251903000e-02
5.623413251903000e-02
5.623413251903000e-02
5.623413251903000e-02
5.623413251903000e-02

402
5.623413251903000e-02
5.623413251903000e-02
5.623413251903000e-02
5.623413251903000e-02
5.623413251903000e-02

403
5.623413251903000e-02
5.623413251903000e-02
5.623413251903000e-02
5.623413251903000e-02
5.623413251903000e-02

404
5.623413251903000e-02
5.623413251903000e-02
5.623413251903000e-02
5.623413251903000e-02
5.623413251903000e-02

405
5.623413251903000e-02
5.623413251903000e-02
5.623413251903000e-02
5.623413251903000e-02
5.623413251903000e-02

406
5.623413251903000e-02
5.623413251903000e-02
5.623413251903000e-02
5.623413251903000e-02
5.623413251903000e-02

407
5.623413251903000e-02
5.623413251903000e-02
5.623413251903000e-02
5.623413251903000e-02
5.623413251903000e-02

408
5.623413251903000e-02
5.623413251903000e-02
5.623413251903000e-02
5.623413251903000e-02
5.623413251903000e-02

409
5.623413251903000e-02
5.623413251903000e-02
5.623413251903000e-02
5.623413251903000e-02
5.623413251903000e-02

410
5.623413251903000e-02
5.623413251903000e-02
5.623413251903000e-02
5.623413251903000e-02
5.623413251903000e-02

411
5.623413251903000e-02
5.623413251903000e-02
5.623413251903000e-02
5.623413251903000e-02
5.623413251903000e-02

412
5.623413251903000e-02
5.623413251903000e-02
5.623413251903000e-02
5.623413251903000e-02
5.623413251903000e-02

413
5.623413251903000e-02
5.623413251903000e-02
5.623413251903000e-02
5.623413251903000e-02
5.623413251903000e-02

414
5.623413251903000e-02
5.623413251903000e-02
5.623413251903000e-02
5.623413251903000e-02
5.623413251903000e-02

415
5.623413251903000e-02
5.623413251903000e-02
5.623413251903000e-02
5.623413251903000e-02
5.623413251903000e-02

416
5.623413251903000e-02
5.623413251903000e-02
5.623413251903000e-02
5.623413251903000e-02
5.623413251903000e-02

417
5.623413251903000e-02
5.623413251903000e-02
5.623413251903000e-02
5.623413251903000e-02
5.623413251903000e-02

418
5.623413251903000e-02
5.623413251903000e-02
5.623413251903000e-02
5.623413251903000e-02
5.623413251903000e-02

419
5.623413251903000e-02
5.623413251903000e-02
5.623413251903000e-02
5.623413251903000e-02
5.623413251903000e-02

420
5.623413251903000e-02
5.623413251903000e-02
5.623413251903000e-02
5.623413251903000e-02
5.623413251903000e-02

421
5.623413251903000e-02
5.623413251903000e-02
5.623413251903000e-02
5.623413251903000e-02
5.623413251903000e-02

422
5.623413251903000e-02
5.623413251903000e-02
5.623413251903000e-02
5.623413251903000e-02
5.623413251903000e-02

423
5.623413251903000e-02
5.623413251903000e-02
5.623413251903000e-02
5.623413251903000e-02
5.623413251903000e-02

424
5.623413251903000e-02
5.623413251903000e-02
5.623413251903000e-02
5.623413251903000e-02
5.623413251903000e-02

425
5.623413251903000e-02
5.623413251903000e-02
5.623413251903000e-02
5.623413251903000e-02
5.623413251903000e-02

426
5.623413251903000e-02
5.623413251903000e-02
5.623413251903000e-02
5.623413251903000e-02
5.623413251903000e-02

427
5.623413251903000e-02
5.623413251903000e-02
5.623413251903000e-02
5.623413251903000e-02
5.623413251903000e-02

428
5.623413251903000e-02
5.623413251903000e-02
5.623413251903000e-02
5.623413251903000e-02
5.623413251903000e-02

429
5.623413251903000e-02
5.623413251903000e-02
5.623413251903000e-02
5.623413251903000e-02
5.623413251903000e-02

430
5.623413251903000e-02
5.623413251903000e-02
5.623413251903000e-02
5.623413251903000e-02
5.623413251903000e-02

431
5.623413251903000e-02
5.623413251903000e-02
5.623413251903000e-02
5.623413251903000e-02
5.623413251903000e-02

432
5.623413251903000e-02
5.623413251903000e-02
5.623413251903000e-02
5.623413251903000e-02
5.623413251903000e-02

433
5.623413251903000e-02
5.623413251903000e-02
5.623413251903000e-02
5.623413251903000e-02
5.623413251903000e-02

434
5.623413251903000e-02
5.623413251903000e-02
5.623413251903000e-02
5.623413251903000e-02
5.623413251903000e-02

435
5.623413251903000e-02
5.623413251903000e-02
5.623413251903000e-02
5.623413251903000e-02
5.623413251903000e-02

436
5.623413251903000e-02
5.623413251903000e-02
5.623413251903000e-02
5.623413251903000e-02
5.623413251903000e-02

437
5.623413251903000e-02
5.623413251903000e-02
5.623413251903000e-02
5.623413251903000e-02
5.623413251903000e-02

438
5.623413251903000e-02
5.623413251903000e-02
5.623413251903000e-02
5.623413251903000e-02
5.623413251903000e-02

439
5.623413251903000e-02
5.623413251903000e-02
5.623413251903000e-02
5.623413251903000e-02
5.623413251903000e-02

440
5.623413251903000e-02
5.623413251903000e-02
5.623413251903000e-02
5.623413251903000e-02
5.623413251903000e-02

441
5.623413251903000e-02
5.623413251903000e-02
5.623413251903000e-02
5.623413251903000e-02
5.623413251903000e-02

442
5.623413251903000e-02
5.623413251903000e-02
5.623413251903000e-02
5.623413251903000e-02
5.623413251903000e-02

443
5.623413251903000e-02
5.623413251903000e-02
5.623413251903000e-02
5.623413251903000e-02
5.623413251903000e-02

444
5.623413251903000e-02
5.623413251903000e-02
5.623413251903000e-02
5.623413251903000e-02
5.623413251903000e-02

445
5.623413251903000e-02
5.623413251903000e-02
5.623413251903000e-02
5.623413251903000e-02
5.623413251903000e-02

446
5.623413251903000e-02
5.623413251903000e-02
5.623413251903000e-02
5.623413251903000e-02
5.623413251903000e-02

447
5.623413251903000e-02
5.623413251903000e-02
5.623413251903000e-02
5.623413251903000e-02
5.623413251903000e-02

448
5.623413251903000e-02
5.623413251903000e-02
5.623413251903000e-02
5.623413251903000e-02
5.623413251903000e-02

449
5.623413251903000e-02
5.623413251903000e-02
5.623413251903000e-02
5.623413251903000e-02
5.623413251903000e-02

450
5.623413251903000e-02
5.623413251903000e-02
5.623413251903000e-02
5.623413251903000e-02
5.623413251903000e-02

451
5.623413251903000e-02
5.623413251903000e-02
5.623413251903000e-02
5.623413251903000e-02
5.623413251903000e-02

452
5.623413251903000e-02
5.623413251903000e-02
5.623413251903000e-02
5.623413251903000e-02
5.623413251903000e-02

453
5.623413251903000e-02
5.623413251903000e-02
5.623413251903000e-02
5.623413251903000e-02
5.623413251903000e-02

454
5.623413251903000e-02
5.623413251903000e-02
5.623413251903000e-02
5.623413251903000e-02
5.623413251903000e-02

455
5.623413251903000e-02
5.623413251903000e-02
5.623413251903000e-02
5.623413251903000e-02
5.623413251903000e-02

456
5.623413251903000e-02
5.623413251903000e-02
5.623413251903000e-02
5.623413251903000e-02
5.623413251903000e-02

457
5.623413251903000e-02
5.623413251903000e-02
5.623413251903000e-02
5.623413251903000e-02
5.623413251903000e-02

458
5.623413251903000e-02
5.623413251903000e-02
5.623413251903000e-02
5.623413251903000e-02
5.623413251903000e-02

459
5.623413251903000e-02
5.623413251903000e-02
5.623413251903000e-02
5.623413251903000e-02
5.623413251903000e-02

460
5.623413251903000e-02
5.623413251903000e-02
5.623413251903000e-02
5.623413251903000e-02
5.623413251903000e-02

461
5.623413251903000e-02
5.623413251903000e-02
5.623413251903000e-02
5.623413251903000e-02
5.623413251903000e-02

462
5.623413251903000e-02
5.623413251903000e-02
5.623413251903000e-02
5.623413251903000e-02
5.623413251903000e-02

463
5.623413251903000e-02
5.623413251903000e-02
5.623413251903000e-02
5.623413251903000e-02
5.623413251903000e-02

464
5.623413251903000e-02
5.623413251903000e-02
5.623413251903000e-02
5.623413251903000e-02
5.623413251903000e-02

465
5.623413251903000e-02
5.623413251903000e-02
5.623413251903000e-02
5.623413251903000e-02
5.623413251903000e-02

466
5.623413251903000e-02
5.623413251903000e-02
5.623413251903000e-02
5.623413251903000e-02
5.623413251903000e-02

467
5.623413251903000e-02
5.623413251903000e-02
5.623413251903000e-02
5.623413251903000e-02
5.623413251903000e-02

468
5.623413251903000e-02
5.623413251903000e-02
5.623413251903000e-02
5.623413251903000e-02
5.623413251903000e-02

469
5.623413251903000e-02
5.623413251903000e-02
5.623413251903000e-02
5.623413251903000e-02
5.623413251903000e-02

470
5.623413251903000e-02
5.623413251903000e-02
5.623413251903000e-02
5.623413251903000e-02
5.623413251903000e-02

471
5.623413251903000e-02
5.623413251903000e-02
5.623413251903000e-02
5.623413251903000e-02
5.623413251903000e-02

472
5.623413251903000e-02
5.623413251903000e-02
5.623413251903000e-02
5.623413251903000e-02
5.623413251903000e-02

473
5.623413251903000e-02
5.623413251903000e-02
5.623413251903000e-02
5.623413251903000e-02
5.623413251903000e-02

474
5.623413251903000e-02
5.623413251903000e-02
5.623413251903000e-02
5.623413251903000e-02
5.623413251903000e-02

475
5.623413251903000e-02
5.623413251903000e-02
5.623413251903000e-02
5.623413251903000e-02
5.623413251903000e-02

476
5.623413251903000e-02
5.623413251903000e-02
5.623413251903000e-02
5.623413251903000e-02
5.623413251903000e-02

477
5.623413251903000e-02
5.623413251903000e-02
5.623413251903000e-02
5.623413251903000e-02
5.623413251903000e-02

478
5.623413251903000e-02
5.623413251903000e-02
5.623413251903000e-02
5.623413251903000e-02
5.623413251903000e-02

479
5.623413251903000e-02
5.623413251903000e-02
5.623413251903000e-02
5.623413251903000e-02
5.623413251903000e-02

480
5.623413251903000e-02
5.623413251903000e-02
5.623413251903000e-02
5.623413251903000e-02
5.623413251903000e-02

481
5.623413251903000e-02
5.623413251903000e-02
5.623413251903000e-02
5.623413251903000e-02
5.623413251903000e-02

482
5.623413251903000e-02
5.623413251903000e-02
5.623413251903000e-02
5.623413251903000e-02
5.623413251903000e-02

483
5.623413251903000e-02
5.623413251903000e-02
5.623413251903000e-02
5.623413251903000e-02
5.623413251903000e-02

484
5.623413251903000e-02
5.623413251903000e-02
5.623413251903000e-02
5.623413251903000e-02
5.623413251903000e-02

485
5.623413251903000e-02
5.623413251903000e-02
5.623413251903000e-02
5.623413251903000e-02
5.623413251903000e-02

486
5.623413251903000e-02
5.623413251903000e-02
5.623413251903000e-02
5.623413251903000e-02
5.623413251903000e-02

487
5.623413251903000e-02
5.623413251903000e-02
5.623413251903000e-02
5.623413251903000e-02
5.623413251903000e-02

488
5.623413251903000e-02
5.623413251903000e-02
5.623413251903000e-02
5.623413251903000e-02
5.623413251903000e-02

489
5.623413251903000e-02
5.623413251903000e-02
5.623413251903000e-02
5.623413251903000e-02
5.623413251903000e-02

490
5.623413251903000e-02
5.623413251903000e-02
5.623413251903000e-02
5.623413251903000e-02
5.623413251903000e-02

491
5.623413251903000e-02
5.623413251903000e-02
5.623413251903001e-02
5.623413251903002e-02
5.623413251902887e-02

492
5.623413251902998e-02
5.623413251903200e-02
5.623413251902371e-02
5.623413251904197e-02
5.623413251897668e-02

493
5.623413251904145e-02
5.623413251910979e-02
5.623413251886700e-02
5.623413251933394e-02
5.623413251766505e-02

494
5.623413251932746e-02
5.623413252108743e-02
5.623413251483163e-02
5.623413252681461e-02
5.623413248404914e-02

495
5.623413252660413e-02
5.623413257212768e-02
5.623413241065869e-02
5.623413271829242e-02
5.623413162036896e-02

496
5.623413271362954e-02
5.623413389694222e-02
5.623412969743326e-02
5.623413757583597e-02
5.623410905962615e-02

497
5.623413859369208e-02
5.623416837411675e-02
5.623405623990350e-02
5.623424564937727e-02
5.623341898924851e-02

498
5.623468777681341e-02
5.623495676650041e-02
5.623160356137758e-02
5.623280824544988e-02
5.618639549917346e-02

499
5.634446508308884e-02
5.624370227578086e-02
5.604197130174938e-02
5.586130454679493e-02
4.952083910043401e-02

