#Cell    Group    L_mom 
# Element_0
# Element_1
    0  0  0
1.914254840192760e+00
1.909854033012923e+00

    1  0  0
1.909859747392830e+00
1.905446118784375e+00

    2  0  0
1.905451996373880e+00
1.901025255120156e+00

    3  0  0
1.901031301979717e+00
1.896591145998319e+00

    4  0  0
1.896597367635405e+00
1.892143484799200e+00

    5  0  0
1.892149887224747e+00
1.887681954619975e+00

    6  0  0
1.887688544705572e+00
1.883206226933454e+00

    7  0  0
1.883213011688432e+00
1.878715960993948e+00

    8  0  0
1.878722947600054e+00
1.874210803414748e+00

    9  0  0
1.874217999306286e+00
1.869690387756936e+00

   10  0  0
1.869697800642391e+00
1.865154334042756e+00

   11  0  0
1.865161971919985e+00
1.860602248243977e+00

   12  0  0
1.860610119414071e+00
1.856033721745505e+00

   13  0  0
1.856041834826439e+00
1.851448330780733e+00

   14  0  0
1.851456694720835e+00
1.846845635836950e+00

   15  0  0
1.846854259928788e+00
1.842225181032513e+00

   16  0  0
1.842234074928138e+00
1.837586493468795e+00

   17  0  0
1.837595667196685e+00
1.832929082557659e+00

   18  0  0
1.832938546540651e+00
1.828252439321181e+00

   19  0  0
1.828262204394331e+00
1.823556035657989e+00

   20  0  0
1.823566113086114e+00
1.818839323571918e+00

   21  0  0
1.818849725067710e+00
1.814101734362437e+00

   22  0  0
1.814112472106450e+00
1.809342677778811e+00

   23  0  0
1.809353764441868e+00
1.804561541138964e+00

   24  0  0
1.804572989906292e+00
1.799757688410117e+00

   25  0  0
1.799769513005995e+00
1.794930459245223e+00

   26  0  0
1.794942673957660e+00
1.790079167969620e+00

   27  0  0
1.790091787675824e+00
1.785203102515747e+00

   28  0  0
1.785216142709776e+00
1.780301523306675e+00

   29  0  0
1.780315000130043e+00
1.775373662088536e+00

   30  0  0
1.775387592363207e+00
1.770418720708162e+00

   31  0  0
1.770433121970830e+00
1.765435869828927e+00

   32  0  0
1.765450760366071e+00
1.760424247578017e+00

   33  0  0
1.760439646462606e+00
1.755382958121793e+00

   34  0  0
1.755398885253088e+00
1.750311070168525e+00

   35  0  0
1.750327546315683e+00
1.745207615396656e+00

   36  0  0
1.745224662245555e+00
1.740071586802558e+00

   37  0  0
1.740089227004742e+00
1.734901936958688e+00

   38  0  0
1.734920194182227e+00
1.729697576173902e+00

   39  0  0
1.729716475157347e+00
1.724457370551248e+00

   40  0  0
1.724476937162220e+00
1.719180139940258e+00

   41  0  0
1.719200401239289e+00
1.713864655778231e+00

   42  0  0
1.713885640087200e+00
1.708509638810360e+00

   43  0  0
1.708531375784722e+00
1.703113756676520e+00

   44  0  0
1.703136277381571e+00
1.697675621354681e+00

   45  0  0
1.697698958347158e+00
1.692193786453830e+00

   46  0  0
1.692217973870258e+00
1.686666744348658e+00

   47  0  0
1.686691818001093e+00
1.681092923143807e+00

   48  0  0
1.681118920622836e+00
1.675470683451590e+00

   49  0  0
1.675497644236287e+00
1.669798314967228e+00

   50  0  0
1.669826280542291e+00
1.664074032827837e+00

   51  0  0
1.664103046809576e+00
1.658295973741531e+00

   52  0  0
1.658326082015294e+00
1.652462191869591e+00

   53  0  0
1.652493442739908e+00
1.646570654440469e+00

   54  0  0
1.646603098792092e+00
1.640619237071239e+00

   55  0  0
1.640652928539937e+00
1.634605718771013e+00

   56  0  0
1.634640713928711e+00
1.628527776602565e+00

   57  0  0
1.628564135162993e+00
1.622382979979223e+00

   58  0  0
1.622420765022268e+00
1.616168784565807e+00

   59  0  0
1.616208062775480e+00
1.609882525739600e+00

   60  0  0
1.609923367661392e+00
1.603521411569029e+00

   61  0  0
1.603563891896822e+00
1.597082515279431e+00

   62  0  0
1.597126713169266e+00
1.590562767165406e+00

   63  0  0
1.590608766572585e+00
1.583958945884946e+00

   64  0  0
1.584006835935537e+00
1.577267669072856e+00

   65  0  0
1.577317544473710e+00
1.570485383219692e+00

   66  0  0
1.570537344701880e+00
1.563608352742052e+00

   67  0  0
1.563662507552244e+00
1.556632648162737e+00

   68  0  0
1.556689110611985e+00
1.549554133322399e+00

   69  0  0
1.549613025379898e+00
1.542368451506669e+00

   70  0  0
1.542429903454836e+00
1.535071010366338e+00

   71  0  0
1.535135161538560e+00
1.527656965535080e+00

   72  0  0
1.527723965125268e+00
1.520121202794304e+00

   73  0  0
1.520191210757696e+00
1.512458318602751e+00

   74  0  0
1.512531506665335e+00
1.504662598826882e+00

   75  0  0
1.504739151596366e+00
1.496727995447361e+00

   76  0  0
1.496808111670079e+00
1.488648101018437e+00

   77  0  0
1.488731994993797e+00
1.480416120637273e+00

   78  0  0
1.480504023789362e+00
1.472024841059231e+00

   79  0  0
1.472117003722087e+00
1.463466596625718e+00

   80  0  0
1.463563290047491e+00
1.454733231608522e+00

   81  0  0
1.454834750231041e+00
1.445816058489377e+00

   82  0  0
1.445922722551402e+00
1.436705811670955e+00

   83  0  0
1.436817970145006e+00
1.427392595904192e+00

   84  0  0
1.427510629873746e+00
1.417865828727439e+00

   85  0  0
1.417990155244942e+00
1.408114176070145e+00

   86  0  0
1.408245252618641e+00
1.398125479997675e+00

   87  0  0
1.398263809645477e+00
1.387886677427239e+00

   88  0  0
1.388032814777371e+00
1.377383708277835e+00

   89  0  0
1.377538266419186e+00
1.366601411454479e+00

   90  0  0
1.366765070067798e+00
1.355523406597677e+00

   91  0  0
1.355696921527400e+00
1.344131959233218e+00

   92  0  0
1.344316173741113e+00
1.332407826287147e+00

   93  0  0
1.332603684427746e+00
1.320330078369675e+00

   94  0  0
1.320538640923868e+00
1.307875894487657e+00

   95  0  0
1.308098358119876e+00
1.295020323771082e+00

   96  0  0
1.295258044149610e+00
1.281736007567695e+00

   97  0  0
1.281990527466924e+00
1.267992853421699e+00

   98  0  0
1.268265937137081e+00
1.253757650578512e+00

   99  0  0
1.254051326400372e+00
1.238993613567043e+00

  100  0  0
1.239310226631618e+00
1.223659836890779e+00

  101  0  0
1.224002115488245e+00
1.207710638516390e+00

  102  0  0
1.208081778180468e+00
1.191094763619670e+00

  103  0  0
1.191498534923749e+00
1.173754410433893e+00

  104  0  0
1.174195298753957e+00
1.155624027362089e+00

  105  0  0
1.156107416190921e+00
1.136628811898180e+00

  106  0  0
1.137161227120819e+00
1.116682817068896e+00

  107  0  0
1.117272258060851e+00
1.095686531378733e+00

  108  0  0
1.096342924106993e+00
1.073523742294950e+00

  109  0  0
1.074259573174319e+00
1.050057419850293e+00

  110  0  0
1.050888674112058e+00
1.025124210156097e+00

  111  0  0
1.026071729304807e+00
9.985268013508470e-01

  112  0  0
9.996180833245847e-01
9.700233798855425e-01

  113  0  0
9.712960705985095e-01
9.393134817618246e-01

  114  0  0
9.408225733057984e-01
9.060141075363214e-01

  115  0  0
9.078346592631935e-01
8.696180123586795e-01

  116  0  0
8.718500526872588e-01
8.294668084219377e-01

  117  0  0
8.323529968201696e-01
7.846934282279662e-01

  118  0  0
7.886719103371584e-01
7.336818687098298e-01

  119  0  0
7.385659120674383e-01
6.739421108773780e-01

  120  0  0
6.811512351647913e-01
6.055539401176885e-01

  121  0  0
6.297770156703519e-01
5.202829329746910e-01

  122  0  0
5.616915295058376e-01
3.515298600631612e-01

  123  0  0
3.103686855895500e-01
8.643635994516384e-02

  124  0  0
2.160893810340837e-02
8.027860235695668e-04

  125  0  0
5.627992338034900e-05
1.132315229742620e-05

  126  0  0
1.007599113407394e-05
1.000217295514362e-05

  127  0  0
1.000012485669901e-05
1.000000357143716e-05

  128  0  0
1.000000020525388e-05
1.000000000586853e-05

  129  0  0
1.000000000033400e-05
1.000000000000616e-05

  130  0  0
9.999999999997062e-06
9.999999999996523e-06

  131  0  0
9.999999999996508e-06
9.999999999996508e-06

  132  0  0
9.999999999996506e-06
9.999999999996508e-06

  133  0  0
9.999999999996506e-06
9.999999999996508e-06

  134  0  0
9.999999999996506e-06
9.999999999996508e-06

  135  0  0
9.999999999996506e-06
9.999999999996508e-06

  136  0  0
9.999999999996506e-06
9.999999999996508e-06

  137  0  0
9.999999999996506e-06
9.999999999996508e-06

  138  0  0
9.999999999996506e-06
9.999999999996508e-06

  139  0  0
9.999999999996506e-06
9.999999999996508e-06

  140  0  0
9.999999999996506e-06
9.999999999996508e-06

  141  0  0
9.999999999996506e-06
9.999999999996508e-06

  142  0  0
9.999999999996506e-06
9.999999999996508e-06

  143  0  0
9.999999999996506e-06
9.999999999996508e-06

  144  0  0
9.999999999996506e-06
9.999999999996508e-06

  145  0  0
9.999999999996506e-06
9.999999999996508e-06

  146  0  0
9.999999999996506e-06
9.999999999996508e-06

  147  0  0
9.999999999996506e-06
9.999999999996508e-06

  148  0  0
9.999999999996506e-06
9.999999999996508e-06

  149  0  0
9.999999999996506e-06
9.999999999996508e-06

  150  0  0
9.999999999996506e-06
9.999999999996508e-06

  151  0  0
9.999999999996506e-06
9.999999999996508e-06

  152  0  0
9.999999999996506e-06
9.999999999996508e-06

  153  0  0
9.999999999996506e-06
9.999999999996508e-06

  154  0  0
9.999999999996506e-06
9.999999999996508e-06

  155  0  0
9.999999999996506e-06
9.999999999996508e-06

  156  0  0
9.999999999996506e-06
9.999999999996508e-06

  157  0  0
9.999999999996506e-06
9.999999999996508e-06

  158  0  0
9.999999999996506e-06
9.999999999996508e-06

  159  0  0
9.999999999996506e-06
9.999999999996508e-06

  160  0  0
9.999999999996506e-06
9.999999999996508e-06

  161  0  0
9.999999999996506e-06
9.999999999996508e-06

  162  0  0
9.999999999996506e-06
9.999999999996508e-06

  163  0  0
9.999999999996506e-06
9.999999999996508e-06

  164  0  0
9.999999999996506e-06
9.999999999996508e-06

  165  0  0
9.999999999996506e-06
9.999999999996508e-06

  166  0  0
9.999999999996506e-06
9.999999999996508e-06

  167  0  0
9.999999999996506e-06
9.999999999996508e-06

  168  0  0
9.999999999996506e-06
9.999999999996508e-06

  169  0  0
9.999999999996506e-06
9.999999999996508e-06

  170  0  0
9.999999999996506e-06
9.999999999996508e-06

  171  0  0
9.999999999996506e-06
9.999999999996508e-06

  172  0  0
9.999999999996506e-06
9.999999999996508e-06

  173  0  0
9.999999999996506e-06
9.999999999996508e-06

  174  0  0
9.999999999996506e-06
9.999999999996508e-06

  175  0  0
9.999999999996506e-06
9.999999999996508e-06

  176  0  0
9.999999999996506e-06
9.999999999996508e-06

  177  0  0
9.999999999996506e-06
9.999999999996508e-06

  178  0  0
9.999999999996506e-06
9.999999999996508e-06

  179  0  0
9.999999999996506e-06
9.999999999996508e-06

  180  0  0
9.999999999996506e-06
9.999999999996508e-06

  181  0  0
9.999999999996506e-06
9.999999999996508e-06

  182  0  0
9.999999999996506e-06
9.999999999996508e-06

  183  0  0
9.999999999996506e-06
9.999999999996508e-06

  184  0  0
9.999999999996506e-06
9.999999999996508e-06

  185  0  0
9.999999999996506e-06
9.999999999996508e-06

  186  0  0
9.999999999996506e-06
9.999999999996508e-06

  187  0  0
9.999999999996506e-06
9.999999999996508e-06

  188  0  0
9.999999999996506e-06
9.999999999996508e-06

  189  0  0
9.999999999996506e-06
9.999999999996508e-06

  190  0  0
9.999999999996506e-06
9.999999999996508e-06

  191  0  0
9.999999999996506e-06
9.999999999996508e-06

  192  0  0
9.999999999996506e-06
9.999999999996508e-06

  193  0  0
9.999999999996506e-06
9.999999999996508e-06

  194  0  0
9.999999999996506e-06
9.999999999996508e-06

  195  0  0
9.999999999996506e-06
9.999999999996508e-06

  196  0  0
9.999999999996506e-06
9.999999999996508e-06

  197  0  0
9.999999999996506e-06
9.999999999996508e-06

  198  0  0
9.999999999996506e-06
9.999999999996508e-06

  199  0  0
9.999999999996506e-06
9.999999999996508e-06

  200  0  0
9.999999999996506e-06
9.999999999996508e-06

  201  0  0
9.999999999996506e-06
9.999999999996508e-06

  202  0  0
9.999999999996506e-06
9.999999999996508e-06

  203  0  0
9.999999999996506e-06
9.999999999996508e-06

  204  0  0
9.999999999996506e-06
9.999999999996508e-06

  205  0  0
9.999999999996506e-06
9.999999999996508e-06

  206  0  0
9.999999999996506e-06
9.999999999996508e-06

  207  0  0
9.999999999996506e-06
9.999999999996508e-06

  208  0  0
9.999999999996506e-06
9.999999999996508e-06

  209  0  0
9.999999999996506e-06
9.999999999996508e-06

  210  0  0
9.999999999996506e-06
9.999999999996508e-06

  211  0  0
9.999999999996506e-06
9.999999999996508e-06

  212  0  0
9.999999999996506e-06
9.999999999996508e-06

  213  0  0
9.999999999996506e-06
9.999999999996508e-06

  214  0  0
9.999999999996506e-06
9.999999999996508e-06

  215  0  0
9.999999999996506e-06
9.999999999996508e-06

  216  0  0
9.999999999996506e-06
9.999999999996508e-06

  217  0  0
9.999999999996506e-06
9.999999999996508e-06

  218  0  0
9.999999999996506e-06
9.999999999996508e-06

  219  0  0
9.999999999996506e-06
9.999999999996508e-06

  220  0  0
9.999999999996506e-06
9.999999999996508e-06

  221  0  0
9.999999999996506e-06
9.999999999996508e-06

  222  0  0
9.999999999996506e-06
9.999999999996508e-06

  223  0  0
9.999999999996506e-06
9.999999999996508e-06

  224  0  0
9.999999999996506e-06
9.999999999996508e-06

  225  0  0
9.999999999996506e-06
9.999999999996508e-06

  226  0  0
9.999999999996506e-06
9.999999999996508e-06

  227  0  0
9.999999999996506e-06
9.999999999996508e-06

  228  0  0
9.999999999996506e-06
9.999999999996508e-06

  229  0  0
9.999999999996506e-06
9.999999999996508e-06

  230  0  0
9.999999999996506e-06
9.999999999996508e-06

  231  0  0
9.999999999996506e-06
9.999999999996508e-06

  232  0  0
9.999999999996506e-06
9.999999999996508e-06

  233  0  0
9.999999999996506e-06
9.999999999996508e-06

  234  0  0
9.999999999996506e-06
9.999999999996508e-06

  235  0  0
9.999999999996506e-06
9.999999999996508e-06

  236  0  0
9.999999999996506e-06
9.999999999996508e-06

  237  0  0
9.999999999996506e-06
9.999999999996508e-06

  238  0  0
9.999999999996506e-06
9.999999999996508e-06

  239  0  0
9.999999999996506e-06
9.999999999996508e-06

  240  0  0
9.999999999996506e-06
9.999999999996508e-06

  241  0  0
9.999999999996506e-06
9.999999999996508e-06

  242  0  0
9.999999999996506e-06
9.999999999996508e-06

  243  0  0
9.999999999996506e-06
9.999999999996508e-06

  244  0  0
9.999999999996506e-06
9.999999999996508e-06

  245  0  0
9.999999999996506e-06
9.999999999996508e-06

  246  0  0
9.999999999996506e-06
9.999999999996508e-06

  247  0  0
9.999999999996506e-06
9.999999999996508e-06

  248  0  0
9.999999999996506e-06
9.999999999996508e-06

  249  0  0
9.999999999996506e-06
9.999999999996508e-06

  250  0  0
9.999999999996506e-06
9.999999999996508e-06

  251  0  0
9.999999999996506e-06
9.999999999996508e-06

  252  0  0
9.999999999996506e-06
9.999999999996508e-06

  253  0  0
9.999999999996506e-06
9.999999999996508e-06

  254  0  0
9.999999999996506e-06
9.999999999996508e-06

  255  0  0
9.999999999996506e-06
9.999999999996508e-06

  256  0  0
9.999999999996506e-06
9.999999999996508e-06

  257  0  0
9.999999999996506e-06
9.999999999996508e-06

  258  0  0
9.999999999996506e-06
9.999999999996508e-06

  259  0  0
9.999999999996506e-06
9.999999999996508e-06

  260  0  0
9.999999999996506e-06
9.999999999996508e-06

  261  0  0
9.999999999996506e-06
9.999999999996508e-06

  262  0  0
9.999999999996506e-06
9.999999999996508e-06

  263  0  0
9.999999999996506e-06
9.999999999996508e-06

  264  0  0
9.999999999996506e-06
9.999999999996508e-06

  265  0  0
9.999999999996506e-06
9.999999999996508e-06

  266  0  0
9.999999999996506e-06
9.999999999996508e-06

  267  0  0
9.999999999996506e-06
9.999999999996508e-06

  268  0  0
9.999999999996506e-06
9.999999999996508e-06

  269  0  0
9.999999999996506e-06
9.999999999996508e-06

  270  0  0
9.999999999996506e-06
9.999999999996508e-06

  271  0  0
9.999999999996506e-06
9.999999999996508e-06

  272  0  0
9.999999999996506e-06
9.999999999996508e-06

  273  0  0
9.999999999996506e-06
9.999999999996508e-06

  274  0  0
9.999999999996506e-06
9.999999999996508e-06

  275  0  0
9.999999999996506e-06
9.999999999996508e-06

  276  0  0
9.999999999996506e-06
9.999999999996508e-06

  277  0  0
9.999999999996506e-06
9.999999999996508e-06

  278  0  0
9.999999999996506e-06
9.999999999996508e-06

  279  0  0
9.999999999996506e-06
9.999999999996508e-06

  280  0  0
9.999999999996506e-06
9.999999999996508e-06

  281  0  0
9.999999999996506e-06
9.999999999996508e-06

  282  0  0
9.999999999996506e-06
9.999999999996508e-06

  283  0  0
9.999999999996506e-06
9.999999999996508e-06

  284  0  0
9.999999999996506e-06
9.999999999996508e-06

  285  0  0
9.999999999996506e-06
9.999999999996508e-06

  286  0  0
9.999999999996506e-06
9.999999999996508e-06

  287  0  0
9.999999999996506e-06
9.999999999996508e-06

  288  0  0
9.999999999996506e-06
9.999999999996508e-06

  289  0  0
9.999999999996506e-06
9.999999999996508e-06

  290  0  0
9.999999999996506e-06
9.999999999996508e-06

  291  0  0
9.999999999996506e-06
9.999999999996508e-06

  292  0  0
9.999999999996506e-06
9.999999999996508e-06

  293  0  0
9.999999999996506e-06
9.999999999996508e-06

  294  0  0
9.999999999996506e-06
9.999999999996508e-06

  295  0  0
9.999999999996506e-06
9.999999999996508e-06

  296  0  0
9.999999999996506e-06
9.999999999996508e-06

  297  0  0
9.999999999996506e-06
9.999999999996508e-06

  298  0  0
9.999999999996506e-06
9.999999999996508e-06

  299  0  0
9.999999999996506e-06
9.999999999996508e-06

  300  0  0
9.999999999996506e-06
9.999999999996508e-06

  301  0  0
9.999999999996506e-06
9.999999999996508e-06

  302  0  0
9.999999999996506e-06
9.999999999996508e-06

  303  0  0
9.999999999996506e-06
9.999999999996508e-06

  304  0  0
9.999999999996506e-06
9.999999999996508e-06

  305  0  0
9.999999999996506e-06
9.999999999996508e-06

  306  0  0
9.999999999996506e-06
9.999999999996508e-06

  307  0  0
9.999999999996506e-06
9.999999999996508e-06

  308  0  0
9.999999999996506e-06
9.999999999996508e-06

  309  0  0
9.999999999996506e-06
9.999999999996508e-06

  310  0  0
9.999999999996506e-06
9.999999999996508e-06

  311  0  0
9.999999999996506e-06
9.999999999996508e-06

  312  0  0
9.999999999996506e-06
9.999999999996508e-06

  313  0  0
9.999999999996506e-06
9.999999999996499e-06

  314  0  0
9.999999999996431e-06
9.999999999991695e-06

  315  0  0
9.999999999959711e-06
9.999999998843904e-06

  316  0  0
9.999999991859609e-06
9.999999745359666e-06

  317  0  0
9.999998346015694e-06
9.999948301757534e-06

  318  0  0
9.999701345174472e-06
9.990682736077701e-06

  319  0  0
9.955299418752957e-06
8.601563185593255e-06

