#Cell    Group    L_mom 
# Element_0
# Element_1
    0  0  0
1.924818145759761e+00
1.920329274941298e+00

    1  0  0
1.920441405930486e+00
1.915947140068130e+00

    2  0  0
1.916055998888540e+00
1.911549257750861e+00

    3  0  0
1.911658655750494e+00
1.907137496016141e+00

    4  0  0
1.907248478692209e+00
1.902711946366302e+00

    5  0  0
1.902825088285002e+00
1.898272256373067e+00

    6  0  0
1.898388010122519e+00
1.893818167419681e+00

    7  0  0
1.893936799532226e+00
1.889349400684539e+00

    8  0  0
1.889471078274754e+00
1.884865604025042e+00

    9  0  0
1.884990468111962e+00
1.880366403900974e+00

   10  0  0
1.880494583271858e+00
1.875851409459971e+00

   11  0  0
1.875983027279816e+00
1.871320213524234e+00

   12  0  0
1.871455391101147e+00
1.866772392720243e+00

   13  0  0
1.866911251849219e+00
1.862207507239112e+00

   14  0  0
1.862350171764370e+00
1.857625100408551e+00

   15  0  0
1.857771697327823e+00
1.853024698155673e+00

   16  0  0
1.853175358441340e+00
1.848405808397784e+00

   17  0  0
1.848560667633940e+00
1.843767920378815e+00

   18  0  0
1.843927119272531e+00
1.839110503960357e+00

   19  0  0
1.839274188762517e+00
1.834433008872609e+00

   20  0  0
1.834601331730163e+00
1.829734863928402e+00

   21  0  0
1.829907983181564e+00
1.825015476201000e+00

   22  0  0
1.825193556634080e+00
1.820274230164104e+00

   23  0  0
1.820457443216307e+00
1.815510486791466e+00

   24  0  0
1.815699010733381e+00
1.810723582613931e+00

   25  0  0
1.810917602695114e+00
1.805912828732283e+00

   26  0  0
1.806112537304846e+00
1.801077509783905e+00

   27  0  0
1.801283106406312e+00
1.796216882859826e+00

   28  0  0
1.796428574385688e+00
1.791330176367385e+00

   29  0  0
1.791548177026920e+00
1.786416588832392e+00

   30  0  0
1.786641120319570e+00
1.781475287633829e+00

   31  0  0
1.781706579216506e+00
1.776505407664897e+00

   32  0  0
1.776743696332574e+00
1.771506049918953e+00

   33  0  0
1.771751580569540e+00
1.766476280005136e+00

   34  0  0
1.766729305656830e+00
1.761415126597132e+00

   35  0  0
1.761675908613826e+00
1.756321579802909e+00

   36  0  0
1.756590388150245e+00
1.751194589426888e+00

   37  0  0
1.751471703001374e+00
1.746033063108731e+00

   38  0  0
1.746318770155453e+00
1.740835864364920e+00

   39  0  0
1.741130462930542e+00
1.735601810571785e+00

   40  0  0
1.735905608926432e+00
1.730329670863928e+00

   41  0  0
1.730642987920949e+00
1.725018163859985e+00

   42  0  0
1.725341329692044e+00
1.719665955199517e+00

   43  0  0
1.719999311639331e+00
1.714271655000176e+00

   44  0  0
1.714615556180108e+00
1.708833815267974e+00

   45  0  0
1.709188628077719e+00
1.703350927088108e+00

   46  0  0
1.703717031728000e+00
1.697821417515934e+00

   47  0  0
1.698199208162654e+00
1.692243646380011e+00

   48  0  0
1.692633531740092e+00
1.686615903041618e+00

   49  0  0
1.687018306821017e+00
1.680936402781615e+00

   50  0  0
1.681351764336412e+00
1.675203282826253e+00

   51  0  0
1.675632057863784e+00
1.669414598383568e+00

   52  0  0
1.669857259478444e+00
1.663568318429426e+00

   53  0  0
1.664025355650605e+00
1.657662320877383e+00

   54  0  0
1.658134242615807e+00
1.651694387643557e+00

   55  0  0
1.652181721259326e+00
1.645662199587206e+00

   56  0  0
1.646165492097480e+00
1.639563330643619e+00

   57  0  0
1.640083149686410e+00
1.633395241709829e+00

   58  0  0
1.633932176336413e+00
1.627155274426360e+00

   59  0  0
1.627709935938772e+00
1.620840643938709e+00

   60  0  0
1.621413667022154e+00
1.614448431388966e+00

   61  0  0
1.615040475037026e+00
1.607975576133349e+00

   62  0  0
1.608587324715378e+00
1.601418866663840e+00

   63  0  0
1.602051031219667e+00
1.594774931398249e+00

   64  0  0
1.595428250712901e+00
1.588040228676215e+00

   65  0  0
1.588715470669531e+00
1.581211035394027e+00

   66  0  0
1.581908998529842e+00
1.574283435559666e+00

   67  0  0
1.575004950191613e+00
1.567253307097796e+00

   68  0  0
1.567999237181990e+00
1.560116307786190e+00

   69  0  0
1.560887552423214e+00
1.552867860303543e+00

   70  0  0
1.553665355577972e+00
1.545503135056767e+00

   71  0  0
1.546327855969824e+00
1.538017032532628e+00

   72  0  0
1.538869994965351e+00
1.530404162942019e+00

   73  0  0
1.531286425982145e+00
1.522658824548825e+00

   74  0  0
1.523571492753552e+00
1.514774979716886e+00

   75  0  0
1.515719205812980e+00
1.506746228143120e+00

   76  0  0
1.507723215776341e+00
1.498565778221076e+00

   77  0  0
1.499576785071242e+00
1.490226414135421e+00

   78  0  0
1.491272755267040e+00
1.481720460778491e+00

   79  0  0
1.482803512304971e+00
1.473039743280829e+00

   80  0  0
1.474160946461501e+00
1.464175543342312e+00

   81  0  0
1.465336409039955e+00
1.455118549224219e+00

   82  0  0
1.456320662940289e+00
1.445858800818782e+00

   83  0  0
1.447103828199961e+00
1.436385627020353e+00

   84  0  0
1.437675320086391e+00
1.426687575818046e+00

   85  0  0
1.428023779895881e+00
1.416752334684371e+00

   86  0  0
1.418136996282665e+00
1.406566640717053e+00

   87  0  0
1.408001816441671e+00
1.396116177953561e+00

   88  0  0
1.397604044663509e+00
1.385385460388734e+00

   89  0  0
1.386928326853432e+00
1.374357697262466e+00

   90  0  0
1.375958017519095e+00
1.363014638242474e+00

   91  0  0
1.364675027147552e+00
1.351336393399130e+00

   92  0  0
1.353059644677189e+00
1.339301224631421e+00

   93  0  0
1.341090332201365e+00
1.326885300571408e+00

   94  0  0
1.328743483630449e+00
1.314062409694619e+00

   95  0  0
1.315993142674965e+00
1.300803618983843e+00

   96  0  0
1.302810667432712e+00
1.287076869240468e+00

   97  0  0
1.289164333272952e+00
1.272846487459301e+00

   98  0  0
1.275018854969598e+00
1.258072599618342e+00

   99  0  0
1.260334811724709e+00
1.242710412907206e+00

  100  0  0
1.245067945991696e+00
1.226709335046251e+00

  101  0  0
1.229168304187046e+00
1.210011879698472e+00

  102  0  0
1.212579170444632e+00
1.192552291138665e+00

  103  0  0
1.195235732909469e+00
1.174254803864495e+00

  104  0  0
1.177063393748419e+00
1.155031384035861e+00

  105  0  0
1.157975596443819e+00
1.134778816273108e+00

  106  0  0
1.137871014860297e+00
1.113374775093474e+00

  107  0  0
1.116629792866543e+00
1.090672581587254e+00

  108  0  0
1.094108684395617e+00
1.066493965937400e+00

  109  0  0
1.070133693848396e+00
1.040618135376291e+00

  110  0  0
1.044490752372570e+00
1.012768911292425e+00

  111  0  0
1.016914920369829e+00
9.825885731660311e-01

  112  0  0
9.870611120956637e-01
9.495983127571546e-01

  113  0  0
9.544597277008900e-01
9.131589079599480e-01

  114  0  0
9.185687915695363e-01
8.724069399343227e-01

  115  0  0
8.787234508495543e-01
8.257570803417188e-01

  116  0  0
8.325316954226620e-01
7.703859388366544e-01

  117  0  0
7.784173303283515e-01
7.061259129956414e-01

  118  0  0
7.297824878453929e-01
6.221234855245598e-01

  119  0  0
6.532568070217620e-01
4.363984714379140e-01

  120  0  0
3.511031511803926e-01
1.277569992820133e-01

  121  0  0
2.878570152723208e-02
2.855640500059698e-03

  122  0  0
1.806415389294457e-04
1.505051296506503e-05

  123  0  0
1.029042458151273e-05
1.000831307322009e-05

  124  0  0
1.000047807848215e-05
1.000001368516458e-05

  125  0  0
1.000000078701202e-05
1.000000002252316e-05

  126  0  0
1.000000000129181e-05
1.000000000003357e-05

  127  0  0
9.999999999998632e-06
9.999999999996567e-06

  128  0  0
9.999999999996511e-06
9.999999999996508e-06

  129  0  0
9.999999999996509e-06
9.999999999996508e-06

  130  0  0
9.999999999996509e-06
9.999999999996508e-06

  131  0  0
9.999999999996509e-06
9.999999999996508e-06

  132  0  0
9.999999999996509e-06
9.999999999996508e-06

  133  0  0
9.999999999996509e-06
9.999999999996508e-06

  134  0  0
9.999999999996509e-06
9.999999999996508e-06

  135  0  0
9.999999999996509e-06
9.999999999996508e-06

  136  0  0
9.999999999996509e-06
9.999999999996508e-06

  137  0  0
9.999999999996509e-06
9.999999999996508e-06

  138  0  0
9.999999999996509e-06
9.999999999996508e-06

  139  0  0
9.999999999996509e-06
9.999999999996508e-06

  140  0  0
9.999999999996509e-06
9.999999999996508e-06

  141  0  0
9.999999999996509e-06
9.999999999996508e-06

  142  0  0
9.999999999996509e-06
9.999999999996508e-06

  143  0  0
9.999999999996509e-06
9.999999999996508e-06

  144  0  0
9.999999999996509e-06
9.999999999996508e-06

  145  0  0
9.999999999996509e-06
9.999999999996508e-06

  146  0  0
9.999999999996509e-06
9.999999999996508e-06

  147  0  0
9.999999999996509e-06
9.999999999996508e-06

  148  0  0
9.999999999996509e-06
9.999999999996508e-06

  149  0  0
9.999999999996509e-06
9.999999999996508e-06

  150  0  0
9.999999999996509e-06
9.999999999996508e-06

  151  0  0
9.999999999996509e-06
9.999999999996508e-06

  152  0  0
9.999999999996509e-06
9.999999999996508e-06

  153  0  0
9.999999999996509e-06
9.999999999996508e-06

  154  0  0
9.999999999996509e-06
9.999999999996508e-06

  155  0  0
9.999999999996509e-06
9.999999999996508e-06

  156  0  0
9.999999999996509e-06
9.999999999996508e-06

  157  0  0
9.999999999996509e-06
9.999999999996508e-06

  158  0  0
9.999999999996509e-06
9.999999999996508e-06

  159  0  0
9.999999999996509e-06
9.999999999996508e-06

  160  0  0
9.999999999996509e-06
9.999999999996508e-06

  161  0  0
9.999999999996509e-06
9.999999999996508e-06

  162  0  0
9.999999999996509e-06
9.999999999996508e-06

  163  0  0
9.999999999996509e-06
9.999999999996508e-06

  164  0  0
9.999999999996509e-06
9.999999999996508e-06

  165  0  0
9.999999999996509e-06
9.999999999996508e-06

  166  0  0
9.999999999996509e-06
9.999999999996508e-06

  167  0  0
9.999999999996509e-06
9.999999999996508e-06

  168  0  0
9.999999999996509e-06
9.999999999996508e-06

  169  0  0
9.999999999996509e-06
9.999999999996508e-06

  170  0  0
9.999999999996509e-06
9.999999999996508e-06

  171  0  0
9.999999999996509e-06
9.999999999996508e-06

  172  0  0
9.999999999996509e-06
9.999999999996508e-06

  173  0  0
9.999999999996509e-06
9.999999999996508e-06

  174  0  0
9.999999999996509e-06
9.999999999996508e-06

  175  0  0
9.999999999996509e-06
9.999999999996508e-06

  176  0  0
9.999999999996509e-06
9.999999999996508e-06

  177  0  0
9.999999999996509e-06
9.999999999996508e-06

  178  0  0
9.999999999996509e-06
9.999999999996508e-06

  179  0  0
9.999999999996509e-06
9.999999999996508e-06

  180  0  0
9.999999999996509e-06
9.999999999996508e-06

  181  0  0
9.999999999996509e-06
9.999999999996508e-06

  182  0  0
9.999999999996509e-06
9.999999999996508e-06

  183  0  0
9.999999999996509e-06
9.999999999996508e-06

  184  0  0
9.999999999996509e-06
9.999999999996508e-06

  185  0  0
9.999999999996509e-06
9.999999999996508e-06

  186  0  0
9.999999999996509e-06
9.999999999996508e-06

  187  0  0
9.999999999996509e-06
9.999999999996508e-06

  188  0  0
9.999999999996509e-06
9.999999999996508e-06

  189  0  0
9.999999999996509e-06
9.999999999996508e-06

  190  0  0
9.999999999996509e-06
9.999999999996508e-06

  191  0  0
9.999999999996509e-06
9.999999999996508e-06

  192  0  0
9.999999999996509e-06
9.999999999996508e-06

  193  0  0
9.999999999996509e-06
9.999999999996508e-06

  194  0  0
9.999999999996509e-06
9.999999999996508e-06

  195  0  0
9.999999999996509e-06
9.999999999996508e-06

  196  0  0
9.999999999996509e-06
9.999999999996508e-06

  197  0  0
9.999999999996509e-06
9.999999999996508e-06

  198  0  0
9.999999999996509e-06
9.999999999996508e-06

  199  0  0
9.999999999996509e-06
9.999999999996508e-06

  200  0  0
9.999999999996509e-06
9.999999999996508e-06

  201  0  0
9.999999999996509e-06
9.999999999996508e-06

  202  0  0
9.999999999996509e-06
9.999999999996508e-06

  203  0  0
9.999999999996509e-06
9.999999999996508e-06

  204  0  0
9.999999999996509e-06
9.999999999996508e-06

  205  0  0
9.999999999996509e-06
9.999999999996508e-06

  206  0  0
9.999999999996509e-06
9.999999999996508e-06

  207  0  0
9.999999999996509e-06
9.999999999996508e-06

  208  0  0
9.999999999996509e-06
9.999999999996508e-06

  209  0  0
9.999999999996509e-06
9.999999999996508e-06

  210  0  0
9.999999999996509e-06
9.999999999996508e-06

  211  0  0
9.999999999996509e-06
9.999999999996508e-06

  212  0  0
9.999999999996509e-06
9.999999999996508e-06

  213  0  0
9.999999999996509e-06
9.999999999996508e-06

  214  0  0
9.999999999996509e-06
9.999999999996508e-06

  215  0  0
9.999999999996509e-06
9.999999999996508e-06

  216  0  0
9.999999999996509e-06
9.999999999996508e-06

  217  0  0
9.999999999996509e-06
9.999999999996508e-06

  218  0  0
9.999999999996509e-06
9.999999999996508e-06

  219  0  0
9.999999999996509e-06
9.999999999996508e-06

  220  0  0
9.999999999996509e-06
9.999999999996508e-06

  221  0  0
9.999999999996509e-06
9.999999999996508e-06

  222  0  0
9.999999999996509e-06
9.999999999996508e-06

  223  0  0
9.999999999996509e-06
9.999999999996508e-06

  224  0  0
9.999999999996509e-06
9.999999999996508e-06

  225  0  0
9.999999999996509e-06
9.999999999996508e-06

  226  0  0
9.999999999996509e-06
9.999999999996508e-06

  227  0  0
9.999999999996509e-06
9.999999999996508e-06

  228  0  0
9.999999999996509e-06
9.999999999996508e-06

  229  0  0
9.999999999996509e-06
9.999999999996508e-06

  230  0  0
9.999999999996509e-06
9.999999999996508e-06

  231  0  0
9.999999999996509e-06
9.999999999996508e-06

  232  0  0
9.999999999996509e-06
9.999999999996508e-06

  233  0  0
9.999999999996509e-06
9.999999999996508e-06

  234  0  0
9.999999999996509e-06
9.999999999996508e-06

  235  0  0
9.999999999996509e-06
9.999999999996508e-06

  236  0  0
9.999999999996509e-06
9.999999999996508e-06

  237  0  0
9.999999999996509e-06
9.999999999996508e-06

  238  0  0
9.999999999996509e-06
9.999999999996508e-06

  239  0  0
9.999999999996509e-06
9.999999999996508e-06

  240  0  0
9.999999999996509e-06
9.999999999996508e-06

  241  0  0
9.999999999996509e-06
9.999999999996508e-06

  242  0  0
9.999999999996509e-06
9.999999999996508e-06

  243  0  0
9.999999999996509e-06
9.999999999996508e-06

  244  0  0
9.999999999996509e-06
9.999999999996508e-06

  245  0  0
9.999999999996509e-06
9.999999999996508e-06

  246  0  0
9.999999999996509e-06
9.999999999996508e-06

  247  0  0
9.999999999996509e-06
9.999999999996508e-06

  248  0  0
9.999999999996509e-06
9.999999999996508e-06

  249  0  0
9.999999999996509e-06
9.999999999996508e-06

  250  0  0
9.999999999996509e-06
9.999999999996508e-06

  251  0  0
9.999999999996509e-06
9.999999999996508e-06

  252  0  0
9.999999999996509e-06
9.999999999996508e-06

  253  0  0
9.999999999996509e-06
9.999999999996508e-06

  254  0  0
9.999999999996509e-06
9.999999999996508e-06

  255  0  0
9.999999999996509e-06
9.999999999996508e-06

  256  0  0
9.999999999996509e-06
9.999999999996508e-06

  257  0  0
9.999999999996509e-06
9.999999999996508e-06

  258  0  0
9.999999999996509e-06
9.999999999996508e-06

  259  0  0
9.999999999996509e-06
9.999999999996508e-06

  260  0  0
9.999999999996509e-06
9.999999999996508e-06

  261  0  0
9.999999999996509e-06
9.999999999996508e-06

  262  0  0
9.999999999996509e-06
9.999999999996508e-06

  263  0  0
9.999999999996509e-06
9.999999999996508e-06

  264  0  0
9.999999999996509e-06
9.999999999996508e-06

  265  0  0
9.999999999996509e-06
9.999999999996508e-06

  266  0  0
9.999999999996509e-06
9.999999999996508e-06

  267  0  0
9.999999999996509e-06
9.999999999996508e-06

  268  0  0
9.999999999996509e-06
9.999999999996508e-06

  269  0  0
9.999999999996509e-06
9.999999999996508e-06

  270  0  0
9.999999999996509e-06
9.999999999996508e-06

  271  0  0
9.999999999996509e-06
9.999999999996508e-06

  272  0  0
9.999999999996509e-06
9.999999999996508e-06

  273  0  0
9.999999999996509e-06
9.999999999996508e-06

  274  0  0
9.999999999996509e-06
9.999999999996508e-06

  275  0  0
9.999999999996509e-06
9.999999999996508e-06

  276  0  0
9.999999999996509e-06
9.999999999996508e-06

  277  0  0
9.999999999996509e-06
9.999999999996508e-06

  278  0  0
9.999999999996509e-06
9.999999999996508e-06

  279  0  0
9.999999999996509e-06
9.999999999996508e-06

  280  0  0
9.999999999996509e-06
9.999999999996508e-06

  281  0  0
9.999999999996509e-06
9.999999999996508e-06

  282  0  0
9.999999999996509e-06
9.999999999996508e-06

  283  0  0
9.999999999996509e-06
9.999999999996508e-06

  284  0  0
9.999999999996509e-06
9.999999999996508e-06

  285  0  0
9.999999999996509e-06
9.999999999996508e-06

  286  0  0
9.999999999996509e-06
9.999999999996508e-06

  287  0  0
9.999999999996509e-06
9.999999999996508e-06

  288  0  0
9.999999999996509e-06
9.999999999996508e-06

  289  0  0
9.999999999996509e-06
9.999999999996508e-06

  290  0  0
9.999999999996509e-06
9.999999999996508e-06

  291  0  0
9.999999999996509e-06
9.999999999996508e-06

  292  0  0
9.999999999996509e-06
9.999999999996508e-06

  293  0  0
9.999999999996509e-06
9.999999999996508e-06

  294  0  0
9.999999999996509e-06
9.999999999996508e-06

  295  0  0
9.999999999996509e-06
9.999999999996508e-06

  296  0  0
9.999999999996509e-06
9.999999999996508e-06

  297  0  0
9.999999999996509e-06
9.999999999996508e-06

  298  0  0
9.999999999996509e-06
9.999999999996508e-06

  299  0  0
9.999999999996509e-06
9.999999999996508e-06

  300  0  0
9.999999999996509e-06
9.999999999996508e-06

  301  0  0
9.999999999996509e-06
9.999999999996508e-06

  302  0  0
9.999999999996509e-06
9.999999999996508e-06

  303  0  0
9.999999999996509e-06
9.999999999996508e-06

  304  0  0
9.999999999996509e-06
9.999999999996508e-06

  305  0  0
9.999999999996509e-06
9.999999999996508e-06

  306  0  0
9.999999999996509e-06
9.999999999996508e-06

  307  0  0
9.999999999996509e-06
9.999999999996508e-06

  308  0  0
9.999999999996509e-06
9.999999999996508e-06

  309  0  0
9.999999999996509e-06
9.999999999996508e-06

  310  0  0
9.999999999996509e-06
9.999999999996508e-06

  311  0  0
9.999999999996509e-06
9.999999999996508e-06

  312  0  0
9.999999999996509e-06
9.999999999996508e-06

  313  0  0
9.999999999996509e-06
9.999999999996499e-06

  314  0  0
9.999999999996433e-06
9.999999999991707e-06

  315  0  0
9.999999999959836e-06
9.999999998847306e-06

  316  0  0
9.999999991888063e-06
9.999999746252581e-06

  317  0  0
9.999998353084244e-06
9.999948523283320e-06

  318  0  0
9.999702954029138e-06
9.990733382643410e-06

  319  0  0
9.954467892235945e-06
8.590955402645853e-06

