#Cell    Group    L_mom 
# Element_0
# Element_1
# Element_2
    0  0  0
1.911752257653550e+00
1.904937820059768e+00
1.898091053230445e+00

    1  0  0
1.894083737861874e+00
1.887165855708826e+00
1.880206910406666e+00

    2  0  0
1.876144534486491e+00
1.869145183797770e+00
1.862118849198781e+00

    3  0  0
1.858013543656066e+00
1.850920792969505e+00
1.843774279206946e+00

    4  0  0
1.839587972872203e+00
1.832362082683219e+00
1.825094545516585e+00

    5  0  0
1.820851834577461e+00
1.813526246920720e+00
1.806150950358672e+00

    6  0  0
1.801827234516853e+00
1.794346003225928e+00
1.786795505442191e+00

    7  0  0
1.782374402065652e+00
1.774737840405717e+00
1.767047264443888e+00

    8  0  0
1.762545394349603e+00
1.754748615390652e+00
1.746867609350941e+00

    9  0  0
1.742236614172590e+00
1.734215485587134e+00
1.726109821234978e+00

   10  0  0
1.721360723498031e+00
1.713136207194802e+00
1.704822184405965e+00

   11  0  0
1.699933837950365e+00
1.691442320280177e+00
1.682826530383216e+00

   12  0  0
1.677756838831015e+00
1.668959684965948e+00
1.660045721674861e+00

   13  0  0
1.654806040502695e+00
1.645693264260841e+00
1.636428237947068e+00

   14  0  0
1.630956201521340e+00
1.621423138753261e+00
1.611713335812946e+00

   15  0  0
1.605987308882553e+00
1.596012724724030e+00
1.585850168089938e+00

   16  0  0
1.579842449155593e+00
1.569339531954803e+00
1.558587657070727e+00

   17  0  0
1.552210747904113e+00
1.541057869627146e+00
1.529635137940137e+00

   18  0  0
1.522865456984238e+00
1.510999508257938e+00
1.498806338333653e+00

   19  0  0
1.491546149317011e+00
1.478775563175426e+00
1.465593914643511e+00

   20  0  0
1.457734275493163e+00
1.443898682516978e+00
1.429595074572551e+00

   21  0  0
1.421044849551702e+00
1.405929744715270e+00
1.390212440319479e+00

   22  0  0
1.380769557469532e+00
1.364018336080273e+00
1.346518766547400e+00

   23  0  0
1.335988384134135e+00
1.317247971147337e+00
1.297562669534049e+00

   24  0  0
1.285639845767348e+00
1.264298316388571e+00
1.241689742913123e+00

   25  0  0
1.227909527049834e+00
1.203104953198930e+00
1.176596164641625e+00

   26  0  0
1.160339240423631e+00
1.130826867257276e+00
1.098820071141205e+00

   27  0  0
1.078928358825585e+00
1.042423222367179e+00
1.001984052564963e+00

   28  0  0
9.763620257415694e-01
9.286000728366539e-01
8.736216025143970e-01

   29  0  0
8.373190217314477e-01
7.674759479509390e-01
6.789703611739917e-01

   30  0  0
6.269461826347676e-01
4.708802146318473e-01
1.204699758759354e-01

   31  0  0
-8.255170084115569e-11
7.333269613463724e-04
-5.409151933175734e-05

   32  0  0
-1.810064254838813e-05
1.765176204292731e-05
7.282217336878221e-06

   33  0  0
9.295258013959361e-06
1.018131146650368e-05
9.934310532026676e-06

   34  0  0
9.983241218178442e-06
1.000431371861609e-05
9.998431040226703e-06

   35  0  0
9.999606928123690e-06
1.000010130577842e-05
9.999963029173845e-06

   36  0  0
9.999990892276499e-06
1.000000235102605e-05
9.999999138453925e-06

   37  0  0
9.999999792178558e-06
1.000000005373480e-05
9.999999980212696e-06

   38  0  0
9.999999995338884e-06
1.000000000120259e-05
9.999999999550726e-06

   39  0  0
9.999999999893798e-06
1.000000000002310e-05
9.999999999986616e-06

   40  0  0
9.999999999994256e-06
9.999999999997099e-06
9.999999999996265e-06

   41  0  0
9.999999999996455e-06
9.999999999996520e-06
9.999999999996503e-06

   42  0  0
9.999999999996506e-06
9.999999999996506e-06
9.999999999996506e-06

   43  0  0
9.999999999996508e-06
9.999999999996506e-06
9.999999999996508e-06

   44  0  0
9.999999999996508e-06
9.999999999996506e-06
9.999999999996508e-06

   45  0  0
9.999999999996508e-06
9.999999999996506e-06
9.999999999996508e-06

   46  0  0
9.999999999996508e-06
9.999999999996506e-06
9.999999999996508e-06

   47  0  0
9.999999999996508e-06
9.999999999996506e-06
9.999999999996508e-06

   48  0  0
9.999999999996508e-06
9.999999999996506e-06
9.999999999996508e-06

   49  0  0
9.999999999996508e-06
9.999999999996506e-06
9.999999999996508e-06

   50  0  0
9.999999999996508e-06
9.999999999996506e-06
9.999999999996508e-06

   51  0  0
9.999999999996508e-06
9.999999999996506e-06
9.999999999996508e-06

   52  0  0
9.999999999996508e-06
9.999999999996506e-06
9.999999999996508e-06

   53  0  0
9.999999999996508e-06
9.999999999996506e-06
9.999999999996508e-06

   54  0  0
9.999999999996508e-06
9.999999999996506e-06
9.999999999996508e-06

   55  0  0
9.999999999996508e-06
9.999999999996506e-06
9.999999999996508e-06

   56  0  0
9.999999999996508e-06
9.999999999996506e-06
9.999999999996508e-06

   57  0  0
9.999999999996508e-06
9.999999999996506e-06
9.999999999996508e-06

   58  0  0
9.999999999996508e-06
9.999999999996506e-06
9.999999999996508e-06

   59  0  0
9.999999999996508e-06
9.999999999996506e-06
9.999999999996508e-06

   60  0  0
9.999999999996508e-06
9.999999999996506e-06
9.999999999996508e-06

   61  0  0
9.999999999996508e-06
9.999999999996506e-06
9.999999999996508e-06

   62  0  0
9.999999999996508e-06
9.999999999996506e-06
9.999999999996508e-06

   63  0  0
9.999999999996508e-06
9.999999999996506e-06
9.999999999996508e-06

   64  0  0
9.999999999996508e-06
9.999999999996506e-06
9.999999999996508e-06

   65  0  0
9.999999999996508e-06
9.999999999996506e-06
9.999999999996508e-06

   66  0  0
9.999999999996508e-06
9.999999999996506e-06
9.999999999996508e-06

   67  0  0
9.999999999996508e-06
9.999999999996506e-06
9.999999999996508e-06

   68  0  0
9.999999999996508e-06
9.999999999996506e-06
9.999999999996508e-06

   69  0  0
9.999999999996508e-06
9.999999999996506e-06
9.999999999996508e-06

   70  0  0
9.999999999996506e-06
9.999999999996513e-06
9.999999999996486e-06

   71  0  0
9.999999999996409e-06
9.999999999996770e-06
9.999999999995422e-06

   72  0  0
9.999999999990946e-06
1.000000000001425e-05
9.999999999926206e-06

   73  0  0
9.999999999810047e-06
1.000000000055736e-05
9.999999997803431e-06

   74  0  0
9.999999994373869e-06
1.000000001704377e-05
9.999999933259883e-06

   75  0  0
9.999999835467415e-06
1.000000050410345e-05
9.999998023763655e-06

   76  0  0
9.999995359280304e-06
1.000001441210684e-05
9.999943400767239e-06

   77  0  0
9.999875172290781e-06
1.000039475785374e-05
9.998446183356858e-06

   78  0  0
9.996851687594745e-06
1.001022135468837e-05
9.959709186648596e-06

   79  0  0
9.926938284884399e-06
1.024880572689041e-05
9.058234194881224e-06

