#Cell    Group    L_mom 
# Element_0
# Element_1
# Element_2
    0  0  0
1.914313487981263e+00
1.912117707243151e+00
1.909918589841191e+00

    1  0  0
1.909918558343038e+00
1.907716166272410e+00
1.905510429675170e+00

    2  0  0
1.905510455348526e+00
1.903301602133143e+00
1.901089607582654e+00

    3  0  0
1.901089639896625e+00
1.898874648293502e+00
1.896656576252816e+00

    4  0  0
1.896656579463378e+00
1.894435380700976e+00
1.892210969439154e+00

    5  0  0
1.892210929634759e+00
1.889983090804796e+00
1.887751740835566e+00

    6  0  0
1.887751702133266e+00
1.885516572025918e+00
1.883277649423782e+00

    7  0  0
1.883277599547323e+00
1.881034648172473e+00
1.878787641447107e+00

    8  0  0
1.878787643628628e+00
1.876536649429616e+00
1.874281721873968e+00

    9  0  0
1.874281766855056e+00
1.872023228225559e+00
1.869761034714722e+00

   10  0  0
1.869761108704439e+00
1.867495306278876e+00
1.865225832389725e+00

   11  0  0
1.865225773752549e+00
1.862952159368051e+00
1.860674357995997e+00

   12  0  0
1.860674295196026e+00
1.858392147786675e+00
1.856105676325195e+00

   13  0  0
1.856105709236838e+00
1.853815198177325e+00
1.851520579243912e+00

   14  0  0
1.851520595395656e+00
1.849221878005612e+00
1.846918876035266e+00

   15  0  0
1.846918814526018e+00
1.844611210382946e+00
1.842298904538986e+00

   16  0  0
1.842298846336435e+00
1.839981741476463e+00
1.837659785067796e+00

   17  0  0
1.837659791590502e+00
1.835333212389635e+00
1.833001895603473e+00

   18  0  0
1.833001918095058e+00
1.830666045520873e+00
1.828325463075108e+00

   19  0  0
1.828325453098175e+00
1.825980114416096e+00
1.823629871113710e+00

   20  0  0
1.823629825352771e+00
1.821274502318868e+00
1.818913985484792e+00

   21  0  0
1.818913968295538e+00
1.816548174311434e+00
1.814177058998070e+00

   22  0  0
1.814177055753690e+00
1.811800649301790e+00
1.809418855640225e+00

   23  0  0
1.809418856749949e+00
1.807031656766054e+00
1.804638934188738e+00

   24  0  0
1.804638915409572e+00
1.802240626519318e+00
1.799836688208280e+00

   25  0  0
1.799836680462686e+00
1.797427177537539e+00
1.795011934894282e+00

   26  0  0
1.795011909689336e+00
1.792590772836663e+00
1.790163550914038e+00

   27  0  0
1.790163483401191e+00
1.787729770984022e+00
1.785289456678265e+00

   28  0  0
1.785289351417806e+00
1.782842297554420e+00
1.780388240226920e+00

   29  0  0
1.780388247908226e+00
1.777927694264845e+00
1.775460513804470e+00

   30  0  0
1.775460570598214e+00
1.772987222608143e+00
1.770507388184661e+00

   31  0  0
1.770507351489971e+00
1.768020713941779e+00
1.765526975034032e+00

   32  0  0
1.765526850815032e+00
1.763025495753170e+00
1.760516456733002e+00

   33  0  0
1.760516419698848e+00
1.757999769727875e+00
1.755475402457824e+00

   34  0  0
1.755475482053694e+00
1.752943635052070e+00
1.750404177985599e+00

   35  0  0
1.750404202468146e+00
1.747856977021886e+00
1.745301853595709e+00

   36  0  0
1.745301823654468e+00
1.742738544297662e+00
1.740167047158901e+00

   37  0  0
1.740167086165456e+00
1.737587291987284e+00
1.734999215158732e+00

   38  0  0
1.734999200664736e+00
1.732402557006468e+00
1.729797279027289e+00

   39  0  0
1.729797317856194e+00
1.727183211639037e+00
1.724560235315055e+00

   40  0  0
1.724560169204880e+00
1.721927666903229e+00
1.719285559368188e+00

   41  0  0
1.719285551089200e+00
1.716633533757289e+00
1.713971694460064e+00

   42  0  0
1.713971696673490e+00
1.711299976410265e+00
1.708618303225494e+00

   43  0  0
1.708618359658771e+00
1.705926738130158e+00
1.703224939680498e+00

   44  0  0
1.703224849860471e+00
1.700512355979135e+00
1.697788968871019e+00

   45  0  0
1.697788887153743e+00
1.695054550844154e+00
1.692308977478073e+00

   46  0  0
1.692309039491173e+00
1.689552126722271e+00
1.686783776286916e+00

   47  0  0
1.686783735399687e+00
1.684003281087266e+00
1.681210615059989e+00

   48  0  0
1.681210575133813e+00
1.678405574274106e+00
1.675588224936249e+00

   49  0  0
1.675588287559133e+00
1.672759433171250e+00
1.669918624714712e+00

   50  0  0
1.669918645690251e+00
1.667065813258835e+00
1.664200223627588e+00

   51  0  0
1.664199952303385e+00
1.661320346765934e+00
1.658426350492284e+00

   52  0  0
1.658426168682976e+00
1.655517552482400e+00
1.652594081576101e+00

   53  0  0
1.652594086061163e+00
1.649656187679594e+00
1.646703346423833e+00

   54  0  0
1.646703371658496e+00
1.643735665252758e+00
1.640752748846406e+00

   55  0  0
1.640752694070034e+00
1.637754481549143e+00
1.634740540190874e+00

   56  0  0
1.634740466899370e+00
1.631710603809341e+00
1.628664259147689e+00

   57  0  0
1.628664147353417e+00
1.625601205956968e+00
1.622521174540146e+00

   58  0  0
1.622521087921256e+00
1.619423894121373e+00
1.616308931057503e+00

   59  0  0
1.616308816624070e+00
1.613176067042095e+00
1.610024930465426e+00

   60  0  0
1.610024897582888e+00
1.606855595329304e+00
1.603667374869852e+00

   61  0  0
1.603667253254959e+00
1.600459577154036e+00
1.597231678824866e+00

   62  0  0
1.597231461178873e+00
1.593983160344647e+00
1.590713868423913e+00

   63  0  0
1.590713787919577e+00
1.587423874148274e+00
1.584112441119264e+00

   64  0  0
1.584112334280594e+00
1.580779495283240e+00
1.577424407354293e+00

   65  0  0
1.577424300427373e+00
1.574047060477984e+00
1.570646789338298e+00

   66  0  0
1.570646625456400e+00
1.567222998272202e+00
1.563775029521712e+00

   67  0  0
1.563774802108388e+00
1.560302003852146e+00
1.556803388925202e+00

   68  0  0
1.556803138762564e+00
1.553278052876774e+00
1.549725528298163e+00

   69  0  0
1.549725308717755e+00
1.546145678541564e+00
1.542538269829611e+00

   70  0  0
1.542538405915034e+00
1.538905034715077e+00
1.535244289750359e+00

   71  0  0
1.535244160724790e+00
1.531555089407423e+00
1.527836084629610e+00

   72  0  0
1.527835491691284e+00
1.524085030161088e+00
1.520302210898249e+00

   73  0  0
1.520302134983920e+00
1.516487904647082e+00
1.512641074063411e+00

   74  0  0
1.512640970414864e+00
1.508761690025638e+00
1.504848366903484e+00

   75  0  0
1.504848061310167e+00
1.500900555184877e+00
1.496917382605267e+00

   76  0  0
1.496917063921190e+00
1.492898038073233e+00
1.488841301626593e+00

   77  0  0
1.488840969578502e+00
1.484746528406139e+00
1.480612912043826e+00

   78  0  0
1.480612831717303e+00
1.476440407987624e+00
1.472227239451362e+00

   79  0  0
1.472227009154285e+00
1.467971530103182e+00
1.463672574567426e+00

   80  0  0
1.463672240729323e+00
1.459330213608418e+00
1.454943324047888e+00

   81  0  0
1.454943076211822e+00
1.450511455611676e+00
1.446032442376237e+00

   82  0  0
1.446031802807792e+00
1.441504695001978e+00
1.436927292339082e+00

   83  0  0
1.436927004517182e+00
1.432300285275771e+00
1.427621472804706e+00

   84  0  0
1.427620972014856e+00
1.422889245966935e+00
1.418101771703846e+00

   85  0  0
1.418101281711042e+00
1.413258299309861e+00
1.408357435737033e+00

   86  0  0
1.408357147944234e+00
1.403398046345780e+00
1.398377024048639e+00

   87  0  0
1.398376507633998e+00
1.393291525079991e+00
1.388141146844148e+00

   88  0  0
1.388140913109510e+00
1.382927659469429e+00
1.377647372323407e+00

   89  0  0
1.377646838946095e+00
1.372297587037654e+00
1.366875160173635e+00

   90  0  0
1.366874089821362e+00
1.361377668298196e+00
1.355804341103281e+00

   91  0  0
1.355804026094859e+00
1.350155971425085e+00
1.344427432146023e+00

   92  0  0
1.344426588279470e+00
1.338614479513159e+00
1.332714809378642e+00

   93  0  0
1.332713918821610e+00
1.326727732567814e+00
1.320650066184943e+00

   94  0  0
1.320649118678711e+00
1.314479160898378e+00
1.308209745001366e+00

   95  0  0
1.308208305958261e+00
1.301839743081160e+00
1.295366644387017e+00

   96  0  0
1.295366264291220e+00
1.288790479719986e+00
1.282103549336646e+00

   97  0  0
1.282102047788058e+00
1.275299321957846e+00
1.268374681680396e+00

   98  0  0
1.268373290487362e+00
1.261329484170934e+00
1.254158409613540e+00

   99  0  0
1.254157309346418e+00
1.246859035884915e+00
1.239421642674500e+00

  100  0  0
1.239419247040366e+00
1.231839034687829e+00
1.224107686659578e+00

  101  0  0
1.224106018442125e+00
1.216226822188921e+00
1.208186664291074e+00

  102  0  0
1.208184559112391e+00
1.199978780956110e+00
1.191594981329614e+00

  103  0  0
1.191592464626999e+00
1.183033802825765e+00
1.174285201514336e+00

  104  0  0
1.174282972490896e+00
1.165342268020659e+00
1.156190692960237e+00

  105  0  0
1.156185993428220e+00
1.146819704457104e+00
1.137220681685857e+00

  106  0  0
1.137217520614666e+00
1.127393446799384e+00
1.117318455483296e+00

  107  0  0
1.117313584997527e+00
1.106982777628798e+00
1.096367488161517e+00

  108  0  0
1.096360654034147e+00
1.085463420052410e+00
1.074253946118945e+00

  109  0  0
1.074248470041179e+00
1.062731556276606e+00
1.050862269537288e+00

  110  0  0
1.050852207974184e+00
1.038619972458758e+00
1.025981057790091e+00

  111  0  0
1.025971785660209e+00
1.012939836740640e+00
9.994586523437733e-01

  112  0  0
9.994487887111519e-01
9.855164996263223e-01
9.710598227969837e-01

  113  0  0
9.710421923637040e-01
9.560547050133379e-01
9.404543983486224e-01

  114  0  0
9.404362192231346e-01
9.242422412086299e-01
9.073276916246271e-01

  115  0  0
9.073080279512661e-01
8.896418596466790e-01
8.710943901465480e-01

  116  0  0
8.710553314891768e-01
8.516383159319162e-01
8.311416187379448e-01

  117  0  0
8.310891149723008e-01
8.095366729368346e-01
7.866192895378346e-01

  118  0  0
7.865332543819511e-01
7.622301046778323e-01
7.360742481686772e-01

  119  0  0
7.359285511680718e-01
7.079833583092322e-01
6.774834325146692e-01

  120  0  0
6.771877042121888e-01
6.441934959451231e-01
6.070953550663736e-01

  121  0  0
6.060139596777719e-01
5.657470243683812e-01
5.175629814756126e-01

  122  0  0
5.140646985630932e-01
4.583632095459429e-01
3.900171944632925e-01

  123  0  0
4.191332884112128e-01
2.857687382834918e-01
5.984885918257828e-02

  124  0  0
1.747459755461059e-02
5.104096111661984e-04
-3.462922324473090e-04

  125  0  0
-4.158013862117163e-05
8.617610332838479e-06
1.112015369872100e-05

  126  0  0
1.016308400296220e-05
1.000436001188394e-05
9.996466364166085e-06

  127  0  0
9.999486842993274e-06
9.999986316898506e-06
1.000001109579474e-05

  128  0  0
1.000000160736740e-05
1.000000004275594e-05
9.999999965306665e-06

  129  0  0
9.999999994981785e-06
9.999999999863315e-06
1.000000000010459e-05

  130  0  0
1.000000000001210e-05
9.999999999996918e-06
9.999999999996167e-06

  131  0  0
9.999999999996460e-06
9.999999999996503e-06
9.999999999996511e-06

  132  0  0
9.999999999996513e-06
9.999999999996503e-06
9.999999999996506e-06

  133  0  0
9.999999999996509e-06
9.999999999996503e-06
9.999999999996509e-06

  134  0  0
9.999999999996513e-06
9.999999999996503e-06
9.999999999996506e-06

  135  0  0
9.999999999996509e-06
9.999999999996503e-06
9.999999999996509e-06

  136  0  0
9.999999999996513e-06
9.999999999996503e-06
9.999999999996506e-06

  137  0  0
9.999999999996509e-06
9.999999999996503e-06
9.999999999996509e-06

  138  0  0
9.999999999996513e-06
9.999999999996503e-06
9.999999999996506e-06

  139  0  0
9.999999999996509e-06
9.999999999996503e-06
9.999999999996509e-06

  140  0  0
9.999999999996513e-06
9.999999999996503e-06
9.999999999996506e-06

  141  0  0
9.999999999996509e-06
9.999999999996503e-06
9.999999999996509e-06

  142  0  0
9.999999999996513e-06
9.999999999996503e-06
9.999999999996506e-06

  143  0  0
9.999999999996509e-06
9.999999999996503e-06
9.999999999996509e-06

  144  0  0
9.999999999996513e-06
9.999999999996503e-06
9.999999999996506e-06

  145  0  0
9.999999999996509e-06
9.999999999996503e-06
9.999999999996509e-06

  146  0  0
9.999999999996513e-06
9.999999999996503e-06
9.999999999996506e-06

  147  0  0
9.999999999996509e-06
9.999999999996503e-06
9.999999999996509e-06

  148  0  0
9.999999999996513e-06
9.999999999996503e-06
9.999999999996506e-06

  149  0  0
9.999999999996509e-06
9.999999999996503e-06
9.999999999996509e-06

  150  0  0
9.999999999996513e-06
9.999999999996503e-06
9.999999999996506e-06

  151  0  0
9.999999999996509e-06
9.999999999996503e-06
9.999999999996509e-06

  152  0  0
9.999999999996513e-06
9.999999999996503e-06
9.999999999996506e-06

  153  0  0
9.999999999996509e-06
9.999999999996503e-06
9.999999999996509e-06

  154  0  0
9.999999999996513e-06
9.999999999996503e-06
9.999999999996506e-06

  155  0  0
9.999999999996509e-06
9.999999999996503e-06
9.999999999996509e-06

  156  0  0
9.999999999996513e-06
9.999999999996503e-06
9.999999999996506e-06

  157  0  0
9.999999999996509e-06
9.999999999996503e-06
9.999999999996509e-06

  158  0  0
9.999999999996513e-06
9.999999999996503e-06
9.999999999996506e-06

  159  0  0
9.999999999996509e-06
9.999999999996503e-06
9.999999999996509e-06

  160  0  0
9.999999999996513e-06
9.999999999996503e-06
9.999999999996506e-06

  161  0  0
9.999999999996509e-06
9.999999999996503e-06
9.999999999996509e-06

  162  0  0
9.999999999996513e-06
9.999999999996503e-06
9.999999999996506e-06

  163  0  0
9.999999999996509e-06
9.999999999996503e-06
9.999999999996509e-06

  164  0  0
9.999999999996513e-06
9.999999999996503e-06
9.999999999996506e-06

  165  0  0
9.999999999996509e-06
9.999999999996503e-06
9.999999999996509e-06

  166  0  0
9.999999999996513e-06
9.999999999996503e-06
9.999999999996506e-06

  167  0  0
9.999999999996509e-06
9.999999999996503e-06
9.999999999996509e-06

  168  0  0
9.999999999996513e-06
9.999999999996503e-06
9.999999999996506e-06

  169  0  0
9.999999999996509e-06
9.999999999996503e-06
9.999999999996509e-06

  170  0  0
9.999999999996513e-06
9.999999999996503e-06
9.999999999996506e-06

  171  0  0
9.999999999996509e-06
9.999999999996503e-06
9.999999999996509e-06

  172  0  0
9.999999999996513e-06
9.999999999996503e-06
9.999999999996506e-06

  173  0  0
9.999999999996509e-06
9.999999999996503e-06
9.999999999996509e-06

  174  0  0
9.999999999996513e-06
9.999999999996503e-06
9.999999999996506e-06

  175  0  0
9.999999999996509e-06
9.999999999996503e-06
9.999999999996509e-06

  176  0  0
9.999999999996513e-06
9.999999999996503e-06
9.999999999996506e-06

  177  0  0
9.999999999996509e-06
9.999999999996503e-06
9.999999999996509e-06

  178  0  0
9.999999999996513e-06
9.999999999996503e-06
9.999999999996506e-06

  179  0  0
9.999999999996509e-06
9.999999999996503e-06
9.999999999996509e-06

  180  0  0
9.999999999996513e-06
9.999999999996503e-06
9.999999999996506e-06

  181  0  0
9.999999999996509e-06
9.999999999996503e-06
9.999999999996509e-06

  182  0  0
9.999999999996513e-06
9.999999999996503e-06
9.999999999996506e-06

  183  0  0
9.999999999996509e-06
9.999999999996503e-06
9.999999999996509e-06

  184  0  0
9.999999999996513e-06
9.999999999996503e-06
9.999999999996506e-06

  185  0  0
9.999999999996509e-06
9.999999999996503e-06
9.999999999996509e-06

  186  0  0
9.999999999996513e-06
9.999999999996503e-06
9.999999999996506e-06

  187  0  0
9.999999999996509e-06
9.999999999996503e-06
9.999999999996509e-06

  188  0  0
9.999999999996513e-06
9.999999999996503e-06
9.999999999996506e-06

  189  0  0
9.999999999996509e-06
9.999999999996503e-06
9.999999999996509e-06

  190  0  0
9.999999999996513e-06
9.999999999996503e-06
9.999999999996506e-06

  191  0  0
9.999999999996509e-06
9.999999999996503e-06
9.999999999996509e-06

  192  0  0
9.999999999996513e-06
9.999999999996503e-06
9.999999999996506e-06

  193  0  0
9.999999999996509e-06
9.999999999996503e-06
9.999999999996509e-06

  194  0  0
9.999999999996513e-06
9.999999999996503e-06
9.999999999996506e-06

  195  0  0
9.999999999996509e-06
9.999999999996503e-06
9.999999999996509e-06

  196  0  0
9.999999999996513e-06
9.999999999996503e-06
9.999999999996506e-06

  197  0  0
9.999999999996509e-06
9.999999999996503e-06
9.999999999996509e-06

  198  0  0
9.999999999996513e-06
9.999999999996503e-06
9.999999999996506e-06

  199  0  0
9.999999999996509e-06
9.999999999996503e-06
9.999999999996509e-06

  200  0  0
9.999999999996513e-06
9.999999999996503e-06
9.999999999996506e-06

  201  0  0
9.999999999996509e-06
9.999999999996503e-06
9.999999999996509e-06

  202  0  0
9.999999999996513e-06
9.999999999996503e-06
9.999999999996506e-06

  203  0  0
9.999999999996509e-06
9.999999999996503e-06
9.999999999996509e-06

  204  0  0
9.999999999996513e-06
9.999999999996503e-06
9.999999999996506e-06

  205  0  0
9.999999999996509e-06
9.999999999996503e-06
9.999999999996509e-06

  206  0  0
9.999999999996513e-06
9.999999999996503e-06
9.999999999996506e-06

  207  0  0
9.999999999996509e-06
9.999999999996503e-06
9.999999999996509e-06

  208  0  0
9.999999999996513e-06
9.999999999996503e-06
9.999999999996506e-06

  209  0  0
9.999999999996509e-06
9.999999999996503e-06
9.999999999996509e-06

  210  0  0
9.999999999996513e-06
9.999999999996503e-06
9.999999999996506e-06

  211  0  0
9.999999999996509e-06
9.999999999996503e-06
9.999999999996509e-06

  212  0  0
9.999999999996513e-06
9.999999999996503e-06
9.999999999996506e-06

  213  0  0
9.999999999996509e-06
9.999999999996503e-06
9.999999999996509e-06

  214  0  0
9.999999999996513e-06
9.999999999996503e-06
9.999999999996506e-06

  215  0  0
9.999999999996509e-06
9.999999999996503e-06
9.999999999996509e-06

  216  0  0
9.999999999996513e-06
9.999999999996503e-06
9.999999999996506e-06

  217  0  0
9.999999999996509e-06
9.999999999996503e-06
9.999999999996509e-06

  218  0  0
9.999999999996513e-06
9.999999999996503e-06
9.999999999996506e-06

  219  0  0
9.999999999996509e-06
9.999999999996503e-06
9.999999999996509e-06

  220  0  0
9.999999999996513e-06
9.999999999996503e-06
9.999999999996506e-06

  221  0  0
9.999999999996509e-06
9.999999999996503e-06
9.999999999996509e-06

  222  0  0
9.999999999996513e-06
9.999999999996503e-06
9.999999999996506e-06

  223  0  0
9.999999999996509e-06
9.999999999996503e-06
9.999999999996509e-06

  224  0  0
9.999999999996513e-06
9.999999999996503e-06
9.999999999996506e-06

  225  0  0
9.999999999996509e-06
9.999999999996503e-06
9.999999999996509e-06

  226  0  0
9.999999999996513e-06
9.999999999996503e-06
9.999999999996506e-06

  227  0  0
9.999999999996509e-06
9.999999999996503e-06
9.999999999996509e-06

  228  0  0
9.999999999996513e-06
9.999999999996503e-06
9.999999999996506e-06

  229  0  0
9.999999999996509e-06
9.999999999996503e-06
9.999999999996509e-06

  230  0  0
9.999999999996513e-06
9.999999999996503e-06
9.999999999996506e-06

  231  0  0
9.999999999996509e-06
9.999999999996503e-06
9.999999999996509e-06

  232  0  0
9.999999999996513e-06
9.999999999996503e-06
9.999999999996506e-06

  233  0  0
9.999999999996509e-06
9.999999999996503e-06
9.999999999996509e-06

  234  0  0
9.999999999996513e-06
9.999999999996503e-06
9.999999999996506e-06

  235  0  0
9.999999999996509e-06
9.999999999996503e-06
9.999999999996509e-06

  236  0  0
9.999999999996513e-06
9.999999999996503e-06
9.999999999996506e-06

  237  0  0
9.999999999996509e-06
9.999999999996503e-06
9.999999999996509e-06

  238  0  0
9.999999999996513e-06
9.999999999996503e-06
9.999999999996506e-06

  239  0  0
9.999999999996509e-06
9.999999999996503e-06
9.999999999996509e-06

  240  0  0
9.999999999996513e-06
9.999999999996503e-06
9.999999999996506e-06

  241  0  0
9.999999999996509e-06
9.999999999996503e-06
9.999999999996509e-06

  242  0  0
9.999999999996513e-06
9.999999999996503e-06
9.999999999996506e-06

  243  0  0
9.999999999996509e-06
9.999999999996503e-06
9.999999999996509e-06

  244  0  0
9.999999999996513e-06
9.999999999996503e-06
9.999999999996506e-06

  245  0  0
9.999999999996509e-06
9.999999999996503e-06
9.999999999996509e-06

  246  0  0
9.999999999996513e-06
9.999999999996503e-06
9.999999999996506e-06

  247  0  0
9.999999999996509e-06
9.999999999996503e-06
9.999999999996509e-06

  248  0  0
9.999999999996513e-06
9.999999999996503e-06
9.999999999996506e-06

  249  0  0
9.999999999996509e-06
9.999999999996503e-06
9.999999999996509e-06

  250  0  0
9.999999999996513e-06
9.999999999996503e-06
9.999999999996506e-06

  251  0  0
9.999999999996509e-06
9.999999999996503e-06
9.999999999996509e-06

  252  0  0
9.999999999996513e-06
9.999999999996503e-06
9.999999999996506e-06

  253  0  0
9.999999999996509e-06
9.999999999996503e-06
9.999999999996509e-06

  254  0  0
9.999999999996513e-06
9.999999999996503e-06
9.999999999996506e-06

  255  0  0
9.999999999996509e-06
9.999999999996503e-06
9.999999999996509e-06

  256  0  0
9.999999999996513e-06
9.999999999996503e-06
9.999999999996506e-06

  257  0  0
9.999999999996509e-06
9.999999999996503e-06
9.999999999996509e-06

  258  0  0
9.999999999996513e-06
9.999999999996503e-06
9.999999999996506e-06

  259  0  0
9.999999999996509e-06
9.999999999996503e-06
9.999999999996509e-06

  260  0  0
9.999999999996513e-06
9.999999999996503e-06
9.999999999996506e-06

  261  0  0
9.999999999996509e-06
9.999999999996503e-06
9.999999999996509e-06

  262  0  0
9.999999999996513e-06
9.999999999996503e-06
9.999999999996506e-06

  263  0  0
9.999999999996509e-06
9.999999999996503e-06
9.999999999996509e-06

  264  0  0
9.999999999996513e-06
9.999999999996503e-06
9.999999999996506e-06

  265  0  0
9.999999999996509e-06
9.999999999996503e-06
9.999999999996509e-06

  266  0  0
9.999999999996513e-06
9.999999999996503e-06
9.999999999996506e-06

  267  0  0
9.999999999996509e-06
9.999999999996503e-06
9.999999999996509e-06

  268  0  0
9.999999999996513e-06
9.999999999996503e-06
9.999999999996506e-06

  269  0  0
9.999999999996509e-06
9.999999999996503e-06
9.999999999996509e-06

  270  0  0
9.999999999996513e-06
9.999999999996503e-06
9.999999999996506e-06

  271  0  0
9.999999999996509e-06
9.999999999996503e-06
9.999999999996509e-06

  272  0  0
9.999999999996513e-06
9.999999999996503e-06
9.999999999996506e-06

  273  0  0
9.999999999996509e-06
9.999999999996503e-06
9.999999999996509e-06

  274  0  0
9.999999999996513e-06
9.999999999996503e-06
9.999999999996506e-06

  275  0  0
9.999999999996509e-06
9.999999999996503e-06
9.999999999996509e-06

  276  0  0
9.999999999996513e-06
9.999999999996503e-06
9.999999999996506e-06

  277  0  0
9.999999999996509e-06
9.999999999996503e-06
9.999999999996509e-06

  278  0  0
9.999999999996513e-06
9.999999999996503e-06
9.999999999996506e-06

  279  0  0
9.999999999996509e-06
9.999999999996503e-06
9.999999999996509e-06

  280  0  0
9.999999999996513e-06
9.999999999996503e-06
9.999999999996506e-06

  281  0  0
9.999999999996509e-06
9.999999999996503e-06
9.999999999996509e-06

  282  0  0
9.999999999996513e-06
9.999999999996503e-06
9.999999999996506e-06

  283  0  0
9.999999999996509e-06
9.999999999996503e-06
9.999999999996509e-06

  284  0  0
9.999999999996513e-06
9.999999999996503e-06
9.999999999996506e-06

  285  0  0
9.999999999996509e-06
9.999999999996503e-06
9.999999999996509e-06

  286  0  0
9.999999999996513e-06
9.999999999996503e-06
9.999999999996506e-06

  287  0  0
9.999999999996509e-06
9.999999999996503e-06
9.999999999996509e-06

  288  0  0
9.999999999996513e-06
9.999999999996503e-06
9.999999999996506e-06

  289  0  0
9.999999999996509e-06
9.999999999996503e-06
9.999999999996509e-06

  290  0  0
9.999999999996513e-06
9.999999999996503e-06
9.999999999996506e-06

  291  0  0
9.999999999996509e-06
9.999999999996503e-06
9.999999999996509e-06

  292  0  0
9.999999999996513e-06
9.999999999996503e-06
9.999999999996506e-06

  293  0  0
9.999999999996509e-06
9.999999999996503e-06
9.999999999996509e-06

  294  0  0
9.999999999996513e-06
9.999999999996503e-06
9.999999999996506e-06

  295  0  0
9.999999999996509e-06
9.999999999996503e-06
9.999999999996509e-06

  296  0  0
9.999999999996513e-06
9.999999999996503e-06
9.999999999996506e-06

  297  0  0
9.999999999996509e-06
9.999999999996503e-06
9.999999999996511e-06

  298  0  0
9.999999999996513e-06
9.999999999996503e-06
9.999999999996509e-06

  299  0  0
9.999999999996509e-06
9.999999999996503e-06
9.999999999996508e-06

  300  0  0
9.999999999996513e-06
9.999999999996503e-06
9.999999999996506e-06

  301  0  0
9.999999999996509e-06
9.999999999996503e-06
9.999999999996508e-06

  302  0  0
9.999999999996513e-06
9.999999999996503e-06
9.999999999996506e-06

  303  0  0
9.999999999996509e-06
9.999999999996503e-06
9.999999999996509e-06

  304  0  0
9.999999999996513e-06
9.999999999996503e-06
9.999999999996509e-06

  305  0  0
9.999999999996509e-06
9.999999999996503e-06
9.999999999996509e-06

  306  0  0
9.999999999996513e-06
9.999999999996503e-06
9.999999999996506e-06

  307  0  0
9.999999999996509e-06
9.999999999996503e-06
9.999999999996511e-06

  308  0  0
9.999999999996513e-06
9.999999999996503e-06
9.999999999996506e-06

  309  0  0
9.999999999996509e-06
9.999999999996503e-06
9.999999999996511e-06

  310  0  0
9.999999999996513e-06
9.999999999996503e-06
9.999999999996509e-06

  311  0  0
9.999999999996509e-06
9.999999999996503e-06
9.999999999996508e-06

  312  0  0
9.999999999996506e-06
9.999999999996506e-06
9.999999999996520e-06

  313  0  0
9.999999999996542e-06
9.999999999996459e-06
9.999999999993402e-06

  314  0  0
9.999999999988273e-06
1.000000000001068e-05
1.000000000036873e-05

  315  0  0
1.000000000091673e-05
9.999999998387804e-06
9.999999958458678e-06

  316  0  0
9.999999904226387e-06
1.000000017328296e-05
1.000000440252576e-05

  317  0  0
1.000000926977566e-05
9.999982418051149e-06
9.999562997851757e-06

  318  0  0
9.999187675044061e-06
1.000165083191135e-05
1.003974226046008e-05

  319  0  0
1.005928703063441e-05
9.863801742473518e-06
6.773198206679345e-06

