#Cell    Group    L_mom 
# Element_0
# Element_1
# Element_2
    0  0  0
1.912231963389515e+00
1.905419927209832e+00
1.898572696176495e+00

    1  0  0
1.894563999072901e+00
1.887644470253851e+00
1.880684129415107e+00

    2  0  0
1.876621968863094e+00
1.869622835153643e+00
1.862597238996912e+00

    3  0  0
1.858492182221517e+00
1.851400017691990e+00
1.844255794822643e+00

    4  0  0
1.840073342940215e+00
1.832850466727827e+00
1.825595531841139e+00

    5  0  0
1.821359974385648e+00
1.814042937827727e+00
1.806675672800915e+00

    6  0  0
1.802355430903641e+00
1.794876701516039e+00
1.787324936461469e+00

    7  0  0
1.782901829620543e+00
1.775263249999985e+00
1.767573938481370e+00

    8  0  0
1.763075905410875e+00
1.755288730381551e+00
1.747421277868113e+00

    9  0  0
1.742798943644965e+00
1.734794391638869e+00
1.726706178055433e+00

   10  0  0
1.721967338995237e+00
1.713760046847020e+00
1.705464171165423e+00

   11  0  0
1.700586857035980e+00
1.692115242859766e+00
1.683521898424465e+00

   12  0  0
1.678466707318744e+00
1.669696627675123e+00
1.660811531072824e+00

   13  0  0
1.655588307416081e+00
1.646504586281048e+00
1.637268313362882e+00

   14  0  0
1.631813883023234e+00
1.622315145097492e+00
1.612644258715608e+00

   15  0  0
1.606942525250834e+00
1.597011107158163e+00
1.586891288715316e+00

   16  0  0
1.580907356552099e+00
1.570446294980536e+00
1.559739636528594e+00

   17  0  0
1.553392270000655e+00
1.542295068555587e+00
1.530933425421625e+00

   18  0  0
1.524200535152260e+00
1.512398557093735e+00
1.500271392153503e+00

   19  0  0
1.493050410148601e+00
1.480353389712846e+00
1.467252494907179e+00

   20  0  0
1.459444401485368e+00
1.445701958816646e+00
1.431498855373703e+00

   21  0  0
1.423008596834525e+00
1.408004549694276e+00
1.392402889143733e+00

   22  0  0
1.383030253136856e+00
1.366408486126784e+00
1.349054287464809e+00

   23  0  0
1.338615349151232e+00
1.320039243930196e+00
1.300530722670948e+00

   24  0  0
1.288717039294464e+00
1.267577168008345e+00
1.245194008547472e+00

   25  0  0
1.231558005753166e+00
1.207024918294484e+00
1.180827413263992e+00

   26  0  0
1.164768066906558e+00
1.135622388776213e+00
1.104039020885866e+00

   27  0  0
1.084429351290039e+00
1.048465509617435e+00
1.008682624643713e+00

   28  0  0
9.835189092812622e-01
9.366521554093630e-01
8.828639377678453e-01

   29  0  0
8.475195296272865e-01
7.795796196896206e-01
6.940252660840431e-01

   30  0  0
6.380108125425702e-01
5.087599112075989e-01
1.896738019752837e-01

   31  0  0
1.272861851976509e-05
-1.188668412606605e-03
1.888116567117077e-04

   32  0  0
4.860755549219107e-05
-4.178789118620814e-07
1.398155027064296e-05

   33  0  0
1.072285223052829e-05
9.809184875481098e-06
1.007374198963588e-05

   34  0  0
1.001302433922502e-05
9.996552458339472e-06
1.000134152346568e-05

   35  0  0
1.000022628686196e-05
9.999939833100396e-06
1.000002364613079e-05

   36  0  0
1.000000371567681e-05
9.999999005113187e-06
1.000000039700625e-05

   37  0  0
1.000000005541650e-05
9.999999984975283e-06
1.000000000614778e-05

   38  0  0
1.000000000067579e-05
9.999999999807231e-06
1.000000000007837e-05

   39  0  0
1.000000000000069e-05
9.999999999995178e-06
9.999999999997214e-06

   40  0  0
9.999999999996382e-06
9.999999999996530e-06
9.999999999996504e-06

   41  0  0
9.999999999996499e-06
9.999999999996509e-06
9.999999999996506e-06

   42  0  0
9.999999999996506e-06
9.999999999996509e-06
9.999999999996508e-06

   43  0  0
9.999999999996506e-06
9.999999999996509e-06
9.999999999996508e-06

   44  0  0
9.999999999996506e-06
9.999999999996509e-06
9.999999999996509e-06

   45  0  0
9.999999999996506e-06
9.999999999996509e-06
9.999999999996509e-06

   46  0  0
9.999999999996506e-06
9.999999999996509e-06
9.999999999996509e-06

   47  0  0
9.999999999996506e-06
9.999999999996509e-06
9.999999999996509e-06

   48  0  0
9.999999999996506e-06
9.999999999996509e-06
9.999999999996509e-06

   49  0  0
9.999999999996506e-06
9.999999999996509e-06
9.999999999996508e-06

   50  0  0
9.999999999996506e-06
9.999999999996509e-06
9.999999999996508e-06

   51  0  0
9.999999999996506e-06
9.999999999996509e-06
9.999999999996508e-06

   52  0  0
9.999999999996506e-06
9.999999999996509e-06
9.999999999996508e-06

   53  0  0
9.999999999996506e-06
9.999999999996509e-06
9.999999999996509e-06

   54  0  0
9.999999999996506e-06
9.999999999996509e-06
9.999999999996508e-06

   55  0  0
9.999999999996506e-06
9.999999999996509e-06
9.999999999996508e-06

   56  0  0
9.999999999996506e-06
9.999999999996509e-06
9.999999999996508e-06

   57  0  0
9.999999999996506e-06
9.999999999996509e-06
9.999999999996509e-06

   58  0  0
9.999999999996506e-06
9.999999999996509e-06
9.999999999996508e-06

   59  0  0
9.999999999996506e-06
9.999999999996509e-06
9.999999999996509e-06

   60  0  0
9.999999999996506e-06
9.999999999996509e-06
9.999999999996509e-06

   61  0  0
9.999999999996506e-06
9.999999999996509e-06
9.999999999996509e-06

   62  0  0
9.999999999996506e-06
9.999999999996509e-06
9.999999999996509e-06

   63  0  0
9.999999999996506e-06
9.999999999996509e-06
9.999999999996509e-06

   64  0  0
9.999999999996506e-06
9.999999999996509e-06
9.999999999996509e-06

   65  0  0
9.999999999996506e-06
9.999999999996509e-06
9.999999999996509e-06

   66  0  0
9.999999999996506e-06
9.999999999996509e-06
9.999999999996509e-06

   67  0  0
9.999999999996506e-06
9.999999999996509e-06
9.999999999996508e-06

   68  0  0
9.999999999996506e-06
9.999999999996509e-06
9.999999999996506e-06

   69  0  0
9.999999999996506e-06
9.999999999996509e-06
9.999999999996506e-06

   70  0  0
9.999999999996504e-06
9.999999999996513e-06
9.999999999996482e-06

   71  0  0
9.999999999996414e-06
9.999999999996784e-06
9.999999999994470e-06

   72  0  0
9.999999999990600e-06
1.000000000001437e-05
9.999999999926114e-06

   73  0  0
9.999999999809962e-06
1.000000000055733e-05
9.999999997803424e-06

   74  0  0
9.999999994373896e-06
1.000000001704371e-05
9.999999933260356e-06

   75  0  0
9.999999835464066e-06
1.000000050410980e-05
9.999998023741009e-06

   76  0  0
9.999995359113271e-06
1.000001441252515e-05
9.999943399177707e-06

   77  0  0
9.999875166487069e-06
1.000039477404662e-05
9.998446120766995e-06

   78  0  0
9.996851531010350e-06
1.001022183254337e-05
9.959707323426105e-06

   79  0  0
9.926935254065292e-06
1.024881656493394e-05
9.058195022656009e-06

