#Cell  Group   Direction 
# Element_0
# Element_1
# Element_2
    0  0  0
1.822934921013921e-01
1.814930795854770e-01
1.806918066150115e-01

    0  0  1
1.732050808348770e+00
1.730656436214705e+00
1.729259122189793e+00

    1  0  0
1.806916162181536e-01
1.798890357515529e-01
1.790856033639586e-01

    1  0  1
1.729259111805513e+00
1.727858849247277e+00
1.726455574666262e+00

    2  0  0
1.790858230460189e-01
1.782831036759089e-01
1.774810209819370e-01

    2  0  1
1.726455571721754e+00
1.725049270786701e+00
1.723639910009289e+00

    3  0  0
1.774811415103903e-01
1.766795351184575e-01
1.758779715623630e-01

    3  0  1
1.723639891117227e+00
1.722227410163296e+00
1.720811730972758e+00

    4  0  0
1.758777333814140e-01
1.750750838280287e-01
1.742716548190420e-01

    4  0  1
1.720811716294017e+00
1.719392856994074e+00
1.717970747428670e+00

    5  0  0
1.742716881672869e-01
1.734680168029047e-01
1.726641409084163e-01

    5  0  1
1.717970734846664e+00
1.716545346154881e+00
1.715116582882399e+00

    6  0  0
1.726641937773380e-01
1.718601194453671e-01
1.710557304848429e-01

    6  0  1
1.715116573790133e+00
1.713684434300960e+00
1.712248866463478e+00

    7  0  0
1.710557054551025e-01
1.702511607966685e-01
1.694466336809182e-01

    7  0  1
1.712248854275657e+00
1.710809844591286e+00
1.709367321686462e+00

    8  0  0
1.694467447475631e-01
1.686427089686131e-01
1.678389912167352e-01

    8  0  1
1.709367310275840e+00
1.707921265053342e+00
1.706471619434762e+00

    9  0  0
1.678389470550813e-01
1.670351200239739e-01
1.662311609579007e-01

    9  0  1
1.706471598094693e+00
1.705018321110197e+00
1.703561314835534e+00

   10  0  0
1.662311028517733e-01
1.654267987774565e-01
1.646222068104496e-01

   10  0  1
1.703561306220336e+00
1.702100554526983e+00
1.700636005926980e+00

   11  0  0
1.646222011011243e-01
1.638174563487578e-01
1.630126776903608e-01

   11  0  1
1.700635984565779e+00
1.699167659070824e+00
1.697695439473472e+00

   12  0  0
1.630127927128227e-01
1.622087866440940e-01
1.614055322153680e-01

   12  0  1
1.697695421153646e+00
1.696219246230529e+00
1.694738948828114e+00

   13  0  0
1.614055921255790e-01
1.606029335565608e-01
1.598006293261554e-01

   13  0  1
1.694738932309860e+00
1.693254554265972e+00
1.691766030559865e+00

   14  0  0
1.598005040879670e-01
1.589981689894381e-01
1.581960718324387e-01

   14  0  1
1.691766013251694e+00
1.690273336253019e+00
1.688776424235511e+00

   15  0  0
1.581961734298157e-01
1.573947363291968e-01
1.565937100512428e-01

   15  0  1
1.688776555068398e+00
1.687275166328931e+00
1.685769739719025e+00

   16  0  0
1.565935106747774e-01
1.557913863285577e-01
1.549880968141082e-01

   16  0  1
1.685769717346072e+00
1.684259689562593e+00
1.682745132613464e+00

   17  0  0
1.549879113176932e-01
1.541832091419542e-01
1.533775186395892e-01

   17  0  1
1.682745111861439e+00
1.681226027253900e+00
1.679702297972950e+00

   18  0  0
1.533776726498232e-01
1.525714465111786e-01
1.517642955294336e-01

   18  0  1
1.679702277851074e+00
1.678173895520878e+00
1.676640744268070e+00

   19  0  0
1.517641287748246e-01
1.509552242902664e-01
1.501449055899465e-01

   19  0  1
1.676640749406064e+00
1.675102775080825e+00
1.673559909391152e+00

   20  0  0
1.501450526232183e-01
1.493350107962879e-01
1.485254779553708e-01

   20  0  1
1.673559900178632e+00
1.672012065875886e+00
1.670459174280046e+00

   21  0  0
1.485257833252343e-01
1.477176789294515e-01
1.469104509431454e-01

   21  0  1
1.670459147843009e+00
1.668901190136357e+00
1.667338063611367e+00

   22  0  0
1.469102851461356e-01
1.461026478157964e-01
1.452946633207750e-01

   22  0  1
1.667338347992380e+00
1.665769601100205e+00
1.664196188413757e+00

   23  0  0
1.452944207263873e-01
1.444854721879703e-01
1.436758548391003e-01

   23  0  1
1.664196169476034e+00
1.662616901863583e+00
1.661032130345132e+00

   24  0  0
1.436759721416873e-01
1.428669543012678e-01
1.420587099364113e-01

   24  0  1
1.661032104579825e+00
1.659441765547122e+00
1.657845704910432e+00

   25  0  0
1.420589453217974e-01
1.412518588134252e-01
1.404452535130891e-01

   25  0  1
1.657845678370749e+00
1.656243871263479e+00
1.654636188429056e+00

   26  0  0
1.404448969032872e-01
1.396366967780834e-01
1.388273063636614e-01

   26  0  1
1.654636176734746e+00
1.653022576322690e+00
1.651402962777329e+00

   27  0  0
1.388273554134795e-01
1.380183196860761e-01
1.372100211102216e-01

   27  0  1
1.651402871259739e+00
1.649777387170051e+00
1.648145550334515e+00

   28  0  0
1.372103353239151e-01
1.364031167116064e-01
1.355962741533740e-01

   28  0  1
1.648145712641564e+00
1.646507353249899e+00
1.644862459017109e+00

   29  0  0
1.355958623656943e-01
1.347877271617201e-01
1.339790793333725e-01

   29  0  1
1.644862429215398e+00
1.643211017101941e+00
1.641552936738549e+00

   30  0  0
1.339793331404400e-01
1.331719441083472e-01
1.323655269248519e-01

   30  0  1
1.641552907179308e+00
1.639888140917959e+00
1.638216496670083e+00

   31  0  0
1.323654767872739e-01
1.315586402441399e-01
1.307510911468426e-01

   31  0  1
1.638216464012937e+00
1.636537911333288e+00
1.634852313421710e+00

   32  0  0
1.307508744248998e-01
1.299426716538719e-01
1.291345852224549e-01

   32  0  1
1.634852619514477e+00
1.633159495371271e+00
1.631459821361604e+00

   33  0  0
1.291348469299070e-01
1.283281361122406e-01
1.275222184795655e-01

   33  0  1
1.631459814746166e+00
1.629752209380678e+00
1.628037104170883e+00

   34  0  0
1.275220680667981e-01
1.267160521594130e-01
1.259102469735115e-01

   34  0  1
1.628037190705425e+00
1.626314340108248e+00
1.624583855006501e+00

   35  0  0
1.259103004310229e-01
1.251055013860068e-01
1.243017428837048e-01

   35  0  1
1.624583840986860e+00
1.622845336448023e+00
1.621098766134832e+00

   36  0  0
1.243018131241205e-01
1.234993128752120e-01
1.226980668714233e-01

   36  0  1
1.621098723174091e+00
1.619344060690267e+00
1.617581039647335e+00

   37  0  0
1.226981426705770e-01
1.218981318961802e-01
1.210988322505125e-01

   37  0  1
1.617580996068924e+00
1.615809601623428e+00
1.614029576361599e+00

   38  0  0
1.210983307248937e-01
1.202950550447004e-01
1.194872698968426e-01

   38  0  1
1.614029547146951e+00
1.612240848034035e+00
1.610443304629497e+00

   39  0  0
1.194864408422903e-01
1.186726246307667e-01
1.178550600423023e-01

   39  0  1
1.610443459967654e+00
1.608636799007383e+00
1.606821389681746e+00

   40  0  0
1.178562012615347e-01
1.170432274944705e-01
1.162346643063122e-01

   40  0  1
1.606821527583794e+00
1.604996314957616e+00
1.603161714545742e+00

   41  0  0
1.162354806495849e-01
1.154324629279928e-01
1.146330409189992e-01

   41  0  1
1.603161658648108e+00
1.601317460395676e+00
1.599463516281887e+00

   42  0  0
1.146321360882980e-01
1.138300951420863e-01
1.130256782427594e-01

   42  0  1
1.599463799735317e+00
1.597599579183008e+00
1.595725783724393e+00

   43  0  0
1.130248559598119e-01
1.122165202639414e-01
1.114060735674764e-01

   43  0  1
1.595725710439552e+00
1.593841077350660e+00
1.591945925769910e+00

   44  0  0
1.114070606355176e-01
1.106016347717156e-01
1.098009304769102e-01

   44  0  1
1.591945921809020e+00
1.590040160288476e+00
1.588123529443661e+00

   45  0  0
1.098014052648241e-01
1.090030432445769e-01
1.082044843180220e-01

   45  0  1
1.588123505644327e+00
1.586195832474234e+00
1.584256902564650e+00

   46  0  0
1.082028689111287e-01
1.073975890259913e-01
1.065883204809991e-01

   46  0  1
1.584256792070329e+00
1.582306748669639e+00
1.580345061471990e+00

   47  0  0
1.065890988147991e-01
1.057814092982422e-01
1.049743919929523e-01

   47  0  1
1.580345238368122e+00
1.578371367508716e+00
1.576385177852303e+00

   48  0  0
1.049740286008102e-01
1.041625664314973e-01
1.033464946069136e-01

   48  0  1
1.576385106134376e+00
1.574386649696492e+00
1.572375594987585e+00

   49  0  0
1.033464251144551e-01
1.025324392441196e-01
1.017237281985906e-01

   49  0  1
1.572375525268418e+00
1.570351863555822e+00
1.568315177608507e+00

   50  0  0
1.017260243656907e-01
1.009284363085889e-01
1.001363540128068e-01

   50  0  1
1.568315142348212e+00
1.566265340895495e+00
1.564202257091173e+00

   51  0  0
1.001337808323911e-01
9.933146794894256e-02
9.852183925139450e-02

   51  0  1
1.564203108711434e+00
1.562125575553138e+00
1.560036491194512e+00

   52  0  0
9.852184940472904e-02
9.771496441889084e-02
9.691350015239621e-02

   52  0  1
1.560036636059099e+00
1.557931140210180e+00
1.555811220143392e+00

   53  0  0
9.691552179006876e-02
9.612186066799241e-02
9.533043543335545e-02

   53  0  1
1.555811139570365e+00
1.553676721847864e+00
1.551527161551274e+00

   54  0  0
9.532781483585437e-02
9.452569993957331e-02
9.371668618500430e-02

   54  0  1
1.551527108068608e+00
1.549362358113471e+00
1.547181935679705e+00

   55  0  0
9.371744116774941e-02
9.291153849038705e-02
9.210971796950658e-02

   55  0  1
1.547181855238209e+00
1.544985714782123e+00
1.542773303453693e+00

   56  0  0
9.211108187192787e-02
9.131524854515306e-02
9.052228111766752e-02

   56  0  1
1.542773212603235e+00
1.540544492138110e+00
1.538298893281816e+00

   57  0  0
9.052108558608229e-02
8.972521272555450e-02
8.892796351800780e-02

   57  0  1
1.538298794799797e+00
1.536036287399871e+00
1.533756307118457e+00

   58  0  0
8.892799968293652e-02
8.813086932753332e-02
8.733414722584505e-02

   58  0  1
1.533756437697182e+00
1.531458654671732e+00
1.529143147336853e+00

   59  0  0
8.733443531041275e-02
8.654065153630386e-02
8.575017952096284e-02

   59  0  1
1.529143071416150e+00
1.526808909516937e+00
1.524455871239888e+00

   60  0  0
8.575076200386859e-02
8.496477532721503e-02
8.418146118098424e-02

   60  0  1
1.524455776186590e+00
1.522083778772545e+00
1.519692208955250e+00

   61  0  0
8.418031439546347e-02
8.339104826912115e-02
8.259595825209298e-02

   61  0  1
1.519692147044230e+00
1.517280772653887e+00
1.514849162087828e+00

   62  0  0
8.259512745373983e-02
8.179447102072472e-02
8.099095948187526e-02

   62  0  1
1.514849054472579e+00
1.512397496415721e+00
1.509925107199573e+00

   63  0  0
8.099240960275865e-02
8.019419163114350e-02
7.940055497072841e-02

   63  0  1
1.509925974430013e+00
1.507430625758201e+00
1.504913264808833e+00

   64  0  0
7.940080706317039e-02
7.861072526487969e-02
7.782322036868494e-02

   64  0  1
1.504913116966635e+00
1.502373552834114e+00
1.499810863394092e+00

   65  0  0
7.782245327854988e-02
7.703218812343908e-02
7.623920172559799e-02

   65  0  1
1.499810689620019e+00
1.497224894506801e+00
1.494615027270217e+00

   66  0  0
7.623858637396901e-02
7.544290359994212e-02
7.464670810412012e-02

   66  0  1
1.494614842258758e+00
1.491980970575222e+00
1.489322118060478e+00

   67  0  0
7.464804320750867e-02
7.385872746925706e-02
7.307476359670594e-02

   67  0  1
1.489321963398537e+00
1.486638010675355e+00
1.483927930305153e+00

   68  0  0
7.307457070451183e-02
7.229064677738233e-02
7.150554424059086e-02

   68  0  1
1.483927776275167e+00
1.481191467249887e+00
1.478428017662066e+00

   69  0  0
7.150451809943188e-02
7.071708027698229e-02
6.993016244659801e-02

   69  0  1
1.478427814400745e+00
1.475637212356157e+00
1.472818281573263e+00

   70  0  0
6.993149858158990e-02
6.915157246691545e-02
6.837666833658725e-02

   70  0  1
1.472818105412798e+00
1.469970763999099e+00
1.467093922689996e+00

   71  0  0
6.837624990614555e-02
6.760141937376846e-02
6.682640445102422e-02

   71  0  1
1.467093717463256e+00
1.464187363232834e+00
1.461250174678136e+00

   72  0  0
6.682584112888573e-02
6.604966746010557e-02
6.527322154862546e-02

   72  0  1
1.461249964668818e+00
1.458281903439921e+00
1.455281765157581e+00

   73  0  0
6.527326206675815e-02
6.449481821710519e-02
6.371339296902948e-02

   73  0  1
1.455281457472117e+00
1.452249267006593e+00
1.449183209129440e+00

   74  0  0
6.371278829099580e-02
6.292842908293177e-02
6.214380343023968e-02

   74  0  1
1.449183101549560e+00
1.446083222905279e+00
1.442948125488266e+00

   75  0  0
6.214546658237787e-02
6.137044452678382e-02
6.060341050001873e-02

   75  0  1
1.442947849847289e+00
1.439777572680432e+00
1.436570548334647e+00

   76  0  0
6.060337418106725e-02
5.983765583955175e-02
5.907093897867322e-02

   76  0  1
1.436570366500598e+00
1.433326377648517e+00
1.430043809242080e+00

   77  0  0
5.906908918358374e-02
5.829644051871873e-02
5.752182883812466e-02

   77  0  1
1.430043484346405e+00
1.426722360027750e+00
1.423360957173229e+00

   78  0  0
5.752336071517974e-02
5.675568512322815e-02
5.599308635325505e-02

   78  0  1
1.423360615981352e+00
1.419958851352265e+00
1.416514767000840e+00

   79  0  0
5.599293016790465e-02
5.523079866277994e-02
5.446838604910335e-02

   79  0  1
1.416514435654123e+00
1.413028032029494e+00
1.409497435196470e+00

   80  0  0
5.446776480328118e-02
5.370484184855685e-02
5.294295783241087e-02

   80  0  1
1.409497145415005e+00
1.405922210903965e+00
1.402301105374210e+00

   81  0  0
5.294348515320084e-02
5.218402675490814e-02
5.142593197130713e-02

   81  0  1
1.402300661827129e+00
1.398633607234900e+00
1.394917857158401e+00

   82  0  0
5.142567982430499e-02
5.066843445212153e-02
4.991343054864720e-02

   82  0  1
1.394924356380721e+00
1.391150654140959e+00
1.387343520227412e+00

   83  0  0
4.991285928784879e-02
4.916038493646639e-02
4.840938287426572e-02

   83  0  1
1.387343160615109e+00
1.383475054274982e+00
1.379553155624420e+00

   84  0  0
4.840877564114380e-02
4.765651149043477e-02
4.690420335437811e-02

   84  0  1
1.379552689551049e+00
1.375576834246383e+00
1.371544337042250e+00

   85  0  0
4.690474607203007e-02
4.615704795650474e-02
4.541378166559618e-02

   85  0  1
1.371543844909847e+00
1.367454615574936e+00
1.363305803975661e+00

   86  0  0
4.541398496730070e-02
4.467271517843487e-02
4.393193533198307e-02

   86  0  1
1.363305351224482e+00
1.359096761444932e+00
1.354825477921979e+00

   87  0  0
4.393098558017968e-02
4.318854722981888e-02
4.244684806471290e-02

   87  0  1
1.354824933776722e+00
1.350490534611080e+00
1.346089667892628e+00

   88  0  0
4.244792710113069e-02
4.171320535173310e-02
4.098420498040568e-02

   88  0  1
1.346089037800271e+00
1.341622131897897e+00
1.337085538077576e+00

   89  0  0
4.098407952781390e-02
4.025696251173788e-02
3.953094050253639e-02

   89  0  1
1.337085116966426e+00
1.332478316753116e+00
1.327798848690002e+00

   90  0  0
3.953033445311026e-02
3.880498077592380e-02
3.808218550250940e-02

   90  0  1
1.327802613747982e+00
1.323045650322569e+00
1.318224426267168e+00

   91  0  0
3.808213737199432e-02
3.736097892208969e-02
3.663911875914741e-02

   91  0  1
1.318226811882962e+00
1.313311802773204e+00
1.308315131542857e+00

   92  0  0
3.663696549264147e-02
3.590621387188920e-02
3.517116121808464e-02

   92  0  1
1.308313826662708e+00
1.303235761214615e+00
1.298069449079389e+00

   93  0  0
3.517323195731668e-02
3.445028889025478e-02
3.373860043719272e-02

   93  0  1
1.298067206476374e+00
1.292815386752658e+00
1.287469352188911e+00

   94  0  0
3.373977638584594e-02
3.303407398250298e-02
3.233182087545487e-02

   94  0  1
1.287475341719797e+00
1.282028724408991e+00
1.276481887096470e+00

   95  0  0
3.232814412752753e-02
3.161756414505649e-02
3.090605367355865e-02

   95  0  1
1.276481071462188e+00
1.270832853802801e+00
1.265079063633181e+00

   96  0  0
3.090842244933438e-02
3.020918766619495e-02
2.951935541088377e-02

   96  0  1
1.265081601670574e+00
1.259217467147059e+00
1.253248144566924e+00

   97  0  0
2.951829249029780e-02
2.882820236560974e-02
2.813745715207426e-02

   97  0  1
1.253247896073817e+00
1.247156527006538e+00
1.240943833722956e+00

   98  0  0
2.813648657598584e-02
2.744565449299176e-02
2.675718425879728e-02

   98  0  1
1.240943161932751e+00
1.234607890627148e+00
1.228145848994245e+00

   99  0  0
2.675794123871619e-02
2.607211535917201e-02
2.538861597454396e-02

   99  0  1
1.228164136842082e+00
1.221550885862460e+00
1.214849945572827e+00

  100  0  0
2.538627676700478e-02
2.470710591034510e-02
2.403280395205879e-02

  100  0  1
1.214847503904773e+00
1.207961128744863e+00
1.200923737923668e+00

  101  0  0
2.403412920806201e-02
2.336825382544884e-02
2.270751610259003e-02

  101  0  1
1.200922332126513e+00
1.193731870848110e+00
1.186377113292139e+00

  102  0  0
2.270586049346310e-02
2.204161533080981e-02
2.137648324907797e-02

  102  0  1
1.186375051749558e+00
1.178855589835994e+00
1.171159073782882e+00

  103  0  0
2.137724751749343e-02
2.071981064248301e-02
2.007035256762766e-02

  103  0  1
1.171155361828311e+00
1.163285868406781e+00
1.155225191843961e+00

  104  0  0
2.007125490034707e-02
1.942835111278481e-02
1.879081904673513e-02

  104  0  1
1.155231993786939e+00
1.146961192563512e+00
1.138478933197612e+00

  105  0  0
1.878824452087609e-02
1.814711144959555e-02
1.750773141374449e-02

  105  0  1
1.138475799816933e+00
1.129781654639320e+00
1.120855014595503e+00

  106  0  0
1.750935564654195e-02
1.688124094438907e-02
1.626244844481273e-02

  106  0  1
1.120853179766455e+00
1.111690249896480e+00
1.102271498536388e+00

  107  0  0
1.626156382398652e-02
1.564257103517101e-02
1.502376980447424e-02

  107  0  1
1.102269326909530e+00
1.092588966394556e+00
1.082625578732031e+00

  108  0  0
1.502318741122152e-02
1.441001397300593e-02
1.380629812220630e-02

  108  0  1
1.082621678622156e+00
1.072370665403528e+00
1.061803846863043e+00

  109  0  0
1.380810333924911e-02
1.321584480124054e-02
1.262970292264988e-02

  109  0  1
1.061797838391564e+00
1.050914748956427e+00
1.039679734379242e+00

  110  0  0
1.262707066601581e-02
1.203521909261957e-02
1.144230817291123e-02

  110  0  1
1.039669630051526e+00
1.028092433333735e+00
1.016123655271171e+00

  111  0  0
1.144438461695937e-02
1.086823289873114e-02
1.031159136259358e-02

  111  0  1
1.016137527152188e+00
1.003730070589480e+00
9.908661080287684e-01

  112  0  0
1.031065481797592e-02
9.757250031341589e-03
9.204335393196884e-03

  112  0  1
9.908549324783733e-01
9.775299254438359e-01
9.636805325630152e-01

  113  0  0
9.201667153477188e-03
8.649801522969435e-03
8.109804043763120e-03

  113  0  1
9.636844231142108e-01
9.492908540041615e-01
9.343270702583464e-01

  114  0  0
8.113732939289710e-03
7.599898340141750e-03
7.100797071225987e-03

  114  0  1
9.343152209812895e-01
9.186902145264165e-01
9.023395264361063e-01

  115  0  0
7.094817194760136e-03
6.577980604401209e-03
6.053333044808835e-03

  115  0  1
9.023124600493164e-01
8.852312017359376e-01
8.672626710160031e-01

  116  0  0
6.056753014544130e-03
5.561754062162081e-03
5.097649207839297e-03

  116  0  1
8.672221667499610e-01
8.483902940517750e-01
8.284684753194063e-01

  117  0  0
5.100227679888412e-03
4.650331668344835e-03
4.201042495434601e-03

  117  0  1
8.284197191717758e-01
8.074084281668280e-01
7.850195278282394e-01

  118  0  0
4.192542381646561e-03
3.718634570762630e-03
3.239462383700583e-03

  118  0  1
7.849389766213875e-01
7.611898059857451e-01
7.356353399663957e-01

  119  0  0
3.247718084197718e-03
2.812601098991747e-03
2.411157690377112e-03

  119  0  1
7.354577306556257e-01
7.082455710709987e-01
6.784622195024727e-01

  120  0  0
2.410300253515977e-03
2.018670523046186e-03
1.627273525500839e-03

  120  0  1
6.780666260287824e-01
6.459631080193067e-01
6.104815705759378e-01

  121  0  0
1.625930242475347e-03
1.241698684322621e-03
9.174665008338071e-04

  121  0  1
6.109740333133494e-01
5.706253213251059e-01
5.220856602774304e-01

  122  0  0
9.118426048112790e-04
6.221419704116549e-04
3.725675004199994e-04

  122  0  1
5.153739655659195e-01
4.646083713553235e-01
3.978903552722406e-01

  123  0  0
3.718020160692674e-04
1.594307176989568e-04
1.522446933535813e-06

  123  0  1
4.427467907362438e-01
2.762843123004444e-01
3.966205149761105e-02

  124  0  0
8.597863198688949e-06
5.038625167581618e-06
4.975464849773395e-06

  124  0  1
8.022018099733528e-03
2.075144459211552e-04
-1.563563392166841e-04

  125  0  0
4.987540267175096e-06
4.999977003373183e-06
4.999981984074510e-06

  125  0  1
-1.687244501334411e-05
4.456692282619420e-06
5.446872686789024e-06

  126  0  0
5.000028884529527e-06
5.000000039961018e-06
5.000000032935945e-06

  126  0  1
5.060680984049273e-06
5.001510025820728e-06
4.998758821646599e-06

  127  0  0
4.999999946852261e-06
5.000000000008001e-06
4.999999999982906e-06

  127  0  1
4.999831026083968e-06
4.999995778836113e-06
5.000003466413563e-06

  128  0  0
5.000000000015543e-06
4.999999999997646e-06
4.999999999997934e-06

  128  0  1
5.000000473863453e-06
5.000000011903553e-06
4.999999990235384e-06

  129  0  0
4.999999999998834e-06
4.999999999998263e-06
4.999999999998257e-06

  129  0  1
4.999999998655412e-06
4.999999999964212e-06
5.000000000026108e-06

  130  0  0
4.999999999998247e-06
4.999999999998253e-06
4.999999999998252e-06

  130  0  1
5.000000000002122e-06
4.999999999998353e-06
4.999999999998174e-06

  131  0  0
4.999999999998253e-06
4.999999999998256e-06
4.999999999998256e-06

  131  0  1
4.999999999998244e-06
4.999999999998254e-06
4.999999999998255e-06

  132  0  0
4.999999999998255e-06
4.999999999998254e-06
4.999999999998256e-06

  132  0  1
4.999999999998256e-06
4.999999999998254e-06
4.999999999998255e-06

  133  0  0
4.999999999998253e-06
4.999999999998256e-06
4.999999999998256e-06

  133  0  1
4.999999999998256e-06
4.999999999998253e-06
4.999999999998253e-06

  134  0  0
4.999999999998255e-06
4.999999999998254e-06
4.999999999998256e-06

  134  0  1
4.999999999998256e-06
4.999999999998254e-06
4.999999999998255e-06

  135  0  0
4.999999999998253e-06
4.999999999998256e-06
4.999999999998256e-06

  135  0  1
4.999999999998256e-06
4.999999999998253e-06
4.999999999998253e-06

  136  0  0
4.999999999998255e-06
4.999999999998254e-06
4.999999999998256e-06

  136  0  1
4.999999999998256e-06
4.999999999998254e-06
4.999999999998255e-06

  137  0  0
4.999999999998253e-06
4.999999999998256e-06
4.999999999998256e-06

  137  0  1
4.999999999998256e-06
4.999999999998253e-06
4.999999999998253e-06

  138  0  0
4.999999999998255e-06
4.999999999998254e-06
4.999999999998256e-06

  138  0  1
4.999999999998256e-06
4.999999999998254e-06
4.999999999998255e-06

  139  0  0
4.999999999998253e-06
4.999999999998256e-06
4.999999999998256e-06

  139  0  1
4.999999999998256e-06
4.999999999998253e-06
4.999999999998253e-06

  140  0  0
4.999999999998255e-06
4.999999999998254e-06
4.999999999998256e-06

  140  0  1
4.999999999998256e-06
4.999999999998254e-06
4.999999999998255e-06

  141  0  0
4.999999999998253e-06
4.999999999998256e-06
4.999999999998256e-06

  141  0  1
4.999999999998256e-06
4.999999999998253e-06
4.999999999998253e-06

  142  0  0
4.999999999998255e-06
4.999999999998254e-06
4.999999999998256e-06

  142  0  1
4.999999999998256e-06
4.999999999998254e-06
4.999999999998255e-06

  143  0  0
4.999999999998253e-06
4.999999999998256e-06
4.999999999998256e-06

  143  0  1
4.999999999998256e-06
4.999999999998253e-06
4.999999999998253e-06

  144  0  0
4.999999999998255e-06
4.999999999998254e-06
4.999999999998256e-06

  144  0  1
4.999999999998256e-06
4.999999999998254e-06
4.999999999998255e-06

  145  0  0
4.999999999998253e-06
4.999999999998256e-06
4.999999999998256e-06

  145  0  1
4.999999999998256e-06
4.999999999998253e-06
4.999999999998253e-06

  146  0  0
4.999999999998255e-06
4.999999999998254e-06
4.999999999998256e-06

  146  0  1
4.999999999998256e-06
4.999999999998254e-06
4.999999999998255e-06

  147  0  0
4.999999999998253e-06
4.999999999998256e-06
4.999999999998256e-06

  147  0  1
4.999999999998256e-06
4.999999999998253e-06
4.999999999998253e-06

  148  0  0
4.999999999998255e-06
4.999999999998254e-06
4.999999999998256e-06

  148  0  1
4.999999999998256e-06
4.999999999998254e-06
4.999999999998255e-06

  149  0  0
4.999999999998253e-06
4.999999999998256e-06
4.999999999998256e-06

  149  0  1
4.999999999998256e-06
4.999999999998253e-06
4.999999999998253e-06

  150  0  0
4.999999999998255e-06
4.999999999998254e-06
4.999999999998256e-06

  150  0  1
4.999999999998256e-06
4.999999999998254e-06
4.999999999998255e-06

  151  0  0
4.999999999998253e-06
4.999999999998256e-06
4.999999999998256e-06

  151  0  1
4.999999999998256e-06
4.999999999998253e-06
4.999999999998253e-06

  152  0  0
4.999999999998255e-06
4.999999999998254e-06
4.999999999998256e-06

  152  0  1
4.999999999998256e-06
4.999999999998254e-06
4.999999999998255e-06

  153  0  0
4.999999999998253e-06
4.999999999998256e-06
4.999999999998256e-06

  153  0  1
4.999999999998256e-06
4.999999999998253e-06
4.999999999998253e-06

  154  0  0
4.999999999998255e-06
4.999999999998254e-06
4.999999999998256e-06

  154  0  1
4.999999999998256e-06
4.999999999998254e-06
4.999999999998255e-06

  155  0  0
4.999999999998253e-06
4.999999999998256e-06
4.999999999998256e-06

  155  0  1
4.999999999998256e-06
4.999999999998253e-06
4.999999999998253e-06

  156  0  0
4.999999999998255e-06
4.999999999998254e-06
4.999999999998256e-06

  156  0  1
4.999999999998256e-06
4.999999999998254e-06
4.999999999998255e-06

  157  0  0
4.999999999998253e-06
4.999999999998256e-06
4.999999999998256e-06

  157  0  1
4.999999999998256e-06
4.999999999998253e-06
4.999999999998253e-06

  158  0  0
4.999999999998255e-06
4.999999999998254e-06
4.999999999998256e-06

  158  0  1
4.999999999998256e-06
4.999999999998254e-06
4.999999999998255e-06

  159  0  0
4.999999999998253e-06
4.999999999998256e-06
4.999999999998256e-06

  159  0  1
4.999999999998256e-06
4.999999999998253e-06
4.999999999998253e-06

  160  0  0
4.999999999998255e-06
4.999999999998254e-06
4.999999999998256e-06

  160  0  1
4.999999999998256e-06
4.999999999998254e-06
4.999999999998255e-06

  161  0  0
4.999999999998253e-06
4.999999999998256e-06
4.999999999998256e-06

  161  0  1
4.999999999998256e-06
4.999999999998253e-06
4.999999999998253e-06

  162  0  0
4.999999999998255e-06
4.999999999998254e-06
4.999999999998256e-06

  162  0  1
4.999999999998256e-06
4.999999999998254e-06
4.999999999998255e-06

  163  0  0
4.999999999998253e-06
4.999999999998256e-06
4.999999999998256e-06

  163  0  1
4.999999999998256e-06
4.999999999998253e-06
4.999999999998253e-06

  164  0  0
4.999999999998255e-06
4.999999999998254e-06
4.999999999998256e-06

  164  0  1
4.999999999998256e-06
4.999999999998254e-06
4.999999999998255e-06

  165  0  0
4.999999999998253e-06
4.999999999998256e-06
4.999999999998256e-06

  165  0  1
4.999999999998256e-06
4.999999999998253e-06
4.999999999998253e-06

  166  0  0
4.999999999998255e-06
4.999999999998254e-06
4.999999999998256e-06

  166  0  1
4.999999999998256e-06
4.999999999998254e-06
4.999999999998255e-06

  167  0  0
4.999999999998253e-06
4.999999999998256e-06
4.999999999998256e-06

  167  0  1
4.999999999998256e-06
4.999999999998253e-06
4.999999999998253e-06

  168  0  0
4.999999999998255e-06
4.999999999998254e-06
4.999999999998256e-06

  168  0  1
4.999999999998256e-06
4.999999999998254e-06
4.999999999998255e-06

  169  0  0
4.999999999998253e-06
4.999999999998256e-06
4.999999999998256e-06

  169  0  1
4.999999999998256e-06
4.999999999998253e-06
4.999999999998253e-06

  170  0  0
4.999999999998255e-06
4.999999999998254e-06
4.999999999998256e-06

  170  0  1
4.999999999998256e-06
4.999999999998254e-06
4.999999999998255e-06

  171  0  0
4.999999999998253e-06
4.999999999998256e-06
4.999999999998256e-06

  171  0  1
4.999999999998256e-06
4.999999999998253e-06
4.999999999998253e-06

  172  0  0
4.999999999998255e-06
4.999999999998254e-06
4.999999999998256e-06

  172  0  1
4.999999999998256e-06
4.999999999998254e-06
4.999999999998255e-06

  173  0  0
4.999999999998253e-06
4.999999999998256e-06
4.999999999998256e-06

  173  0  1
4.999999999998256e-06
4.999999999998253e-06
4.999999999998253e-06

  174  0  0
4.999999999998255e-06
4.999999999998254e-06
4.999999999998256e-06

  174  0  1
4.999999999998256e-06
4.999999999998254e-06
4.999999999998255e-06

  175  0  0
4.999999999998253e-06
4.999999999998256e-06
4.999999999998256e-06

  175  0  1
4.999999999998256e-06
4.999999999998253e-06
4.999999999998253e-06

  176  0  0
4.999999999998255e-06
4.999999999998254e-06
4.999999999998256e-06

  176  0  1
4.999999999998256e-06
4.999999999998254e-06
4.999999999998255e-06

  177  0  0
4.999999999998253e-06
4.999999999998256e-06
4.999999999998256e-06

  177  0  1
4.999999999998256e-06
4.999999999998253e-06
4.999999999998253e-06

  178  0  0
4.999999999998255e-06
4.999999999998254e-06
4.999999999998256e-06

  178  0  1
4.999999999998256e-06
4.999999999998254e-06
4.999999999998255e-06

  179  0  0
4.999999999998253e-06
4.999999999998256e-06
4.999999999998256e-06

  179  0  1
4.999999999998256e-06
4.999999999998253e-06
4.999999999998253e-06

  180  0  0
4.999999999998255e-06
4.999999999998254e-06
4.999999999998256e-06

  180  0  1
4.999999999998256e-06
4.999999999998254e-06
4.999999999998255e-06

  181  0  0
4.999999999998253e-06
4.999999999998256e-06
4.999999999998256e-06

  181  0  1
4.999999999998256e-06
4.999999999998253e-06
4.999999999998253e-06

  182  0  0
4.999999999998255e-06
4.999999999998254e-06
4.999999999998256e-06

  182  0  1
4.999999999998256e-06
4.999999999998254e-06
4.999999999998255e-06

  183  0  0
4.999999999998253e-06
4.999999999998256e-06
4.999999999998256e-06

  183  0  1
4.999999999998256e-06
4.999999999998253e-06
4.999999999998253e-06

  184  0  0
4.999999999998255e-06
4.999999999998254e-06
4.999999999998256e-06

  184  0  1
4.999999999998256e-06
4.999999999998254e-06
4.999999999998255e-06

  185  0  0
4.999999999998253e-06
4.999999999998256e-06
4.999999999998256e-06

  185  0  1
4.999999999998256e-06
4.999999999998253e-06
4.999999999998253e-06

  186  0  0
4.999999999998255e-06
4.999999999998254e-06
4.999999999998256e-06

  186  0  1
4.999999999998256e-06
4.999999999998254e-06
4.999999999998255e-06

  187  0  0
4.999999999998253e-06
4.999999999998256e-06
4.999999999998256e-06

  187  0  1
4.999999999998256e-06
4.999999999998253e-06
4.999999999998253e-06

  188  0  0
4.999999999998255e-06
4.999999999998254e-06
4.999999999998256e-06

  188  0  1
4.999999999998256e-06
4.999999999998254e-06
4.999999999998255e-06

  189  0  0
4.999999999998253e-06
4.999999999998256e-06
4.999999999998256e-06

  189  0  1
4.999999999998256e-06
4.999999999998253e-06
4.999999999998253e-06

  190  0  0
4.999999999998255e-06
4.999999999998254e-06
4.999999999998256e-06

  190  0  1
4.999999999998256e-06
4.999999999998254e-06
4.999999999998255e-06

  191  0  0
4.999999999998253e-06
4.999999999998256e-06
4.999999999998256e-06

  191  0  1
4.999999999998256e-06
4.999999999998253e-06
4.999999999998253e-06

  192  0  0
4.999999999998255e-06
4.999999999998254e-06
4.999999999998256e-06

  192  0  1
4.999999999998256e-06
4.999999999998254e-06
4.999999999998255e-06

  193  0  0
4.999999999998253e-06
4.999999999998256e-06
4.999999999998256e-06

  193  0  1
4.999999999998256e-06
4.999999999998253e-06
4.999999999998253e-06

  194  0  0
4.999999999998255e-06
4.999999999998254e-06
4.999999999998256e-06

  194  0  1
4.999999999998256e-06
4.999999999998254e-06
4.999999999998255e-06

  195  0  0
4.999999999998253e-06
4.999999999998256e-06
4.999999999998256e-06

  195  0  1
4.999999999998256e-06
4.999999999998253e-06
4.999999999998253e-06

  196  0  0
4.999999999998255e-06
4.999999999998254e-06
4.999999999998256e-06

  196  0  1
4.999999999998256e-06
4.999999999998254e-06
4.999999999998255e-06

  197  0  0
4.999999999998253e-06
4.999999999998256e-06
4.999999999998256e-06

  197  0  1
4.999999999998256e-06
4.999999999998253e-06
4.999999999998253e-06

  198  0  0
4.999999999998255e-06
4.999999999998254e-06
4.999999999998256e-06

  198  0  1
4.999999999998256e-06
4.999999999998254e-06
4.999999999998255e-06

  199  0  0
4.999999999998253e-06
4.999999999998256e-06
4.999999999998256e-06

  199  0  1
4.999999999998256e-06
4.999999999998253e-06
4.999999999998253e-06

  200  0  0
4.999999999998255e-06
4.999999999998254e-06
4.999999999998256e-06

  200  0  1
4.999999999998256e-06
4.999999999998254e-06
4.999999999998255e-06

  201  0  0
4.999999999998253e-06
4.999999999998256e-06
4.999999999998256e-06

  201  0  1
4.999999999998256e-06
4.999999999998253e-06
4.999999999998253e-06

  202  0  0
4.999999999998255e-06
4.999999999998254e-06
4.999999999998256e-06

  202  0  1
4.999999999998256e-06
4.999999999998254e-06
4.999999999998255e-06

  203  0  0
4.999999999998253e-06
4.999999999998256e-06
4.999999999998256e-06

  203  0  1
4.999999999998256e-06
4.999999999998253e-06
4.999999999998253e-06

  204  0  0
4.999999999998255e-06
4.999999999998254e-06
4.999999999998256e-06

  204  0  1
4.999999999998256e-06
4.999999999998254e-06
4.999999999998255e-06

  205  0  0
4.999999999998253e-06
4.999999999998256e-06
4.999999999998256e-06

  205  0  1
4.999999999998256e-06
4.999999999998253e-06
4.999999999998253e-06

  206  0  0
4.999999999998255e-06
4.999999999998254e-06
4.999999999998256e-06

  206  0  1
4.999999999998256e-06
4.999999999998254e-06
4.999999999998255e-06

  207  0  0
4.999999999998253e-06
4.999999999998256e-06
4.999999999998256e-06

  207  0  1
4.999999999998256e-06
4.999999999998253e-06
4.999999999998253e-06

  208  0  0
4.999999999998255e-06
4.999999999998254e-06
4.999999999998256e-06

  208  0  1
4.999999999998256e-06
4.999999999998254e-06
4.999999999998255e-06

  209  0  0
4.999999999998253e-06
4.999999999998256e-06
4.999999999998256e-06

  209  0  1
4.999999999998256e-06
4.999999999998253e-06
4.999999999998253e-06

  210  0  0
4.999999999998255e-06
4.999999999998254e-06
4.999999999998256e-06

  210  0  1
4.999999999998256e-06
4.999999999998254e-06
4.999999999998255e-06

  211  0  0
4.999999999998253e-06
4.999999999998256e-06
4.999999999998256e-06

  211  0  1
4.999999999998256e-06
4.999999999998253e-06
4.999999999998253e-06

  212  0  0
4.999999999998255e-06
4.999999999998254e-06
4.999999999998256e-06

  212  0  1
4.999999999998256e-06
4.999999999998254e-06
4.999999999998255e-06

  213  0  0
4.999999999998253e-06
4.999999999998256e-06
4.999999999998256e-06

  213  0  1
4.999999999998256e-06
4.999999999998253e-06
4.999999999998253e-06

  214  0  0
4.999999999998255e-06
4.999999999998254e-06
4.999999999998256e-06

  214  0  1
4.999999999998256e-06
4.999999999998254e-06
4.999999999998255e-06

  215  0  0
4.999999999998253e-06
4.999999999998256e-06
4.999999999998256e-06

  215  0  1
4.999999999998256e-06
4.999999999998253e-06
4.999999999998253e-06

  216  0  0
4.999999999998255e-06
4.999999999998254e-06
4.999999999998256e-06

  216  0  1
4.999999999998256e-06
4.999999999998254e-06
4.999999999998255e-06

  217  0  0
4.999999999998253e-06
4.999999999998256e-06
4.999999999998256e-06

  217  0  1
4.999999999998256e-06
4.999999999998253e-06
4.999999999998253e-06

  218  0  0
4.999999999998255e-06
4.999999999998254e-06
4.999999999998256e-06

  218  0  1
4.999999999998256e-06
4.999999999998254e-06
4.999999999998255e-06

  219  0  0
4.999999999998253e-06
4.999999999998256e-06
4.999999999998256e-06

  219  0  1
4.999999999998256e-06
4.999999999998253e-06
4.999999999998253e-06

  220  0  0
4.999999999998255e-06
4.999999999998254e-06
4.999999999998256e-06

  220  0  1
4.999999999998256e-06
4.999999999998254e-06
4.999999999998255e-06

  221  0  0
4.999999999998253e-06
4.999999999998256e-06
4.999999999998256e-06

  221  0  1
4.999999999998256e-06
4.999999999998253e-06
4.999999999998253e-06

  222  0  0
4.999999999998255e-06
4.999999999998254e-06
4.999999999998256e-06

  222  0  1
4.999999999998256e-06
4.999999999998254e-06
4.999999999998255e-06

  223  0  0
4.999999999998253e-06
4.999999999998256e-06
4.999999999998256e-06

  223  0  1
4.999999999998256e-06
4.999999999998253e-06
4.999999999998253e-06

  224  0  0
4.999999999998255e-06
4.999999999998254e-06
4.999999999998256e-06

  224  0  1
4.999999999998256e-06
4.999999999998254e-06
4.999999999998255e-06

  225  0  0
4.999999999998253e-06
4.999999999998256e-06
4.999999999998256e-06

  225  0  1
4.999999999998256e-06
4.999999999998253e-06
4.999999999998253e-06

  226  0  0
4.999999999998255e-06
4.999999999998254e-06
4.999999999998256e-06

  226  0  1
4.999999999998256e-06
4.999999999998254e-06
4.999999999998255e-06

  227  0  0
4.999999999998253e-06
4.999999999998256e-06
4.999999999998256e-06

  227  0  1
4.999999999998256e-06
4.999999999998253e-06
4.999999999998253e-06

  228  0  0
4.999999999998255e-06
4.999999999998254e-06
4.999999999998256e-06

  228  0  1
4.999999999998256e-06
4.999999999998254e-06
4.999999999998255e-06

  229  0  0
4.999999999998253e-06
4.999999999998256e-06
4.999999999998256e-06

  229  0  1
4.999999999998256e-06
4.999999999998253e-06
4.999999999998253e-06

  230  0  0
4.999999999998255e-06
4.999999999998254e-06
4.999999999998256e-06

  230  0  1
4.999999999998256e-06
4.999999999998254e-06
4.999999999998255e-06

  231  0  0
4.999999999998253e-06
4.999999999998256e-06
4.999999999998256e-06

  231  0  1
4.999999999998256e-06
4.999999999998253e-06
4.999999999998253e-06

  232  0  0
4.999999999998255e-06
4.999999999998254e-06
4.999999999998256e-06

  232  0  1
4.999999999998256e-06
4.999999999998254e-06
4.999999999998255e-06

  233  0  0
4.999999999998253e-06
4.999999999998256e-06
4.999999999998256e-06

  233  0  1
4.999999999998256e-06
4.999999999998253e-06
4.999999999998253e-06

  234  0  0
4.999999999998255e-06
4.999999999998254e-06
4.999999999998256e-06

  234  0  1
4.999999999998256e-06
4.999999999998254e-06
4.999999999998255e-06

  235  0  0
4.999999999998253e-06
4.999999999998256e-06
4.999999999998256e-06

  235  0  1
4.999999999998256e-06
4.999999999998253e-06
4.999999999998253e-06

  236  0  0
4.999999999998255e-06
4.999999999998254e-06
4.999999999998256e-06

  236  0  1
4.999999999998256e-06
4.999999999998254e-06
4.999999999998255e-06

  237  0  0
4.999999999998253e-06
4.999999999998256e-06
4.999999999998256e-06

  237  0  1
4.999999999998256e-06
4.999999999998253e-06
4.999999999998253e-06

  238  0  0
4.999999999998255e-06
4.999999999998254e-06
4.999999999998256e-06

  238  0  1
4.999999999998256e-06
4.999999999998254e-06
4.999999999998255e-06

  239  0  0
4.999999999998253e-06
4.999999999998256e-06
4.999999999998256e-06

  239  0  1
4.999999999998256e-06
4.999999999998253e-06
4.999999999998253e-06

  240  0  0
4.999999999998255e-06
4.999999999998254e-06
4.999999999998256e-06

  240  0  1
4.999999999998256e-06
4.999999999998254e-06
4.999999999998255e-06

  241  0  0
4.999999999998253e-06
4.999999999998256e-06
4.999999999998256e-06

  241  0  1
4.999999999998256e-06
4.999999999998253e-06
4.999999999998253e-06

  242  0  0
4.999999999998255e-06
4.999999999998254e-06
4.999999999998256e-06

  242  0  1
4.999999999998256e-06
4.999999999998254e-06
4.999999999998255e-06

  243  0  0
4.999999999998253e-06
4.999999999998256e-06
4.999999999998256e-06

  243  0  1
4.999999999998256e-06
4.999999999998253e-06
4.999999999998253e-06

  244  0  0
4.999999999998255e-06
4.999999999998254e-06
4.999999999998256e-06

  244  0  1
4.999999999998256e-06
4.999999999998254e-06
4.999999999998255e-06

  245  0  0
4.999999999998253e-06
4.999999999998256e-06
4.999999999998256e-06

  245  0  1
4.999999999998256e-06
4.999999999998253e-06
4.999999999998253e-06

  246  0  0
4.999999999998255e-06
4.999999999998254e-06
4.999999999998256e-06

  246  0  1
4.999999999998256e-06
4.999999999998254e-06
4.999999999998255e-06

  247  0  0
4.999999999998253e-06
4.999999999998256e-06
4.999999999998256e-06

  247  0  1
4.999999999998256e-06
4.999999999998253e-06
4.999999999998253e-06

  248  0  0
4.999999999998255e-06
4.999999999998254e-06
4.999999999998256e-06

  248  0  1
4.999999999998256e-06
4.999999999998254e-06
4.999999999998255e-06

  249  0  0
4.999999999998253e-06
4.999999999998256e-06
4.999999999998256e-06

  249  0  1
4.999999999998256e-06
4.999999999998253e-06
4.999999999998253e-06

  250  0  0
4.999999999998255e-06
4.999999999998254e-06
4.999999999998256e-06

  250  0  1
4.999999999998256e-06
4.999999999998254e-06
4.999999999998255e-06

  251  0  0
4.999999999998253e-06
4.999999999998256e-06
4.999999999998256e-06

  251  0  1
4.999999999998256e-06
4.999999999998253e-06
4.999999999998253e-06

  252  0  0
4.999999999998255e-06
4.999999999998254e-06
4.999999999998256e-06

  252  0  1
4.999999999998256e-06
4.999999999998254e-06
4.999999999998255e-06

  253  0  0
4.999999999998253e-06
4.999999999998256e-06
4.999999999998256e-06

  253  0  1
4.999999999998256e-06
4.999999999998253e-06
4.999999999998253e-06

  254  0  0
4.999999999998255e-06
4.999999999998254e-06
4.999999999998256e-06

  254  0  1
4.999999999998256e-06
4.999999999998254e-06
4.999999999998255e-06

  255  0  0
4.999999999998253e-06
4.999999999998256e-06
4.999999999998256e-06

  255  0  1
4.999999999998256e-06
4.999999999998253e-06
4.999999999998253e-06

  256  0  0
4.999999999998255e-06
4.999999999998254e-06
4.999999999998256e-06

  256  0  1
4.999999999998256e-06
4.999999999998254e-06
4.999999999998255e-06

  257  0  0
4.999999999998253e-06
4.999999999998256e-06
4.999999999998256e-06

  257  0  1
4.999999999998256e-06
4.999999999998253e-06
4.999999999998253e-06

  258  0  0
4.999999999998255e-06
4.999999999998254e-06
4.999999999998256e-06

  258  0  1
4.999999999998256e-06
4.999999999998254e-06
4.999999999998255e-06

  259  0  0
4.999999999998253e-06
4.999999999998256e-06
4.999999999998256e-06

  259  0  1
4.999999999998256e-06
4.999999999998253e-06
4.999999999998253e-06

  260  0  0
4.999999999998255e-06
4.999999999998254e-06
4.999999999998256e-06

  260  0  1
4.999999999998256e-06
4.999999999998254e-06
4.999999999998255e-06

  261  0  0
4.999999999998253e-06
4.999999999998256e-06
4.999999999998256e-06

  261  0  1
4.999999999998256e-06
4.999999999998253e-06
4.999999999998253e-06

  262  0  0
4.999999999998255e-06
4.999999999998254e-06
4.999999999998256e-06

  262  0  1
4.999999999998256e-06
4.999999999998254e-06
4.999999999998255e-06

  263  0  0
4.999999999998253e-06
4.999999999998256e-06
4.999999999998256e-06

  263  0  1
4.999999999998256e-06
4.999999999998253e-06
4.999999999998253e-06

  264  0  0
4.999999999998255e-06
4.999999999998254e-06
4.999999999998256e-06

  264  0  1
4.999999999998256e-06
4.999999999998254e-06
4.999999999998255e-06

  265  0  0
4.999999999998253e-06
4.999999999998256e-06
4.999999999998256e-06

  265  0  1
4.999999999998256e-06
4.999999999998253e-06
4.999999999998253e-06

  266  0  0
4.999999999998255e-06
4.999999999998254e-06
4.999999999998256e-06

  266  0  1
4.999999999998256e-06
4.999999999998254e-06
4.999999999998255e-06

  267  0  0
4.999999999998253e-06
4.999999999998256e-06
4.999999999998256e-06

  267  0  1
4.999999999998256e-06
4.999999999998253e-06
4.999999999998253e-06

  268  0  0
4.999999999998255e-06
4.999999999998254e-06
4.999999999998256e-06

  268  0  1
4.999999999998256e-06
4.999999999998254e-06
4.999999999998255e-06

  269  0  0
4.999999999998253e-06
4.999999999998256e-06
4.999999999998256e-06

  269  0  1
4.999999999998256e-06
4.999999999998253e-06
4.999999999998253e-06

  270  0  0
4.999999999998255e-06
4.999999999998254e-06
4.999999999998256e-06

  270  0  1
4.999999999998256e-06
4.999999999998254e-06
4.999999999998255e-06

  271  0  0
4.999999999998253e-06
4.999999999998256e-06
4.999999999998256e-06

  271  0  1
4.999999999998256e-06
4.999999999998253e-06
4.999999999998253e-06

  272  0  0
4.999999999998255e-06
4.999999999998254e-06
4.999999999998256e-06

  272  0  1
4.999999999998256e-06
4.999999999998254e-06
4.999999999998255e-06

  273  0  0
4.999999999998253e-06
4.999999999998256e-06
4.999999999998256e-06

  273  0  1
4.999999999998256e-06
4.999999999998253e-06
4.999999999998253e-06

  274  0  0
4.999999999998255e-06
4.999999999998254e-06
4.999999999998256e-06

  274  0  1
4.999999999998256e-06
4.999999999998254e-06
4.999999999998255e-06

  275  0  0
4.999999999998253e-06
4.999999999998256e-06
4.999999999998256e-06

  275  0  1
4.999999999998256e-06
4.999999999998253e-06
4.999999999998253e-06

  276  0  0
4.999999999998255e-06
4.999999999998254e-06
4.999999999998256e-06

  276  0  1
4.999999999998256e-06
4.999999999998254e-06
4.999999999998255e-06

  277  0  0
4.999999999998253e-06
4.999999999998256e-06
4.999999999998256e-06

  277  0  1
4.999999999998256e-06
4.999999999998253e-06
4.999999999998253e-06

  278  0  0
4.999999999998255e-06
4.999999999998254e-06
4.999999999998256e-06

  278  0  1
4.999999999998256e-06
4.999999999998254e-06
4.999999999998255e-06

  279  0  0
4.999999999998253e-06
4.999999999998256e-06
4.999999999998256e-06

  279  0  1
4.999999999998256e-06
4.999999999998253e-06
4.999999999998253e-06

  280  0  0
4.999999999998255e-06
4.999999999998254e-06
4.999999999998256e-06

  280  0  1
4.999999999998256e-06
4.999999999998254e-06
4.999999999998255e-06

  281  0  0
4.999999999998253e-06
4.999999999998256e-06
4.999999999998256e-06

  281  0  1
4.999999999998256e-06
4.999999999998253e-06
4.999999999998253e-06

  282  0  0
4.999999999998255e-06
4.999999999998254e-06
4.999999999998256e-06

  282  0  1
4.999999999998256e-06
4.999999999998254e-06
4.999999999998255e-06

  283  0  0
4.999999999998253e-06
4.999999999998256e-06
4.999999999998256e-06

  283  0  1
4.999999999998256e-06
4.999999999998253e-06
4.999999999998253e-06

  284  0  0
4.999999999998255e-06
4.999999999998254e-06
4.999999999998256e-06

  284  0  1
4.999999999998256e-06
4.999999999998254e-06
4.999999999998255e-06

  285  0  0
4.999999999998253e-06
4.999999999998256e-06
4.999999999998256e-06

  285  0  1
4.999999999998256e-06
4.999999999998253e-06
4.999999999998253e-06

  286  0  0
4.999999999998255e-06
4.999999999998254e-06
4.999999999998256e-06

  286  0  1
4.999999999998256e-06
4.999999999998254e-06
4.999999999998255e-06

  287  0  0
4.999999999998253e-06
4.999999999998256e-06
4.999999999998256e-06

  287  0  1
4.999999999998256e-06
4.999999999998253e-06
4.999999999998253e-06

  288  0  0
4.999999999998255e-06
4.999999999998254e-06
4.999999999998256e-06

  288  0  1
4.999999999998256e-06
4.999999999998254e-06
4.999999999998255e-06

  289  0  0
4.999999999998253e-06
4.999999999998256e-06
4.999999999998256e-06

  289  0  1
4.999999999998256e-06
4.999999999998253e-06
4.999999999998253e-06

  290  0  0
4.999999999998255e-06
4.999999999998254e-06
4.999999999998256e-06

  290  0  1
4.999999999998256e-06
4.999999999998254e-06
4.999999999998255e-06

  291  0  0
4.999999999998253e-06
4.999999999998256e-06
4.999999999998256e-06

  291  0  1
4.999999999998256e-06
4.999999999998253e-06
4.999999999998253e-06

  292  0  0
4.999999999998255e-06
4.999999999998254e-06
4.999999999998254e-06

  292  0  1
4.999999999998256e-06
4.999999999998254e-06
4.999999999998255e-06

  293  0  0
4.999999999998253e-06
4.999999999998254e-06
4.999999999998256e-06

  293  0  1
4.999999999998256e-06
4.999999999998253e-06
4.999999999998253e-06

  294  0  0
4.999999999998253e-06
4.999999999998254e-06
4.999999999998256e-06

  294  0  1
4.999999999998256e-06
4.999999999998254e-06
4.999999999998255e-06

  295  0  0
4.999999999998253e-06
4.999999999998254e-06
4.999999999998256e-06

  295  0  1
4.999999999998256e-06
4.999999999998253e-06
4.999999999998253e-06

  296  0  0
4.999999999998255e-06
4.999999999998254e-06
4.999999999998256e-06

  296  0  1
4.999999999998256e-06
4.999999999998254e-06
4.999999999998255e-06

  297  0  0
4.999999999998254e-06
4.999999999998255e-06
4.999999999998256e-06

  297  0  1
4.999999999998256e-06
4.999999999998253e-06
4.999999999998253e-06

  298  0  0
4.999999999998254e-06
4.999999999998254e-06
4.999999999998256e-06

  298  0  1
4.999999999998256e-06
4.999999999998253e-06
4.999999999998253e-06

  299  0  0
4.999999999998254e-06
4.999999999998254e-06
4.999999999998255e-06

  299  0  1
4.999999999998256e-06
4.999999999998253e-06
4.999999999998253e-06

  300  0  0
4.999999999998253e-06
4.999999999998254e-06
4.999999999998256e-06

  300  0  1
4.999999999998256e-06
4.999999999998253e-06
4.999999999998253e-06

  301  0  0
4.999999999998255e-06
4.999999999998254e-06
4.999999999998256e-06

  301  0  1
4.999999999998256e-06
4.999999999998254e-06
4.999999999998255e-06

  302  0  0
4.999999999998253e-06
4.999999999998254e-06
4.999999999998256e-06

  302  0  1
4.999999999998256e-06
4.999999999998253e-06
4.999999999998253e-06

  303  0  0
4.999999999998253e-06
4.999999999998254e-06
4.999999999998256e-06

  303  0  1
4.999999999998256e-06
4.999999999998254e-06
4.999999999998255e-06

  304  0  0
4.999999999998255e-06
4.999999999998254e-06
4.999999999998256e-06

  304  0  1
4.999999999998256e-06
4.999999999998254e-06
4.999999999998255e-06

  305  0  0
4.999999999998253e-06
4.999999999998254e-06
4.999999999998255e-06

  305  0  1
4.999999999998256e-06
4.999999999998253e-06
4.999999999998253e-06

  306  0  0
4.999999999998253e-06
4.999999999998254e-06
4.999999999998256e-06

  306  0  1
4.999999999998256e-06
4.999999999998254e-06
4.999999999998255e-06

  307  0  0
4.999999999998253e-06
4.999999999998254e-06
4.999999999998255e-06

  307  0  1
4.999999999998256e-06
4.999999999998253e-06
4.999999999998253e-06

  308  0  0
4.999999999998253e-06
4.999999999998254e-06
4.999999999998256e-06

  308  0  1
4.999999999998256e-06
4.999999999998254e-06
4.999999999998255e-06

  309  0  0
4.999999999998253e-06
4.999999999998254e-06
4.999999999998256e-06

  309  0  1
4.999999999998256e-06
4.999999999998253e-06
4.999999999998253e-06

  310  0  0
4.999999999998254e-06
4.999999999998255e-06
4.999999999998256e-06

  310  0  1
4.999999999998256e-06
4.999999999998253e-06
4.999999999998253e-06

  311  0  0
4.999999999998253e-06
4.999999999998254e-06
4.999999999998256e-06

  311  0  1
4.999999999998256e-06
4.999999999998253e-06
4.999999999998253e-06

  312  0  0
4.999999999998257e-06
4.999999999998254e-06
4.999999999998267e-06

  312  0  1
4.999999999998256e-06
4.999999999998254e-06
4.999999999998256e-06

  313  0  0
4.999999999998316e-06
4.999999999998175e-06
4.999999999995927e-06

  313  0  1
4.999999999998232e-06
4.999999999998279e-06
4.999999999997502e-06

  314  0  0
4.999999999989455e-06
5.000000000011567e-06
5.000000000270719e-06

  314  0  1
4.999999999998743e-06
4.999999999999082e-06
5.000000000097715e-06

  315  0  0
5.000000000973546e-06
4.999999998497826e-06
4.999999970182886e-06

  315  0  1
4.999999999942636e-06
4.999999999891260e-06
4.999999988304457e-06

  316  0  0
4.999999897755457e-06
5.000000160428437e-06
5.000003085076006e-06

  316  0  1
5.000000006509369e-06
5.000000012758084e-06
5.000001315336365e-06

  317  0  0
5.000009996116513e-06
4.999983885313155e-06
4.999703009159908e-06

  317  0  1
4.999999271641289e-06
4.999998539223680e-06
4.999860117996981e-06

  318  0  0
4.999111041288834e-06
5.001491279852542e-06
5.025928363615931e-06

  318  0  1
5.000076685178842e-06
5.000159202590581e-06
5.013807941702995e-06

  319  0  0
5.068646714095093e-06
4.878383329451069e-06
3.033321274133290e-06

  319  0  1
4.990643669904495e-06
4.985431037898577e-06
3.740076714771463e-06

