#Cell 
# Element_0
# Element_1
0
1.161499547268740e+00
1.151910661681671e+00

1
1.144492919953447e+00
1.132204669994778e+00

2
1.122837210896197e+00
1.106435790710564e+00

3
1.093681898805555e+00
1.070333004509562e+00

4
1.051903391924139e+00
1.016913793911811e+00

5
9.874745715118909e-01
9.303407259941201e-01

6
8.758056377059884e-01
7.670130042440972e-01

7
6.125026145549884e-01
3.500151823513261e-01

8
-2.103194097249340e-01
1.165902491990928e-01

9
6.358364940722533e-02
5.431184044364760e-02

10
5.620063044542552e-02
5.624291388503211e-02

11
5.623427341870297e-02
5.623409558686347e-02

12
5.623413192686297e-02
5.623413267424955e-02

13
5.623413252151625e-02
5.623413251837829e-02

14
5.623413251901891e-02
5.623413251903539e-02

15
5.623413251913956e-02
5.623413251860877e-02

16
5.623413250255672e-02
5.623413258243525e-02

17
5.623413489103197e-02
5.623412337946311e-02

18
5.623381042893259e-02
5.623537544639132e-02

19
5.627435725547401e-02
5.607855322163027e-02

