#Cell 
# Element_0
# Element_1
0
1.164389523019811e+00
1.164257170756556e+00

1
1.164160371495900e+00
1.164027426005417e+00

2
1.163930196289538e+00
1.163796744972753e+00

3
1.163700282272828e+00
1.163565838616652e+00

4
1.163468336903737e+00
1.163334198230831e+00

5
1.163236345843679e+00
1.163101871913261e+00

6
1.163004078840789e+00
1.162868689389614e+00

7
1.162770468887407e+00
1.162635228488119e+00

8
1.162536471859405e+00
1.162400571676027e+00

9
1.162301095889261e+00
1.162165151389109e+00

10
1.162065308374473e+00
1.161928949173635e+00

11
1.161829198828452e+00
1.161692534660206e+00

12
1.161592841825323e+00
1.161455732188168e+00

13
1.161355509124576e+00
1.161218116085430e+00

14
1.161117736977249e+00
1.160979965547756e+00

15
1.160879490051979e+00
1.160741764124759e+00

16
1.160641458705930e+00
1.160502966155406e+00

17
1.160402413642687e+00
1.160261888646021e+00

18
1.160171481295043e+00
1.160018599486983e+00

19
1.159917266846598e+00
1.159777540477134e+00

20
1.159675638043905e+00
1.159535905131099e+00

21
1.159434424511001e+00
1.159294112104537e+00

22
1.159192970225702e+00
1.159050106616001e+00

23
1.158960046884674e+00
1.158801049046159e+00

24
1.158699838401781e+00
1.158557117499510e+00

25
1.158460123255815e+00
1.158304792706695e+00

26
1.158201856329973e+00
1.158058487756519e+00

27
1.157954504390512e+00
1.157810828486823e+00

28
1.157706552237739e+00
1.157561642174438e+00

29
1.157464108062946e+00
1.157312106562628e+00

30
1.157207609438370e+00
1.157061553990314e+00

31
1.156963726097274e+00
1.156808857219277e+00

32
1.156703179681499e+00
1.156556882689258e+00

33
1.156450815179952e+00
1.156303914377100e+00

34
1.156197226246674e+00
1.156049958948897e+00

35
1.155943042417393e+00
1.155795336327496e+00

36
1.155687654630645e+00
1.155539728603113e+00

37
1.155431666948686e+00
1.155282963351003e+00

38
1.155174405951686e+00
1.155025378488454e+00

39
1.154916116478806e+00
1.154767775658604e+00

40
1.154659191780615e+00
1.154509607112530e+00

41
1.154400325009055e+00
1.154250026325021e+00

42
1.154140481757330e+00
1.153989524859809e+00

43
1.153879504606250e+00
1.153728202668395e+00

44
1.153617514578856e+00
1.153465923241166e+00

45
1.153354972164072e+00
1.153202325830760e+00

46
1.153091742284440e+00
1.152937978207696e+00

47
1.152826570617203e+00
1.152673162322432e+00

48
1.152560793631089e+00
1.152407005090988e+00

49
1.152294946684081e+00
1.152139924046910e+00

50
1.152027633022739e+00
1.151872354423075e+00

51
1.151758892445642e+00
1.151603692279259e+00

52
1.151490146575725e+00
1.151333744494574e+00

53
1.151220441606337e+00
1.151063263819185e+00

54
1.150948873667166e+00
1.150791981204969e+00

55
1.150676975007691e+00
1.150519257155152e+00

56
1.150404622788828e+00
1.150245743027879e+00

57
1.150130545568300e+00
1.149971629132158e+00

58
1.149855331340481e+00
1.149696243425861e+00

59
1.149580027370793e+00
1.149419646702082e+00

60
1.149303514220523e+00
1.149142496925611e+00

61
1.149025161270443e+00
1.148864407688295e+00

62
1.148746583918889e+00
1.148584831590406e+00

63
1.148467379430583e+00
1.148304490944065e+00

64
1.148186326880228e+00
1.148023469439174e+00

65
1.147904227461089e+00
1.147741087309121e+00

66
1.147621959343906e+00
1.147457483521085e+00

67
1.147338388068510e+00
1.147173274449689e+00

68
1.147052944908192e+00
1.146888072377810e+00

69
1.146767216453615e+00
1.146601337839280e+00

70
1.146480834050423e+00
1.146313756236393e+00

71
1.146192605075389e+00
1.146025458506662e+00

72
1.145903138400930e+00
1.145735811223114e+00

73
1.145613483629984e+00
1.145444805862059e+00

74
1.145322624604954e+00
1.145153116673939e+00

75
1.145029773625228e+00
1.144860481275261e+00

76
1.144736364351949e+00
1.144566281169962e+00

77
1.144442442769207e+00
1.144271014014468e+00

78
1.144146845236501e+00
1.143975027447117e+00

79
1.143849555335104e+00
1.143677822922984e+00

80
1.143552005213438e+00
1.143379053083032e+00

81
1.143253537015705e+00
1.143079419782822e+00

82
1.142953087731148e+00
1.142778940041163e+00

83
1.142651438047054e+00
1.142477001848623e+00

84
1.142349480237669e+00
1.142173631948945e+00

85
1.142046236602457e+00
1.141869472030421e+00

86
1.141740922763903e+00
1.141564306007577e+00

87
1.141434831026221e+00
1.141257524378163e+00

88
1.141128226447709e+00
1.140949470703214e+00

89
1.140820029523228e+00
1.140640611793146e+00

90
1.140509846253502e+00
1.140330581622270e+00

91
1.140199136155170e+00
1.140018863295865e+00

92
1.139887681255680e+00
1.139705996738520e+00

93
1.139574397867737e+00
1.139392267703673e+00

94
1.139259292299823e+00
1.139077216434609e+00

95
1.138943759417951e+00
1.138760458403144e+00

96
1.138627276455767e+00
1.138442623633453e+00

97
1.138308799354416e+00
1.138123856144213e+00

98
1.137988661327500e+00
1.137803642511971e+00

99
1.137668102877909e+00
1.137481722589242e+00

100
1.137346432709176e+00
1.137158751469952e+00

101
1.137022660438632e+00
1.136834779797775e+00

102
1.136697335945312e+00
1.136509269172395e+00

103
1.136371556964935e+00
1.136182046488021e+00

104
1.136044552494219e+00
1.135853764040864e+00

105
1.135715377056115e+00
1.135524423595827e+00

106
1.135384685058319e+00
1.135193480830926e+00

107
1.135053495181931e+00
1.134860800492217e+00

108
1.134721014095341e+00
1.134527026595121e+00

109
1.134386318092803e+00
1.134192151094136e+00

110
1.134050063648810e+00
1.133855636758214e+00

111
1.133713271240780e+00
1.133517335688744e+00

112
1.133375168672500e+00
1.133177885071145e+00

113
1.133034828334776e+00
1.132837302977254e+00

114
1.132692812427087e+00
1.132495071520116e+00

115
1.132350218161566e+00
1.132150984163926e+00

116
1.132006339738487e+00
1.131805665963682e+00

117
1.131660228534488e+00
1.131459196905894e+00

118
1.131312257644195e+00
1.131111094406101e+00

119
1.130963648222144e+00
1.130761057716005e+00

120
1.130613823422171e+00
1.130409675686793e+00

121
1.130261811518242e+00
1.130057127574283e+00

122
1.129907709817619e+00
1.129702987383042e+00

123
1.129552853477370e+00
1.129346844390160e+00

124
1.129196889446981e+00
1.128989199769637e+00

125
1.128838836183026e+00
1.128630367352022e+00

126
1.128478459927015e+00
1.128270003578355e+00

127
1.128117108411014e+00
1.127907603465567e+00

128
1.127754784144499e+00
1.127543502938215e+00

129
1.127390523949189e+00
1.127178167794589e+00

130
1.127023769910304e+00
1.126811368825308e+00

131
1.126655675837788e+00
1.126442559719574e+00

132
1.126286735352921e+00
1.126071828719665e+00

133
1.125916062257015e+00
1.125699760738288e+00

134
1.125542854299454e+00
1.125326287480122e+00

135
1.125167812851691e+00
1.124950898908118e+00

136
1.124791957514888e+00
1.124573393345660e+00

137
1.124414615905070e+00
1.124194358142803e+00

138
1.124034859227004e+00
1.123813950309033e+00

139
1.123652763375987e+00
1.123431768326788e+00

140
1.123269657851694e+00
1.123047369286809e+00

141
1.122885341273117e+00
1.122661152143003e+00

142
1.122498862157703e+00
1.122273537436125e+00

143
1.122109718294095e+00
1.121884287884791e+00

144
1.121719049333686e+00
1.121492866843190e+00

145
1.121327396001743e+00
1.121099311224243e+00

146
1.120933909824369e+00
1.120704211834253e+00

147
1.120537750226024e+00
1.120307573359741e+00

148
1.120139356906072e+00
1.119908935099510e+00

149
1.119739942967217e+00
1.119507953596357e+00

150
1.119339069081946e+00
1.119105114413764e+00

151
1.118935793113050e+00
1.118700754081836e+00

152
1.118529753203679e+00
1.118294592842141e+00

153
1.118122166201414e+00
1.117886102208308e+00

154
1.117713449610356e+00
1.117475362796722e+00

155
1.117302739840598e+00
1.117062955522382e+00

156
1.116889212304304e+00
1.116648880430473e+00

157
1.116473285765984e+00
1.116232686302941e+00

158
1.116056194873948e+00
1.115814004333495e+00

159
1.115637570140467e+00
1.115393274821302e+00

160
1.115216474520886e+00
1.114970889302757e+00

161
1.114792423191224e+00
1.114546618068655e+00

162
1.114366495522243e+00
1.114119933243627e+00

163
1.113939374301248e+00
1.113690770202478e+00

164
1.113510283979656e+00
1.113259711651922e+00

165
1.113078337795000e+00
1.112826891302029e+00

166
1.112643574008109e+00
1.112391934625891e+00

167
1.112207312267378e+00
1.111954359256522e+00

168
1.111769600410887e+00
1.111514396998194e+00

169
1.111329528512091e+00
1.111072585637985e+00

170
1.110886348224499e+00
1.110628856754551e+00

171
1.110440629728068e+00
1.110182741355176e+00

172
1.109993555724029e+00
1.109733894803442e+00

173
1.109544718517654e+00
1.109282752556357e+00

174
1.109093185603856e+00
1.108829721414977e+00

175
1.108638422446755e+00
1.108374600226106e+00

176
1.108181393800145e+00
1.107916871506959e+00

177
1.107722975670563e+00
1.107456355671512e+00

178
1.107262502274788e+00
1.106993592281336e+00

179
1.106799056574937e+00
1.106528852203495e+00

180
1.106332342466762e+00
1.106061849517644e+00

181
1.105863547820070e+00
1.105592056935382e+00

182
1.105393243819067e+00
1.105119437297715e+00

183
1.104920636433580e+00
1.104644566344341e+00

184
1.104444836672069e+00
1.104167611241405e+00

185
1.103965753271247e+00
1.103688232941899e+00

186
1.103484670296914e+00
1.103205914633661e+00

187
1.103001937381545e+00
1.102720716442376e+00

188
1.102516701667043e+00
1.102233218460145e+00

189
1.102028100095067e+00
1.101743525010745e+00

190
1.101536174153301e+00
1.101251267775886e+00

191
1.101042238676081e+00
1.100755941541339e+00

192
1.100546526807751e+00
1.100257653575133e+00

193
1.100048162115271e+00
1.099756981438151e+00

194
1.099546293586736e+00
1.099254006105511e+00

195
1.099041006598179e+00
1.098748350335256e+00

196
1.098533622804192e+00
1.098239509908166e+00

197
1.098024364559876e+00
1.097727590043463e+00

198
1.097512353227715e+00
1.097213169465489e+00

199
1.096996730315251e+00
1.096696343612397e+00

200
1.096477533048392e+00
1.096176745537809e+00

201
1.095956075389855e+00
1.095653859629974e+00

202
1.095432674137501e+00
1.095127740751989e+00

203
1.094906470367891e+00
1.094598969352154e+00

204
1.094376581173326e+00
1.094067693867014e+00

205
1.093842909845797e+00
1.093533577713539e+00

206
1.093306724831033e+00
1.092996089425632e+00

207
1.092768542640168e+00
1.092455186128110e+00

208
1.092227561140587e+00
1.091911434105783e+00

209
1.091682864962002e+00
1.091365074689304e+00

210
1.091134156775869e+00
1.090815824645466e+00

211
1.090582572137385e+00
1.090263147881189e+00

212
1.090028917884297e+00
1.089706862686579e+00

213
1.089472521269705e+00
1.089147477292490e+00

214
1.088912437300488e+00
1.088585360536334e+00

215
1.088348138589510e+00
1.088020312627764e+00

216
1.087780486170170e+00
1.087451822119298e+00

217
1.087210607504519e+00
1.086879547506129e+00

218
1.086638091672689e+00
1.086303863943938e+00

219
1.086061979924061e+00
1.085725275648162e+00

220
1.085481535784336e+00
1.085143712032939e+00

221
1.084897188611919e+00
1.084558726392366e+00

222
1.084310280911098e+00
1.083969836902938e+00

223
1.083720857892045e+00
1.083377195363044e+00

224
1.083127996916716e+00
1.082781386451289e+00

225
1.082530814029766e+00
1.082182534799403e+00

226
1.081929218423230e+00
1.081580297884735e+00

227
1.081324474330837e+00
1.080974126729752e+00

228
1.080717255484310e+00
1.080363884330895e+00

229
1.080106822917088e+00
1.079750094689228e+00

230
1.079492213538901e+00
1.079133131526219e+00

231
1.078872870143397e+00
1.078512804073680e+00

232
1.078249579599531e+00
1.077888603327404e+00

233
1.077623584012859e+00
1.077260117870903e+00

234
1.076994638259600e+00
1.076627621018242e+00

235
1.076361771098974e+00
1.075991682737574e+00

236
1.075724130013456e+00
1.075352353521607e+00

237
1.075081770968677e+00
1.074709252401820e+00

238
1.074436026197251e+00
1.074061823639375e+00

239
1.073787483477603e+00
1.073409956594064e+00

240
1.073135361759646e+00
1.072754185289333e+00

241
1.072478680747813e+00
1.072094890521023e+00

242
1.071816856611109e+00
1.071431888789721e+00

243
1.071150618854833e+00
1.070764672413552e+00

244
1.070481282088375e+00
1.070092783858354e+00

245
1.069808735384313e+00
1.069416417923763e+00

246
1.069132005619074e+00
1.068736170028991e+00

247
1.068450175259355e+00
1.068052185139530e+00

248
1.067763062108040e+00
1.067364132677617e+00

249
1.067071868665791e+00
1.066671442808206e+00

250
1.066377540464734e+00
1.065973836708146e+00

251
1.065679500593889e+00
1.065271729865285e+00

252
1.064976731434474e+00
1.064565647125581e+00

253
1.064268431267356e+00
1.063855550692042e+00

254
1.063554841359721e+00
1.063141009975644e+00

255
1.062837365070215e+00
1.062421456219203e+00

256
1.062116516843670e+00
1.061696791394621e+00

257
1.061391472466388e+00
1.060967554166032e+00

258
1.060661213649475e+00
1.060234158175406e+00

259
1.059925082604393e+00
1.059496446566363e+00

260
1.059183664472962e+00
1.058753920553045e+00

261
1.058438380064257e+00
1.058006045975060e+00

262
1.057689407815701e+00
1.057252863218496e+00

263
1.056935804459517e+00
1.056494964509860e+00

264
1.056176559850296e+00
1.055732670183463e+00

265
1.055411143539725e+00
1.054965752307848e+00

266
1.054640363177881e+00
1.054193669889527e+00

267
1.053865596162651e+00
1.053415922320009e+00

268
1.053086820741001e+00
1.052632631184395e+00

269
1.052303036698837e+00
1.051844407580571e+00

270
1.051513235687637e+00
1.051051520402628e+00

271
1.050716957663187e+00
1.050253706585676e+00

272
1.049915112523049e+00
1.049450402635316e+00

273
1.049109057896622e+00
1.048641117410659e+00

274
1.048298704071578e+00
1.047825994657840e+00

275
1.047483024594133e+00
1.047005652425013e+00

276
1.046660997297417e+00
1.046180356993844e+00

277
1.045832153220464e+00
1.045349841523569e+00

278
1.044997392149805e+00
1.044513535799170e+00

279
1.044158109034249e+00
1.043670925330132e+00

280
1.043314275643563e+00
1.042822116568788e+00

281
1.042464863391954e+00
1.041967726688424e+00

282
1.041608818347318e+00
1.041108069879805e+00

283
1.040745581562103e+00
1.040242908223669e+00

284
1.039875924405764e+00
1.039371682465345e+00

285
1.039001321075378e+00
1.038493826843609e+00

286
1.038121945627236e+00
1.037609348811728e+00

287
1.037236806722069e+00
1.036718841169676e+00

288
1.036344806017111e+00
1.035822713656187e+00

289
1.035445232274326e+00
1.034920797604568e+00

290
1.034538594909887e+00
1.034012569115289e+00

291
1.033626421590766e+00
1.033097402294945e+00

292
1.032709242057420e+00
1.032175144719591e+00

293
1.031786186827981e+00
1.031246308519963e+00

294
1.030856111919672e+00
1.030311428435717e+00

295
1.029918127836491e+00
1.029370461341279e+00

296
1.028972352104133e+00
1.028422950582333e+00

297
1.028020220767817e+00
1.027468233799962e+00

298
1.027062741153092e+00
1.026505953407094e+00

299
1.026099336507789e+00
1.025536447248682e+00

300
1.025128839738411e+00
1.024560351957866e+00

301
1.024150198566046e+00
1.023577825490875e+00

302
1.023163064971212e+00
1.022588519817975e+00

303
1.022168512190632e+00
1.021591795094408e+00

304
1.021167997307460e+00
1.020587087778035e+00

305
1.020161509434385e+00
1.019574452722398e+00

306
1.019147952614056e+00
1.018554512151661e+00

307
1.018126153418790e+00
1.017527688698928e+00

308
1.017095331244647e+00
1.016493812509797e+00

309
1.016055906877140e+00
1.015452339858326e+00

310
1.015009461569011e+00
1.014402577332939e+00

311
1.013956806649194e+00
1.013344225640892e+00

312
1.012897190804750e+00
1.012277688284916e+00

313
1.011829378551039e+00
1.011203605581004e+00

314
1.010752282568637e+00
1.010122104789233e+00

315
1.009665564657503e+00
1.009032806558648e+00

316
1.008570331478138e+00
1.007935034492895e+00

317
1.007468117357246e+00
1.006828171994969e+00

318
1.006359002926864e+00
1.005712205934600e+00

319
1.005241872576034e+00
1.004587741401937e+00

320
1.004115470003683e+00
1.003455283119084e+00

321
1.002978863472402e+00
1.002314728714440e+00

322
1.001832204129405e+00
1.001165556915519e+00

323
1.000677010514673e+00
1.000007024287205e+00

324
9.995144908602133e-01
9.988386462415959e-01

325
9.983441952691082e-01
9.976606347918060e-01

326
9.971648514549114e-01
9.964736687686880e-01

327
9.959752098181254e-01
9.952780943378386e-01

328
9.947745184754291e-01
9.940736596456653e-01

329
9.935633313111433e-01
9.928597421268774e-01

330
9.923433380679331e-01
9.916355762918638e-01

331
9.911154156353374e-01
9.904007926496724e-01

332
9.898788004302400e-01
9.891557445973524e-01

333
9.886321413889620e-01
9.879011202613137e-01

334
9.873741921709712e-01
9.866371520977875e-01

335
9.861043369333973e-01
9.853634983686487e-01

336
9.848233789820939e-01
9.840794675073088e-01

337
9.835330657411677e-01
9.827842806328866e-01

338
9.822340778438566e-01
9.814776254221641e-01

339
9.809254953518597e-01
9.801599185946611e-01

340
9.796059086558859e-01
9.788318478616596e-01

341
9.782740475674363e-01
9.774935981508442e-01

342
9.769293328862639e-01
9.761447846261713e-01

343
9.755726494758460e-01
9.747846736352738e-01

344
9.742057864361864e-01
9.734124548570000e-01

345
9.728294149797597e-01
9.720277964115671e-01

346
9.714425791794928e-01
9.706311066195512e-01

347
9.700438120960087e-01
9.692230881421000e-01

348
9.686317775833870e-01
9.678039514113816e-01

349
9.672058066490870e-01
9.663733141148578e-01

350
9.657666890501749e-01
9.649304268686282e-01

351
9.643162602898384e-01
9.634744235573438e-01

352
9.628553870348314e-01
9.620048696378504e-01

353
9.613832102489610e-01
9.605220849460655e-01

354
9.598982107227165e-01
9.590267936287611e-01

355
9.583989452524290e-01
9.575193098240505e-01

356
9.568845342170549e-01
9.559993091452010e-01

357
9.553554738203774e-01
9.544660598687231e-01

358
9.538135811553107e-01
9.529186326808956e-01

359
9.522601101706649e-01
9.513564137795296e-01

360
9.506944992049873e-01
9.497795322405014e-01

361
9.491152159134798e-01
9.481886926497325e-01

362
9.475206848874694e-01
9.465843845069524e-01

363
9.459097346236044e-01
9.449664210195511e-01

364
9.442823628005422e-01
9.433341339363914e-01

365
9.426401505626213e-01
9.416865613645478e-01

366
9.409848268070754e-01
9.400228649755544e-01

367
9.393164293089259e-01
9.383428637069662e-01

368
9.376335514470654e-01
9.366471180651644e-01

369
9.359344880095691e-01
9.349363093136710e-01

370
9.342177579065503e-01
9.332105043414874e-01

371
9.324827191979734e-01
9.314691657245953e-01

372
9.307303406771015e-01
9.297113720558153e-01

373
9.289626303248643e-01
9.279360873311918e-01

374
9.271805464177747e-01
9.261427220713807e-01

375
9.253831617973794e-01
9.243314882663819e-01

376
9.235687144780614e-01
9.225031268987642e-01

377
9.217354534458893e-01
9.206580715770537e-01

378
9.198821006792394e-01
9.187960393288908e-01

379
9.180086508646215e-01
9.169162420979078e-01

380
9.161167715160765e-01
9.150175755916382e-01

381
9.142083437898370e-01
9.130990392914260e-01

382
9.122835144832544e-01
9.111602926223196e-01

383
9.103407844090008e-01
9.092018064359667e-01

384
9.083782140950176e-01
9.072243159190324e-01

385
9.063940294668388e-01
9.052279906839611e-01

386
9.043871817733143e-01
9.032123001676871e-01

387
9.023582004691489e-01
9.011762550263022e-01

388
9.003091153191862e-01
8.991186207439700e-01

389
8.982415123960159e-01
8.970384381179638e-01

390
8.961549611793496e-01
8.949355251394728e-01

391
8.940476248887864e-01
8.928104771567082e-01

392
8.919174111747123e-01
8.906639613267547e-01

393
8.897624893846265e-01
8.884959553055215e-01

394
8.875819434534949e-01
8.863057515344394e-01

395
8.853766100562922e-01
8.840921912863743e-01

396
8.831486815764298e-01
8.818539146325554e-01

397
8.808995626748714e-01
8.795899271714737e-01

398
8.786285140938307e-01
8.773000732098476e-01

399
8.763334635913038e-01
8.749849711742258e-01

400
8.740121304520821e-01
8.726452435785101e-01

401
8.716625341211137e-01
8.702807689314473e-01

402
8.692836892721032e-01
8.678907155131653e-01

403
8.668764592691941e-01
8.654737769775896e-01

404
8.644431173529739e-01
8.630284307345891e-01

405
8.619851355354168e-01
8.605535200427160e-01

406
8.595017374247629e-01
8.580487528955574e-01

407
8.569906712021036e-01
8.555146756498908e-01

408
8.544494045013709e-01
8.529519177159784e-01

409
8.518756710267537e-01
8.503603628154252e-01

410
8.492681500091619e-01
8.477391096498880e-01

411
8.466273911003400e-01
8.450867239637261e-01

412
8.439556445470165e-01
8.424014713537672e-01

413
8.412547274814617e-01
8.396818802736136e-01

414
8.385241667734828e-01
8.369273185943679e-01

415
8.357616319456341e-01
8.341381098333224e-01

416
8.329642720572704e-01
8.313149036971625e-01

417
8.301293887475515e-01
8.284577094037526e-01

418
8.272550467234325e-01
8.255656347284225e-01

419
8.243410530523141e-01
8.226371464132893e-01

420
8.213893190500491e-01
8.196702751997044e-01

421
8.184021554645022e-01
8.166630914556796e-01

422
8.153798550558260e-01
8.136143736838481e-01

423
8.123202931042117e-01
8.105239513892246e-01

424
8.092202817533405e-01
8.073923619968438e-01

425
8.060765602179383e-01
8.042198370128644e-01

426
8.028863464587119e-01
8.010056293260952e-01

427
7.996482400996947e-01
7.977481566549602e-01

428
7.963631421516175e-01
7.944452406717525e-01

429
7.930335498211285e-01
7.910944194456846e-01

430
7.896609573506547e-01
7.876936235027588e-01

431
7.862440936602217e-01
7.842417799333342e-01

432
7.827796368191429e-01
7.807388949259082e-01

433
7.792636692639391e-01
7.771853123367989e-01

434
7.756924065966034e-01
7.735806144499587e-01

435
7.720628927972013e-01
7.699232866404523e-01

436
7.683741219604014e-01
7.662109895378597e-01

437
7.646276345662475e-01
7.624407756531719e-01

438
7.608258919331393e-01
7.586095624583541e-01

439
7.569693685817979e-01
7.547149072610939e-01

440
7.530554357882018e-01
7.507555442650717e-01

441
7.490796288745650e-01
7.467312662433451e-01

442
7.450370383917883e-01
7.426419172148182e-01

443
7.409229892102740e-01
7.384862873110760e-01

444
7.367339125001821e-01
7.342619448848778e-01

445
7.324686238653493e-01
7.299655330497250e-01

446
7.281286847175439e-01
7.255929987753303e-01

447
7.237162239372875e-01
7.211401805710457e-01

448
7.192307806545158e-01
7.166036668961293e-01

449
7.146683730870862e-01
7.119813522618504e-01

450
7.100229978099881e-01
7.072722496199250e-01

451
7.052880920424712e-01
7.024753205782392e-01

452
7.004572719364942e-01
6.975882397453989e-01

453
6.955253373617654e-01
6.926071931020598e-01

454
6.904897499440137e-01
6.875271814009664e-01

455
6.853511404388306e-01
6.823422469361177e-01

456
6.801109684214461e-01
6.770460964884063e-01

457
6.747678255290849e-01
6.716330807836796e-01

458
6.693159814880862e-01
6.660989085875687e-01

459
6.637468535595055e-01
6.604405910072131e-01

460
6.580507694477777e-01
6.546552215886126e-01

461
6.522178537230159e-01
6.487383814791181e-01

462
6.462390859530570e-01
6.426836031380353e-01

463
6.401080395739304e-01
6.364826327008114e-01

464
6.338220782139851e-01
6.301256154137319e-01

465
6.273804988880149e-01
6.236016020923335e-01

466
6.207800371529274e-01
6.168996389915469e-01

467
6.140118028589503e-01
6.100097947615762e-01

468
6.070619765627173e-01
6.029234992056572e-01

469
5.999140296184227e-01
5.956325364244233e-01

470
5.925499766249845e-01
5.881268982010592e-01

471
5.849513471285128e-01
5.803932827298723e-01

472
5.771010320271599e-01
5.724149407029240e-01

473
5.689855750919385e-01
5.641717048433087e-01

474
5.605950202955645e-01
5.556400002534693e-01

475
5.519181417480964e-01
5.467936281390952e-01

476
5.429362525594792e-01
5.376050006160762e-01

477
5.336206852932456e-01
5.280459536244509e-01

478
5.239343725093952e-01
5.180872311700943e-01

479
5.138335508936963e-01
5.076957018290822e-01

480
5.032680645037678e-01
4.968303380112609e-01

481
4.921819618541788e-01
4.854393064786297e-01

482
4.805155591235687e-01
4.734579801090353e-01

483
4.682073204018116e-01
4.608059137143155e-01

484
4.551899639866760e-01
4.473831340760248e-01

485
4.413785013021428e-01
4.330663864489510e-01

486
4.266539467881753e-01
4.177027733614797e-01

487
4.108499365701120e-01
4.011016224225850e-01

488
3.937423121639709e-01
3.830127159798937e-01

489
3.750150842691006e-01
3.630875246472731e-01

490
3.542357701510095e-01
3.408340852960299e-01

491
3.307508503230400e-01
3.154136415202158e-01

492
3.034403836264551e-01
2.855318323010310e-01

493
2.707065600564995e-01
2.485361681738577e-01

494
2.272482928420060e-01
1.962803443721380e-01

495
1.571364606201234e-01
1.144432719158800e-01

496
6.055840536406037e-02
5.549493020708137e-02

497
5.581952457573575e-02
5.631428863297185e-02

498
5.626728705722033e-02
5.622673506593946e-02

499
5.623152798760300e-02
5.623482520773202e-02

500
5.623432646916495e-02
5.623406777310309e-02

501
5.623411929626412e-02
5.623413856953601e-02

502
5.623413326872942e-02
5.623413195377468e-02

503
5.623413249713752e-02
5.623413257182431e-02

504
5.623413251630172e-02
5.623413251410037e-02

505
5.623413251975821e-02
5.623413251949015e-02

506
5.623413251891502e-02
5.623413251898706e-02

507
5.623413251904540e-02
5.623413251903400e-02

508
5.623413251902810e-02
5.623413251902963e-02

509
5.623413251903023e-02
5.623413251903003e-02

510
5.623413251902997e-02
5.623413251903000e-02

511
5.623413251903001e-02
5.623413251903000e-02

512
5.623413251903000e-02
5.623413251903000e-02

513
5.623413251903000e-02
5.623413251903000e-02

514
5.623413251903000e-02
5.623413251903000e-02

515
5.623413251903000e-02
5.623413251903000e-02

516
5.623413251903000e-02
5.623413251903000e-02

517
5.623413251903000e-02
5.623413251903000e-02

518
5.623413251903000e-02
5.623413251903000e-02

519
5.623413251903000e-02
5.623413251903000e-02

520
5.623413251903000e-02
5.623413251903000e-02

521
5.623413251903000e-02
5.623413251903000e-02

522
5.623413251903000e-02
5.623413251903000e-02

523
5.623413251903000e-02
5.623413251903000e-02

524
5.623413251903000e-02
5.623413251903000e-02

525
5.623413251903000e-02
5.623413251903000e-02

526
5.623413251903000e-02
5.623413251903000e-02

527
5.623413251903000e-02
5.623413251903000e-02

528
5.623413251903000e-02
5.623413251903000e-02

529
5.623413251903000e-02
5.623413251903000e-02

530
5.623413251903000e-02
5.623413251903000e-02

531
5.623413251903000e-02
5.623413251903000e-02

532
5.623413251903000e-02
5.623413251903000e-02

533
5.623413251903000e-02
5.623413251903000e-02

534
5.623413251903000e-02
5.623413251903000e-02

535
5.623413251903000e-02
5.623413251903000e-02

536
5.623413251903000e-02
5.623413251903000e-02

537
5.623413251903000e-02
5.623413251903000e-02

538
5.623413251903000e-02
5.623413251903000e-02

539
5.623413251903000e-02
5.623413251903000e-02

540
5.623413251903000e-02
5.623413251903000e-02

541
5.623413251903000e-02
5.623413251903000e-02

542
5.623413251903000e-02
5.623413251903000e-02

543
5.623413251903000e-02
5.623413251903000e-02

544
5.623413251903000e-02
5.623413251903000e-02

545
5.623413251903000e-02
5.623413251903000e-02

546
5.623413251903000e-02
5.623413251903000e-02

547
5.623413251903000e-02
5.623413251903000e-02

548
5.623413251903000e-02
5.623413251903000e-02

549
5.623413251903000e-02
5.623413251903000e-02

550
5.623413251903000e-02
5.623413251903000e-02

551
5.623413251903000e-02
5.623413251903000e-02

552
5.623413251903000e-02
5.623413251903000e-02

553
5.623413251903000e-02
5.623413251903000e-02

554
5.623413251903000e-02
5.623413251903000e-02

555
5.623413251903000e-02
5.623413251903000e-02

556
5.623413251903000e-02
5.623413251903000e-02

557
5.623413251903000e-02
5.623413251903000e-02

558
5.623413251903000e-02
5.623413251903000e-02

559
5.623413251903000e-02
5.623413251903000e-02

560
5.623413251903000e-02
5.623413251903000e-02

561
5.623413251903000e-02
5.623413251903000e-02

562
5.623413251903000e-02
5.623413251903000e-02

563
5.623413251903000e-02
5.623413251903000e-02

564
5.623413251903000e-02
5.623413251903000e-02

565
5.623413251903000e-02
5.623413251903000e-02

566
5.623413251903000e-02
5.623413251903000e-02

567
5.623413251903000e-02
5.623413251903000e-02

568
5.623413251903000e-02
5.623413251903000e-02

569
5.623413251903000e-02
5.623413251903000e-02

570
5.623413251903000e-02
5.623413251903000e-02

571
5.623413251903000e-02
5.623413251903000e-02

572
5.623413251903000e-02
5.623413251903000e-02

573
5.623413251903000e-02
5.623413251903000e-02

574
5.623413251903000e-02
5.623413251903000e-02

575
5.623413251903000e-02
5.623413251903000e-02

576
5.623413251903000e-02
5.623413251903000e-02

577
5.623413251903000e-02
5.623413251903000e-02

578
5.623413251903000e-02
5.623413251903000e-02

579
5.623413251903000e-02
5.623413251903000e-02

580
5.623413251903000e-02
5.623413251903000e-02

581
5.623413251903000e-02
5.623413251903000e-02

582
5.623413251903000e-02
5.623413251903000e-02

583
5.623413251903000e-02
5.623413251903000e-02

584
5.623413251903000e-02
5.623413251903000e-02

585
5.623413251903000e-02
5.623413251903000e-02

586
5.623413251903000e-02
5.623413251903000e-02

587
5.623413251903000e-02
5.623413251903000e-02

588
5.623413251903000e-02
5.623413251903000e-02

589
5.623413251903000e-02
5.623413251903000e-02

590
5.623413251903000e-02
5.623413251903000e-02

591
5.623413251903000e-02
5.623413251903000e-02

592
5.623413251903000e-02
5.623413251903000e-02

593
5.623413251903000e-02
5.623413251903000e-02

594
5.623413251903000e-02
5.623413251903000e-02

595
5.623413251903000e-02
5.623413251903000e-02

596
5.623413251903000e-02
5.623413251903000e-02

597
5.623413251903000e-02
5.623413251903000e-02

598
5.623413251903000e-02
5.623413251903000e-02

599
5.623413251903000e-02
5.623413251903000e-02

600
5.623413251903000e-02
5.623413251903000e-02

601
5.623413251903000e-02
5.623413251903000e-02

602
5.623413251903000e-02
5.623413251903000e-02

603
5.623413251903000e-02
5.623413251903000e-02

604
5.623413251903000e-02
5.623413251903000e-02

605
5.623413251903000e-02
5.623413251903000e-02

606
5.623413251903000e-02
5.623413251903000e-02

607
5.623413251903000e-02
5.623413251903000e-02

608
5.623413251903000e-02
5.623413251903000e-02

609
5.623413251903000e-02
5.623413251903000e-02

610
5.623413251903000e-02
5.623413251903000e-02

611
5.623413251903000e-02
5.623413251903000e-02

612
5.623413251903000e-02
5.623413251903000e-02

613
5.623413251903000e-02
5.623413251903000e-02

614
5.623413251903000e-02
5.623413251903000e-02

615
5.623413251903000e-02
5.623413251903000e-02

616
5.623413251903000e-02
5.623413251903000e-02

617
5.623413251903000e-02
5.623413251903000e-02

618
5.623413251903000e-02
5.623413251903000e-02

619
5.623413251903000e-02
5.623413251903000e-02

620
5.623413251903000e-02
5.623413251903000e-02

621
5.623413251903000e-02
5.623413251903000e-02

622
5.623413251903000e-02
5.623413251903000e-02

623
5.623413251903000e-02
5.623413251903000e-02

624
5.623413251903000e-02
5.623413251903000e-02

625
5.623413251903000e-02
5.623413251903000e-02

626
5.623413251903000e-02
5.623413251903000e-02

627
5.623413251903000e-02
5.623413251903000e-02

628
5.623413251903000e-02
5.623413251903000e-02

629
5.623413251903000e-02
5.623413251903000e-02

630
5.623413251903000e-02
5.623413251903000e-02

631
5.623413251903000e-02
5.623413251903000e-02

632
5.623413251903000e-02
5.623413251903000e-02

633
5.623413251903000e-02
5.623413251903000e-02

634
5.623413251903000e-02
5.623413251903000e-02

635
5.623413251903000e-02
5.623413251903000e-02

636
5.623413251903000e-02
5.623413251903000e-02

637
5.623413251903000e-02
5.623413251903000e-02

638
5.623413251903000e-02
5.623413251903000e-02

639
5.623413251903000e-02
5.623413251903000e-02

640
5.623413251903000e-02
5.623413251903000e-02

641
5.623413251903000e-02
5.623413251903000e-02

642
5.623413251903000e-02
5.623413251903000e-02

643
5.623413251903000e-02
5.623413251903000e-02

644
5.623413251903000e-02
5.623413251903000e-02

645
5.623413251903000e-02
5.623413251903000e-02

646
5.623413251903000e-02
5.623413251903000e-02

647
5.623413251903000e-02
5.623413251903000e-02

648
5.623413251903000e-02
5.623413251903000e-02

649
5.623413251903000e-02
5.623413251903000e-02

650
5.623413251903000e-02
5.623413251903000e-02

651
5.623413251903000e-02
5.623413251903000e-02

652
5.623413251903000e-02
5.623413251903000e-02

653
5.623413251903000e-02
5.623413251903000e-02

654
5.623413251903000e-02
5.623413251903000e-02

655
5.623413251903000e-02
5.623413251903000e-02

656
5.623413251903000e-02
5.623413251903000e-02

657
5.623413251903000e-02
5.623413251903000e-02

658
5.623413251903000e-02
5.623413251903000e-02

659
5.623413251903000e-02
5.623413251903000e-02

660
5.623413251903000e-02
5.623413251903000e-02

661
5.623413251903000e-02
5.623413251903000e-02

662
5.623413251903000e-02
5.623413251903000e-02

663
5.623413251903000e-02
5.623413251903000e-02

664
5.623413251903000e-02
5.623413251903000e-02

665
5.623413251903000e-02
5.623413251903000e-02

666
5.623413251903000e-02
5.623413251903000e-02

667
5.623413251903000e-02
5.623413251903000e-02

668
5.623413251903000e-02
5.623413251903000e-02

669
5.623413251903000e-02
5.623413251903000e-02

670
5.623413251903000e-02
5.623413251903000e-02

671
5.623413251903000e-02
5.623413251903000e-02

672
5.623413251903000e-02
5.623413251903000e-02

673
5.623413251903000e-02
5.623413251903000e-02

674
5.623413251903000e-02
5.623413251903000e-02

675
5.623413251903000e-02
5.623413251903000e-02

676
5.623413251903000e-02
5.623413251903000e-02

677
5.623413251903000e-02
5.623413251903000e-02

678
5.623413251903000e-02
5.623413251903000e-02

679
5.623413251903000e-02
5.623413251903000e-02

680
5.623413251903000e-02
5.623413251903000e-02

681
5.623413251903000e-02
5.623413251903000e-02

682
5.623413251903000e-02
5.623413251903000e-02

683
5.623413251903000e-02
5.623413251903000e-02

684
5.623413251903000e-02
5.623413251903000e-02

685
5.623413251903000e-02
5.623413251903000e-02

686
5.623413251903000e-02
5.623413251903000e-02

687
5.623413251903000e-02
5.623413251903000e-02

688
5.623413251903000e-02
5.623413251903000e-02

689
5.623413251903000e-02
5.623413251903000e-02

690
5.623413251903000e-02
5.623413251903000e-02

691
5.623413251903000e-02
5.623413251903000e-02

692
5.623413251903000e-02
5.623413251903000e-02

693
5.623413251903000e-02
5.623413251903000e-02

694
5.623413251903000e-02
5.623413251903000e-02

695
5.623413251903000e-02
5.623413251903000e-02

696
5.623413251903000e-02
5.623413251903000e-02

697
5.623413251903000e-02
5.623413251903000e-02

698
5.623413251903000e-02
5.623413251903000e-02

699
5.623413251903000e-02
5.623413251903000e-02

700
5.623413251903000e-02
5.623413251903000e-02

701
5.623413251903000e-02
5.623413251903000e-02

702
5.623413251903000e-02
5.623413251903000e-02

703
5.623413251903000e-02
5.623413251903000e-02

704
5.623413251903000e-02
5.623413251903000e-02

705
5.623413251903000e-02
5.623413251903000e-02

706
5.623413251903000e-02
5.623413251903000e-02

707
5.623413251903000e-02
5.623413251903000e-02

708
5.623413251903000e-02
5.623413251903000e-02

709
5.623413251903000e-02
5.623413251903000e-02

710
5.623413251903000e-02
5.623413251903000e-02

711
5.623413251903000e-02
5.623413251903000e-02

712
5.623413251903000e-02
5.623413251903000e-02

713
5.623413251903000e-02
5.623413251903000e-02

714
5.623413251903000e-02
5.623413251903000e-02

715
5.623413251903000e-02
5.623413251903000e-02

716
5.623413251903000e-02
5.623413251903000e-02

717
5.623413251903000e-02
5.623413251903000e-02

718
5.623413251903000e-02
5.623413251903000e-02

719
5.623413251903000e-02
5.623413251903000e-02

720
5.623413251903000e-02
5.623413251903000e-02

721
5.623413251903000e-02
5.623413251903000e-02

722
5.623413251903000e-02
5.623413251903000e-02

723
5.623413251903000e-02
5.623413251903000e-02

724
5.623413251903000e-02
5.623413251903000e-02

725
5.623413251903000e-02
5.623413251903000e-02

726
5.623413251903000e-02
5.623413251903000e-02

727
5.623413251903000e-02
5.623413251903000e-02

728
5.623413251903000e-02
5.623413251903000e-02

729
5.623413251903000e-02
5.623413251903000e-02

730
5.623413251903000e-02
5.623413251903000e-02

731
5.623413251903000e-02
5.623413251903000e-02

732
5.623413251903000e-02
5.623413251903000e-02

733
5.623413251903000e-02
5.623413251903000e-02

734
5.623413251903000e-02
5.623413251903000e-02

735
5.623413251903000e-02
5.623413251903000e-02

736
5.623413251903000e-02
5.623413251903000e-02

737
5.623413251903000e-02
5.623413251903000e-02

738
5.623413251903000e-02
5.623413251903000e-02

739
5.623413251903000e-02
5.623413251903000e-02

740
5.623413251903000e-02
5.623413251903000e-02

741
5.623413251903000e-02
5.623413251903000e-02

742
5.623413251903000e-02
5.623413251903000e-02

743
5.623413251903000e-02
5.623413251903000e-02

744
5.623413251903000e-02
5.623413251903000e-02

745
5.623413251903000e-02
5.623413251903000e-02

746
5.623413251903000e-02
5.623413251903000e-02

747
5.623413251903000e-02
5.623413251903000e-02

748
5.623413251903000e-02
5.623413251903000e-02

749
5.623413251903000e-02
5.623413251903000e-02

750
5.623413251903000e-02
5.623413251903000e-02

751
5.623413251903000e-02
5.623413251903000e-02

752
5.623413251903000e-02
5.623413251903000e-02

753
5.623413251903000e-02
5.623413251903000e-02

754
5.623413251903000e-02
5.623413251903000e-02

755
5.623413251903000e-02
5.623413251903000e-02

756
5.623413251903000e-02
5.623413251903000e-02

757
5.623413251903000e-02
5.623413251903000e-02

758
5.623413251903000e-02
5.623413251903000e-02

759
5.623413251903000e-02
5.623413251903000e-02

760
5.623413251903000e-02
5.623413251903000e-02

761
5.623413251903000e-02
5.623413251903000e-02

762
5.623413251903000e-02
5.623413251903000e-02

763
5.623413251903000e-02
5.623413251903000e-02

764
5.623413251903000e-02
5.623413251903000e-02

765
5.623413251903000e-02
5.623413251903000e-02

766
5.623413251903000e-02
5.623413251903000e-02

767
5.623413251903000e-02
5.623413251903000e-02

768
5.623413251903000e-02
5.623413251903000e-02

769
5.623413251903000e-02
5.623413251903000e-02

770
5.623413251903000e-02
5.623413251903000e-02

771
5.623413251903000e-02
5.623413251903000e-02

772
5.623413251903000e-02
5.623413251903000e-02

773
5.623413251903000e-02
5.623413251903000e-02

774
5.623413251903000e-02
5.623413251903000e-02

775
5.623413251903000e-02
5.623413251903000e-02

776
5.623413251903000e-02
5.623413251903000e-02

777
5.623413251903000e-02
5.623413251903000e-02

778
5.623413251903000e-02
5.623413251903000e-02

779
5.623413251903000e-02
5.623413251903000e-02

780
5.623413251903000e-02
5.623413251903000e-02

781
5.623413251903000e-02
5.623413251903000e-02

782
5.623413251903000e-02
5.623413251903000e-02

783
5.623413251903000e-02
5.623413251903000e-02

784
5.623413251903000e-02
5.623413251903000e-02

785
5.623413251903000e-02
5.623413251903000e-02

786
5.623413251903000e-02
5.623413251903000e-02

787
5.623413251903000e-02
5.623413251903000e-02

788
5.623413251903000e-02
5.623413251903000e-02

789
5.623413251903000e-02
5.623413251903000e-02

790
5.623413251903000e-02
5.623413251903000e-02

791
5.623413251903000e-02
5.623413251903000e-02

792
5.623413251903000e-02
5.623413251903000e-02

793
5.623413251903000e-02
5.623413251903000e-02

794
5.623413251903000e-02
5.623413251903000e-02

795
5.623413251903000e-02
5.623413251903000e-02

796
5.623413251903000e-02
5.623413251903000e-02

797
5.623413251903000e-02
5.623413251903000e-02

798
5.623413251903000e-02
5.623413251903000e-02

799
5.623413251903000e-02
5.623413251903000e-02

800
5.623413251903000e-02
5.623413251903000e-02

801
5.623413251903000e-02
5.623413251903000e-02

802
5.623413251903000e-02
5.623413251903000e-02

803
5.623413251903000e-02
5.623413251903000e-02

804
5.623413251903000e-02
5.623413251903000e-02

805
5.623413251903000e-02
5.623413251903000e-02

806
5.623413251903000e-02
5.623413251903000e-02

807
5.623413251903000e-02
5.623413251903000e-02

808
5.623413251903000e-02
5.623413251903000e-02

809
5.623413251903000e-02
5.623413251903000e-02

810
5.623413251903000e-02
5.623413251903000e-02

811
5.623413251903000e-02
5.623413251903000e-02

812
5.623413251903000e-02
5.623413251903000e-02

813
5.623413251903000e-02
5.623413251903000e-02

814
5.623413251903000e-02
5.623413251903000e-02

815
5.623413251903000e-02
5.623413251903000e-02

816
5.623413251903000e-02
5.623413251903000e-02

817
5.623413251903000e-02
5.623413251903000e-02

818
5.623413251903000e-02
5.623413251903000e-02

819
5.623413251903000e-02
5.623413251903000e-02

820
5.623413251903000e-02
5.623413251903000e-02

821
5.623413251903000e-02
5.623413251903000e-02

822
5.623413251903000e-02
5.623413251903000e-02

823
5.623413251903000e-02
5.623413251903000e-02

824
5.623413251903000e-02
5.623413251903000e-02

825
5.623413251903000e-02
5.623413251903000e-02

826
5.623413251903000e-02
5.623413251903000e-02

827
5.623413251903000e-02
5.623413251903000e-02

828
5.623413251903000e-02
5.623413251903000e-02

829
5.623413251903000e-02
5.623413251903000e-02

830
5.623413251903000e-02
5.623413251903000e-02

831
5.623413251903000e-02
5.623413251903000e-02

832
5.623413251903000e-02
5.623413251903000e-02

833
5.623413251903000e-02
5.623413251903000e-02

834
5.623413251903000e-02
5.623413251903000e-02

835
5.623413251903000e-02
5.623413251903000e-02

836
5.623413251903000e-02
5.623413251903000e-02

837
5.623413251903000e-02
5.623413251903000e-02

838
5.623413251903000e-02
5.623413251903000e-02

839
5.623413251903000e-02
5.623413251903000e-02

840
5.623413251903000e-02
5.623413251903000e-02

841
5.623413251903000e-02
5.623413251903000e-02

842
5.623413251903000e-02
5.623413251903000e-02

843
5.623413251903000e-02
5.623413251903000e-02

844
5.623413251903000e-02
5.623413251903000e-02

845
5.623413251903000e-02
5.623413251903000e-02

846
5.623413251903000e-02
5.623413251903000e-02

847
5.623413251903000e-02
5.623413251903000e-02

848
5.623413251903000e-02
5.623413251903000e-02

849
5.623413251903000e-02
5.623413251903000e-02

850
5.623413251903000e-02
5.623413251903000e-02

851
5.623413251903000e-02
5.623413251903000e-02

852
5.623413251903000e-02
5.623413251903000e-02

853
5.623413251903000e-02
5.623413251903000e-02

854
5.623413251903000e-02
5.623413251903000e-02

855
5.623413251903000e-02
5.623413251903000e-02

856
5.623413251903000e-02
5.623413251903000e-02

857
5.623413251903000e-02
5.623413251903000e-02

858
5.623413251903000e-02
5.623413251903000e-02

859
5.623413251903000e-02
5.623413251903000e-02

860
5.623413251903000e-02
5.623413251903000e-02

861
5.623413251903000e-02
5.623413251903000e-02

862
5.623413251903000e-02
5.623413251903000e-02

863
5.623413251903000e-02
5.623413251903000e-02

864
5.623413251903000e-02
5.623413251903000e-02

865
5.623413251903000e-02
5.623413251903000e-02

866
5.623413251903000e-02
5.623413251903000e-02

867
5.623413251903000e-02
5.623413251903000e-02

868
5.623413251903000e-02
5.623413251903000e-02

869
5.623413251903000e-02
5.623413251903000e-02

870
5.623413251903000e-02
5.623413251903000e-02

871
5.623413251903000e-02
5.623413251903000e-02

872
5.623413251903000e-02
5.623413251903000e-02

873
5.623413251903000e-02
5.623413251903000e-02

874
5.623413251903000e-02
5.623413251903000e-02

875
5.623413251903000e-02
5.623413251903000e-02

876
5.623413251903000e-02
5.623413251903000e-02

877
5.623413251903000e-02
5.623413251903000e-02

878
5.623413251903000e-02
5.623413251903000e-02

879
5.623413251903000e-02
5.623413251903000e-02

880
5.623413251903000e-02
5.623413251903000e-02

881
5.623413251903000e-02
5.623413251903000e-02

882
5.623413251903000e-02
5.623413251903000e-02

883
5.623413251903000e-02
5.623413251903000e-02

884
5.623413251903000e-02
5.623413251903000e-02

885
5.623413251903000e-02
5.623413251903000e-02

886
5.623413251903000e-02
5.623413251903000e-02

887
5.623413251903000e-02
5.623413251903000e-02

888
5.623413251903000e-02
5.623413251903000e-02

889
5.623413251903000e-02
5.623413251903000e-02

890
5.623413251903000e-02
5.623413251903000e-02

891
5.623413251903000e-02
5.623413251903000e-02

892
5.623413251903000e-02
5.623413251903000e-02

893
5.623413251903000e-02
5.623413251903000e-02

894
5.623413251903000e-02
5.623413251903000e-02

895
5.623413251903000e-02
5.623413251903000e-02

896
5.623413251903000e-02
5.623413251903000e-02

897
5.623413251903000e-02
5.623413251903000e-02

898
5.623413251903000e-02
5.623413251903000e-02

899
5.623413251903000e-02
5.623413251903000e-02

900
5.623413251903000e-02
5.623413251903000e-02

901
5.623413251903000e-02
5.623413251903000e-02

902
5.623413251903000e-02
5.623413251903000e-02

903
5.623413251903000e-02
5.623413251903000e-02

904
5.623413251903000e-02
5.623413251903000e-02

905
5.623413251903000e-02
5.623413251903000e-02

906
5.623413251903000e-02
5.623413251903000e-02

907
5.623413251903000e-02
5.623413251903000e-02

908
5.623413251903000e-02
5.623413251903000e-02

909
5.623413251903000e-02
5.623413251903000e-02

910
5.623413251903000e-02
5.623413251903000e-02

911
5.623413251903000e-02
5.623413251903000e-02

912
5.623413251903000e-02
5.623413251903000e-02

913
5.623413251903000e-02
5.623413251903000e-02

914
5.623413251903000e-02
5.623413251903000e-02

915
5.623413251903000e-02
5.623413251903000e-02

916
5.623413251903000e-02
5.623413251903000e-02

917
5.623413251903000e-02
5.623413251903000e-02

918
5.623413251903000e-02
5.623413251903000e-02

919
5.623413251903000e-02
5.623413251903000e-02

920
5.623413251903000e-02
5.623413251903000e-02

921
5.623413251903000e-02
5.623413251903000e-02

922
5.623413251903000e-02
5.623413251903000e-02

923
5.623413251903000e-02
5.623413251903000e-02

924
5.623413251903000e-02
5.623413251903000e-02

925
5.623413251903000e-02
5.623413251903000e-02

926
5.623413251903000e-02
5.623413251903000e-02

927
5.623413251903000e-02
5.623413251903000e-02

928
5.623413251903000e-02
5.623413251903000e-02

929
5.623413251903000e-02
5.623413251903000e-02

930
5.623413251903000e-02
5.623413251903000e-02

931
5.623413251903000e-02
5.623413251903000e-02

932
5.623413251903000e-02
5.623413251903000e-02

933
5.623413251903000e-02
5.623413251903000e-02

934
5.623413251903000e-02
5.623413251903000e-02

935
5.623413251903000e-02
5.623413251903000e-02

936
5.623413251903000e-02
5.623413251903000e-02

937
5.623413251903000e-02
5.623413251903000e-02

938
5.623413251903000e-02
5.623413251903000e-02

939
5.623413251903000e-02
5.623413251903000e-02

940
5.623413251903000e-02
5.623413251903000e-02

941
5.623413251903000e-02
5.623413251903000e-02

942
5.623413251903000e-02
5.623413251903000e-02

943
5.623413251903000e-02
5.623413251903000e-02

944
5.623413251903000e-02
5.623413251903000e-02

945
5.623413251903000e-02
5.623413251903000e-02

946
5.623413251903000e-02
5.623413251903000e-02

947
5.623413251903000e-02
5.623413251903000e-02

948
5.623413251903000e-02
5.623413251903000e-02

949
5.623413251903000e-02
5.623413251903000e-02

950
5.623413251903000e-02
5.623413251903000e-02

951
5.623413251903000e-02
5.623413251903000e-02

952
5.623413251903000e-02
5.623413251903000e-02

953
5.623413251903000e-02
5.623413251903000e-02

954
5.623413251903000e-02
5.623413251903000e-02

955
5.623413251903000e-02
5.623413251903000e-02

956
5.623413251903000e-02
5.623413251903000e-02

957
5.623413251903000e-02
5.623413251903000e-02

958
5.623413251903000e-02
5.623413251903000e-02

959
5.623413251903000e-02
5.623413251903000e-02

960
5.623413251903000e-02
5.623413251903000e-02

961
5.623413251903000e-02
5.623413251903000e-02

962
5.623413251903000e-02
5.623413251903000e-02

963
5.623413251903000e-02
5.623413251903000e-02

964
5.623413251903000e-02
5.623413251903000e-02

965
5.623413251903000e-02
5.623413251903000e-02

966
5.623413251903000e-02
5.623413251903000e-02

967
5.623413251903000e-02
5.623413251903000e-02

968
5.623413251903000e-02
5.623413251903000e-02

969
5.623413251903000e-02
5.623413251903000e-02

970
5.623413251903000e-02
5.623413251903000e-02

971
5.623413251903000e-02
5.623413251903000e-02

972
5.623413251903000e-02
5.623413251903000e-02

973
5.623413251903000e-02
5.623413251903000e-02

974
5.623413251903000e-02
5.623413251903000e-02

975
5.623413251903000e-02
5.623413251903000e-02

976
5.623413251903000e-02
5.623413251903000e-02

977
5.623413251903000e-02
5.623413251903000e-02

978
5.623413251903000e-02
5.623413251903000e-02

979
5.623413251903000e-02
5.623413251903000e-02

980
5.623413251903000e-02
5.623413251903000e-02

981
5.623413251903000e-02
5.623413251903000e-02

982
5.623413251903000e-02
5.623413251903000e-02

983
5.623413251903000e-02
5.623413251903000e-02

984
5.623413251903000e-02
5.623413251903000e-02

985
5.623413251903000e-02
5.623413251903000e-02

986
5.623413251903000e-02
5.623413251903000e-02

987
5.623413251903000e-02
5.623413251903000e-02

988
5.623413251903000e-02
5.623413251903000e-02

989
5.623413251903000e-02
5.623413251903000e-02

990
5.623413251903000e-02
5.623413251903000e-02

991
5.623413251903000e-02
5.623413251903000e-02

992
5.623413251903000e-02
5.623413251903000e-02

993
5.623413251903000e-02
5.623413251903000e-02

994
5.623413251903000e-02
5.623413251903000e-02

995
5.623413251903000e-02
5.623413251903000e-02

996
5.623413251903000e-02
5.623413251903000e-02

997
5.623413251903000e-02
5.623413251903000e-02

998
5.623413251903000e-02
5.623413251903000e-02

999
5.623413251903000e-02
5.623413251903000e-02

1000
5.623413251903000e-02
5.623413251903000e-02

1001
5.623413251903000e-02
5.623413251903000e-02

1002
5.623413251903000e-02
5.623413251903000e-02

1003
5.623413251903000e-02
5.623413251903000e-02

1004
5.623413251903000e-02
5.623413251903000e-02

1005
5.623413251903000e-02
5.623413251903000e-02

1006
5.623413251903000e-02
5.623413251903000e-02

1007
5.623413251903000e-02
5.623413251903000e-02

1008
5.623413251903000e-02
5.623413251903000e-02

1009
5.623413251903000e-02
5.623413251903000e-02

1010
5.623413251903000e-02
5.623413251903000e-02

1011
5.623413251903000e-02
5.623413251903000e-02

1012
5.623413251903000e-02
5.623413251903000e-02

1013
5.623413251903000e-02
5.623413251903000e-02

1014
5.623413251903000e-02
5.623413251903000e-02

1015
5.623413251903000e-02
5.623413251903000e-02

1016
5.623413251903000e-02
5.623413251903000e-02

1017
5.623413251903000e-02
5.623413251903000e-02

1018
5.623413251903000e-02
5.623413251903000e-02

1019
5.623413251903000e-02
5.623413251903000e-02

1020
5.623413251903000e-02
5.623413251903000e-02

1021
5.623413251903000e-02
5.623413251903000e-02

1022
5.623413251903000e-02
5.623413251903000e-02

1023
5.623413251903000e-02
5.623413251903000e-02

1024
5.623413251903000e-02
5.623413251903000e-02

1025
5.623413251903000e-02
5.623413251903000e-02

1026
5.623413251903000e-02
5.623413251903000e-02

1027
5.623413251903000e-02
5.623413251903000e-02

1028
5.623413251903000e-02
5.623413251903000e-02

1029
5.623413251903000e-02
5.623413251903000e-02

1030
5.623413251903000e-02
5.623413251903000e-02

1031
5.623413251903000e-02
5.623413251903000e-02

1032
5.623413251903000e-02
5.623413251903000e-02

1033
5.623413251903000e-02
5.623413251903000e-02

1034
5.623413251903000e-02
5.623413251903000e-02

1035
5.623413251903000e-02
5.623413251903000e-02

1036
5.623413251903000e-02
5.623413251903000e-02

1037
5.623413251903000e-02
5.623413251903000e-02

1038
5.623413251903000e-02
5.623413251903000e-02

1039
5.623413251903000e-02
5.623413251903000e-02

1040
5.623413251903000e-02
5.623413251903000e-02

1041
5.623413251903000e-02
5.623413251903000e-02

1042
5.623413251903000e-02
5.623413251903000e-02

1043
5.623413251903000e-02
5.623413251903000e-02

1044
5.623413251903000e-02
5.623413251903000e-02

1045
5.623413251903000e-02
5.623413251903000e-02

1046
5.623413251903000e-02
5.623413251903000e-02

1047
5.623413251903000e-02
5.623413251903000e-02

1048
5.623413251903000e-02
5.623413251903000e-02

1049
5.623413251903000e-02
5.623413251903000e-02

1050
5.623413251903000e-02
5.623413251903000e-02

1051
5.623413251903000e-02
5.623413251903000e-02

1052
5.623413251903000e-02
5.623413251903000e-02

1053
5.623413251903000e-02
5.623413251903000e-02

1054
5.623413251903000e-02
5.623413251903000e-02

1055
5.623413251903000e-02
5.623413251903000e-02

1056
5.623413251903000e-02
5.623413251903000e-02

1057
5.623413251903000e-02
5.623413251903000e-02

1058
5.623413251903000e-02
5.623413251903000e-02

1059
5.623413251903000e-02
5.623413251903000e-02

1060
5.623413251903000e-02
5.623413251903000e-02

1061
5.623413251903000e-02
5.623413251903000e-02

1062
5.623413251903000e-02
5.623413251903000e-02

1063
5.623413251903000e-02
5.623413251903000e-02

1064
5.623413251903000e-02
5.623413251903000e-02

1065
5.623413251903000e-02
5.623413251903000e-02

1066
5.623413251903000e-02
5.623413251903000e-02

1067
5.623413251903000e-02
5.623413251903000e-02

1068
5.623413251903000e-02
5.623413251903000e-02

1069
5.623413251903000e-02
5.623413251903000e-02

1070
5.623413251903000e-02
5.623413251903000e-02

1071
5.623413251903000e-02
5.623413251903000e-02

1072
5.623413251903000e-02
5.623413251903000e-02

1073
5.623413251903000e-02
5.623413251903000e-02

1074
5.623413251903000e-02
5.623413251903000e-02

1075
5.623413251903000e-02
5.623413251903000e-02

1076
5.623413251903000e-02
5.623413251903000e-02

1077
5.623413251903000e-02
5.623413251903000e-02

1078
5.623413251903000e-02
5.623413251903000e-02

1079
5.623413251903000e-02
5.623413251903000e-02

1080
5.623413251903000e-02
5.623413251903000e-02

1081
5.623413251903000e-02
5.623413251903000e-02

1082
5.623413251903000e-02
5.623413251903000e-02

1083
5.623413251903000e-02
5.623413251903000e-02

1084
5.623413251903000e-02
5.623413251903000e-02

1085
5.623413251903000e-02
5.623413251903000e-02

1086
5.623413251903000e-02
5.623413251903000e-02

1087
5.623413251903000e-02
5.623413251903000e-02

1088
5.623413251903000e-02
5.623413251903000e-02

1089
5.623413251903000e-02
5.623413251903000e-02

1090
5.623413251903000e-02
5.623413251903000e-02

1091
5.623413251903000e-02
5.623413251903000e-02

1092
5.623413251903000e-02
5.623413251903000e-02

1093
5.623413251903000e-02
5.623413251903000e-02

1094
5.623413251903000e-02
5.623413251903000e-02

1095
5.623413251903000e-02
5.623413251903000e-02

1096
5.623413251903000e-02
5.623413251903000e-02

1097
5.623413251903000e-02
5.623413251903000e-02

1098
5.623413251903000e-02
5.623413251903000e-02

1099
5.623413251903000e-02
5.623413251903000e-02

1100
5.623413251903000e-02
5.623413251903000e-02

1101
5.623413251903000e-02
5.623413251903000e-02

1102
5.623413251903000e-02
5.623413251903000e-02

1103
5.623413251903000e-02
5.623413251903000e-02

1104
5.623413251903000e-02
5.623413251903000e-02

1105
5.623413251903000e-02
5.623413251903000e-02

1106
5.623413251903000e-02
5.623413251903000e-02

1107
5.623413251903000e-02
5.623413251903000e-02

1108
5.623413251903000e-02
5.623413251903000e-02

1109
5.623413251903000e-02
5.623413251903000e-02

1110
5.623413251903000e-02
5.623413251903000e-02

1111
5.623413251903000e-02
5.623413251903000e-02

1112
5.623413251903000e-02
5.623413251903000e-02

1113
5.623413251903000e-02
5.623413251903000e-02

1114
5.623413251903000e-02
5.623413251903000e-02

1115
5.623413251903000e-02
5.623413251903000e-02

1116
5.623413251903000e-02
5.623413251903000e-02

1117
5.623413251903000e-02
5.623413251903000e-02

1118
5.623413251903000e-02
5.623413251903000e-02

1119
5.623413251903000e-02
5.623413251903000e-02

1120
5.623413251903000e-02
5.623413251903000e-02

1121
5.623413251903000e-02
5.623413251903000e-02

1122
5.623413251903000e-02
5.623413251903000e-02

1123
5.623413251903000e-02
5.623413251903000e-02

1124
5.623413251903000e-02
5.623413251903000e-02

1125
5.623413251903000e-02
5.623413251903000e-02

1126
5.623413251903000e-02
5.623413251903000e-02

1127
5.623413251903000e-02
5.623413251903000e-02

1128
5.623413251903000e-02
5.623413251903000e-02

1129
5.623413251903000e-02
5.623413251903000e-02

1130
5.623413251903000e-02
5.623413251903000e-02

1131
5.623413251903000e-02
5.623413251903000e-02

1132
5.623413251903000e-02
5.623413251903000e-02

1133
5.623413251903000e-02
5.623413251903000e-02

1134
5.623413251903000e-02
5.623413251903000e-02

1135
5.623413251903000e-02
5.623413251903000e-02

1136
5.623413251903000e-02
5.623413251903000e-02

1137
5.623413251903000e-02
5.623413251903000e-02

1138
5.623413251903000e-02
5.623413251903000e-02

1139
5.623413251903000e-02
5.623413251903000e-02

1140
5.623413251903000e-02
5.623413251903000e-02

1141
5.623413251903000e-02
5.623413251903000e-02

1142
5.623413251903000e-02
5.623413251903000e-02

1143
5.623413251903000e-02
5.623413251903000e-02

1144
5.623413251903000e-02
5.623413251903000e-02

1145
5.623413251903000e-02
5.623413251903000e-02

1146
5.623413251903000e-02
5.623413251903000e-02

1147
5.623413251903000e-02
5.623413251903000e-02

1148
5.623413251903000e-02
5.623413251903000e-02

1149
5.623413251903000e-02
5.623413251903000e-02

1150
5.623413251903000e-02
5.623413251903000e-02

1151
5.623413251903000e-02
5.623413251903000e-02

1152
5.623413251903000e-02
5.623413251903000e-02

1153
5.623413251903000e-02
5.623413251903000e-02

1154
5.623413251903000e-02
5.623413251903000e-02

1155
5.623413251903000e-02
5.623413251903000e-02

1156
5.623413251903000e-02
5.623413251903000e-02

1157
5.623413251903000e-02
5.623413251903000e-02

1158
5.623413251903000e-02
5.623413251903000e-02

1159
5.623413251903000e-02
5.623413251903000e-02

1160
5.623413251903000e-02
5.623413251903000e-02

1161
5.623413251903000e-02
5.623413251903000e-02

1162
5.623413251903000e-02
5.623413251903000e-02

1163
5.623413251903000e-02
5.623413251903000e-02

1164
5.623413251903000e-02
5.623413251903000e-02

1165
5.623413251903000e-02
5.623413251903000e-02

1166
5.623413251903000e-02
5.623413251903000e-02

1167
5.623413251903000e-02
5.623413251903000e-02

1168
5.623413251903000e-02
5.623413251903000e-02

1169
5.623413251903000e-02
5.623413251903000e-02

1170
5.623413251903000e-02
5.623413251903000e-02

1171
5.623413251903000e-02
5.623413251903000e-02

1172
5.623413251903000e-02
5.623413251903000e-02

1173
5.623413251903000e-02
5.623413251903000e-02

1174
5.623413251903000e-02
5.623413251903000e-02

1175
5.623413251903000e-02
5.623413251903000e-02

1176
5.623413251903000e-02
5.623413251903000e-02

1177
5.623413251903000e-02
5.623413251903000e-02

1178
5.623413251903000e-02
5.623413251903000e-02

1179
5.623413251903000e-02
5.623413251903000e-02

1180
5.623413251903000e-02
5.623413251903000e-02

1181
5.623413251903000e-02
5.623413251903000e-02

1182
5.623413251903000e-02
5.623413251903000e-02

1183
5.623413251903000e-02
5.623413251903000e-02

1184
5.623413251903000e-02
5.623413251903000e-02

1185
5.623413251903000e-02
5.623413251903000e-02

1186
5.623413251903000e-02
5.623413251903000e-02

1187
5.623413251903000e-02
5.623413251903000e-02

1188
5.623413251903000e-02
5.623413251903000e-02

1189
5.623413251903000e-02
5.623413251903000e-02

1190
5.623413251903000e-02
5.623413251903000e-02

1191
5.623413251903000e-02
5.623413251903000e-02

1192
5.623413251903000e-02
5.623413251903000e-02

1193
5.623413251903000e-02
5.623413251903000e-02

1194
5.623413251903000e-02
5.623413251903000e-02

1195
5.623413251903000e-02
5.623413251903000e-02

1196
5.623413251903000e-02
5.623413251903000e-02

1197
5.623413251903000e-02
5.623413251903000e-02

1198
5.623413251903000e-02
5.623413251903000e-02

1199
5.623413251903000e-02
5.623413251903000e-02

1200
5.623413251903000e-02
5.623413251903000e-02

1201
5.623413251903000e-02
5.623413251903000e-02

1202
5.623413251903000e-02
5.623413251903000e-02

1203
5.623413251903000e-02
5.623413251903000e-02

1204
5.623413251903000e-02
5.623413251903000e-02

1205
5.623413251903000e-02
5.623413251903000e-02

1206
5.623413251903000e-02
5.623413251903000e-02

1207
5.623413251903000e-02
5.623413251903000e-02

1208
5.623413251903000e-02
5.623413251903000e-02

1209
5.623413251903000e-02
5.623413251903000e-02

1210
5.623413251903000e-02
5.623413251903000e-02

1211
5.623413251903000e-02
5.623413251903000e-02

1212
5.623413251903000e-02
5.623413251903000e-02

1213
5.623413251903000e-02
5.623413251903000e-02

1214
5.623413251903000e-02
5.623413251903000e-02

1215
5.623413251903000e-02
5.623413251903000e-02

1216
5.623413251903000e-02
5.623413251903000e-02

1217
5.623413251903000e-02
5.623413251903000e-02

1218
5.623413251903000e-02
5.623413251903000e-02

1219
5.623413251903000e-02
5.623413251903000e-02

1220
5.623413251903000e-02
5.623413251903000e-02

1221
5.623413251903000e-02
5.623413251903000e-02

1222
5.623413251903000e-02
5.623413251903000e-02

1223
5.623413251903000e-02
5.623413251903000e-02

1224
5.623413251903000e-02
5.623413251903000e-02

1225
5.623413251903000e-02
5.623413251903000e-02

1226
5.623413251903000e-02
5.623413251903000e-02

1227
5.623413251903000e-02
5.623413251903000e-02

1228
5.623413251903000e-02
5.623413251903000e-02

1229
5.623413251903000e-02
5.623413251903000e-02

1230
5.623413251903000e-02
5.623413251903000e-02

1231
5.623413251903000e-02
5.623413251903000e-02

1232
5.623413251903000e-02
5.623413251903000e-02

1233
5.623413251903000e-02
5.623413251903000e-02

1234
5.623413251903000e-02
5.623413251903000e-02

1235
5.623413251903000e-02
5.623413251903000e-02

1236
5.623413251903000e-02
5.623413251903000e-02

1237
5.623413251903000e-02
5.623413251903000e-02

1238
5.623413251903000e-02
5.623413251903000e-02

1239
5.623413251903000e-02
5.623413251903000e-02

1240
5.623413251903000e-02
5.623413251903000e-02

1241
5.623413251903000e-02
5.623413251903000e-02

1242
5.623413251903000e-02
5.623413251903000e-02

1243
5.623413251903000e-02
5.623413251903000e-02

1244
5.623413251903000e-02
5.623413251903000e-02

1245
5.623413251903000e-02
5.623413251903000e-02

1246
5.623413251903000e-02
5.623413251903000e-02

1247
5.623413251903000e-02
5.623413251903000e-02

1248
5.623413251903000e-02
5.623413251903000e-02

1249
5.623413251903000e-02
5.623413251903000e-02

1250
5.623413251903000e-02
5.623413251903000e-02

1251
5.623413251903000e-02
5.623413251903000e-02

1252
5.623413251903000e-02
5.623413251903000e-02

1253
5.623413251903000e-02
5.623413251903000e-02

1254
5.623413251903000e-02
5.623413251903000e-02

1255
5.623413251903000e-02
5.623413251903000e-02

1256
5.623413251903000e-02
5.623413251903000e-02

1257
5.623413251903000e-02
5.623413251903000e-02

1258
5.623413251903000e-02
5.623413251903000e-02

1259
5.623413251903000e-02
5.623413251903000e-02

1260
5.623413251903000e-02
5.623413251903000e-02

1261
5.623413251903000e-02
5.623413251903000e-02

1262
5.623413251903000e-02
5.623413251903000e-02

1263
5.623413251903000e-02
5.623413251903000e-02

1264
5.623413251903000e-02
5.623413251903000e-02

1265
5.623413251903000e-02
5.623413251903000e-02

1266
5.623413251903000e-02
5.623413251903000e-02

1267
5.623413251903000e-02
5.623413251903236e-02

1268
5.623413251902891e-02
5.623413251900760e-02

1269
5.623413251903865e-02
5.623413251924866e-02

1270
5.623413251897485e-02
5.623413251697599e-02

1271
5.623413251919535e-02
5.623413253730909e-02

1272
5.623413252215698e-02
5.623413236998207e-02

1273
5.623413242953725e-02
5.623413354171188e-02

1274
5.623413411405664e-02
5.623412848684772e-02

1275
5.623410823771033e-02
5.623409335121565e-02

1276
5.623447365914812e-02
5.623552115484103e-02

1277
5.622957945217621e-02
5.620798181178207e-02

1278
5.629492120238611e-02
5.664734441133108e-02

1279
5.576950745972841e-02
5.056545293032112e-02

