#Cell 
# Element_0
# Element_1
0
1.163681752460230e+00
1.161504283828889e+00

1
1.159894439959301e+00
1.157607756582544e+00

2
1.155918080780436e+00
1.153510883399381e+00

3
1.151730996746195e+00
1.149188143682057e+00

4
1.147306999602128e+00
1.144612141630468e+00

5
1.142617465029531e+00
1.139752145388358e+00

6
1.137629971105056e+00
1.134573092911445e+00

7
1.132307519990785e+00
1.129035118778362e+00

8
1.126608035208027e+00
1.123092715271265e+00

9
1.120483288314243e+00
1.116693601518173e+00

10
1.113877992876744e+00
1.109777936338578e+00

11
1.106728670425898e+00
1.102276610117128e+00

12
1.098961770546882e+00
1.094109485208431e+00

13
1.090492182896115e+00
1.085183758952509e+00

14
1.081220733414015e+00
1.075390441712004e+00

15
1.071030731133556e+00
1.064601336699777e+00

16
1.059784922086571e+00
1.052664987872729e+00

17
1.047319689030001e+00
1.039399100465091e+00

18
1.033437989034027e+00
1.024584140765736e+00

19
1.017901367659930e+00
1.007951533191771e+00

20
1.000414952153378e+00
9.891661101334303e-01

21
9.806098186298925e-01
9.678060920737599e-01

22
9.580166307564606e-01
9.433251109445708e-01

23
9.320180449740182e-01
9.149948793465529e-01

24
9.017835092438939e-01
8.818186338395283e-01

25
8.661476023241192e-01
8.423540284216018e-01

26
8.233789875859679e-01
7.943907303408917e-01

27
7.707204568020422e-01
7.342347411861863e-01

28
7.032376131033991e-01
6.547532053150912e-01

29
6.100620923970993e-01
5.382062654270816e-01

30
4.528963327215253e-01
3.190653156431890e-01

31
6.697770170182553e-03
7.110733316613434e-02

32
5.715936447469581e-02
5.601202174006521e-02

33
5.621690403518294e-02
5.623831018150525e-02

34
5.623444332978413e-02
5.623405703758179e-02

35
5.623412701437031e-02
5.623413385754510e-02

36
5.623413261511449e-02
5.623413249564263e-02

37
5.623413251737240e-02
5.623413251943372e-02

38
5.623413251905835e-02
5.623413251902297e-02

39
5.623413251902952e-02
5.623413251902994e-02

40
5.623413251903000e-02
5.623413251903000e-02

41
5.623413251903000e-02
5.623413251903000e-02

42
5.623413251903000e-02
5.623413251903000e-02

43
5.623413251903000e-02
5.623413251903000e-02

44
5.623413251903000e-02
5.623413251903000e-02

45
5.623413251903000e-02
5.623413251903000e-02

46
5.623413251903000e-02
5.623413251903000e-02

47
5.623413251903000e-02
5.623413251903000e-02

48
5.623413251903000e-02
5.623413251903000e-02

49
5.623413251903000e-02
5.623413251903000e-02

50
5.623413251903000e-02
5.623413251903000e-02

51
5.623413251903000e-02
5.623413251903000e-02

52
5.623413251903000e-02
5.623413251903000e-02

53
5.623413251903000e-02
5.623413251903000e-02

54
5.623413251903000e-02
5.623413251903000e-02

55
5.623413251903000e-02
5.623413251903000e-02

56
5.623413251903000e-02
5.623413251903000e-02

57
5.623413251903000e-02
5.623413251903000e-02

58
5.623413251903000e-02
5.623413251903000e-02

59
5.623413251903000e-02
5.623413251903000e-02

60
5.623413251903000e-02
5.623413251903000e-02

61
5.623413251903000e-02
5.623413251903000e-02

62
5.623413251903000e-02
5.623413251903000e-02

63
5.623413251903000e-02
5.623413251903000e-02

64
5.623413251903000e-02
5.623413251903000e-02

65
5.623413251903000e-02
5.623413251903000e-02

66
5.623413251903000e-02
5.623413251903000e-02

67
5.623413251903000e-02
5.623413251903000e-02

68
5.623413251903000e-02
5.623413251903000e-02

69
5.623413251903000e-02
5.623413251903000e-02

70
5.623413251903000e-02
5.623413251903000e-02

71
5.623413251903000e-02
5.623413251903000e-02

72
5.623413251903000e-02
5.623413251903000e-02

73
5.623413251907117e-02
5.623413251884981e-02

74
5.623413251721265e-02
5.623413252668451e-02

75
5.623413259388256e-02
5.623413220295813e-02

76
5.623412953508414e-02
5.623414516079075e-02

77
5.623424664037673e-02
5.623364691658839e-02

78
5.623000452534853e-02
5.625180643452131e-02

79
5.637307940889119e-02
5.563456979007484e-02

