#Cell 
# Element_0
# Element_1
0
1.164493179239132e+00
1.160674945029580e+00

1
1.160754679050844e+00
1.156743952553607e+00

2
1.156833863579900e+00
1.152607253512574e+00

3
1.152708279414283e+00
1.148239857915591e+00

4
1.148353215123673e+00
1.143613784754928e+00

5
1.143740874753738e+00
1.138697379228156e+00

6
1.138839777589160e+00
1.133454679639702e+00

7
1.133614143987509e+00
1.127844712309307e+00

8
1.128023196525083e+00
1.121820664963647e+00

9
1.122020336003092e+00
1.115328897810336e+00

10
1.115552153467717e+00
1.108307745439246e+00

11
1.108557231595797e+00
1.100686049513591e+00

12
1.100964674869451e+00
1.092381342123776e+00

13
1.092692287289384e+00
1.083297570440317e+00

14
1.083644286490908e+00
1.073322210230544e+00

15
1.073708398288988e+00
1.062322550589812e+00

16
1.062752105530334e+00
1.050140834233002e+00

17
1.050617723995225e+00
1.036587795255823e+00

18
1.037115846859740e+00
1.021433901939658e+00

19
1.022016446545629e+00
1.004397137661410e+00

20
1.005036278163603e+00
9.851253464106758e-01

21
9.858203076473966e-01
9.631703054547298e-01

22
9.639147933149834e-01
9.379491358471116e-01

23
9.387280124347644e-01
9.086811177539965e-01

24
9.094586807531204e-01
8.742718963279891e-01

25
8.749540435057299e-01
8.331186552818247e-01

26
8.335270880869874e-01
7.827749870408940e-01

27
7.826236426449696e-01
7.187917273473680e-01

28
7.162267731876939e-01
6.305228597634537e-01

29
6.152054568933301e-01
4.936345333918700e-01

30
4.366928856045433e-01
2.718655341382177e-01

31
1.513819851875741e-01
6.187188008076586e-02

32
5.633769231375581e-02
5.623494334643541e-02

33
5.623414536987269e-02
5.623413261935482e-02

34
5.623413252061970e-02
5.623413251904242e-02

35
5.623413251903019e-02
5.623413251903000e-02

36
5.623413251903000e-02
5.623413251903000e-02

37
5.623413251903000e-02
5.623413251903000e-02

38
5.623413251903000e-02
5.623413251903000e-02

39
5.623413251903000e-02
5.623413251903000e-02

40
5.623413251903000e-02
5.623413251903000e-02

41
5.623413251903000e-02
5.623413251903000e-02

42
5.623413251903000e-02
5.623413251903000e-02

43
5.623413251903000e-02
5.623413251903000e-02

44
5.623413251903000e-02
5.623413251903000e-02

45
5.623413251903000e-02
5.623413251903000e-02

46
5.623413251903000e-02
5.623413251903000e-02

47
5.623413251903000e-02
5.623413251903000e-02

48
5.623413251903000e-02
5.623413251903000e-02

49
5.623413251903000e-02
5.623413251903000e-02

50
5.623413251903000e-02
5.623413251903000e-02

51
5.623413251903000e-02
5.623413251903000e-02

52
5.623413251903000e-02
5.623413251903000e-02

53
5.623413251903000e-02
5.623413251903000e-02

54
5.623413251903000e-02
5.623413251903000e-02

55
5.623413251903000e-02
5.623413251903000e-02

56
5.623413251903000e-02
5.623413251903000e-02

57
5.623413251903000e-02
5.623413251903000e-02

58
5.623413251903000e-02
5.623413251903000e-02

59
5.623413251903000e-02
5.623413251903000e-02

60
5.623413251903000e-02
5.623413251903000e-02

61
5.623413251903000e-02
5.623413251903000e-02

62
5.623413251903000e-02
5.623413251903000e-02

63
5.623413251903000e-02
5.623413251903000e-02

64
5.623413251903000e-02
5.623413251903000e-02

65
5.623413251903000e-02
5.623413251903000e-02

66
5.623413251903000e-02
5.623413251903000e-02

67
5.623413251903000e-02
5.623413251903000e-02

68
5.623413251903000e-02
5.623413251903000e-02

69
5.623413251903000e-02
5.623413251903000e-02

70
5.623413251903000e-02
5.623413251903000e-02

71
5.623413251903000e-02
5.623413251903000e-02

72
5.623413251903000e-02
5.623413251903000e-02

73
5.623413251903000e-02
5.623413251903000e-02

74
5.623413251903000e-02
5.623413251903000e-02

75
5.623413251903000e-02
5.623413251903000e-02

76
5.623413251903000e-02
5.623413251901233e-02

77
5.623413251854764e-02
5.623413245981643e-02

78
5.623413108692798e-02
5.623395675273241e-02

79
5.623050678677103e-02
5.578376756990269e-02

