#Cell 
# Element_0
# Element_1
# Element_2
0
1.164313984763188e+00
1.163959230760415e+00
1.163597899131829e+00

1
1.163389235292262e+00
1.163030628940866e+00
1.162666055428463e+00

2
1.162454526719897e+00
1.162091673882959e+00
1.161722739407937e+00

3
1.161504217666065e+00
1.161135121598828e+00
1.160760275408828e+00

4
1.160544543906785e+00
1.160171555341817e+00
1.159798218281118e+00

5
1.159580748243797e+00
1.159203279291716e+00
1.158825470933810e+00

6
1.158595972498185e+00
1.158215543211594e+00
1.157834643444573e+00

7
1.157606762461503e+00
1.157219555694447e+00
1.156832378616727e+00

8
1.156595069350457e+00
1.156205123654031e+00
1.155812120291340e+00

9
1.155583596978808e+00
1.155186437331410e+00
1.154787373903907e+00

10
1.154553523100056e+00
1.154150935565000e+00
1.153746411901006e+00

11
1.153509347582443e+00
1.153100672363651e+00
1.152690804936520e+00

12
1.152450909343106e+00
1.152037242379174e+00
1.151621334533579e+00

13
1.151377897291621e+00
1.150958571374870e+00
1.150537006377233e+00

14
1.150290098154404e+00
1.149864935424376e+00
1.149437437133205e+00

15
1.149187035683487e+00
1.148755883669530e+00
1.148321248745503e+00

16
1.148068819579854e+00
1.147631839005704e+00
1.147191977283242e+00

17
1.146934379698389e+00
1.146490336001633e+00
1.146043776342206e+00

18
1.145782536960343e+00
1.145331827331584e+00
1.144878618443563e+00

19
1.144613170331613e+00
1.144155904743664e+00
1.143695881025626e+00

20
1.143426686286737e+00
1.142962212964282e+00
1.142495074725717e+00

21
1.142221612717698e+00
1.141750170140368e+00
1.141275737668204e+00

22
1.140997936526737e+00
1.140518458756613e+00
1.140036661392103e+00

23
1.139754679331197e+00
1.139267964529472e+00
1.138778295820684e+00

24
1.138491601565053e+00
1.137997208279634e+00
1.137499683616406e+00

25
1.137208469657332e+00
1.136705728543094e+00
1.136199984438243e+00

26
1.135902337138831e+00
1.135391007516060e+00
1.134876717659853e+00

27
1.134575580825602e+00
1.134055987984540e+00
1.133532951953426e+00

28
1.133226744393003e+00
1.132698293390977e+00
1.132166301213648e+00

29
1.131854835579250e+00
1.131317281127149e+00
1.130776075641790e+00

30
1.130459191923546e+00
1.129912299596419e+00
1.129361647409557e+00

31
1.129039086278152e+00
1.128482855685347e+00
1.127920635016865e+00

32
1.127591773013427e+00
1.127024995980744e+00
1.126454232195263e+00

33
1.126119990494709e+00
1.125542953089441e+00
1.124961952718619e+00

34
1.124621722185534e+00
1.124034070601624e+00
1.123442346228220e+00

35
1.123095826913246e+00
1.122497257321890e+00
1.121894491348615e+00

36
1.121541504458322e+00
1.120931640710571e+00
1.120317339966861e+00

37
1.119957560449298e+00
1.119336322783115e+00
1.118710307753380e+00

38
1.118343653185011e+00
1.117710312539148e+00
1.117072211284627e+00

39
1.116698471050944e+00
1.116052720574501e+00
1.115402098431702e+00

40
1.115020987141776e+00
1.114362654027381e+00
1.113699281598608e+00

41
1.113310593033018e+00
1.112639307024268e+00
1.111960852395246e+00

42
1.111563735851579e+00
1.110877863667990e+00
1.110187293376206e+00

43
1.109782668907278e+00
1.109083549542975e+00
1.108378763885163e+00

44
1.107965651094420e+00
1.107251402205112e+00
1.106531917541149e+00

45
1.106110275090940e+00
1.105381526708810e+00
1.104646865672195e+00

46
1.104216338713433e+00
1.103472243748711e+00
1.102722098384620e+00

47
1.102282469712206e+00
1.101522584757069e+00
1.100756255365863e+00

48
1.100307121786272e+00
1.099530640470951e+00
1.098747323994274e+00

49
1.098288509990713e+00
1.097494831424828e+00
1.096694154619754e+00

50
1.096225153014343e+00
1.095413988733440e+00
1.094596092931312e+00

51
1.094116634356638e+00
1.093287416874342e+00
1.092451039891292e+00

52
1.091960743237818e+00
1.091112751464954e+00
1.090257337051850e+00

53
1.089755850659297e+00
1.088888693202031e+00
1.088013662293240e+00

54
1.087500650653382e+00
1.086613315652125e+00
1.085717970247057e+00

55
1.085193012480984e+00
1.084284947099917e+00
1.083368605385693e+00

56
1.082831299933587e+00
1.081901806882732e+00
1.080963753040965e+00

57
1.080413662728397e+00
1.079462078151356e+00
1.078501660438597e+00

58
1.077938374843213e+00
1.076963735660570e+00
1.075977786240514e+00

59
1.075400297068449e+00
1.074401550112536e+00
1.073393413813545e+00

60
1.072802122767432e+00
1.071779144013755e+00
1.070746123728821e+00

61
1.070140145707178e+00
1.069091430880722e+00
1.068032479027700e+00

62
1.067411256108302e+00
1.066336304270898e+00
1.065250544631346e+00

63
1.064613524013700e+00
1.063511208728404e+00
1.062397675130571e+00

64
1.061744291574169e+00
1.060613592437635e+00
1.059471253029665e+00

65
1.058800903083729e+00
1.057640759326812e+00
1.056468546715032e+00

66
1.055780616129619e+00
1.054589966798148e+00
1.053386817794227e+00

67
1.052680704924811e+00
1.051458052384018e+00
1.050222722665705e+00

68
1.049497688924365e+00
1.048242038106134e+00
1.046973305512839e+00

69
1.046228528636894e+00
1.044938728121209e+00
1.043635243493213e+00

70
1.042870051185731e+00
1.041544698468093e+00
1.040205151204570e+00

71
1.039418716632423e+00
1.038056329829755e+00
1.036679188444014e+00

72
1.035870438048383e+00
1.034470191363477e+00
1.033054449172739e+00

73
1.032222847896406e+00
1.030782465278110e+00
1.029325046559967e+00

74
1.028469730832611e+00
1.026987301143418e+00
1.025488437695404e+00

75
1.024608084230315e+00
1.023082538949506e+00
1.021539645931860e+00

76
1.020633381076203e+00
1.019062714929363e+00
1.017474002824060e+00

77
1.016540548727217e+00
1.014923107666956e+00
1.013285625333716e+00

78
1.012324238385157e+00
1.010657118138058e+00
1.008970499056447e+00

79
1.007979286354105e+00
1.006261788895301e+00
1.004523640013879e+00

80
1.003501972858071e+00
1.001730465119484e+00
9.999375081220852e-01

81
9.988836605679979e-01
9.970563180516105e-01
9.952069446459976e-01

82
9.941196585759231e-01
9.922338678866170e-01
9.903246849779226e-01

83
9.892023227593172e-01
9.872554066969946e-01
9.852840017658558e-01

84
9.841248875522829e-01
9.821145782047914e-01
9.800782675311022e-01

85
9.788800915790223e-01
9.768002089075879e-01
9.746947199173618e-01

86
9.734560867778975e-01
9.713068329774924e-01
9.691280963060800e-01

87
9.678473581806523e-01
9.656241933235010e-01
9.633719661574325e-01

88
9.620466424344724e-01
9.597458939174286e-01
9.574138191408060e-01

89
9.560413268633814e-01
9.536591110950806e-01
9.512417170016398e-01

90
9.498199302879877e-01
9.473506658269494e-01
9.448473773871041e-01

91
9.433734963018541e-01
9.408133843385056e-01
9.382165968151497e-01

92
9.366875740572292e-01
9.340313105755895e-01
9.313362099395092e-01

93
9.297490264287870e-01
9.269908940399968e-01
9.241915939009349e-01

94
9.225426005805706e-01
9.196776508998150e-01
9.167683679492754e-01

95
9.150541300882153e-01
9.120741398018735e-01
9.090477663927912e-01

96
9.072640934051015e-01
9.041625453271785e-01
9.010116719152356e-01

97
8.991540785829424e-01
8.959231261810302e-01
8.926396045578763e-01

98
8.907032267855466e-01
8.873342215099848e-01
8.839090509496883e-01

99
8.818884759181015e-01
8.783718234158137e-01
8.747950299036297e-01

100
8.726842845589722e-01
8.690094133990549e-01
8.652699963260073e-01

101
8.630624498251217e-01
8.592175732766324e-01
8.553031982532812e-01

102
8.529914147865422e-01
8.489633391472948e-01
8.448602372746982e-01

103
8.424359412839160e-01
8.382099375685604e-01
8.339026804087619e-01

104
8.313564985418940e-01
8.269161115493464e-01
8.223874507997866e-01

105
8.197086890836318e-01
8.150347449352828e-01
8.102605143988914e-01

106
8.074382614859670e-01
8.025063824899457e-01
7.974553391427561e-01

107
7.944713780220205e-01
7.892601610610913e-01
7.839329059408595e-01

108
7.807739337415274e-01
7.752453472827664e-01
7.695936565281716e-01

109
7.662408482357820e-01
7.603719738244020e-01
7.543422348566536e-01

110
7.507715840807225e-01
7.445146180008489e-01
7.380772211218877e-01

111
7.342616359944371e-01
7.275673683266787e-01
7.206688213110608e-01

112
7.165748210256337e-01
7.093842158168268e-01
7.019578930997149e-01

113
6.975403566621832e-01
6.897646901906598e-01
6.817529455298765e-01

114
6.769635612476130e-01
6.685170122651152e-01
6.597906818685787e-01

115
6.545617865958209e-01
6.453123096944572e-01
6.357278719435365e-01

116
6.299733206636751e-01
6.197754761699062e-01
6.091522021774883e-01

117
6.027524774477471e-01
5.913628639230195e-01
5.794303701667597e-01

118
5.722056655718807e-01
5.592912102186943e-01
5.456547661946539e-01

119
5.373422867110691e-01
5.223721992749384e-01
5.063960288324328e-01

120
4.965623948357556e-01
4.786241361451742e-01
4.591667856551635e-01

121
4.469968164927594e-01
4.243299550528273e-01
3.989814843605143e-01

122
3.826028434748446e-01
3.506620010841284e-01
3.123179159197436e-01

123
2.855527616604916e-01
2.197864984372492e-01
1.130652599057677e-01

124
3.917560484897686e-02
5.992001748445703e-02
5.539793320973074e-02

125
5.549590194827499e-02
5.639510181980453e-02
5.620015708887378e-02

126
5.619634602550048e-02
5.624267755728397e-02
5.623215986394856e-02

127
5.623225225221366e-02
5.623457735597403e-02
5.623401764360238e-02

128
5.623404409718327e-02
5.623415482269326e-02
5.623412592806290e-02

129
5.623412873496391e-02
5.623413357668621e-02
5.623413214835223e-02

130
5.623413238506335e-02
5.623413256490749e-02
5.623413249867112e-02

131
5.623413251656683e-02
5.623413252070627e-02
5.623413251794211e-02

132
5.623413251920888e-02
5.623413251906621e-02
5.623413251897372e-02

133
5.623413251905945e-02
5.623413251902841e-02
5.623413251902717e-02

134
5.623413251903280e-02
5.623413251902969e-02
5.623413251902988e-02

135
5.623413251903022e-02
5.623413251902998e-02
5.623413251902999e-02

136
5.623413251903001e-02
5.623413251903001e-02
5.623413251903000e-02

137
5.623413251903000e-02
5.623413251903000e-02
5.623413251903000e-02

138
5.623413251903000e-02
5.623413251903000e-02
5.623413251903000e-02

139
5.623413251903000e-02
5.623413251903000e-02
5.623413251903000e-02

140
5.623413251903000e-02
5.623413251903000e-02
5.623413251903000e-02

141
5.623413251903000e-02
5.623413251903000e-02
5.623413251903000e-02

142
5.623413251903000e-02
5.623413251903000e-02
5.623413251903000e-02

143
5.623413251903000e-02
5.623413251903000e-02
5.623413251903000e-02

144
5.623413251903000e-02
5.623413251903000e-02
5.623413251903000e-02

145
5.623413251903000e-02
5.623413251903000e-02
5.623413251903000e-02

146
5.623413251903000e-02
5.623413251903000e-02
5.623413251903000e-02

147
5.623413251903000e-02
5.623413251903000e-02
5.623413251903000e-02

148
5.623413251903000e-02
5.623413251903000e-02
5.623413251903000e-02

149
5.623413251903000e-02
5.623413251903000e-02
5.623413251903000e-02

150
5.623413251903000e-02
5.623413251903000e-02
5.623413251903000e-02

151
5.623413251903000e-02
5.623413251903000e-02
5.623413251903000e-02

152
5.623413251903000e-02
5.623413251903000e-02
5.623413251903000e-02

153
5.623413251903000e-02
5.623413251903000e-02
5.623413251903000e-02

154
5.623413251903000e-02
5.623413251903000e-02
5.623413251903000e-02

155
5.623413251903000e-02
5.623413251903000e-02
5.623413251903000e-02

156
5.623413251903000e-02
5.623413251903000e-02
5.623413251903000e-02

157
5.623413251903000e-02
5.623413251903000e-02
5.623413251903000e-02

158
5.623413251903000e-02
5.623413251903000e-02
5.623413251903000e-02

159
5.623413251903000e-02
5.623413251903000e-02
5.623413251903000e-02

160
5.623413251903000e-02
5.623413251903000e-02
5.623413251903000e-02

161
5.623413251903000e-02
5.623413251903000e-02
5.623413251903000e-02

162
5.623413251903000e-02
5.623413251903000e-02
5.623413251903000e-02

163
5.623413251903000e-02
5.623413251903000e-02
5.623413251903000e-02

164
5.623413251903000e-02
5.623413251903000e-02
5.623413251903000e-02

165
5.623413251903000e-02
5.623413251903000e-02
5.623413251903000e-02

166
5.623413251903000e-02
5.623413251903000e-02
5.623413251903000e-02

167
5.623413251903000e-02
5.623413251903000e-02
5.623413251903000e-02

168
5.623413251903000e-02
5.623413251903000e-02
5.623413251903000e-02

169
5.623413251903000e-02
5.623413251903000e-02
5.623413251903000e-02

170
5.623413251903000e-02
5.623413251903000e-02
5.623413251903000e-02

171
5.623413251903000e-02
5.623413251903000e-02
5.623413251903000e-02

172
5.623413251903000e-02
5.623413251903000e-02
5.623413251903000e-02

173
5.623413251903000e-02
5.623413251903000e-02
5.623413251903000e-02

174
5.623413251903000e-02
5.623413251903000e-02
5.623413251903000e-02

175
5.623413251903000e-02
5.623413251903000e-02
5.623413251903000e-02

176
5.623413251903000e-02
5.623413251903000e-02
5.623413251903000e-02

177
5.623413251903000e-02
5.623413251903000e-02
5.623413251903000e-02

178
5.623413251903000e-02
5.623413251903000e-02
5.623413251903000e-02

179
5.623413251903000e-02
5.623413251903000e-02
5.623413251903000e-02

180
5.623413251903000e-02
5.623413251903000e-02
5.623413251903000e-02

181
5.623413251903000e-02
5.623413251903000e-02
5.623413251903000e-02

182
5.623413251903000e-02
5.623413251903000e-02
5.623413251903000e-02

183
5.623413251903000e-02
5.623413251903000e-02
5.623413251903000e-02

184
5.623413251903000e-02
5.623413251903000e-02
5.623413251903000e-02

185
5.623413251903000e-02
5.623413251903000e-02
5.623413251903000e-02

186
5.623413251903000e-02
5.623413251903000e-02
5.623413251903000e-02

187
5.623413251903000e-02
5.623413251903000e-02
5.623413251903000e-02

188
5.623413251903000e-02
5.623413251903000e-02
5.623413251903000e-02

189
5.623413251903000e-02
5.623413251903000e-02
5.623413251903000e-02

190
5.623413251903000e-02
5.623413251903000e-02
5.623413251903000e-02

191
5.623413251903000e-02
5.623413251903000e-02
5.623413251903000e-02

192
5.623413251903000e-02
5.623413251903000e-02
5.623413251903000e-02

193
5.623413251903000e-02
5.623413251903000e-02
5.623413251903000e-02

194
5.623413251903000e-02
5.623413251903000e-02
5.623413251903000e-02

195
5.623413251903000e-02
5.623413251903000e-02
5.623413251903000e-02

196
5.623413251903000e-02
5.623413251903000e-02
5.623413251903000e-02

197
5.623413251903000e-02
5.623413251903000e-02
5.623413251903000e-02

198
5.623413251903000e-02
5.623413251903000e-02
5.623413251903000e-02

199
5.623413251903000e-02
5.623413251903000e-02
5.623413251903000e-02

200
5.623413251903000e-02
5.623413251903000e-02
5.623413251903000e-02

201
5.623413251903000e-02
5.623413251903000e-02
5.623413251903000e-02

202
5.623413251903000e-02
5.623413251903000e-02
5.623413251903000e-02

203
5.623413251903000e-02
5.623413251903000e-02
5.623413251903000e-02

204
5.623413251903000e-02
5.623413251903000e-02
5.623413251903000e-02

205
5.623413251903000e-02
5.623413251903000e-02
5.623413251903000e-02

206
5.623413251903000e-02
5.623413251903000e-02
5.623413251903000e-02

207
5.623413251903000e-02
5.623413251903000e-02
5.623413251903000e-02

208
5.623413251903000e-02
5.623413251903000e-02
5.623413251903000e-02

209
5.623413251903000e-02
5.623413251903000e-02
5.623413251903000e-02

210
5.623413251903000e-02
5.623413251903000e-02
5.623413251903000e-02

211
5.623413251903000e-02
5.623413251903000e-02
5.623413251903000e-02

212
5.623413251903000e-02
5.623413251903000e-02
5.623413251903000e-02

213
5.623413251903000e-02
5.623413251903000e-02
5.623413251903000e-02

214
5.623413251903000e-02
5.623413251903000e-02
5.623413251903000e-02

215
5.623413251903000e-02
5.623413251903000e-02
5.623413251903000e-02

216
5.623413251903000e-02
5.623413251903000e-02
5.623413251903000e-02

217
5.623413251903000e-02
5.623413251903000e-02
5.623413251903000e-02

218
5.623413251903000e-02
5.623413251903000e-02
5.623413251903000e-02

219
5.623413251903000e-02
5.623413251903000e-02
5.623413251903000e-02

220
5.623413251903000e-02
5.623413251903000e-02
5.623413251903000e-02

221
5.623413251903000e-02
5.623413251903000e-02
5.623413251903000e-02

222
5.623413251903000e-02
5.623413251903000e-02
5.623413251903000e-02

223
5.623413251903000e-02
5.623413251903000e-02
5.623413251903000e-02

224
5.623413251903000e-02
5.623413251903000e-02
5.623413251903000e-02

225
5.623413251903000e-02
5.623413251903000e-02
5.623413251903000e-02

226
5.623413251903000e-02
5.623413251903000e-02
5.623413251903000e-02

227
5.623413251903000e-02
5.623413251903000e-02
5.623413251903000e-02

228
5.623413251903000e-02
5.623413251903000e-02
5.623413251903000e-02

229
5.623413251903000e-02
5.623413251903000e-02
5.623413251903000e-02

230
5.623413251903000e-02
5.623413251903000e-02
5.623413251903000e-02

231
5.623413251903000e-02
5.623413251903000e-02
5.623413251903000e-02

232
5.623413251903000e-02
5.623413251903000e-02
5.623413251903000e-02

233
5.623413251903000e-02
5.623413251903000e-02
5.623413251903000e-02

234
5.623413251903000e-02
5.623413251903000e-02
5.623413251903000e-02

235
5.623413251903000e-02
5.623413251903000e-02
5.623413251903000e-02

236
5.623413251903000e-02
5.623413251903000e-02
5.623413251903000e-02

237
5.623413251903000e-02
5.623413251903000e-02
5.623413251903000e-02

238
5.623413251903000e-02
5.623413251903000e-02
5.623413251903000e-02

239
5.623413251903000e-02
5.623413251903000e-02
5.623413251903000e-02

240
5.623413251903000e-02
5.623413251903000e-02
5.623413251903000e-02

241
5.623413251903000e-02
5.623413251903000e-02
5.623413251903000e-02

242
5.623413251903000e-02
5.623413251903000e-02
5.623413251903000e-02

243
5.623413251903000e-02
5.623413251903000e-02
5.623413251903000e-02

244
5.623413251903000e-02
5.623413251903000e-02
5.623413251903000e-02

245
5.623413251903000e-02
5.623413251903000e-02
5.623413251903000e-02

246
5.623413251903000e-02
5.623413251903000e-02
5.623413251903000e-02

247
5.623413251903000e-02
5.623413251903000e-02
5.623413251903000e-02

248
5.623413251903000e-02
5.623413251903000e-02
5.623413251903000e-02

249
5.623413251903000e-02
5.623413251903000e-02
5.623413251903000e-02

250
5.623413251903000e-02
5.623413251903000e-02
5.623413251903000e-02

251
5.623413251903000e-02
5.623413251903000e-02
5.623413251903000e-02

252
5.623413251903000e-02
5.623413251903000e-02
5.623413251903000e-02

253
5.623413251903000e-02
5.623413251903000e-02
5.623413251903000e-02

254
5.623413251903000e-02
5.623413251903000e-02
5.623413251903000e-02

255
5.623413251903000e-02
5.623413251903000e-02
5.623413251903000e-02

256
5.623413251903000e-02
5.623413251903000e-02
5.623413251903000e-02

257
5.623413251903000e-02
5.623413251903000e-02
5.623413251903000e-02

258
5.623413251903000e-02
5.623413251903000e-02
5.623413251903000e-02

259
5.623413251903000e-02
5.623413251903000e-02
5.623413251903000e-02

260
5.623413251903000e-02
5.623413251903000e-02
5.623413251903000e-02

261
5.623413251903000e-02
5.623413251903000e-02
5.623413251903000e-02

262
5.623413251903000e-02
5.623413251903000e-02
5.623413251903000e-02

263
5.623413251903000e-02
5.623413251903000e-02
5.623413251903000e-02

264
5.623413251903000e-02
5.623413251903000e-02
5.623413251903000e-02

265
5.623413251903000e-02
5.623413251903000e-02
5.623413251903000e-02

266
5.623413251903000e-02
5.623413251903000e-02
5.623413251903000e-02

267
5.623413251903000e-02
5.623413251903000e-02
5.623413251903000e-02

268
5.623413251903000e-02
5.623413251903000e-02
5.623413251903000e-02

269
5.623413251903000e-02
5.623413251903000e-02
5.623413251903000e-02

270
5.623413251903000e-02
5.623413251903000e-02
5.623413251903000e-02

271
5.623413251903000e-02
5.623413251903000e-02
5.623413251903000e-02

272
5.623413251903000e-02
5.623413251903000e-02
5.623413251903000e-02

273
5.623413251903000e-02
5.623413251903000e-02
5.623413251903000e-02

274
5.623413251903000e-02
5.623413251903000e-02
5.623413251903000e-02

275
5.623413251903000e-02
5.623413251903000e-02
5.623413251903000e-02

276
5.623413251903000e-02
5.623413251903000e-02
5.623413251903000e-02

277
5.623413251903000e-02
5.623413251903000e-02
5.623413251903000e-02

278
5.623413251903000e-02
5.623413251903000e-02
5.623413251903000e-02

279
5.623413251903000e-02
5.623413251903000e-02
5.623413251903000e-02

280
5.623413251903000e-02
5.623413251903000e-02
5.623413251903000e-02

281
5.623413251903000e-02
5.623413251903000e-02
5.623413251903000e-02

282
5.623413251903000e-02
5.623413251903000e-02
5.623413251903000e-02

283
5.623413251903000e-02
5.623413251903000e-02
5.623413251903000e-02

284
5.623413251903000e-02
5.623413251903000e-02
5.623413251903000e-02

285
5.623413251903000e-02
5.623413251903000e-02
5.623413251903000e-02

286
5.623413251903000e-02
5.623413251903000e-02
5.623413251903000e-02

287
5.623413251903000e-02
5.623413251903000e-02
5.623413251903000e-02

288
5.623413251903000e-02
5.623413251903000e-02
5.623413251903000e-02

289
5.623413251903000e-02
5.623413251903000e-02
5.623413251903000e-02

290
5.623413251903000e-02
5.623413251903000e-02
5.623413251903000e-02

291
5.623413251903000e-02
5.623413251903000e-02
5.623413251903000e-02

292
5.623413251903000e-02
5.623413251903000e-02
5.623413251903000e-02

293
5.623413251903000e-02
5.623413251903000e-02
5.623413251903000e-02

294
5.623413251903000e-02
5.623413251903000e-02
5.623413251903000e-02

295
5.623413251903000e-02
5.623413251903000e-02
5.623413251903000e-02

296
5.623413251903000e-02
5.623413251903000e-02
5.623413251903000e-02

297
5.623413251903000e-02
5.623413251903000e-02
5.623413251903000e-02

298
5.623413251903000e-02
5.623413251903000e-02
5.623413251903000e-02

299
5.623413251903000e-02
5.623413251903000e-02
5.623413251903000e-02

300
5.623413251903000e-02
5.623413251903000e-02
5.623413251903000e-02

301
5.623413251903000e-02
5.623413251903000e-02
5.623413251903000e-02

302
5.623413251903000e-02
5.623413251903000e-02
5.623413251903000e-02

303
5.623413251903000e-02
5.623413251903000e-02
5.623413251903000e-02

304
5.623413251903000e-02
5.623413251903000e-02
5.623413251903000e-02

305
5.623413251903000e-02
5.623413251903000e-02
5.623413251903000e-02

306
5.623413251903000e-02
5.623413251903000e-02
5.623413251903000e-02

307
5.623413251903000e-02
5.623413251903000e-02
5.623413251903000e-02

308
5.623413251903000e-02
5.623413251903000e-02
5.623413251903000e-02

309
5.623413251903000e-02
5.623413251903000e-02
5.623413251902167e-02

310
5.623413251903000e-02
5.623413251905196e-02
5.623413251890034e-02

311
5.623413251902681e-02
5.623413251935598e-02
5.623413251711519e-02

312
5.623413251899326e-02
5.623413252378485e-02
5.623413249095152e-02

313
5.623413251886205e-02
5.623413258798897e-02
5.623413210941897e-02

314
5.623413252244365e-02
5.623413351290909e-02
5.623412657697086e-02

315
5.623413266107923e-02
5.623414674626516e-02
5.623404684071862e-02

316
5.623413602298332e-02
5.623433466904958e-02
5.623290522630779e-02

317
5.623420527437124e-02
5.623698218802328e-02
5.621667685961244e-02

318
5.623545760979885e-02
5.627412932265027e-02
5.598758609604593e-02

319
5.624541750367482e-02
5.682641872951930e-02
5.274222868824441e-02

