#Cell 
# Element_0
# Element_1
0
1.191663241587526e+00
1.149618172392575e+00

1
1.182207168393336e+00
1.115645706147472e+00

2
1.172704972231602e+00
1.060406660375881e+00

3
1.163579209595970e+00
9.674578922821125e-01

4
1.155888155974113e+00
8.034193395872538e-01

5
1.112567844621527e+00
4.892506227488134e-01

6
8.581274416996683e-01
1.283727007691368e-01

7
9.092355621464270e-02
5.633851592006131e-02

8
5.623483644257629e-02
5.623413394435882e-02

9
5.623413252515988e-02
5.623413251904242e-02

10
5.623413251903005e-02
5.623413251903000e-02

11
5.623413251903000e-02
5.623413251903000e-02

12
5.623413251903000e-02
5.623413251903000e-02

13
5.623413251903000e-02
5.623413251903000e-02

14
5.623413251903000e-02
5.623413251903000e-02

15
5.623413251903000e-02
5.623413251903000e-02

16
5.623413251903000e-02
5.623413251903000e-02

17
5.623413251903000e-02
5.623413251896859e-02

18
5.623413251314974e-02
5.623412964867620e-02

19
5.623389795271090e-02
5.611947103391737e-02

