#Cell 
# Element_0
# Element_1
0
1.164250280140409e+00
1.163717510445564e+00

1
1.163339054328696e+00
1.162786578994370e+00

2
1.162392148870081e+00
1.161845801955940e+00

3
1.161446854044338e+00
1.160895754775237e+00

4
1.160492467613694e+00
1.159934824575787e+00

5
1.159527217059490e+00
1.158962224743456e+00

6
1.158549310775562e+00
1.157975957867678e+00

7
1.157551966281618e+00
1.156971665892826e+00

8
1.156542811114694e+00
1.155956138339435e+00

9
1.155526483100646e+00
1.154931119948043e+00

10
1.154502325976967e+00
1.153891388543900e+00

11
1.153449828239897e+00
1.152839641076267e+00

12
1.152389842202332e+00
1.151770719240059e+00

13
1.151317220630973e+00
1.150690131235601e+00

14
1.150232411496178e+00
1.149596032111588e+00

15
1.149130744011703e+00
1.148484012754001e+00

16
1.148005977913364e+00
1.147350357633409e+00

17
1.146868674535439e+00
1.146203875681604e+00

18
1.145717448117749e+00
1.145041339790584e+00

19
1.144542393426969e+00
1.143857389173221e+00

20
1.143353808354624e+00
1.142658124690599e+00

21
1.142149162952342e+00
1.141441548228362e+00

22
1.140921934434628e+00
1.140201840913133e+00

23
1.139676914009276e+00
1.138948498681755e+00

24
1.138417577144461e+00
1.137675185866364e+00

25
1.137151996567729e+00
1.136382722062557e+00

26
1.135836006321614e+00
1.135067410808625e+00

27
1.134541938528586e+00
1.133764340485808e+00

28
1.133145055986543e+00
1.132348313639647e+00

29
1.131766564876378e+00
1.130961065378102e+00

30
1.130370365976206e+00
1.129550480946955e+00

31
1.128949611079180e+00
1.128114388891658e+00

32
1.127502765706820e+00
1.126652871053673e+00

33
1.126031481679479e+00
1.125166181542837e+00

34
1.124532956406680e+00
1.123653133914362e+00

35
1.123007776393691e+00
1.122109862892947e+00

36
1.121453204836539e+00
1.120542171267090e+00

37
1.119874425593877e+00
1.118944856737301e+00

38
1.118268578327535e+00
1.117314044312546e+00

39
1.116667285428371e+00
1.115644814735588e+00

40
1.114939562885410e+00
1.113949573135191e+00

41
1.113227216958095e+00
1.112221540955268e+00

42
1.111484636704439e+00
1.110458243681877e+00

43
1.109708812659751e+00
1.108658745430216e+00

44
1.107893270729309e+00
1.106816081929591e+00

45
1.106027497563415e+00
1.104934727275269e+00

46
1.104133455386953e+00
1.103015800151058e+00

47
1.102193745262697e+00
1.101055864635291e+00

48
1.100220712921796e+00
1.099059068344651e+00

49
1.098210320832536e+00
1.097020980628903e+00

50
1.096150447411360e+00
1.094930066850459e+00

51
1.094028381523244e+00
1.092783520777738e+00

52
1.091876194129179e+00
1.090602655402999e+00

53
1.089685089638448e+00
1.088376207076376e+00

54
1.087405950205701e+00
1.086072503895305e+00

55
1.085095955464029e+00
1.083732840581964e+00

56
1.082735484558915e+00
1.081342786738178e+00

57
1.080320707444820e+00
1.078891990537626e+00

58
1.077841256529563e+00
1.076382541578347e+00

59
1.075315236904967e+00
1.073822315882307e+00

60
1.072737735339011e+00
1.071195232899200e+00

61
1.070165468098033e+00
1.068487989298763e+00

62
1.067345896352838e+00
1.065731785765765e+00

63
1.064607306576026e+00
1.062877652565678e+00

64
1.061682556811925e+00
1.059982983014219e+00

65
1.058789595880318e+00
1.056980144804722e+00

66
1.055720455855625e+00
1.053910806771448e+00

67
1.052601773068113e+00
1.050769705032464e+00

68
1.049421932040782e+00
1.047543689276899e+00

69
1.046171957403036e+00
1.044234354335324e+00

70
1.042872413214120e+00
1.040820839460816e+00

71
1.039382416935311e+00
1.037326729236873e+00

72
1.035950722798756e+00
1.033699459047455e+00

73
1.032154194079145e+00
1.029996729429643e+00

74
1.028408551363973e+00
1.026187465005457e+00

75
1.024557780493028e+00
1.022274885729177e+00

76
1.020604214073680e+00
1.018243403766182e+00

77
1.016567892090631e+00
1.014075421705651e+00

78
1.012298188290536e+00
1.009800482379551e+00

79
1.007961248494046e+00
1.005379560203558e+00

80
1.003520626463738e+00
1.000811668243234e+00

81
9.988425071039803e-01
9.961076904112176e-01

82
9.940859076298841e-01
9.912636798526504e-01

83
9.891871186972071e-01
9.862735670382339e-01

84
9.841311564649158e-01
9.811169855098951e-01

85
9.788863244997204e-01
9.757830437952949e-01

86
9.735240586543837e-01
9.702947382900731e-01

87
9.680990068385421e-01
9.645806855151632e-01

88
9.623176745437362e-01
9.586276782175472e-01

89
9.561351256474542e-01
9.525702367464466e-01

90
9.499485070423972e-01
9.461959099241792e-01

91
9.434849518728494e-01
9.396225160506780e-01

92
9.368400751013629e-01
9.328532281514456e-01

93
9.301518828500447e-01
9.257627171300652e-01

94
9.229575668078280e-01
9.183318736495469e-01

95
9.151754079899307e-01
9.107282433695035e-01

96
9.074558492618662e-01
9.028075621095358e-01

97
8.994804392175332e-01
8.945216086078166e-01

98
8.909818214829901e-01
8.859139156309197e-01

99
8.821538682134643e-01
8.768540005587478e-01

100
8.728424328789887e-01
8.672973076039031e-01

101
8.631951878598478e-01
8.574480281195126e-01

102
8.531744150271563e-01
8.471681265113555e-01

103
8.427235591930304e-01
8.364373053701056e-01

104
8.318448193990498e-01
8.252130510696923e-01

105
8.204054139841890e-01
8.130081548922528e-01

106
8.078893293734324e-01
8.005109398568306e-01

107
7.950441375565811e-01
7.870240051710522e-01

108
7.813045199932801e-01
7.729620428476607e-01

109
7.668738237688759e-01
7.579868130277871e-01

110
7.514392321167489e-01
7.422042337191272e-01

111
7.356681347058919e-01
7.257523296353123e-01

112
7.204785184554761e-01
7.061197583949632e-01

113
6.985105600002401e-01
6.864167000322181e-01

114
6.779532371074284e-01
6.648617356908798e-01

115
6.556475653397849e-01
6.423013461026922e-01

116
6.332132743740480e-01
6.184255910833820e-01

117
6.158665582981774e-01
5.838385146894390e-01

118
5.711587453491282e-01
5.516684519277500e-01

119
5.361753691137626e-01
5.134293592169790e-01

120
4.946537025885965e-01
4.670364200472881e-01

121
4.427742729626329e-01
4.077894922699671e-01

122
3.752121208168263e-01
3.254002380302664e-01

123
2.658288735397781e-01
1.688738748991178e-01

124
-3.092637200950602e-03
7.092170892717910e-02

125
5.939508179926860e-02
5.569474978773932e-02

126
5.606013152590580e-02
5.626555521695686e-02

127
5.624342100055960e-02
5.623245317825080e-02

128
5.623363919106626e-02
5.623422204036695e-02

129
5.623415855609459e-02
5.623412777833883e-02

130
5.623413115300651e-02
5.623413276853785e-02

131
5.623413259029152e-02
5.623413250597506e-02

132
5.623413251533251e-02
5.623413251970928e-02

133
5.623413251922085e-02
5.623413251899484e-02

134
5.623413251902019e-02
5.623413251903180e-02

135
5.623413251903051e-02
5.623413251902989e-02

136
5.623413251902997e-02
5.623413251903000e-02

137
5.623413251903000e-02
5.623413251903000e-02

138
5.623413251903000e-02
5.623413251903000e-02

139
5.623413251903000e-02
5.623413251903000e-02

140
5.623413251903000e-02
5.623413251903000e-02

141
5.623413251903000e-02
5.623413251903000e-02

142
5.623413251903000e-02
5.623413251903000e-02

143
5.623413251903000e-02
5.623413251903000e-02

144
5.623413251903000e-02
5.623413251903000e-02

145
5.623413251903000e-02
5.623413251903000e-02

146
5.623413251903000e-02
5.623413251903000e-02

147
5.623413251903000e-02
5.623413251903000e-02

148
5.623413251903000e-02
5.623413251903000e-02

149
5.623413251903000e-02
5.623413251903000e-02

150
5.623413251903000e-02
5.623413251903000e-02

151
5.623413251903000e-02
5.623413251903000e-02

152
5.623413251903000e-02
5.623413251903000e-02

153
5.623413251903000e-02
5.623413251903000e-02

154
5.623413251903000e-02
5.623413251903000e-02

155
5.623413251903000e-02
5.623413251903000e-02

156
5.623413251903000e-02
5.623413251903000e-02

157
5.623413251903000e-02
5.623413251903000e-02

158
5.623413251903000e-02
5.623413251903000e-02

159
5.623413251903000e-02
5.623413251903000e-02

160
5.623413251903000e-02
5.623413251903000e-02

161
5.623413251903000e-02
5.623413251903000e-02

162
5.623413251903000e-02
5.623413251903000e-02

163
5.623413251903000e-02
5.623413251903000e-02

164
5.623413251903000e-02
5.623413251903000e-02

165
5.623413251903000e-02
5.623413251903000e-02

166
5.623413251903000e-02
5.623413251903000e-02

167
5.623413251903000e-02
5.623413251903000e-02

168
5.623413251903000e-02
5.623413251903000e-02

169
5.623413251903000e-02
5.623413251903000e-02

170
5.623413251903000e-02
5.623413251903000e-02

171
5.623413251903000e-02
5.623413251903000e-02

172
5.623413251903000e-02
5.623413251903000e-02

173
5.623413251903000e-02
5.623413251903000e-02

174
5.623413251903000e-02
5.623413251903000e-02

175
5.623413251903000e-02
5.623413251903000e-02

176
5.623413251903000e-02
5.623413251903000e-02

177
5.623413251903000e-02
5.623413251903000e-02

178
5.623413251903000e-02
5.623413251903000e-02

179
5.623413251903000e-02
5.623413251903000e-02

180
5.623413251903000e-02
5.623413251903000e-02

181
5.623413251903000e-02
5.623413251903000e-02

182
5.623413251903000e-02
5.623413251903000e-02

183
5.623413251903000e-02
5.623413251903000e-02

184
5.623413251903000e-02
5.623413251903000e-02

185
5.623413251903000e-02
5.623413251903000e-02

186
5.623413251903000e-02
5.623413251903000e-02

187
5.623413251903000e-02
5.623413251903000e-02

188
5.623413251903000e-02
5.623413251903000e-02

189
5.623413251903000e-02
5.623413251903000e-02

190
5.623413251903000e-02
5.623413251903000e-02

191
5.623413251903000e-02
5.623413251903000e-02

192
5.623413251903000e-02
5.623413251903000e-02

193
5.623413251903000e-02
5.623413251903000e-02

194
5.623413251903000e-02
5.623413251903000e-02

195
5.623413251903000e-02
5.623413251903000e-02

196
5.623413251903000e-02
5.623413251903000e-02

197
5.623413251903000e-02
5.623413251903000e-02

198
5.623413251903000e-02
5.623413251903000e-02

199
5.623413251903000e-02
5.623413251903000e-02

200
5.623413251903000e-02
5.623413251903000e-02

201
5.623413251903000e-02
5.623413251903000e-02

202
5.623413251903000e-02
5.623413251903000e-02

203
5.623413251903000e-02
5.623413251903000e-02

204
5.623413251903000e-02
5.623413251903000e-02

205
5.623413251903000e-02
5.623413251903000e-02

206
5.623413251903000e-02
5.623413251903000e-02

207
5.623413251903000e-02
5.623413251903000e-02

208
5.623413251903000e-02
5.623413251903000e-02

209
5.623413251903000e-02
5.623413251903000e-02

210
5.623413251903000e-02
5.623413251903000e-02

211
5.623413251903000e-02
5.623413251903000e-02

212
5.623413251903000e-02
5.623413251903000e-02

213
5.623413251903000e-02
5.623413251903000e-02

214
5.623413251903000e-02
5.623413251903000e-02

215
5.623413251903000e-02
5.623413251903000e-02

216
5.623413251903000e-02
5.623413251903000e-02

217
5.623413251903000e-02
5.623413251903000e-02

218
5.623413251903000e-02
5.623413251903000e-02

219
5.623413251903000e-02
5.623413251903000e-02

220
5.623413251903000e-02
5.623413251903000e-02

221
5.623413251903000e-02
5.623413251903000e-02

222
5.623413251903000e-02
5.623413251903000e-02

223
5.623413251903000e-02
5.623413251903000e-02

224
5.623413251903000e-02
5.623413251903000e-02

225
5.623413251903000e-02
5.623413251903000e-02

226
5.623413251903000e-02
5.623413251903000e-02

227
5.623413251903000e-02
5.623413251903000e-02

228
5.623413251903000e-02
5.623413251903000e-02

229
5.623413251903000e-02
5.623413251903000e-02

230
5.623413251903000e-02
5.623413251903000e-02

231
5.623413251903000e-02
5.623413251903000e-02

232
5.623413251903000e-02
5.623413251903000e-02

233
5.623413251903000e-02
5.623413251903000e-02

234
5.623413251903000e-02
5.623413251903000e-02

235
5.623413251903000e-02
5.623413251903000e-02

236
5.623413251903000e-02
5.623413251903000e-02

237
5.623413251903000e-02
5.623413251903000e-02

238
5.623413251903000e-02
5.623413251903000e-02

239
5.623413251903000e-02
5.623413251903000e-02

240
5.623413251903000e-02
5.623413251903000e-02

241
5.623413251903000e-02
5.623413251903000e-02

242
5.623413251903000e-02
5.623413251903000e-02

243
5.623413251903000e-02
5.623413251903000e-02

244
5.623413251903000e-02
5.623413251903000e-02

245
5.623413251903000e-02
5.623413251903000e-02

246
5.623413251903000e-02
5.623413251903000e-02

247
5.623413251903000e-02
5.623413251903000e-02

248
5.623413251903000e-02
5.623413251903000e-02

249
5.623413251903000e-02
5.623413251903000e-02

250
5.623413251903000e-02
5.623413251903000e-02

251
5.623413251903000e-02
5.623413251903000e-02

252
5.623413251903000e-02
5.623413251903000e-02

253
5.623413251903000e-02
5.623413251903000e-02

254
5.623413251903000e-02
5.623413251903000e-02

255
5.623413251903000e-02
5.623413251903000e-02

256
5.623413251903000e-02
5.623413251903000e-02

257
5.623413251903000e-02
5.623413251903000e-02

258
5.623413251903000e-02
5.623413251903000e-02

259
5.623413251903000e-02
5.623413251903000e-02

260
5.623413251903000e-02
5.623413251903000e-02

261
5.623413251903000e-02
5.623413251903000e-02

262
5.623413251903000e-02
5.623413251903000e-02

263
5.623413251903000e-02
5.623413251903000e-02

264
5.623413251903000e-02
5.623413251903000e-02

265
5.623413251903000e-02
5.623413251903000e-02

266
5.623413251903000e-02
5.623413251903000e-02

267
5.623413251903000e-02
5.623413251903000e-02

268
5.623413251903000e-02
5.623413251903000e-02

269
5.623413251903000e-02
5.623413251903000e-02

270
5.623413251903000e-02
5.623413251903000e-02

271
5.623413251903000e-02
5.623413251903000e-02

272
5.623413251903000e-02
5.623413251903000e-02

273
5.623413251903000e-02
5.623413251903000e-02

274
5.623413251903000e-02
5.623413251903000e-02

275
5.623413251903000e-02
5.623413251903000e-02

276
5.623413251903000e-02
5.623413251903000e-02

277
5.623413251903000e-02
5.623413251903000e-02

278
5.623413251903000e-02
5.623413251903000e-02

279
5.623413251903000e-02
5.623413251903000e-02

280
5.623413251903000e-02
5.623413251903000e-02

281
5.623413251903000e-02
5.623413251903000e-02

282
5.623413251903000e-02
5.623413251903000e-02

283
5.623413251903000e-02
5.623413251903000e-02

284
5.623413251903000e-02
5.623413251903000e-02

285
5.623413251903000e-02
5.623413251903000e-02

286
5.623413251903000e-02
5.623413251903000e-02

287
5.623413251903000e-02
5.623413251903000e-02

288
5.623413251903000e-02
5.623413251903000e-02

289
5.623413251903000e-02
5.623413251903000e-02

290
5.623413251903000e-02
5.623413251903000e-02

291
5.623413251903000e-02
5.623413251903000e-02

292
5.623413251903000e-02
5.623413251903000e-02

293
5.623413251903000e-02
5.623413251903000e-02

294
5.623413251903000e-02
5.623413251903000e-02

295
5.623413251903000e-02
5.623413251903000e-02

296
5.623413251903000e-02
5.623413251903000e-02

297
5.623413251903000e-02
5.623413251903000e-02

298
5.623413251903000e-02
5.623413251903000e-02

299
5.623413251903000e-02
5.623413251903000e-02

300
5.623413251903000e-02
5.623413251903000e-02

301
5.623413251903000e-02
5.623413251903000e-02

302
5.623413251903000e-02
5.623413251903000e-02

303
5.623413251903000e-02
5.623413251903000e-02

304
5.623413251903000e-02
5.623413251903000e-02

305
5.623413251903000e-02
5.623413251903000e-02

306
5.623413251903000e-02
5.623413251903000e-02

307
5.623413251903000e-02
5.623413251903000e-02

308
5.623413251903000e-02
5.623413251903076e-02

309
5.623413251903196e-02
5.623413251901645e-02

310
5.623413251899933e-02
5.623413251922391e-02

311
5.623413251945954e-02
5.623413251630643e-02

312
5.623413251311824e-02
5.623413255680246e-02

313
5.623413259912258e-02
5.623413200265789e-02

314
5.623413145356847e-02
5.623413946193152e-02

315
5.623414638903016e-02
5.623404096448156e-02

316
5.623395665381910e-02
5.623531213025202e-02

317
5.623629121280996e-02
5.621935682296515e-02

318
5.620889205191634e-02
5.641230643775711e-02

319
5.653197220194457e-02
5.413369791218047e-02

