#Cell 
# Element_0
# Element_1
# Element_2
# Element_3
0
1.164370686950576e+00
1.164132383214573e+00
1.163819279955692e+00
1.163580167956484e+00

1
1.163451419886270e+00
1.163209484286627e+00
1.162892766838877e+00
1.162649194587049e+00

2
1.162519041289303e+00
1.162274308031704e+00
1.161953898151606e+00
1.161707479735125e+00

3
1.161575791962048e+00
1.161328189255804e+00
1.161003840729936e+00
1.160756107521884e+00

4
1.160621593714172e+00
1.160370987311946e+00
1.160042826689279e+00
1.159790451502020e+00

5
1.159655602331572e+00
1.159401660212594e+00
1.159069763456923e+00
1.158812268569565e+00

6
1.158675807774754e+00
1.158418944370999e+00
1.158082561819903e+00
1.157823693491372e+00

7
1.157685556200748e+00
1.157425342869880e+00
1.157084834913865e+00
1.156822307942853e+00

8
1.156682020177877e+00
1.156418576403193e+00
1.156073525986088e+00
1.155808055006927e+00

9
1.155666205919653e+00
1.155399300377136e+00
1.155049797466013e+00
1.154780508918435e+00

10
1.154636880191418e+00
1.154366309126603e+00
1.154012347741510e+00
1.153738931450711e+00

11
1.153592896816709e+00
1.153318851877897e+00
1.152959858331430e+00
1.152683601920993e+00

12
1.152535904788057e+00
1.152258296606341e+00
1.151894149127234e+00
1.151614838893913e+00

13
1.151465589726933e+00
1.151184006655802e+00
1.150815070028986e+00
1.150531088816062e+00

14
1.150379371436673e+00
1.150093831233153e+00
1.149719710216220e+00
1.149431714921801e+00

15
1.149277854995314e+00
1.148988240301275e+00
1.148608747882959e+00
1.148316607410081e+00

16
1.148160516439244e+00
1.147866770550717e+00
1.147481713375351e+00
1.147185560179668e+00

17
1.147027324767744e+00
1.146729273799846e+00
1.146338646391264e+00
1.146037885087158e+00

18
1.145877192522389e+00
1.145574691087639e+00
1.145178237670369e+00
1.144873009695044e+00

19
1.144709866793085e+00
1.144402811630187e+00
1.144000367057990e+00
1.143690483922578e+00

20
1.143524882846146e+00
1.143213142572220e+00
1.142804529653039e+00
1.142489898644500e+00

21
1.142321718410190e+00
1.142005151842115e+00
1.141590188043194e+00
1.141270649965570e+00

22
1.141099829717587e+00
1.140778336557360e+00
1.140356775217363e+00
1.140032300468744e+00

23
1.139858875863443e+00
1.139532212791585e+00
1.139103982897232e+00
1.138774184614415e+00

24
1.138597874270666e+00
1.138265962971337e+00
1.137830802513436e+00
1.137495630951882e+00

25
1.137316465655945e+00
1.136979135094427e+00
1.136536839738469e+00
1.136196166235854e+00

26
1.136014019362387e+00
1.135671136421783e+00
1.135221430830671e+00
1.134875167675945e+00

27
1.134690067713486e+00
1.134341384255968e+00
1.133884168608898e+00
1.133531947462472e+00

28
1.133343628974755e+00
1.132989067711848e+00
1.132523999311315e+00
1.132165828415482e+00

29
1.131974346321935e+00
1.131613632776790e+00
1.131140578527585e+00
1.130776122068378e+00

30
1.130581229875256e+00
1.130214244686845e+00
1.129732912745372e+00
1.129362047985176e+00

31
1.129163734672862e+00
1.128790269163220e+00
1.128300403083387e+00
1.127922940388213e+00

32
1.127721080370687e+00
1.127340937157623e+00
1.126842280386598e+00
1.126458021062346e+00

33
1.126252513889412e+00
1.125865487156125e+00
1.125357772323764e+00
1.124966503686477e+00

34
1.124757239712097e+00
1.124363118547998e+00
1.123846056150181e+00
1.123447560025704e+00

35
1.123234422311111e+00
1.122832989047448e+00
1.122306298915349e+00
1.121900347333675e+00

36
1.121683222769873e+00
1.121274247533630e+00
1.120737624401963e+00
1.120323997677351e+00

37
1.120102745189463e+00
1.119685993126569e+00
1.119139131072218e+00
1.118717580835792e+00

38
1.118492086543066e+00
1.118067315340054e+00
1.117509893605406e+00
1.117080178384840e+00

39
1.116850304971118e+00
1.116417262181344e+00
1.115848945406257e+00
1.115410797058434e+00

40
1.115176402888090e+00
1.114734829512862e+00
1.114155278495142e+00
1.113708437113047e+00

41
1.113469383106088e+00
1.113019006857579e+00
1.112427859531351e+00
1.111972046644164e+00

42
1.111728179426089e+00
1.111268717913791e+00
1.110665605905720e+00
1.110200541483292e+00

43
1.109951707029922e+00
1.109482871639987e+00
1.108867414595070e+00
1.108392800896586e+00

44
1.108138846951118e+00
1.107660336303766e+00
1.107032131332094e+00
1.106547650063341e+00

45
1.106288401752992e+00
1.105799903408862e+00
1.105158543025398e+00
1.104663880765140e+00

46
1.104399174798472e+00
1.103900365240460e+00
1.103245418817516e+00
1.102740239906306e+00

47
1.102469895134461e+00
1.101960434535788e+00
1.101291457632509e+00
1.100775424171986e+00

48
1.100499264011206e+00
1.099978809930130e+00
1.099295328109587e+00
1.098768020945281e+00

49
1.098485845195954e+00
1.097954002336151e+00
1.097255556122881e+00
1.096716715617165e+00

50
1.096428309526372e+00
1.095884743269046e+00
1.095170828842378e+00
1.094620011682207e+00

51
1.094325187879092e+00
1.093769491423799e+00
1.093039590700063e+00
1.092476399336254e+00

52
1.092174932858643e+00
1.091606693275876e+00
1.090860263410201e+00
1.090284274961728e+00

53
1.089975948483039e+00
1.089394746020476e+00
1.088631233602205e+00
1.088042021526673e+00

54
1.087726598440689e+00
1.087131990738100e+00
1.086350807745968e+00
1.085747914457628e+00

55
1.085425149577277e+00
1.084816674902733e+00
1.084017216132724e+00
1.083400174034441e+00

56
1.083069817789992e+00
1.082447000047776e+00
1.081628646678808e+00
1.080996972683907e+00

57
1.080658762757755e+00
1.080021108647601e+00
1.079183184233271e+00
1.078536359010002e+00

58
1.078190046109895e+00
1.077537000774959e+00
1.076678805962126e+00
1.076016280625698e+00

59
1.075661504408410e+00
1.074992565757224e+00
1.074113423997599e+00
1.073434681929897e+00

60
1.073071227787404e+00
1.072385840939485e+00
1.071484970891237e+00
1.070789294510038e+00

61
1.070416796488132e+00
1.069714328767613e+00
1.068790975454608e+00
1.068077978553949e+00

62
1.067696129420351e+00
1.066976007871585e+00
1.066029355436728e+00
1.065298307740409e+00

63
1.064906766361773e+00
1.064168331606825e+00
1.063197517342433e+00
1.062447764355318e+00

64
1.062046182517086e+00
1.061288766841517e+00
1.060292911622080e+00
1.059523738496206e+00

65
1.059111738939315e+00
1.058334630907463e+00
1.057312797527533e+00
1.056523494763477e+00

66
1.056100690065238e+00
1.055303157765458e+00
1.054254380212456e+00
1.053444195817324e+00

67
1.053010180585265e+00
1.052191453428021e+00
1.051114707356359e+00
1.050282843637093e+00

68
1.049837187319019e+00
1.048996453920608e+00
1.047890671171389e+00
1.047036302168030e+00

69
1.046578561517559e+00
1.045714982285858e+00
1.044579049541178e+00
1.043701305596397e+00

70
1.043231032406814e+00
1.042343706100961e+00
1.041176418996326e+00
1.040274214772651e+00

71
1.039790857437638e+00
1.038878823106816e+00
1.037678967994286e+00
1.036751660065409e+00

72
1.036254747271197e+00
1.035317089879823e+00
1.034083363803877e+00
1.033129781192713e+00

73
1.032618756460565e+00
1.031654406019576e+00
1.030385434502165e+00
1.029404515251277e+00

74
1.028878806573704e+00
1.027886681541987e+00
1.026581030988976e+00
1.025571655908892e+00

75
1.025030660066291e+00
1.024009612634787e+00
1.022665756715463e+00
1.021626735487725e+00

76
1.021069811594218e+00
1.020018629884722e+00
1.018634967994012e+00
1.017565058118229e+00

77
1.016991536392159e+00
1.015908949350990e+00
1.014483791541727e+00
1.013381671820701e+00

78
1.012790839074269e+00
1.011675490789805e+00
1.010207037052911e+00
1.009071306540159e+00

79
1.008462411203646e+00
1.007312877170454e+00
1.005799240152775e+00
1.004628426955178e+00

80
1.004000673670682e+00
1.002815442310554e+00
1.001254609007790e+00
1.000047139115031e+00

81
9.993996759766046e-01
9.981771277073760e-01
9.965669812828830e-01
9.953212122159485e-01

82
9.946531480890989e-01
9.933916076280862e-01
9.917298587971837e-01
9.904439944485245e-01

83
9.897543776104961e-01
9.884520123695240e-01
9.867362573488195e-01
9.854084206018972e-01

84
9.846962309067638e-01
9.833511131789704e-01
9.815787914999342e-01
9.802069865650964e-01

85
9.794711449549264e-01
9.780812243220890e-01
9.762496037814988e-01
9.748316939971866e-01

86
9.740710800958795e-01
9.726341301213265e-01
9.707402417921074e-01
9.692736046042093e-01

87
9.684868613791355e-01
9.670004909820092e-01
9.650412290244823e-01
9.635240349796914e-01

88
9.627099450968905e-01
9.611717437742855e-01
9.591437428118541e-01
9.575730435131213e-01

89
9.567301542086981e-01
9.551373486294298e-01
9.530369917160915e-01
9.514099678242807e-01

90
9.505367497009983e-01
9.488864324244162e-01
9.467098358028624e-01
9.450234376776384e-01

91
9.441182400492165e-01
9.424072621615479e-01
9.401502167523550e-01
9.384011425267869e-01

92
9.374621790167541e-01
9.356871338785817e-01
9.333451476242521e-01
9.315298926427773e-01

93
9.305553372136648e-01
9.287124603468138e-01
9.262804830302840e-01
9.243948754377637e-01

94
9.233823307501283e-01
9.214676579271392e-01
9.189404318497101e-01
9.169806879513199e-01

95
9.159281566052510e-01
9.139375314627173e-01
9.113092193260710e-01
9.092705759456926e-01

96
9.081754868602616e-01
9.061040079544725e-01
9.033682204147414e-01
9.012456416583605e-01

97
9.001052578293017e-01
8.979477062552353e-01
8.950974463811708e-01
8.928854261198730e-01

98
8.916967584276821e-01
8.894474132015036e-01
8.864749883627708e-01
8.841674478156908e-01

99
8.829271919902429e-01
8.805797227685234e-01
8.774766133081404e-01
8.750668186861514e-01

100
8.737713144450767e-01
8.713187166496924e-01
8.680754994579465e-01
8.655559940511224e-01

101
8.642011769640442e-01
8.616356375208764e-01
8.582418457563363e-01
8.556043470653699e-01

102
8.541856710145557e-01
8.514985025102840e-01
8.479423237702417e-01
8.451774565158988e-01

103
8.436898429977018e-01
8.408712659006470e-01
8.371394831226217e-01
8.342367322614992e-01

104
8.326744393047073e-01
8.297134011051496e-01
8.257909822764394e-01
8.227384449631561e-01

105
8.210949494107050e-01
8.179788857112266e-01
8.138488057073188e-01
8.106327475094462e-01

106
8.089005897343191e-01
8.056151150066785e-01
8.012578084556305e-01
7.978626612533599e-01

107
7.960332564056940e-01
7.925617782352498e-01
7.879546054290807e-01
7.843622156563655e-01

108
7.824255943347533e-01
7.787488335188015e-01
7.738654399570526e-01
7.700546171653979e-01

109
7.679991100077729e-01
7.640944296491385e-01
7.589037455523959e-01
7.548494239388314e-01

110
7.526612024467808e-01
7.485017163416758e-01
7.429667208188011e-01
7.386389439826734e-01

111
7.363014534896045e-01
7.318548674138939e-01
7.259309876622805e-01
7.212936649178374e-01

112
7.187867937686969e-01
7.140138803990113e-01
7.076464654125991e-01
7.026546187136599e-01

113
6.999535100282057e-01
6.948054800968569e-01
6.879264827237975e-01
6.825243858726366e-01

114
6.795978175493891e-01
6.740131573199987e-01
6.665360619872822e-01
6.606521192182223e-01

115
6.574599000310521e-01
6.513590346463217e-01
6.431710402157147e-01
6.367111256407163e-01

116
6.332001098337207e-01
6.264772036760675e-01
6.174268528896170e-01
6.102632677539785e-01

117
6.063607926138056e-01
5.988699480307409e-01
5.887457443407935e-01
5.806977744147575e-01

118
5.763000487011675e-01
5.678307356313110e-01
5.563224356302184e-01
5.471203038492848e-01

119
5.420704348556312e-01
5.323000694265791e-01
5.189213892906941e-01
5.081315970351581e-01

120
5.021735471848517e-01
4.905630150465673e-01
4.744737562953377e-01
4.613116945362687e-01

121
4.539692242708540e-01
4.394936792560023e-01
4.190100719936128e-01
4.018344493043222e-01

122
3.920510110701449e-01
3.722959469916356e-01
3.429891951177619e-01
3.168359890371854e-01

123
3.010080872383891e-01
2.669296453170179e-01
2.032285422920094e-01
1.204457574853383e-01

124
5.927657532289630e-02
5.557245961121058e-02
5.661279630616450e-02
5.606756380566819e-02

125
5.616665736113402e-02
5.626200981005352e-02
5.621931133654295e-02
5.624352372093609e-02

126
5.623451958954506e-02
5.623330041104755e-02
5.623465426006837e-02
5.623363099066413e-02

127
5.623424700060192e-02
5.623414989859193e-02
5.623411589368907e-02
5.623415923572093e-02

128
5.623412082230041e-02
5.623413271682442e-02
5.623413293805715e-02
5.623413109894242e-02

129
5.623413337385032e-02
5.623413246168078e-02
5.623413251620683e-02
5.623413259441234e-02

130
5.623413246388009e-02
5.623413252404930e-02
5.623413251835908e-02
5.623413251503325e-02

131
5.623413252236972e-02
5.623413251867895e-02
5.623413251910094e-02
5.623413251924153e-02

132
5.623413251883497e-02
5.623413251905236e-02
5.623413251902466e-02
5.623413251901882e-02

133
5.623413251904111e-02
5.623413251902866e-02
5.623413251903032e-02
5.623413251903056e-02

134
5.623413251902933e-02
5.623413251903010e-02
5.623413251902997e-02
5.623413251902995e-02

135
5.623413251902999e-02
5.623413251903000e-02
5.623413251903000e-02
5.623413251903000e-02

136
5.623413251903000e-02
5.623413251903000e-02
5.623413251903000e-02
5.623413251903000e-02

137
5.623413251903000e-02
5.623413251903000e-02
5.623413251903000e-02
5.623413251903000e-02

138
5.623413251903000e-02
5.623413251903000e-02
5.623413251903000e-02
5.623413251903000e-02

139
5.623413251903000e-02
5.623413251903000e-02
5.623413251903000e-02
5.623413251903000e-02

140
5.623413251903000e-02
5.623413251903000e-02
5.623413251903000e-02
5.623413251903000e-02

141
5.623413251903000e-02
5.623413251903000e-02
5.623413251903000e-02
5.623413251903000e-02

142
5.623413251903000e-02
5.623413251903000e-02
5.623413251903000e-02
5.623413251903000e-02

143
5.623413251903000e-02
5.623413251903000e-02
5.623413251903000e-02
5.623413251903000e-02

144
5.623413251903000e-02
5.623413251903000e-02
5.623413251903000e-02
5.623413251903000e-02

145
5.623413251903000e-02
5.623413251903000e-02
5.623413251903000e-02
5.623413251903000e-02

146
5.623413251903000e-02
5.623413251903000e-02
5.623413251903000e-02
5.623413251903000e-02

147
5.623413251903000e-02
5.623413251903000e-02
5.623413251903000e-02
5.623413251903000e-02

148
5.623413251903000e-02
5.623413251903000e-02
5.623413251903000e-02
5.623413251903000e-02

149
5.623413251903000e-02
5.623413251903000e-02
5.623413251903000e-02
5.623413251903000e-02

150
5.623413251903000e-02
5.623413251903000e-02
5.623413251903000e-02
5.623413251903000e-02

151
5.623413251903000e-02
5.623413251903000e-02
5.623413251903000e-02
5.623413251903000e-02

152
5.623413251903000e-02
5.623413251903000e-02
5.623413251903000e-02
5.623413251903000e-02

153
5.623413251903000e-02
5.623413251903000e-02
5.623413251903000e-02
5.623413251903000e-02

154
5.623413251903000e-02
5.623413251903000e-02
5.623413251903000e-02
5.623413251903000e-02

155
5.623413251903000e-02
5.623413251903000e-02
5.623413251903000e-02
5.623413251903000e-02

156
5.623413251903000e-02
5.623413251903000e-02
5.623413251903000e-02
5.623413251903000e-02

157
5.623413251903000e-02
5.623413251903000e-02
5.623413251903000e-02
5.623413251903000e-02

158
5.623413251903000e-02
5.623413251903000e-02
5.623413251903000e-02
5.623413251903000e-02

159
5.623413251903000e-02
5.623413251903000e-02
5.623413251903000e-02
5.623413251903000e-02

160
5.623413251903000e-02
5.623413251903000e-02
5.623413251903000e-02
5.623413251903000e-02

161
5.623413251903000e-02
5.623413251903000e-02
5.623413251903000e-02
5.623413251903000e-02

162
5.623413251903000e-02
5.623413251903000e-02
5.623413251903000e-02
5.623413251903000e-02

163
5.623413251903000e-02
5.623413251903000e-02
5.623413251903000e-02
5.623413251903000e-02

164
5.623413251903000e-02
5.623413251903000e-02
5.623413251903000e-02
5.623413251903000e-02

165
5.623413251903000e-02
5.623413251903000e-02
5.623413251903000e-02
5.623413251903000e-02

166
5.623413251903000e-02
5.623413251903000e-02
5.623413251903000e-02
5.623413251903000e-02

167
5.623413251903000e-02
5.623413251903000e-02
5.623413251903000e-02
5.623413251903000e-02

168
5.623413251903000e-02
5.623413251903000e-02
5.623413251903000e-02
5.623413251903000e-02

169
5.623413251903000e-02
5.623413251903000e-02
5.623413251903000e-02
5.623413251903000e-02

170
5.623413251903000e-02
5.623413251903000e-02
5.623413251903000e-02
5.623413251903000e-02

171
5.623413251903000e-02
5.623413251903000e-02
5.623413251903000e-02
5.623413251903000e-02

172
5.623413251903000e-02
5.623413251903000e-02
5.623413251903000e-02
5.623413251903000e-02

173
5.623413251903000e-02
5.623413251903000e-02
5.623413251903000e-02
5.623413251903000e-02

174
5.623413251903000e-02
5.623413251903000e-02
5.623413251903000e-02
5.623413251903000e-02

175
5.623413251903000e-02
5.623413251903000e-02
5.623413251903000e-02
5.623413251903000e-02

176
5.623413251903000e-02
5.623413251903000e-02
5.623413251903000e-02
5.623413251903000e-02

177
5.623413251903000e-02
5.623413251903000e-02
5.623413251903000e-02
5.623413251903000e-02

178
5.623413251903000e-02
5.623413251903000e-02
5.623413251903000e-02
5.623413251903000e-02

179
5.623413251903000e-02
5.623413251903000e-02
5.623413251903000e-02
5.623413251903000e-02

180
5.623413251903000e-02
5.623413251903000e-02
5.623413251903000e-02
5.623413251903000e-02

181
5.623413251903000e-02
5.623413251903000e-02
5.623413251903000e-02
5.623413251903000e-02

182
5.623413251903000e-02
5.623413251903000e-02
5.623413251903000e-02
5.623413251903000e-02

183
5.623413251903000e-02
5.623413251903000e-02
5.623413251903000e-02
5.623413251903000e-02

184
5.623413251903000e-02
5.623413251903000e-02
5.623413251903000e-02
5.623413251903000e-02

185
5.623413251903000e-02
5.623413251903000e-02
5.623413251903000e-02
5.623413251903000e-02

186
5.623413251903000e-02
5.623413251903000e-02
5.623413251903000e-02
5.623413251903000e-02

187
5.623413251903000e-02
5.623413251903000e-02
5.623413251903000e-02
5.623413251903000e-02

188
5.623413251903000e-02
5.623413251903000e-02
5.623413251903000e-02
5.623413251903000e-02

189
5.623413251903000e-02
5.623413251903000e-02
5.623413251903000e-02
5.623413251903000e-02

190
5.623413251903000e-02
5.623413251903000e-02
5.623413251903000e-02
5.623413251903000e-02

191
5.623413251903000e-02
5.623413251903000e-02
5.623413251903000e-02
5.623413251903000e-02

192
5.623413251903000e-02
5.623413251903000e-02
5.623413251903000e-02
5.623413251903000e-02

193
5.623413251903000e-02
5.623413251903000e-02
5.623413251903000e-02
5.623413251903000e-02

194
5.623413251903000e-02
5.623413251903000e-02
5.623413251903000e-02
5.623413251903000e-02

195
5.623413251903000e-02
5.623413251903000e-02
5.623413251903000e-02
5.623413251903000e-02

196
5.623413251903000e-02
5.623413251903000e-02
5.623413251903000e-02
5.623413251903000e-02

197
5.623413251903000e-02
5.623413251903000e-02
5.623413251903000e-02
5.623413251903000e-02

198
5.623413251903000e-02
5.623413251903000e-02
5.623413251903000e-02
5.623413251903000e-02

199
5.623413251903000e-02
5.623413251903000e-02
5.623413251903000e-02
5.623413251903000e-02

200
5.623413251903000e-02
5.623413251903000e-02
5.623413251903000e-02
5.623413251903000e-02

201
5.623413251903000e-02
5.623413251903000e-02
5.623413251903000e-02
5.623413251903000e-02

202
5.623413251903000e-02
5.623413251903000e-02
5.623413251903000e-02
5.623413251903000e-02

203
5.623413251903000e-02
5.623413251903000e-02
5.623413251903000e-02
5.623413251903000e-02

204
5.623413251903000e-02
5.623413251903000e-02
5.623413251903000e-02
5.623413251903000e-02

205
5.623413251903000e-02
5.623413251903000e-02
5.623413251903000e-02
5.623413251903000e-02

206
5.623413251903000e-02
5.623413251903000e-02
5.623413251903000e-02
5.623413251903000e-02

207
5.623413251903000e-02
5.623413251903000e-02
5.623413251903000e-02
5.623413251903000e-02

208
5.623413251903000e-02
5.623413251903000e-02
5.623413251903000e-02
5.623413251903000e-02

209
5.623413251903000e-02
5.623413251903000e-02
5.623413251903000e-02
5.623413251903000e-02

210
5.623413251903000e-02
5.623413251903000e-02
5.623413251903000e-02
5.623413251903000e-02

211
5.623413251903000e-02
5.623413251903000e-02
5.623413251903000e-02
5.623413251903000e-02

212
5.623413251903000e-02
5.623413251903000e-02
5.623413251903000e-02
5.623413251903000e-02

213
5.623413251903000e-02
5.623413251903000e-02
5.623413251903000e-02
5.623413251903000e-02

214
5.623413251903000e-02
5.623413251903000e-02
5.623413251903000e-02
5.623413251903000e-02

215
5.623413251903000e-02
5.623413251903000e-02
5.623413251903000e-02
5.623413251903000e-02

216
5.623413251903000e-02
5.623413251903000e-02
5.623413251903000e-02
5.623413251903000e-02

217
5.623413251903000e-02
5.623413251903000e-02
5.623413251903000e-02
5.623413251903000e-02

218
5.623413251903000e-02
5.623413251903000e-02
5.623413251903000e-02
5.623413251903000e-02

219
5.623413251903000e-02
5.623413251903000e-02
5.623413251903000e-02
5.623413251903000e-02

220
5.623413251903000e-02
5.623413251903000e-02
5.623413251903000e-02
5.623413251903000e-02

221
5.623413251903000e-02
5.623413251903000e-02
5.623413251903000e-02
5.623413251903000e-02

222
5.623413251903000e-02
5.623413251903000e-02
5.623413251903000e-02
5.623413251903000e-02

223
5.623413251903000e-02
5.623413251903000e-02
5.623413251903000e-02
5.623413251903000e-02

224
5.623413251903000e-02
5.623413251903000e-02
5.623413251903000e-02
5.623413251903000e-02

225
5.623413251903000e-02
5.623413251903000e-02
5.623413251903000e-02
5.623413251903000e-02

226
5.623413251903000e-02
5.623413251903000e-02
5.623413251903000e-02
5.623413251903000e-02

227
5.623413251903000e-02
5.623413251903000e-02
5.623413251903000e-02
5.623413251903000e-02

228
5.623413251903000e-02
5.623413251903000e-02
5.623413251903000e-02
5.623413251903000e-02

229
5.623413251903000e-02
5.623413251903000e-02
5.623413251903000e-02
5.623413251903000e-02

230
5.623413251903000e-02
5.623413251903000e-02
5.623413251903000e-02
5.623413251903000e-02

231
5.623413251903000e-02
5.623413251903000e-02
5.623413251903000e-02
5.623413251903000e-02

232
5.623413251903000e-02
5.623413251903000e-02
5.623413251903000e-02
5.623413251903000e-02

233
5.623413251903000e-02
5.623413251903000e-02
5.623413251903000e-02
5.623413251903000e-02

234
5.623413251903000e-02
5.623413251903000e-02
5.623413251903000e-02
5.623413251903000e-02

235
5.623413251903000e-02
5.623413251903000e-02
5.623413251903000e-02
5.623413251903000e-02

236
5.623413251903000e-02
5.623413251903000e-02
5.623413251903000e-02
5.623413251903000e-02

237
5.623413251903000e-02
5.623413251903000e-02
5.623413251903000e-02
5.623413251903000e-02

238
5.623413251903000e-02
5.623413251903000e-02
5.623413251903000e-02
5.623413251903000e-02

239
5.623413251903000e-02
5.623413251903000e-02
5.623413251903000e-02
5.623413251903000e-02

240
5.623413251903000e-02
5.623413251903000e-02
5.623413251903000e-02
5.623413251903000e-02

241
5.623413251903000e-02
5.623413251903000e-02
5.623413251903000e-02
5.623413251903000e-02

242
5.623413251903000e-02
5.623413251903000e-02
5.623413251903000e-02
5.623413251903000e-02

243
5.623413251903000e-02
5.623413251903000e-02
5.623413251903000e-02
5.623413251903000e-02

244
5.623413251903000e-02
5.623413251903000e-02
5.623413251903000e-02
5.623413251903000e-02

245
5.623413251903000e-02
5.623413251903000e-02
5.623413251903000e-02
5.623413251903000e-02

246
5.623413251903000e-02
5.623413251903000e-02
5.623413251903000e-02
5.623413251903000e-02

247
5.623413251903000e-02
5.623413251903000e-02
5.623413251903000e-02
5.623413251903000e-02

248
5.623413251903000e-02
5.623413251903000e-02
5.623413251903000e-02
5.623413251903000e-02

249
5.623413251903000e-02
5.623413251903000e-02
5.623413251903000e-02
5.623413251903000e-02

250
5.623413251903000e-02
5.623413251903000e-02
5.623413251903000e-02
5.623413251903000e-02

251
5.623413251903000e-02
5.623413251903000e-02
5.623413251903000e-02
5.623413251903000e-02

252
5.623413251903000e-02
5.623413251903000e-02
5.623413251903000e-02
5.623413251903000e-02

253
5.623413251903000e-02
5.623413251903000e-02
5.623413251903000e-02
5.623413251903000e-02

254
5.623413251903000e-02
5.623413251903000e-02
5.623413251903000e-02
5.623413251903000e-02

255
5.623413251903000e-02
5.623413251903000e-02
5.623413251903000e-02
5.623413251903000e-02

256
5.623413251903000e-02
5.623413251903000e-02
5.623413251903000e-02
5.623413251903000e-02

257
5.623413251903000e-02
5.623413251903000e-02
5.623413251903000e-02
5.623413251903000e-02

258
5.623413251903000e-02
5.623413251903000e-02
5.623413251903000e-02
5.623413251903000e-02

259
5.623413251903000e-02
5.623413251903000e-02
5.623413251903000e-02
5.623413251903000e-02

260
5.623413251903000e-02
5.623413251903000e-02
5.623413251903000e-02
5.623413251903000e-02

261
5.623413251903000e-02
5.623413251903000e-02
5.623413251903000e-02
5.623413251903000e-02

262
5.623413251903000e-02
5.623413251903000e-02
5.623413251903000e-02
5.623413251903000e-02

263
5.623413251903000e-02
5.623413251903000e-02
5.623413251903000e-02
5.623413251903000e-02

264
5.623413251903000e-02
5.623413251903000e-02
5.623413251903000e-02
5.623413251903000e-02

265
5.623413251903000e-02
5.623413251903000e-02
5.623413251903000e-02
5.623413251903000e-02

266
5.623413251903000e-02
5.623413251903000e-02
5.623413251903000e-02
5.623413251903000e-02

267
5.623413251903000e-02
5.623413251903000e-02
5.623413251903000e-02
5.623413251903000e-02

268
5.623413251903000e-02
5.623413251903000e-02
5.623413251903000e-02
5.623413251903000e-02

269
5.623413251903000e-02
5.623413251903000e-02
5.623413251903000e-02
5.623413251903000e-02

270
5.623413251903000e-02
5.623413251903000e-02
5.623413251903000e-02
5.623413251903000e-02

271
5.623413251903000e-02
5.623413251903000e-02
5.623413251903000e-02
5.623413251903000e-02

272
5.623413251903000e-02
5.623413251903000e-02
5.623413251903000e-02
5.623413251903000e-02

273
5.623413251903000e-02
5.623413251903000e-02
5.623413251903000e-02
5.623413251903000e-02

274
5.623413251903000e-02
5.623413251903000e-02
5.623413251903000e-02
5.623413251903000e-02

275
5.623413251903000e-02
5.623413251903000e-02
5.623413251903000e-02
5.623413251903000e-02

276
5.623413251903000e-02
5.623413251903000e-02
5.623413251903000e-02
5.623413251903000e-02

277
5.623413251903000e-02
5.623413251903000e-02
5.623413251903000e-02
5.623413251903000e-02

278
5.623413251903000e-02
5.623413251903000e-02
5.623413251903000e-02
5.623413251903000e-02

279
5.623413251903000e-02
5.623413251903000e-02
5.623413251903000e-02
5.623413251903000e-02

280
5.623413251903000e-02
5.623413251903000e-02
5.623413251903000e-02
5.623413251903000e-02

281
5.623413251903000e-02
5.623413251903000e-02
5.623413251903000e-02
5.623413251903000e-02

282
5.623413251903000e-02
5.623413251903000e-02
5.623413251903000e-02
5.623413251903000e-02

283
5.623413251903000e-02
5.623413251903000e-02
5.623413251903000e-02
5.623413251903000e-02

284
5.623413251903000e-02
5.623413251903000e-02
5.623413251903000e-02
5.623413251903000e-02

285
5.623413251903000e-02
5.623413251903000e-02
5.623413251903000e-02
5.623413251903000e-02

286
5.623413251903000e-02
5.623413251903000e-02
5.623413251903000e-02
5.623413251903000e-02

287
5.623413251903000e-02
5.623413251903000e-02
5.623413251903000e-02
5.623413251903000e-02

288
5.623413251903000e-02
5.623413251903000e-02
5.623413251903000e-02
5.623413251903000e-02

289
5.623413251903000e-02
5.623413251903000e-02
5.623413251903000e-02
5.623413251903000e-02

290
5.623413251903000e-02
5.623413251903000e-02
5.623413251903000e-02
5.623413251903000e-02

291
5.623413251903000e-02
5.623413251903000e-02
5.623413251903000e-02
5.623413251903000e-02

292
5.623413251903000e-02
5.623413251903000e-02
5.623413251903000e-02
5.623413251903000e-02

293
5.623413251903000e-02
5.623413251903000e-02
5.623413251903000e-02
5.623413251903000e-02

294
5.623413251903000e-02
5.623413251903000e-02
5.623413251903000e-02
5.623413251903000e-02

295
5.623413251903000e-02
5.623413251903000e-02
5.623413251903000e-02
5.623413251903000e-02

296
5.623413251903000e-02
5.623413251903000e-02
5.623413251903000e-02
5.623413251903000e-02

297
5.623413251903000e-02
5.623413251903000e-02
5.623413251903000e-02
5.623413251903000e-02

298
5.623413251903000e-02
5.623413251903000e-02
5.623413251903000e-02
5.623413251903000e-02

299
5.623413251903000e-02
5.623413251903000e-02
5.623413251903000e-02
5.623413251903000e-02

300
5.623413251903000e-02
5.623413251903000e-02
5.623413251903000e-02
5.623413251903000e-02

301
5.623413251903000e-02
5.623413251903000e-02
5.623413251903000e-02
5.623413251903000e-02

302
5.623413251903000e-02
5.623413251903000e-02
5.623413251903000e-02
5.623413251903000e-02

303
5.623413251903000e-02
5.623413251903000e-02
5.623413251903000e-02
5.623413251903000e-02

304
5.623413251903000e-02
5.623413251903000e-02
5.623413251903000e-02
5.623413251903000e-02

305
5.623413251903000e-02
5.623413251903000e-02
5.623413251903000e-02
5.623413251903000e-02

306
5.623413251903000e-02
5.623413251903000e-02
5.623413251903000e-02
5.623413251903000e-02

307
5.623413251903000e-02
5.623413251903000e-02
5.623413251903000e-02
5.623413251903000e-02

308
5.623413251903000e-02
5.623413251903000e-02
5.623413251903000e-02
5.623413251903000e-02

309
5.623413251903000e-02
5.623413251903000e-02
5.623413251903000e-02
5.623413251903000e-02

310
5.623413251903000e-02
5.623413251903000e-02
5.623413251903000e-02
5.623413251903000e-02

311
5.623413251903000e-02
5.623413251903000e-02
5.623413251903225e-02
5.623413251901931e-02

312
5.623413251905373e-02
5.623413251902723e-02
5.623413251903206e-02
5.623413251946090e-02

313
5.623413251837518e-02
5.623413251884748e-02
5.623413251959450e-02
5.623413250506485e-02

314
5.623413253648767e-02
5.623413252790416e-02
5.623413249301505e-02
5.623413292714655e-02

315
5.623413206672651e-02
5.623413221405341e-02
5.623413339828801e-02
5.623412127475233e-02

316
5.623414399142691e-02
5.623414170301565e-02
5.623410625942787e-02
5.623443069551447e-02

317
5.623384627451129e-02
5.623387469388272e-02
5.623486610358425e-02
5.622643556718197e-02

318
5.624120815822246e-02
5.624100430457474e-02
5.621468744801748e-02
5.642902486327176e-02

319
5.607503908375163e-02
5.602679595920643e-02
5.684208471142557e-02
5.144318450983564e-02

