#Cell  Group   Direction 
# Element_0
# Element_1
# Element_2
# Element_3
    0  0  0
1.822471900650164e-01
1.818044017556896e-01
1.810876759014492e-01
1.806446135492042e-01

    0  0  1
1.732050808431012e+00
1.731280231264480e+00
1.730031519273589e+00
1.729258586636882e+00

    1  0  0
1.806446364770288e-01
1.802016602893390e-01
1.794850871157038e-01
1.790423357686994e-01

    1  0  1
1.729258582397933e+00
1.728484747308029e+00
1.727230699815164e+00
1.726454450084299e+00

    2  0  0
1.790423077802297e-01
1.785994699800468e-01
1.778827070170087e-01
1.774395176970053e-01

    2  0  1
1.726454445294808e+00
1.725677273985553e+00
1.724417777953209e+00
1.723638136268572e+00

    3  0  0
1.774395407364149e-01
1.769963461787699e-01
1.762793951040865e-01
1.758365281604139e-01

    3  0  1
1.723638135896758e+00
1.722857529332501e+00
1.721592439409919e+00
1.720809300026551e+00

    4  0  0
1.758365163774343e-01
1.753937904862572e-01
1.746775933403185e-01
1.742349191131295e-01

    4  0  1
1.720809307630471e+00
1.720025177235329e+00
1.718754356260269e+00
1.717967624686658e+00

    5  0  0
1.742349131653767e-01
1.737921227723828e-01
1.730754875884271e-01
1.726325170631262e-01

    5  0  1
1.717967625193172e+00
1.717179898612403e+00
1.715903186295311e+00
1.715112799287784e+00

    6  0  0
1.726325338153287e-01
1.721896133917166e-01
1.714729649042344e-01
1.710299933514330e-01

    6  0  1
1.715112804451546e+00
1.714321385352109e+00
1.713038643964857e+00
1.712244483928697e+00

    7  0  0
1.710299698750762e-01
1.705867617462009e-01
1.698690399933718e-01
1.694250285381720e-01

    7  0  1
1.712244485923425e+00
1.711449255316513e+00
1.710160286721884e+00
1.709362244978372e+00

    8  0  0
1.694250577820234e-01
1.689808884612134e-01
1.682620566053064e-01
1.678178566497794e-01

    8  0  1
1.709362244509824e+00
1.708563119023214e+00
1.707267781420624e+00
1.706465770679821e+00

    9  0  0
1.678178418961117e-01
1.673736259098461e-01
1.666545669729287e-01
1.662097573838451e-01

    9  0  1
1.706465770589072e+00
1.705662641953718e+00
1.704360763612328e+00
1.703554672986606e+00

   10  0  0
1.662097443308181e-01
1.657644769629466e-01
1.650432532026766e-01
1.645972073089177e-01

   10  0  1
1.703554671216506e+00
1.702747432471417e+00
1.701438830769998e+00
1.700628547239537e+00

   11  0  0
1.645972561348797e-01
1.641513749056593e-01
1.634304379555137e-01
1.629853169927910e-01

   11  0  1
1.700628547167953e+00
1.699817086607281e+00
1.698501596564219e+00
1.697687009784808e+00

   12  0  0
1.629852617547925e-01
1.625401703131923e-01
1.618198170541415e-01
1.613742741216561e-01

   12  0  1
1.697687008573022e+00
1.696871210719187e+00
1.695548627245373e+00
1.694729612439175e+00

   13  0  0
1.613743006163180e-01
1.609286164022894e-01
1.602074893229867e-01
1.597620710307784e-01

   13  0  1
1.694729615932453e+00
1.693909342556650e+00
1.692579463275052e+00
1.691755898187394e+00

   14  0  0
1.597620786715681e-01
1.593169697655729e-01
1.585971391663833e-01
1.581522567038912e-01

   14  0  1
1.691755895157235e+00
1.690931054947520e+00
1.689593669069461e+00
1.688765411412308e+00

   15  0  0
1.581522121450996e-01
1.577069678916205e-01
1.569858363056281e-01
1.565397492592890e-01

   15  0  1
1.688765412033523e+00
1.687935839797211e+00
1.686590749771805e+00
1.685757682247625e+00

   16  0  0
1.565398157562022e-01
1.560938619604660e-01
1.553727042204144e-01
1.549273860728716e-01

   16  0  1
1.685757685341798e+00
1.684923254747316e+00
1.683570233482713e+00
1.682732220996503e+00

   17  0  0
1.549273230316695e-01
1.544819073708031e-01
1.537607062911442e-01
1.533144015991253e-01

   17  0  1
1.682732215236852e+00
1.681892819320114e+00
1.680531615796157e+00
1.679688488872755e+00

   18  0  0
1.533144458017351e-01
1.528679508919454e-01
1.521455689600896e-01
1.516995258804031e-01

   18  0  1
1.679688485207397e+00
1.678843931448391e+00
1.677474328907866e+00
1.676625957026957e+00

   19  0  0
1.516995147755462e-01
1.512538027376035e-01
1.505329259674078e-01
1.500872632370107e-01

   19  0  1
1.676625952613013e+00
1.675776102920592e+00
1.674397845951982e+00
1.673544067527941e+00

   20  0  0
1.500872315469166e-01
1.496411995680515e-01
1.489189616816396e-01
1.484724362197867e-01

   20  0  1
1.673544063936304e+00
1.672688764612699e+00
1.671301601292073e+00
1.670442258888791e+00

   21  0  0
1.484724931212564e-01
1.480262554211655e-01
1.473048802600911e-01
1.468595106803194e-01

   21  0  1
1.670442260181178e+00
1.669581341099204e+00
1.668184998916868e+00
1.667319926070805e+00

   22  0  0
1.468594558148826e-01
1.464141312515911e-01
1.456934804743555e-01
1.452478309376973e-01

   22  0  1
1.667319924908483e+00
1.666453236765700e+00
1.665047445425281e+00
1.664176467578020e+00

   23  0  0
1.452478527380639e-01
1.448020598133844e-01
1.440805671048913e-01
1.436346793407540e-01

   23  0  1
1.664176466384715e+00
1.663303820037951e+00
1.661888283138696e+00
1.661011215958539e+00

   24  0  0
1.436346877671426e-01
1.431889013607475e-01
1.424676471316444e-01
1.420217777857097e-01

   24  0  1
1.661011214767357e+00
1.660132428654688e+00
1.658706847809093e+00
1.657823504892828e+00

   25  0  0
1.420217440539762e-01
1.415755120558080e-01
1.408526733950315e-01
1.404053945282149e-01

   25  0  1
1.657823503651527e+00
1.656938388678894e+00
1.655502453781669e+00
1.654612640818816e+00

   26  0  0
1.404054445942647e-01
1.399580912572056e-01
1.392343900861735e-01
1.387874422726613e-01

   26  0  1
1.654612639528650e+00
1.653720999405911e+00
1.652274388470858e+00
1.651377903684394e+00

   27  0  0
1.387874115539402e-01
1.383406014068516e-01
1.376177454540980e-01
1.371708695232365e-01

   27  0  1
1.651377902345360e+00
1.650479533241138e+00
1.649021911910712e+00
1.648118545794250e+00

   28  0  0
1.371708698073717e-01
1.367238732457716e-01
1.360005739647457e-01
1.355536888319961e-01

   28  0  1
1.648118544423171e+00
1.647213234669388e+00
1.645744255745287e+00
1.644833790684306e+00

   29  0  0
1.355537068748225e-01
1.351070855580242e-01
1.343848826254977e-01
1.339387270459385e-01

   29  0  1
1.644833789343989e+00
1.643921319005430e+00
1.642440621770384e+00
1.641522831557249e+00

   30  0  0
1.339386916453039e-01
1.334924272189529e-01
1.327700427973978e-01
1.323233169189252e-01

   30  0  1
1.641522830371589e+00
1.640602970803988e+00
1.639110180284402e+00
1.638184829482418e+00

   31  0  0
1.323233515225070e-01
1.318766235443389e-01
1.311539398500113e-01
1.307075130741422e-01

   31  0  1
1.638184828787400e+00
1.637257341685412e+00
1.635752067282196e+00
1.634818908608396e+00

   32  0  0
1.307074901257572e-01
1.302610929237545e-01
1.295385659350805e-01
1.290916323593362e-01

   32  0  1
1.634818911021712e+00
1.633883538887295e+00
1.632365375046975e+00
1.631424163153369e+00

   33  0  0
1.290916354594821e-01
1.286443798083242e-01
1.279203754588343e-01
1.274729905893079e-01

   33  0  1
1.631424161959498e+00
1.630480679436465e+00
1.628949220487996e+00
1.627999694614150e+00

   34  0  0
1.274730255823098e-01
1.270260139674806e-01
1.263034002018798e-01
1.258571144708238e-01

   34  0  1
1.627999693346569e+00
1.627047814815547e+00
1.625502611458729e+00
1.624544487400723e+00

   35  0  0
1.258570499458395e-01
1.254105687154264e-01
1.246876255737567e-01
1.242403876984571e-01

   35  0  1
1.624544489987211e+00
1.623583927165603e+00
1.622024524737732e+00
1.621057525788852e+00

   36  0  0
1.242404481178370e-01
1.237932290385719e-01
1.230699171221064e-01
1.226233216496811e-01

   36  0  1
1.621057524543465e+00
1.620088022836044e+00
1.618513964416487e+00
1.617537798520927e+00

   37  0  0
1.226232936964852e-01
1.221769403906733e-01
1.214549954966675e-01
1.210087472363192e-01

   37  0  1
1.617537797540487e+00
1.616559036496107e+00
1.614969817783485e+00
1.613984164974422e+00

   38  0  0
1.210087332843001e-01
1.205622718578769e-01
1.198394984103781e-01
1.193926343468576e-01

   38  0  1
1.613984167451725e+00
1.612995824785153e+00
1.611390933975093e+00
1.610395484973573e+00

   39  0  0
1.193926740351506e-01
1.189459661274652e-01
1.182236061129215e-01
1.177775143249359e-01

   39  0  1
1.610395484145960e+00
1.609397268503815e+00
1.607776188630197e+00
1.606770606170973e+00

   40  0  0
1.177774752687292e-01
1.173314258761839e-01
1.166095979764924e-01
1.161632474948304e-01

   40  0  1
1.606770608996620e+00
1.605762149322180e+00
1.604124311910581e+00
1.603108249649640e+00

   41  0  0
1.161632702892807e-01
1.157168492135015e-01
1.149945810679047e-01
1.145484057050077e-01

   41  0  1
1.603108254718136e+00
1.602089218183343e+00
1.600434060524689e+00
1.599407161474841e+00

   42  0  0
1.145484042834650e-01
1.141024137370084e-01
1.133810031346259e-01
1.129351423381130e-01

   42  0  1
1.599407166693363e+00
1.598377196733705e+00
1.596704130631903e+00
1.595666030947898e+00

   43  0  0
1.129351309682228e-01
1.124891716306405e-01
1.117675208059621e-01
1.113215566139295e-01

   43  0  1
1.595666033778924e+00
1.594624775254709e+00
1.592933183868427e+00
1.591883485285021e+00

   44  0  0
1.113215795129372e-01
1.108758112321396e-01
1.101549392905657e-01
1.097096557244286e-01

   44  0  1
1.591883484006187e+00
1.590830511638639e+00
1.589119739928067e+00
1.588058040626475e+00

   45  0  0
1.097096287475857e-01
1.092643539557846e-01
1.085437969815350e-01
1.080983175660776e-01

   45  0  1
1.588058038942891e+00
1.586992947730610e+00
1.585262314529976e+00
1.584188187681254e+00

   46  0  0
1.080983360337446e-01
1.076528412111420e-01
1.069321631805866e-01
1.064870060096525e-01

   46  0  1
1.584188186143345e+00
1.583110538479665e+00
1.581359330254673e+00
1.580272320700380e+00

   47  0  0
1.064870069030777e-01
1.060420934832635e-01
1.053225727620074e-01
1.048779842944151e-01

   47  0  1
1.580272323984566e+00
1.579181656260761e+00
1.577409135826465e+00
1.576308790897291e+00

   48  0  0
1.048779618711013e-01
1.044332715683802e-01
1.037135718459801e-01
1.032686921498191e-01

   48  0  1
1.576308795290055e+00
1.575204666305982e+00
1.573410085147660e+00
1.572295929638119e+00

   49  0  0
1.032687272594961e-01
1.028240197223994e-01
1.021048953661455e-01
1.016607818111564e-01

   49  0  1
1.572295934487848e+00
1.571177860254921e+00
1.569360423260237e+00
1.568231960556705e+00

   50  0  0
1.016607516711553e-01
1.012167132045699e-01
1.004982653490257e-01
1.000541263981989e-01

   50  0  1
1.568231960012259e+00
1.567099451738678e+00
1.565258329995948e+00
1.564115031119322e+00

   51  0  0
1.000541444389906e-01
9.961001365649616e-02
9.889160037180653e-02
9.844788389294502e-02

   51  0  1
1.564115034537721e+00
1.562967519777980e+00
1.561101823725551e+00
1.559943144502720e+00

   52  0  0
9.844788475639493e-02
9.800443297771846e-02
9.728729196636252e-02
9.684416458183227e-02

   52  0  1
1.559943148190422e+00
1.558780101734376e+00
1.556888941745331e+00
1.555714316460280e+00

   53  0  0
9.684414409960947e-02
9.640091789061753e-02
9.568362552684873e-02
9.524028477484207e-02

   53  0  1
1.555714320509378e+00
1.554535166586142e+00
1.552617598083307e+00
1.551426434005923e+00

   54  0  0
9.524032152161781e-02
9.479721754949008e-02
9.408084316498425e-02
9.363853769172567e-02

   54  0  1
1.551426438345309e+00
1.550230576776230e+00
1.548285612739106e+00
1.547077290175195e+00

   55  0  0
9.363850444811120e-02
9.319634449865231e-02
9.248103839730389e-02
9.203886713566603e-02

   55  0  1
1.547077294725820e+00
1.545864098062187e+00
1.543890706929046e+00
1.542664577821266e+00

   56  0  0
9.203888289196678e-02
9.159670430497249e-02
9.088142496359336e-02
9.043964100541561e-02

   56  0  1
1.542664582430458e+00
1.541433394063735e+00
1.539430494781560e+00
1.538185880015074e+00

   57  0  0
9.043965183148904e-02
8.999820125267885e-02
8.928446945365665e-02
8.884357564527352e-02

   57  0  1
1.538185884733294e+00
1.536936017200271e+00
1.534902481478800e+00
1.533638673712079e+00

   58  0  0
8.884354394468458e-02
8.840257675036062e-02
8.768893381974656e-02
8.724779484987243e-02

   58  0  1
1.533638678409708e+00
1.532369416347700e+00
1.530304068242960e+00
1.529020328662777e+00

   59  0  0
8.724783980706115e-02
8.680693982845042e-02
8.609420576345271e-02
8.565425604222955e-02

   59  0  1
1.529020333252245e+00
1.527730928120671e+00
1.525632535529844e+00
1.524328089707170e+00

   60  0  0
8.565422120815169e-02
8.521450331766239e-02
8.450328091747035e-02
8.406367377189594e-02

   60  0  1
1.524328093792261e+00
1.523017761790033e+00
1.520885035013096e+00
1.519559076809186e+00

   61  0  0
8.406368517711399e-02
8.362406573217829e-02
8.291294547792413e-02
8.247376187169804e-02

   61  0  1
1.519559078514223e+00
1.518227015161066e+00
1.516058602160869e+00
1.514710257937475e+00

   62  0  0
8.247377909742218e-02
8.203499501029585e-02
8.132573956242788e-02
8.088772416413069e-02

   62  0  1
1.514710258732366e+00
1.513355572453773e+00
1.511150022625758e+00
1.509778409272332e+00

   63  0  0
8.088768537639579e-02
8.044964254220083e-02
7.974079356991634e-02
7.930262297993640e-02

   63  0  1
1.509778407708623e+00
1.508400188290353e+00
1.506156013029864e+00
1.504760178018239e+00

   64  0  0
7.930266891441798e-02
7.886474197682912e-02
7.815686946232601e-02
7.771999143448813e-02

   64  0  1
1.504760183242248e+00
1.503357454194233e+00
1.501073088922108e+00
1.499652071450161e+00

   65  0  0
7.771996067738488e-02
7.728340339086100e-02
7.657747256355189e-02
7.614123297388126e-02

   65  0  1
1.499652073472668e+00
1.498223904593320e+00
1.495897739333789e+00
1.494450486377512e+00

   66  0  0
7.614123577614236e-02
7.570499693720151e-02
7.499937018686383e-02
7.456358366771915e-02

   66  0  1
1.494450487225256e+00
1.492995795149925e+00
1.490626068293337e+00
1.489151507235026e+00

   67  0  0
7.456360954518591e-02
7.412828332632827e-02
7.342478410164179e-02
7.299046204503122e-02

   67  0  1
1.489151505733990e+00
1.487669184403243e+00
1.485254088250826e+00
1.483751065203631e+00

   68  0  0
7.299041685330426e-02
7.255613905842746e-02
7.185348267972996e-02
7.141915349205297e-02

   68  0  1
1.483751068439115e+00
1.482239955625019e+00
1.479777580324712e+00
1.478244886219456e+00

   69  0  0
7.141920038711964e-02
7.098511234541192e-02
7.028350416018314e-02
6.985056892363681e-02

   69  0  1
1.478244887025920e+00
1.476703774093961e+00
1.474192102495309e+00
1.472628490217976e+00

   70  0  0
6.985054386743231e-02
6.941803658506270e-02
6.871887375518228e-02
6.828694176133054e-02

   70  0  1
1.472628489386893e+00
1.471056081477269e+00
1.468492998433393e+00
1.466897114086393e+00

   71  0  0
6.828693382088637e-02
6.785503108447763e-02
6.715645653589339e-02
6.672503061634068e-02

   71  0  1
1.466897118118032e+00
1.465292054546981e+00
1.462675314022766e+00
1.461045739108611e+00

   72  0  0
6.672506632746106e-02
6.629415765027349e-02
6.559797839967964e-02
6.516832390870432e-02

   72  0  1
1.461045752255616e+00
1.459406577023937e+00
1.456733798497816e+00
1.455069066769900e+00

   73  0  0
6.516827643674838e-02
6.473876273315721e-02
6.404396253128361e-02
6.361453059625302e-02

   73  0  1
1.455069063567396e+00
1.453394360600507e+00
1.450663142706114e+00
1.448961709770858e+00

   74  0  0
6.361457376042993e-02
6.318538769704277e-02
6.249174711938728e-02
6.206379212787735e-02

   74  0  1
1.448961718185255e+00
1.447249797241665e+00
1.444457464538383e+00
1.442717675161277e+00

   75  0  0
6.206377788332520e-02
6.163637129194815e-02
6.094572137115181e-02
6.051921455199274e-02

   75  0  1
1.442717678354925e+00
1.440966971733298e+00
1.438110813782531e+00
1.436330906898057e+00

   76  0  0
6.051919470499387e-02
6.009276210715678e-02
5.940309784588935e-02
5.897717286925136e-02

   76  0  1
1.436330911818849e+00
1.434539592052263e+00
1.431616640453751e+00
1.429794806334005e+00

   77  0  0
5.897721796037832e-02
5.855185993084300e-02
5.786482573583435e-02
5.744095799885122e-02

   77  0  1
1.429794841550604e+00
1.427961001801319e+00
1.424968225721258e+00
1.423102631787625e+00

   78  0  0
5.744091196030386e-02
5.701730180535136e-02
5.633235408617790e-02
5.590908429741077e-02

   78  0  1
1.423102567423799e+00
1.421224690958381e+00
1.418158505154675e+00
1.416246797746562e+00

   79  0  0
5.590911199013149e-02
5.548604521473694e-02
5.480242802777083e-02
5.438075039486579e-02

   79  0  1
1.416246671280887e+00
1.414322222136164e+00
1.411179207283773e+00
1.409219072221422e+00

   80  0  0
5.438073121882815e-02
5.395971227258437e-02
5.327970552330404e-02
5.285998747211499e-02

   80  0  1
1.409219066599399e+00
1.407245180109520e+00
1.404021751425876e+00
1.402011009086730e+00

   81  0  0
5.285995173514099e-02
5.244038549102394e-02
5.176193194241239e-02
5.134294059837081e-02

   81  0  1
1.402011027972039e+00
1.399985803497403e+00
1.396677932246779e+00
1.394614112720102e+00

   82  0  0
5.134299535457035e-02
5.092461034270136e-02
5.024906451370664e-02
4.983251344877292e-02

   82  0  1
1.394614080087730e+00
1.392535182996667e+00
1.389138426266898e+00
1.387018572913365e+00

   83  0  0
4.983246095183399e-02
4.941633619761911e-02
4.874371715051917e-02
4.832820980709172e-02

   83  0  1
1.387018583550112e+00
1.384882840475475e+00
1.381392867912509e+00
1.379214417447696e+00

   84  0  0
4.832823368804950e-02
4.791296891077539e-02
4.724191501392930e-02
4.682797645990550e-02

   84  0  1
1.379214435402490e+00
1.377019238615127e+00
1.373431341029047e+00
1.371191389629252e+00

   85  0  0
4.682799645420906e-02
4.641486809456008e-02
4.574807501495683e-02
4.533681906302699e-02

   85  0  1
1.371191210226624e+00
1.368934066533389e+00
1.365242644373028e+00
1.362937442289427e+00

   86  0  0
4.533674687364583e-02
4.492574135067265e-02
4.426137410304475e-02
4.385118790120938e-02

   86  0  1
1.362937436257567e+00
1.360613636517088e+00
1.356813547612560e+00
1.354439807397838e+00

   87  0  0
4.385124258941838e-02
4.344173783642688e-02
4.278073736479179e-02
4.237333213951881e-02

   87  0  1
1.354439842393253e+00
1.352046416247264e+00
1.348131634329458e+00
1.345685701563951e+00

   88  0  0
4.237329566348250e-02
4.196653990870015e-02
4.130952717693288e-02
4.090387202385309e-02

   88  0  1
1.345685623124679e+00
1.343219180658123e+00
1.339182880262178e+00
1.336660103481361e+00

   89  0  0
4.090386690986571e-02
4.049842919819639e-02
3.984329436785383e-02
3.943923220930611e-02

   89  0  1
1.336660121204090e+00
1.334115511820081e+00
1.329951066052966e+00
1.327347584180592e+00

   90  0  0
3.943927498513581e-02
3.903621128881053e-02
3.838601992586942e-02
3.798530094873800e-02

   90  0  1
1.327347608537780e+00
1.324720909047165e+00
1.320420898478690e+00
1.317731909962840e+00

   91  0  0
3.798523941450988e-02
3.758498328915286e-02
3.693829650150086e-02
3.653912408132849e-02

   91  0  1
1.317731898477949e+00
1.315018393061111e+00
1.310574788486280e+00
1.307795143403813e+00

   92  0  0
3.653917437146547e-02
3.614068717821683e-02
3.549757211468719e-02
3.510132587290465e-02

   92  0  1
1.307795153495765e+00
1.304989405504134e+00
1.300393357971384e+00
1.297517378688028e+00

   93  0  0
3.510130666267645e-02
3.470594248048783e-02
3.406788800281464e-02
3.367435787521297e-02

   93  0  1
1.297517387701993e+00
1.294613742795899e+00
1.289855686676020e+00
1.286877364049962e+00

   94  0  0
3.367434110778197e-02
3.328128016443371e-02
3.264645116535763e-02
3.225496387730566e-02

   94  0  1
1.286877397808243e+00
1.283869481673374e+00
1.278939070303821e+00
1.275851841723802e+00

   95  0  0
3.225501714111885e-02
3.186459741573001e-02
3.123521796052037e-02
3.084773918231242e-02

   95  0  1
1.275851845125227e+00
1.272733243055815e+00
1.267619324181136e+00
1.264415915689039e+00

   96  0  0
3.084767521311146e-02
3.046093866955986e-02
2.983646753563372e-02
2.945104839185778e-02

   96  0  1
1.264415921910765e+00
1.261179012889604e+00
1.255869033660591e+00
1.252541541747554e+00

   97  0  0
2.945109482886483e-02
2.906634659313140e-02
2.844570323905983e-02
2.806368025356624e-02

   97  0  1
1.252541549138929e+00
1.249178184674870e+00
1.243658519797413e+00
1.240198152029208e+00

   98  0  0
2.806367484065246e-02
2.768291724897581e-02
2.706921521482512e-02
2.669112008362833e-02

   98  0  1
1.240198160455601e+00
1.236699391752763e+00
1.230954989504456e+00
1.227352178743429e+00

   99  0  0
2.669108474062922e-02
2.631363008599188e-02
2.570436541152255e-02
2.532880770065046e-02

   99  0  1
1.227352188222992e+00
1.223708081156472e+00
1.217722308485122e+00
1.213966296160024e+00

  100  0  0
2.532886584522461e-02
2.495449836251647e-02
2.435154353675223e-02
2.398080592332407e-02

  100  0  1
1.213966308739995e+00
1.210165889351853e+00
1.203920239156723e+00
1.199999224162055e+00

  101  0  0
2.398074838437279e-02
2.361113675342034e-02
2.301503714070459e-02
2.264747219827195e-02

  101  0  1
1.199999235517663e+00
1.196030232734472e+00
1.189504079199027e+00
1.185404693483498e+00

  102  0  0
2.264751011124143e-02
2.228081685570983e-02
2.168989691821711e-02
2.132658029709193e-02

  102  0  1
1.185404712839657e+00
1.181253430648550e+00
1.174423634106227e+00
1.170131044619900e+00

  103  0  0
2.132657068028261e-02
2.096474579916099e-02
2.038218720992599e-02
2.002369455900578e-02

  103  0  1
1.170131058197048e+00
1.165782075850454e+00
1.158622567261167e+00
1.154119858135705e+00

  104  0  0
2.002367563646125e-02
1.966619892649503e-02
1.908992742476705e-02
1.873507851310870e-02

  104  0  1
1.154119889901993e+00
1.149555756983462e+00
1.142037017801488e+00
1.137305124690224e+00

  105  0  0
1.873511512034588e-02
1.838158734476080e-02
1.781288731048638e-02
1.746381901611195e-02

  105  0  1
1.137305143229630e+00
1.132506071147219e+00
1.124594390304580e+00
1.119611426473007e+00

  106  0  0
1.746378910748597e-02
1.711642154332668e-02
1.655734376896832e-02
1.621317229356321e-02

  106  0  1
1.119611481134159e+00
1.114554679203035e+00
1.106211457331093e+00
1.100952248122620e+00

  107  0  0
1.621317751242526e-02
1.587003670224817e-02
1.531756316207254e-02
1.497819948451817e-02

  107  0  1
1.100952281142224e+00
1.095611675077368e+00
1.086792073907999e+00
1.081227483345655e+00

  108  0  0
1.497823162062000e-02
1.464082098232872e-02
1.409899951240715e-02
1.376664674147033e-02

  108  0  1
1.081227588898547e+00
1.075572473274012e+00
1.066224362676241e+00
1.060319948085949e+00

  109  0  0
1.376659571689783e-02
1.343585734290515e-02
1.290390088761297e-02
1.257682147086183e-02

  109  0  1
1.060320233250481e+00
1.054314486649073e+00
1.044375651586005e+00
1.038091100067339e+00

  110  0  0
1.257686840095625e-02
1.225138140837023e-02
1.172901014914171e-02
1.140944509543847e-02

  110  0  1
1.038091114000826e+00
1.031693757851702e+00
1.021092984031868e+00
1.014380763141410e+00

  111  0  0
1.140942535822276e-02
1.109230921365298e-02
1.058353845719656e-02
1.027116235525017e-02

  111  0  1
1.014381152838095e+00
1.007539742243299e+00
9.961876689926015e-01
9.889891260818662e-01

  112  0  0
1.027119263363136e-02
9.960458899745462e-03
9.461459701948954e-03
9.155691964077180e-03

  112  0  1
9.889892530371094e-01
9.816440542748575e-01
9.694339386402752e-01
9.616769438653576e-01

  113  0  0
9.155748992727074e-03
8.852586364520331e-03
8.367755925543906e-03
8.071687164103810e-03

  113  0  1
9.616772589390523e-01
9.537503348014261e-01
9.405470512400222e-01
9.321412582366858e-01

  114  0  0
8.071608906165609e-03
7.778030794652072e-03
7.308314805279784e-03
7.021054896308104e-03

  114  0  1
9.321415748659434e-01
9.235367536902310e-01
9.091692838518139e-01
8.999988859945628e-01

  115  0  0
7.021005602467521e-03
6.735941649230214e-03
6.280455175009835e-03
6.003149208243259e-03

  115  0  1
8.999998892301987e-01
8.905906366739168e-01
8.748369070053345e-01
8.647510456471234e-01

  116  0  0
6.003163361433651e-03
5.729066032416197e-03
5.292430645118723e-03
5.026970688125585e-03

  116  0  1
8.647517279238247e-01
8.543783915623195e-01
8.369435178123317e-01
8.257357568652084e-01

  117  0  0
5.027054973179333e-03
4.765011615503630e-03
4.346907532731112e-03
4.091700166351459e-03

  117  0  1
8.257375598482329e-01
8.141699994069869e-01
7.946374837980688e-01
7.820148249444695e-01

  118  0  0
4.092009853259616e-03
3.841562090973083e-03
3.446194431530075e-03
3.207774747228036e-03

  118  0  1
7.820188028666190e-01
7.689294193106266e-01
7.466874541148477e-01
7.322132280366946e-01

  119  0  0
3.207566699170617e-03
2.973359261963064e-03
2.604202517894516e-03
2.381794729109706e-03

  119  0  1
7.322180053800093e-01
7.171220489788714e-01
6.912405033909511e-01
6.742218971190421e-01

  120  0  0
2.381534522403533e-03
2.163202977290550e-03
1.822278683362901e-03
1.620596336788750e-03

  120  0  1
6.742362653230394e-01
6.563016383980537e-01
6.251574304922813e-01
6.043337771175075e-01

  121  0  0
1.620230631361341e-03
1.423236516914939e-03
1.119234587395365e-03
9.434635601927023e-04

  121  0  1
6.043007638853150e-01
5.820962259528027e-01
5.425598871307844e-01
5.151181518893724e-01

  122  0  0
9.437992025439271e-04
7.771153441018847e-04
5.233121184545833e-04
3.767337035723016e-04

  122  0  1
5.135727881313237e-01
4.856544300781428e-01
4.295030440690283e-01
3.848810209193190e-01

  123  0  0
3.785114403938317e-04
2.503467280998436e-04
8.315798175286502e-05
9.870578825890491e-06

  123  0  1
3.453794740187488e-01
3.516901735980328e-01
2.132916230640968e-01
5.192245373919924e-02

  124  0  0
1.680830465249534e-05
5.701215192765292e-06
4.743710764904684e-06
5.271375190346807e-06

  124  0  1
2.713322025348701e-02
1.314418022158103e-03
-3.439066570480069e-04
4.698885210290424e-04

  125  0  0
5.120865867417557e-06
5.001047706587127e-06
4.999849170387194e-06
4.999568201176557e-06

  125  0  1
1.281300574911079e-04
1.025856903711769e-05
3.265304259155129e-06
7.054495243478938e-06

  126  0  0
5.000571578597745e-06
5.000004725344533e-06
4.999999390624620e-06
4.999997804231728e-06

  126  0  1
5.548221306304528e-06
5.023942193323658e-06
4.992109108677239e-06
5.009293365792072e-06

  127  0  0
5.000002689161376e-06
5.000000022537910e-06
4.999999997105573e-06
4.999999989585797e-06

  127  0  1
5.002521980711600e-06
5.000111066622763e-06
4.999963360771800e-06
5.000043145647952e-06

  128  0  0
5.000000012722272e-06
5.000000000108148e-06
4.999999999984257e-06
4.999999999948138e-06

  128  0  1
5.000011745292622e-06
5.000000512327226e-06
4.999999830312313e-06
5.000000200856411e-06

  129  0  0
5.000000000059294e-06
4.999999999998814e-06
4.999999999998187e-06
4.999999999998003e-06

  129  0  1
5.000000054023356e-06
5.000000002289396e-06
4.999999999233929e-06
5.000000000912638e-06

  130  0  0
4.999999999998556e-06
4.999999999998254e-06
4.999999999998250e-06
4.999999999998255e-06

  130  0  1
5.000000000237445e-06
5.000000000007896e-06
4.999999999994997e-06
5.000000000002216e-06

  131  0  0
4.999999999998254e-06
4.999999999998255e-06
4.999999999998254e-06
4.999999999998256e-06

  131  0  1
4.999999999999237e-06
4.999999999998291e-06
4.999999999998242e-06
4.999999999998269e-06

  132  0  0
4.999999999998252e-06
4.999999999998256e-06
4.999999999998255e-06
4.999999999998253e-06

  132  0  1
4.999999999998256e-06
4.999999999998253e-06
4.999999999998256e-06
4.999999999998255e-06

  133  0  0
4.999999999998253e-06
4.999999999998256e-06
4.999999999998253e-06
4.999999999998255e-06

  133  0  1
4.999999999998255e-06
4.999999999998253e-06
4.999999999998256e-06
4.999999999998256e-06

  134  0  0
4.999999999998254e-06
4.999999999998256e-06
4.999999999998254e-06
4.999999999998250e-06

  134  0  1
4.999999999998252e-06
4.999999999998253e-06
4.999999999998255e-06
4.999999999998253e-06

  135  0  0
4.999999999998252e-06
4.999999999998255e-06
4.999999999998254e-06
4.999999999998253e-06

  135  0  1
4.999999999998255e-06
4.999999999998254e-06
4.999999999998255e-06
4.999999999998255e-06

  136  0  0
4.999999999998255e-06
4.999999999998256e-06
4.999999999998255e-06
4.999999999998250e-06

  136  0  1
4.999999999998252e-06
4.999999999998254e-06
4.999999999998253e-06
4.999999999998256e-06

  137  0  0
4.999999999998253e-06
4.999999999998256e-06
4.999999999998255e-06
4.999999999998251e-06

  137  0  1
4.999999999998250e-06
4.999999999998254e-06
4.999999999998254e-06
4.999999999998256e-06

  138  0  0
4.999999999998252e-06
4.999999999998256e-06
4.999999999998256e-06
4.999999999998256e-06

  138  0  1
4.999999999998252e-06
4.999999999998254e-06
4.999999999998253e-06
4.999999999998256e-06

  139  0  0
4.999999999998250e-06
4.999999999998256e-06
4.999999999998254e-06
4.999999999998250e-06

  139  0  1
4.999999999998251e-06
4.999999999998256e-06
4.999999999998255e-06
4.999999999998256e-06

  140  0  0
4.999999999998254e-06
4.999999999998257e-06
4.999999999998255e-06
4.999999999998253e-06

  140  0  1
4.999999999998250e-06
4.999999999998254e-06
4.999999999998255e-06
4.999999999998254e-06

  141  0  0
4.999999999998254e-06
4.999999999998257e-06
4.999999999998255e-06
4.999999999998253e-06

  141  0  1
4.999999999998250e-06
4.999999999998252e-06
4.999999999998255e-06
4.999999999998252e-06

  142  0  0
4.999999999998254e-06
4.999999999998257e-06
4.999999999998255e-06
4.999999999998253e-06

  142  0  1
4.999999999998250e-06
4.999999999998252e-06
4.999999999998255e-06
4.999999999998252e-06

  143  0  0
4.999999999998254e-06
4.999999999998257e-06
4.999999999998255e-06
4.999999999998253e-06

  143  0  1
4.999999999998250e-06
4.999999999998252e-06
4.999999999998255e-06
4.999999999998252e-06

  144  0  0
4.999999999998254e-06
4.999999999998257e-06
4.999999999998255e-06
4.999999999998253e-06

  144  0  1
4.999999999998250e-06
4.999999999998252e-06
4.999999999998255e-06
4.999999999998252e-06

  145  0  0
4.999999999998254e-06
4.999999999998257e-06
4.999999999998255e-06
4.999999999998253e-06

  145  0  1
4.999999999998250e-06
4.999999999998252e-06
4.999999999998255e-06
4.999999999998252e-06

  146  0  0
4.999999999998254e-06
4.999999999998257e-06
4.999999999998255e-06
4.999999999998253e-06

  146  0  1
4.999999999998250e-06
4.999999999998252e-06
4.999999999998255e-06
4.999999999998252e-06

  147  0  0
4.999999999998254e-06
4.999999999998257e-06
4.999999999998255e-06
4.999999999998253e-06

  147  0  1
4.999999999998250e-06
4.999999999998252e-06
4.999999999998255e-06
4.999999999998252e-06

  148  0  0
4.999999999998254e-06
4.999999999998257e-06
4.999999999998255e-06
4.999999999998253e-06

  148  0  1
4.999999999998250e-06
4.999999999998252e-06
4.999999999998255e-06
4.999999999998252e-06

  149  0  0
4.999999999998254e-06
4.999999999998257e-06
4.999999999998255e-06
4.999999999998253e-06

  149  0  1
4.999999999998250e-06
4.999999999998252e-06
4.999999999998255e-06
4.999999999998252e-06

  150  0  0
4.999999999998254e-06
4.999999999998257e-06
4.999999999998255e-06
4.999999999998253e-06

  150  0  1
4.999999999998250e-06
4.999999999998252e-06
4.999999999998255e-06
4.999999999998252e-06

  151  0  0
4.999999999998254e-06
4.999999999998257e-06
4.999999999998255e-06
4.999999999998253e-06

  151  0  1
4.999999999998250e-06
4.999999999998252e-06
4.999999999998255e-06
4.999999999998252e-06

  152  0  0
4.999999999998254e-06
4.999999999998257e-06
4.999999999998255e-06
4.999999999998253e-06

  152  0  1
4.999999999998250e-06
4.999999999998252e-06
4.999999999998255e-06
4.999999999998252e-06

  153  0  0
4.999999999998254e-06
4.999999999998257e-06
4.999999999998255e-06
4.999999999998253e-06

  153  0  1
4.999999999998250e-06
4.999999999998252e-06
4.999999999998255e-06
4.999999999998252e-06

  154  0  0
4.999999999998254e-06
4.999999999998257e-06
4.999999999998255e-06
4.999999999998253e-06

  154  0  1
4.999999999998250e-06
4.999999999998252e-06
4.999999999998255e-06
4.999999999998252e-06

  155  0  0
4.999999999998254e-06
4.999999999998257e-06
4.999999999998255e-06
4.999999999998253e-06

  155  0  1
4.999999999998250e-06
4.999999999998252e-06
4.999999999998255e-06
4.999999999998252e-06

  156  0  0
4.999999999998254e-06
4.999999999998257e-06
4.999999999998255e-06
4.999999999998253e-06

  156  0  1
4.999999999998250e-06
4.999999999998252e-06
4.999999999998255e-06
4.999999999998252e-06

  157  0  0
4.999999999998254e-06
4.999999999998257e-06
4.999999999998255e-06
4.999999999998253e-06

  157  0  1
4.999999999998250e-06
4.999999999998252e-06
4.999999999998255e-06
4.999999999998252e-06

  158  0  0
4.999999999998254e-06
4.999999999998257e-06
4.999999999998255e-06
4.999999999998253e-06

  158  0  1
4.999999999998250e-06
4.999999999998252e-06
4.999999999998255e-06
4.999999999998252e-06

  159  0  0
4.999999999998254e-06
4.999999999998257e-06
4.999999999998255e-06
4.999999999998253e-06

  159  0  1
4.999999999998250e-06
4.999999999998252e-06
4.999999999998255e-06
4.999999999998252e-06

  160  0  0
4.999999999998254e-06
4.999999999998257e-06
4.999999999998255e-06
4.999999999998253e-06

  160  0  1
4.999999999998250e-06
4.999999999998252e-06
4.999999999998255e-06
4.999999999998252e-06

  161  0  0
4.999999999998254e-06
4.999999999998257e-06
4.999999999998255e-06
4.999999999998253e-06

  161  0  1
4.999999999998250e-06
4.999999999998252e-06
4.999999999998255e-06
4.999999999998252e-06

  162  0  0
4.999999999998254e-06
4.999999999998257e-06
4.999999999998255e-06
4.999999999998253e-06

  162  0  1
4.999999999998250e-06
4.999999999998252e-06
4.999999999998255e-06
4.999999999998252e-06

  163  0  0
4.999999999998254e-06
4.999999999998257e-06
4.999999999998255e-06
4.999999999998253e-06

  163  0  1
4.999999999998250e-06
4.999999999998252e-06
4.999999999998255e-06
4.999999999998252e-06

  164  0  0
4.999999999998254e-06
4.999999999998257e-06
4.999999999998255e-06
4.999999999998253e-06

  164  0  1
4.999999999998250e-06
4.999999999998252e-06
4.999999999998255e-06
4.999999999998252e-06

  165  0  0
4.999999999998254e-06
4.999999999998257e-06
4.999999999998255e-06
4.999999999998253e-06

  165  0  1
4.999999999998250e-06
4.999999999998252e-06
4.999999999998255e-06
4.999999999998252e-06

  166  0  0
4.999999999998254e-06
4.999999999998257e-06
4.999999999998255e-06
4.999999999998253e-06

  166  0  1
4.999999999998250e-06
4.999999999998252e-06
4.999999999998255e-06
4.999999999998252e-06

  167  0  0
4.999999999998254e-06
4.999999999998257e-06
4.999999999998255e-06
4.999999999998253e-06

  167  0  1
4.999999999998250e-06
4.999999999998252e-06
4.999999999998255e-06
4.999999999998252e-06

  168  0  0
4.999999999998254e-06
4.999999999998257e-06
4.999999999998255e-06
4.999999999998253e-06

  168  0  1
4.999999999998250e-06
4.999999999998252e-06
4.999999999998255e-06
4.999999999998252e-06

  169  0  0
4.999999999998254e-06
4.999999999998257e-06
4.999999999998255e-06
4.999999999998253e-06

  169  0  1
4.999999999998250e-06
4.999999999998252e-06
4.999999999998255e-06
4.999999999998252e-06

  170  0  0
4.999999999998254e-06
4.999999999998257e-06
4.999999999998255e-06
4.999999999998253e-06

  170  0  1
4.999999999998250e-06
4.999999999998252e-06
4.999999999998255e-06
4.999999999998252e-06

  171  0  0
4.999999999998254e-06
4.999999999998257e-06
4.999999999998255e-06
4.999999999998253e-06

  171  0  1
4.999999999998250e-06
4.999999999998252e-06
4.999999999998255e-06
4.999999999998252e-06

  172  0  0
4.999999999998254e-06
4.999999999998257e-06
4.999999999998255e-06
4.999999999998253e-06

  172  0  1
4.999999999998250e-06
4.999999999998252e-06
4.999999999998255e-06
4.999999999998252e-06

  173  0  0
4.999999999998254e-06
4.999999999998257e-06
4.999999999998255e-06
4.999999999998253e-06

  173  0  1
4.999999999998250e-06
4.999999999998252e-06
4.999999999998255e-06
4.999999999998252e-06

  174  0  0
4.999999999998254e-06
4.999999999998257e-06
4.999999999998255e-06
4.999999999998253e-06

  174  0  1
4.999999999998250e-06
4.999999999998252e-06
4.999999999998255e-06
4.999999999998252e-06

  175  0  0
4.999999999998254e-06
4.999999999998257e-06
4.999999999998255e-06
4.999999999998253e-06

  175  0  1
4.999999999998250e-06
4.999999999998252e-06
4.999999999998255e-06
4.999999999998252e-06

  176  0  0
4.999999999998254e-06
4.999999999998257e-06
4.999999999998255e-06
4.999999999998253e-06

  176  0  1
4.999999999998250e-06
4.999999999998252e-06
4.999999999998255e-06
4.999999999998252e-06

  177  0  0
4.999999999998254e-06
4.999999999998257e-06
4.999999999998255e-06
4.999999999998253e-06

  177  0  1
4.999999999998250e-06
4.999999999998252e-06
4.999999999998255e-06
4.999999999998252e-06

  178  0  0
4.999999999998254e-06
4.999999999998257e-06
4.999999999998255e-06
4.999999999998253e-06

  178  0  1
4.999999999998250e-06
4.999999999998252e-06
4.999999999998255e-06
4.999999999998252e-06

  179  0  0
4.999999999998254e-06
4.999999999998257e-06
4.999999999998255e-06
4.999999999998253e-06

  179  0  1
4.999999999998250e-06
4.999999999998252e-06
4.999999999998255e-06
4.999999999998252e-06

  180  0  0
4.999999999998254e-06
4.999999999998257e-06
4.999999999998255e-06
4.999999999998253e-06

  180  0  1
4.999999999998250e-06
4.999999999998252e-06
4.999999999998255e-06
4.999999999998252e-06

  181  0  0
4.999999999998254e-06
4.999999999998257e-06
4.999999999998255e-06
4.999999999998253e-06

  181  0  1
4.999999999998250e-06
4.999999999998252e-06
4.999999999998255e-06
4.999999999998252e-06

  182  0  0
4.999999999998254e-06
4.999999999998257e-06
4.999999999998255e-06
4.999999999998253e-06

  182  0  1
4.999999999998250e-06
4.999999999998252e-06
4.999999999998255e-06
4.999999999998252e-06

  183  0  0
4.999999999998254e-06
4.999999999998257e-06
4.999999999998255e-06
4.999999999998253e-06

  183  0  1
4.999999999998250e-06
4.999999999998252e-06
4.999999999998255e-06
4.999999999998252e-06

  184  0  0
4.999999999998254e-06
4.999999999998257e-06
4.999999999998255e-06
4.999999999998253e-06

  184  0  1
4.999999999998250e-06
4.999999999998252e-06
4.999999999998255e-06
4.999999999998252e-06

  185  0  0
4.999999999998254e-06
4.999999999998257e-06
4.999999999998255e-06
4.999999999998253e-06

  185  0  1
4.999999999998250e-06
4.999999999998252e-06
4.999999999998255e-06
4.999999999998252e-06

  186  0  0
4.999999999998254e-06
4.999999999998257e-06
4.999999999998255e-06
4.999999999998253e-06

  186  0  1
4.999999999998250e-06
4.999999999998252e-06
4.999999999998255e-06
4.999999999998252e-06

  187  0  0
4.999999999998254e-06
4.999999999998257e-06
4.999999999998255e-06
4.999999999998253e-06

  187  0  1
4.999999999998250e-06
4.999999999998252e-06
4.999999999998255e-06
4.999999999998252e-06

  188  0  0
4.999999999998254e-06
4.999999999998257e-06
4.999999999998255e-06
4.999999999998253e-06

  188  0  1
4.999999999998250e-06
4.999999999998252e-06
4.999999999998255e-06
4.999999999998252e-06

  189  0  0
4.999999999998254e-06
4.999999999998257e-06
4.999999999998255e-06
4.999999999998253e-06

  189  0  1
4.999999999998250e-06
4.999999999998252e-06
4.999999999998255e-06
4.999999999998252e-06

  190  0  0
4.999999999998254e-06
4.999999999998257e-06
4.999999999998255e-06
4.999999999998253e-06

  190  0  1
4.999999999998250e-06
4.999999999998252e-06
4.999999999998255e-06
4.999999999998252e-06

  191  0  0
4.999999999998254e-06
4.999999999998257e-06
4.999999999998255e-06
4.999999999998253e-06

  191  0  1
4.999999999998250e-06
4.999999999998252e-06
4.999999999998255e-06
4.999999999998252e-06

  192  0  0
4.999999999998254e-06
4.999999999998257e-06
4.999999999998255e-06
4.999999999998253e-06

  192  0  1
4.999999999998250e-06
4.999999999998252e-06
4.999999999998255e-06
4.999999999998252e-06

  193  0  0
4.999999999998254e-06
4.999999999998257e-06
4.999999999998255e-06
4.999999999998253e-06

  193  0  1
4.999999999998250e-06
4.999999999998252e-06
4.999999999998255e-06
4.999999999998252e-06

  194  0  0
4.999999999998254e-06
4.999999999998257e-06
4.999999999998255e-06
4.999999999998253e-06

  194  0  1
4.999999999998250e-06
4.999999999998252e-06
4.999999999998255e-06
4.999999999998252e-06

  195  0  0
4.999999999998254e-06
4.999999999998257e-06
4.999999999998255e-06
4.999999999998253e-06

  195  0  1
4.999999999998250e-06
4.999999999998252e-06
4.999999999998255e-06
4.999999999998252e-06

  196  0  0
4.999999999998254e-06
4.999999999998257e-06
4.999999999998255e-06
4.999999999998253e-06

  196  0  1
4.999999999998250e-06
4.999999999998252e-06
4.999999999998255e-06
4.999999999998252e-06

  197  0  0
4.999999999998254e-06
4.999999999998257e-06
4.999999999998255e-06
4.999999999998253e-06

  197  0  1
4.999999999998250e-06
4.999999999998252e-06
4.999999999998255e-06
4.999999999998252e-06

  198  0  0
4.999999999998254e-06
4.999999999998257e-06
4.999999999998255e-06
4.999999999998253e-06

  198  0  1
4.999999999998250e-06
4.999999999998252e-06
4.999999999998255e-06
4.999999999998252e-06

  199  0  0
4.999999999998254e-06
4.999999999998257e-06
4.999999999998255e-06
4.999999999998253e-06

  199  0  1
4.999999999998250e-06
4.999999999998252e-06
4.999999999998255e-06
4.999999999998252e-06

  200  0  0
4.999999999998254e-06
4.999999999998257e-06
4.999999999998255e-06
4.999999999998253e-06

  200  0  1
4.999999999998250e-06
4.999999999998252e-06
4.999999999998255e-06
4.999999999998252e-06

  201  0  0
4.999999999998254e-06
4.999999999998257e-06
4.999999999998255e-06
4.999999999998253e-06

  201  0  1
4.999999999998250e-06
4.999999999998252e-06
4.999999999998255e-06
4.999999999998252e-06

  202  0  0
4.999999999998254e-06
4.999999999998257e-06
4.999999999998255e-06
4.999999999998253e-06

  202  0  1
4.999999999998250e-06
4.999999999998252e-06
4.999999999998255e-06
4.999999999998252e-06

  203  0  0
4.999999999998254e-06
4.999999999998257e-06
4.999999999998255e-06
4.999999999998253e-06

  203  0  1
4.999999999998250e-06
4.999999999998252e-06
4.999999999998255e-06
4.999999999998252e-06

  204  0  0
4.999999999998254e-06
4.999999999998257e-06
4.999999999998255e-06
4.999999999998253e-06

  204  0  1
4.999999999998250e-06
4.999999999998252e-06
4.999999999998255e-06
4.999999999998252e-06

  205  0  0
4.999999999998254e-06
4.999999999998257e-06
4.999999999998255e-06
4.999999999998253e-06

  205  0  1
4.999999999998250e-06
4.999999999998252e-06
4.999999999998255e-06
4.999999999998252e-06

  206  0  0
4.999999999998254e-06
4.999999999998257e-06
4.999999999998255e-06
4.999999999998253e-06

  206  0  1
4.999999999998250e-06
4.999999999998252e-06
4.999999999998255e-06
4.999999999998252e-06

  207  0  0
4.999999999998254e-06
4.999999999998257e-06
4.999999999998255e-06
4.999999999998253e-06

  207  0  1
4.999999999998250e-06
4.999999999998252e-06
4.999999999998255e-06
4.999999999998252e-06

  208  0  0
4.999999999998254e-06
4.999999999998257e-06
4.999999999998255e-06
4.999999999998253e-06

  208  0  1
4.999999999998250e-06
4.999999999998252e-06
4.999999999998255e-06
4.999999999998252e-06

  209  0  0
4.999999999998254e-06
4.999999999998257e-06
4.999999999998255e-06
4.999999999998253e-06

  209  0  1
4.999999999998250e-06
4.999999999998252e-06
4.999999999998255e-06
4.999999999998252e-06

  210  0  0
4.999999999998254e-06
4.999999999998257e-06
4.999999999998255e-06
4.999999999998253e-06

  210  0  1
4.999999999998250e-06
4.999999999998252e-06
4.999999999998255e-06
4.999999999998252e-06

  211  0  0
4.999999999998254e-06
4.999999999998257e-06
4.999999999998255e-06
4.999999999998253e-06

  211  0  1
4.999999999998250e-06
4.999999999998252e-06
4.999999999998255e-06
4.999999999998252e-06

  212  0  0
4.999999999998254e-06
4.999999999998257e-06
4.999999999998255e-06
4.999999999998253e-06

  212  0  1
4.999999999998250e-06
4.999999999998252e-06
4.999999999998255e-06
4.999999999998252e-06

  213  0  0
4.999999999998254e-06
4.999999999998257e-06
4.999999999998255e-06
4.999999999998253e-06

  213  0  1
4.999999999998250e-06
4.999999999998252e-06
4.999999999998255e-06
4.999999999998252e-06

  214  0  0
4.999999999998254e-06
4.999999999998257e-06
4.999999999998255e-06
4.999999999998253e-06

  214  0  1
4.999999999998250e-06
4.999999999998252e-06
4.999999999998255e-06
4.999999999998252e-06

  215  0  0
4.999999999998254e-06
4.999999999998257e-06
4.999999999998255e-06
4.999999999998253e-06

  215  0  1
4.999999999998250e-06
4.999999999998252e-06
4.999999999998255e-06
4.999999999998252e-06

  216  0  0
4.999999999998254e-06
4.999999999998257e-06
4.999999999998255e-06
4.999999999998253e-06

  216  0  1
4.999999999998250e-06
4.999999999998252e-06
4.999999999998255e-06
4.999999999998252e-06

  217  0  0
4.999999999998254e-06
4.999999999998257e-06
4.999999999998255e-06
4.999999999998253e-06

  217  0  1
4.999999999998250e-06
4.999999999998252e-06
4.999999999998255e-06
4.999999999998252e-06

  218  0  0
4.999999999998254e-06
4.999999999998257e-06
4.999999999998255e-06
4.999999999998253e-06

  218  0  1
4.999999999998250e-06
4.999999999998252e-06
4.999999999998255e-06
4.999999999998252e-06

  219  0  0
4.999999999998254e-06
4.999999999998257e-06
4.999999999998255e-06
4.999999999998253e-06

  219  0  1
4.999999999998250e-06
4.999999999998252e-06
4.999999999998255e-06
4.999999999998252e-06

  220  0  0
4.999999999998254e-06
4.999999999998257e-06
4.999999999998255e-06
4.999999999998253e-06

  220  0  1
4.999999999998250e-06
4.999999999998252e-06
4.999999999998255e-06
4.999999999998252e-06

  221  0  0
4.999999999998254e-06
4.999999999998257e-06
4.999999999998255e-06
4.999999999998253e-06

  221  0  1
4.999999999998250e-06
4.999999999998252e-06
4.999999999998255e-06
4.999999999998252e-06

  222  0  0
4.999999999998254e-06
4.999999999998257e-06
4.999999999998255e-06
4.999999999998253e-06

  222  0  1
4.999999999998250e-06
4.999999999998252e-06
4.999999999998255e-06
4.999999999998252e-06

  223  0  0
4.999999999998254e-06
4.999999999998257e-06
4.999999999998255e-06
4.999999999998253e-06

  223  0  1
4.999999999998250e-06
4.999999999998252e-06
4.999999999998255e-06
4.999999999998252e-06

  224  0  0
4.999999999998254e-06
4.999999999998257e-06
4.999999999998255e-06
4.999999999998253e-06

  224  0  1
4.999999999998250e-06
4.999999999998252e-06
4.999999999998255e-06
4.999999999998252e-06

  225  0  0
4.999999999998254e-06
4.999999999998257e-06
4.999999999998255e-06
4.999999999998253e-06

  225  0  1
4.999999999998250e-06
4.999999999998252e-06
4.999999999998255e-06
4.999999999998252e-06

  226  0  0
4.999999999998254e-06
4.999999999998257e-06
4.999999999998255e-06
4.999999999998253e-06

  226  0  1
4.999999999998250e-06
4.999999999998252e-06
4.999999999998255e-06
4.999999999998252e-06

  227  0  0
4.999999999998254e-06
4.999999999998257e-06
4.999999999998255e-06
4.999999999998253e-06

  227  0  1
4.999999999998250e-06
4.999999999998252e-06
4.999999999998255e-06
4.999999999998252e-06

  228  0  0
4.999999999998254e-06
4.999999999998257e-06
4.999999999998255e-06
4.999999999998253e-06

  228  0  1
4.999999999998250e-06
4.999999999998252e-06
4.999999999998255e-06
4.999999999998252e-06

  229  0  0
4.999999999998254e-06
4.999999999998257e-06
4.999999999998255e-06
4.999999999998253e-06

  229  0  1
4.999999999998250e-06
4.999999999998252e-06
4.999999999998255e-06
4.999999999998252e-06

  230  0  0
4.999999999998254e-06
4.999999999998257e-06
4.999999999998255e-06
4.999999999998253e-06

  230  0  1
4.999999999998250e-06
4.999999999998252e-06
4.999999999998255e-06
4.999999999998252e-06

  231  0  0
4.999999999998254e-06
4.999999999998257e-06
4.999999999998255e-06
4.999999999998253e-06

  231  0  1
4.999999999998250e-06
4.999999999998252e-06
4.999999999998255e-06
4.999999999998252e-06

  232  0  0
4.999999999998254e-06
4.999999999998257e-06
4.999999999998255e-06
4.999999999998253e-06

  232  0  1
4.999999999998250e-06
4.999999999998252e-06
4.999999999998255e-06
4.999999999998252e-06

  233  0  0
4.999999999998254e-06
4.999999999998257e-06
4.999999999998255e-06
4.999999999998253e-06

  233  0  1
4.999999999998250e-06
4.999999999998252e-06
4.999999999998255e-06
4.999999999998252e-06

  234  0  0
4.999999999998254e-06
4.999999999998257e-06
4.999999999998255e-06
4.999999999998253e-06

  234  0  1
4.999999999998250e-06
4.999999999998252e-06
4.999999999998255e-06
4.999999999998252e-06

  235  0  0
4.999999999998254e-06
4.999999999998257e-06
4.999999999998255e-06
4.999999999998253e-06

  235  0  1
4.999999999998250e-06
4.999999999998252e-06
4.999999999998255e-06
4.999999999998252e-06

  236  0  0
4.999999999998254e-06
4.999999999998257e-06
4.999999999998255e-06
4.999999999998253e-06

  236  0  1
4.999999999998250e-06
4.999999999998252e-06
4.999999999998255e-06
4.999999999998252e-06

  237  0  0
4.999999999998254e-06
4.999999999998257e-06
4.999999999998255e-06
4.999999999998253e-06

  237  0  1
4.999999999998250e-06
4.999999999998252e-06
4.999999999998255e-06
4.999999999998252e-06

  238  0  0
4.999999999998254e-06
4.999999999998257e-06
4.999999999998255e-06
4.999999999998253e-06

  238  0  1
4.999999999998250e-06
4.999999999998252e-06
4.999999999998255e-06
4.999999999998252e-06

  239  0  0
4.999999999998254e-06
4.999999999998257e-06
4.999999999998255e-06
4.999999999998253e-06

  239  0  1
4.999999999998250e-06
4.999999999998252e-06
4.999999999998255e-06
4.999999999998252e-06

  240  0  0
4.999999999998254e-06
4.999999999998257e-06
4.999999999998255e-06
4.999999999998253e-06

  240  0  1
4.999999999998250e-06
4.999999999998252e-06
4.999999999998255e-06
4.999999999998252e-06

  241  0  0
4.999999999998254e-06
4.999999999998257e-06
4.999999999998255e-06
4.999999999998253e-06

  241  0  1
4.999999999998250e-06
4.999999999998252e-06
4.999999999998255e-06
4.999999999998252e-06

  242  0  0
4.999999999998254e-06
4.999999999998257e-06
4.999999999998255e-06
4.999999999998253e-06

  242  0  1
4.999999999998250e-06
4.999999999998252e-06
4.999999999998255e-06
4.999999999998252e-06

  243  0  0
4.999999999998254e-06
4.999999999998257e-06
4.999999999998255e-06
4.999999999998253e-06

  243  0  1
4.999999999998250e-06
4.999999999998252e-06
4.999999999998255e-06
4.999999999998252e-06

  244  0  0
4.999999999998254e-06
4.999999999998257e-06
4.999999999998255e-06
4.999999999998253e-06

  244  0  1
4.999999999998250e-06
4.999999999998252e-06
4.999999999998255e-06
4.999999999998252e-06

  245  0  0
4.999999999998254e-06
4.999999999998257e-06
4.999999999998255e-06
4.999999999998253e-06

  245  0  1
4.999999999998250e-06
4.999999999998252e-06
4.999999999998255e-06
4.999999999998252e-06

  246  0  0
4.999999999998254e-06
4.999999999998257e-06
4.999999999998255e-06
4.999999999998253e-06

  246  0  1
4.999999999998250e-06
4.999999999998252e-06
4.999999999998255e-06
4.999999999998252e-06

  247  0  0
4.999999999998254e-06
4.999999999998257e-06
4.999999999998255e-06
4.999999999998253e-06

  247  0  1
4.999999999998250e-06
4.999999999998252e-06
4.999999999998255e-06
4.999999999998252e-06

  248  0  0
4.999999999998254e-06
4.999999999998257e-06
4.999999999998255e-06
4.999999999998253e-06

  248  0  1
4.999999999998250e-06
4.999999999998252e-06
4.999999999998255e-06
4.999999999998252e-06

  249  0  0
4.999999999998254e-06
4.999999999998257e-06
4.999999999998255e-06
4.999999999998253e-06

  249  0  1
4.999999999998250e-06
4.999999999998252e-06
4.999999999998255e-06
4.999999999998252e-06

  250  0  0
4.999999999998254e-06
4.999999999998257e-06
4.999999999998255e-06
4.999999999998253e-06

  250  0  1
4.999999999998250e-06
4.999999999998252e-06
4.999999999998255e-06
4.999999999998252e-06

  251  0  0
4.999999999998254e-06
4.999999999998257e-06
4.999999999998255e-06
4.999999999998254e-06

  251  0  1
4.999999999998250e-06
4.999999999998252e-06
4.999999999998255e-06
4.999999999998252e-06

  252  0  0
4.999999999998252e-06
4.999999999998257e-06
4.999999999998255e-06
4.999999999998253e-06

  252  0  1
4.999999999998250e-06
4.999999999998252e-06
4.999999999998255e-06
4.999999999998252e-06

  253  0  0
4.999999999998253e-06
4.999999999998256e-06
4.999999999998255e-06
4.999999999998252e-06

  253  0  1
4.999999999998250e-06
4.999999999998252e-06
4.999999999998255e-06
4.999999999998252e-06

  254  0  0
4.999999999998252e-06
4.999999999998257e-06
4.999999999998255e-06
4.999999999998250e-06

  254  0  1
4.999999999998250e-06
4.999999999998252e-06
4.999999999998255e-06
4.999999999998253e-06

  255  0  0
4.999999999998250e-06
4.999999999998256e-06
4.999999999998254e-06
4.999999999998256e-06

  255  0  1
4.999999999998251e-06
4.999999999998254e-06
4.999999999998255e-06
4.999999999998256e-06

  256  0  0
4.999999999998252e-06
4.999999999998257e-06
4.999999999998256e-06
4.999999999998254e-06

  256  0  1
4.999999999998247e-06
4.999999999998254e-06
4.999999999998255e-06
4.999999999998256e-06

  257  0  0
4.999999999998252e-06
4.999999999998256e-06
4.999999999998253e-06
4.999999999998252e-06

  257  0  1
4.999999999998250e-06
4.999999999998252e-06
4.999999999998255e-06
4.999999999998256e-06

  258  0  0
4.999999999998253e-06
4.999999999998256e-06
4.999999999998255e-06
4.999999999998254e-06

  258  0  1
4.999999999998250e-06
4.999999999998254e-06
4.999999999998256e-06
4.999999999998254e-06

  259  0  0
4.999999999998253e-06
4.999999999998256e-06
4.999999999998253e-06
4.999999999998258e-06

  259  0  1
4.999999999998251e-06
4.999999999998254e-06
4.999999999998255e-06
4.999999999998256e-06

  260  0  0
4.999999999998250e-06
4.999999999998256e-06
4.999999999998253e-06
4.999999999998252e-06

  260  0  1
4.999999999998250e-06
4.999999999998254e-06
4.999999999998255e-06
4.999999999998254e-06

  261  0  0
4.999999999998255e-06
4.999999999998256e-06
4.999999999998255e-06
4.999999999998252e-06

  261  0  1
4.999999999998248e-06
4.999999999998252e-06
4.999999999998256e-06
4.999999999998252e-06

  262  0  0
4.999999999998252e-06
4.999999999998257e-06
4.999999999998256e-06
4.999999999998254e-06

  262  0  1
4.999999999998251e-06
4.999999999998254e-06
4.999999999998255e-06
4.999999999998256e-06

  263  0  0
4.999999999998255e-06
4.999999999998256e-06
4.999999999998255e-06
4.999999999998255e-06

  263  0  1
4.999999999998251e-06
4.999999999998254e-06
4.999999999998255e-06
4.999999999998256e-06

  264  0  0
4.999999999998256e-06
4.999999999998256e-06
4.999999999998255e-06
4.999999999998252e-06

  264  0  1
4.999999999998250e-06
4.999999999998254e-06
4.999999999998256e-06
4.999999999998253e-06

  265  0  0
4.999999999998250e-06
4.999999999998256e-06
4.999999999998255e-06
4.999999999998256e-06

  265  0  1
4.999999999998248e-06
4.999999999998254e-06
4.999999999998256e-06
4.999999999998258e-06

  266  0  0
4.999999999998253e-06
4.999999999998256e-06
4.999999999998255e-06
4.999999999998254e-06

  266  0  1
4.999999999998250e-06
4.999999999998254e-06
4.999999999998254e-06
4.999999999998258e-06

  267  0  0
4.999999999998254e-06
4.999999999998257e-06
4.999999999998255e-06
4.999999999998254e-06

  267  0  1
4.999999999998252e-06
4.999999999998253e-06
4.999999999998256e-06
4.999999999998253e-06

  268  0  0
4.999999999998253e-06
4.999999999998256e-06
4.999999999998255e-06
4.999999999998253e-06

  268  0  1
4.999999999998250e-06
4.999999999998256e-06
4.999999999998256e-06
4.999999999998256e-06

  269  0  0
4.999999999998252e-06
4.999999999998256e-06
4.999999999998254e-06
4.999999999998252e-06

  269  0  1
4.999999999998250e-06
4.999999999998256e-06
4.999999999998256e-06
4.999999999998256e-06

  270  0  0
4.999999999998252e-06
4.999999999998257e-06
4.999999999998255e-06
4.999999999998251e-06

  270  0  1
4.999999999998251e-06
4.999999999998254e-06
4.999999999998253e-06
4.999999999998255e-06

  271  0  0
4.999999999998254e-06
4.999999999998256e-06
4.999999999998253e-06
4.999999999998255e-06

  271  0  1
4.999999999998251e-06
4.999999999998254e-06
4.999999999998253e-06
4.999999999998255e-06

  272  0  0
4.999999999998254e-06
4.999999999998256e-06
4.999999999998255e-06
4.999999999998251e-06

  272  0  1
4.999999999998251e-06
4.999999999998255e-06
4.999999999998256e-06
4.999999999998257e-06

  273  0  0
4.999999999998256e-06
4.999999999998256e-06
4.999999999998254e-06
4.999999999998253e-06

  273  0  1
4.999999999998250e-06
4.999999999998253e-06
4.999999999998255e-06
4.999999999998252e-06

  274  0  0
4.999999999998253e-06
4.999999999998257e-06
4.999999999998255e-06
4.999999999998251e-06

  274  0  1
4.999999999998255e-06
4.999999999998254e-06
4.999999999998253e-06
4.999999999998256e-06

  275  0  0
4.999999999998252e-06
4.999999999998257e-06
4.999999999998256e-06
4.999999999998254e-06

  275  0  1
4.999999999998251e-06
4.999999999998254e-06
4.999999999998255e-06
4.999999999998254e-06

  276  0  0
4.999999999998254e-06
4.999999999998257e-06
4.999999999998255e-06
4.999999999998250e-06

  276  0  1
4.999999999998251e-06
4.999999999998254e-06
4.999999999998256e-06
4.999999999998253e-06

  277  0  0
4.999999999998256e-06
4.999999999998257e-06
4.999999999998255e-06
4.999999999998250e-06

  277  0  1
4.999999999998251e-06
4.999999999998254e-06
4.999999999998253e-06
4.999999999998253e-06

  278  0  0
4.999999999998252e-06
4.999999999998256e-06
4.999999999998255e-06
4.999999999998252e-06

  278  0  1
4.999999999998250e-06
4.999999999998253e-06
4.999999999998256e-06
4.999999999998253e-06

  279  0  0
4.999999999998256e-06
4.999999999998257e-06
4.999999999998254e-06
4.999999999998250e-06

  279  0  1
4.999999999998250e-06
4.999999999998254e-06
4.999999999998256e-06
4.999999999998255e-06

  280  0  0
4.999999999998251e-06
4.999999999998256e-06
4.999999999998255e-06
4.999999999998251e-06

  280  0  1
4.999999999998250e-06
4.999999999998256e-06
4.999999999998256e-06
4.999999999998257e-06

  281  0  0
4.999999999998252e-06
4.999999999998256e-06
4.999999999998254e-06
4.999999999998253e-06

  281  0  1
4.999999999998252e-06
4.999999999998254e-06
4.999999999998255e-06
4.999999999998256e-06

  282  0  0
4.999999999998256e-06
4.999999999998256e-06
4.999999999998253e-06
4.999999999998254e-06

  282  0  1
4.999999999998253e-06
4.999999999998254e-06
4.999999999998253e-06
4.999999999998256e-06

  283  0  0
4.999999999998254e-06
4.999999999998257e-06
4.999999999998255e-06
4.999999999998253e-06

  283  0  1
4.999999999998249e-06
4.999999999998254e-06
4.999999999998253e-06
4.999999999998255e-06

  284  0  0
4.999999999998251e-06
4.999999999998255e-06
4.999999999998255e-06
4.999999999998254e-06

  284  0  1
4.999999999998251e-06
4.999999999998254e-06
4.999999999998253e-06
4.999999999998255e-06

  285  0  0
4.999999999998255e-06
4.999999999998256e-06
4.999999999998255e-06
4.999999999998255e-06

  285  0  1
4.999999999998250e-06
4.999999999998254e-06
4.999999999998254e-06
4.999999999998256e-06

  286  0  0
4.999999999998253e-06
4.999999999998256e-06
4.999999999998253e-06
4.999999999998252e-06

  286  0  1
4.999999999998251e-06
4.999999999998254e-06
4.999999999998253e-06
4.999999999998256e-06

  287  0  0
4.999999999998253e-06
4.999999999998256e-06
4.999999999998253e-06
4.999999999998254e-06

  287  0  1
4.999999999998252e-06
4.999999999998252e-06
4.999999999998256e-06
4.999999999998252e-06

  288  0  0
4.999999999998251e-06
4.999999999998256e-06
4.999999999998255e-06
4.999999999998253e-06

  288  0  1
4.999999999998252e-06
4.999999999998254e-06
4.999999999998253e-06
4.999999999998256e-06

  289  0  0
4.999999999998253e-06
4.999999999998256e-06
4.999999999998254e-06
4.999999999998253e-06

  289  0  1
4.999999999998251e-06
4.999999999998254e-06
4.999999999998256e-06
4.999999999998256e-06

  290  0  0
4.999999999998254e-06
4.999999999998257e-06
4.999999999998254e-06
4.999999999998252e-06

  290  0  1
4.999999999998250e-06
4.999999999998254e-06
4.999999999998254e-06
4.999999999998254e-06

  291  0  0
4.999999999998253e-06
4.999999999998256e-06
4.999999999998253e-06
4.999999999998255e-06

  291  0  1
4.999999999998249e-06
4.999999999998252e-06
4.999999999998253e-06
4.999999999998254e-06

  292  0  0
4.999999999998252e-06
4.999999999998257e-06
4.999999999998255e-06
4.999999999998254e-06

  292  0  1
4.999999999998250e-06
4.999999999998253e-06
4.999999999998256e-06
4.999999999998253e-06

  293  0  0
4.999999999998254e-06
4.999999999998257e-06
4.999999999998255e-06
4.999999999998252e-06

  293  0  1
4.999999999998253e-06
4.999999999998254e-06
4.999999999998253e-06
4.999999999998256e-06

  294  0  0
4.999999999998251e-06
4.999999999998256e-06
4.999999999998255e-06
4.999999999998255e-06

  294  0  1
4.999999999998251e-06
4.999999999998255e-06
4.999999999998256e-06
4.999999999998257e-06

  295  0  0
4.999999999998251e-06
4.999999999998257e-06
4.999999999998255e-06
4.999999999998254e-06

  295  0  1
4.999999999998252e-06
4.999999999998252e-06
4.999999999998253e-06
4.999999999998253e-06

  296  0  0
4.999999999998253e-06
4.999999999998256e-06
4.999999999998255e-06
4.999999999998254e-06

  296  0  1
4.999999999998250e-06
4.999999999998254e-06
4.999999999998253e-06
4.999999999998256e-06

  297  0  0
4.999999999998251e-06
4.999999999998256e-06
4.999999999998255e-06
4.999999999998250e-06

  297  0  1
4.999999999998251e-06
4.999999999998256e-06
4.999999999998256e-06
4.999999999998256e-06

  298  0  0
4.999999999998253e-06
4.999999999998256e-06
4.999999999998254e-06
4.999999999998253e-06

  298  0  1
4.999999999998252e-06
4.999999999998253e-06
4.999999999998255e-06
4.999999999998254e-06

  299  0  0
4.999999999998253e-06
4.999999999998256e-06
4.999999999998255e-06
4.999999999998253e-06

  299  0  1
4.999999999998251e-06
4.999999999998252e-06
4.999999999998253e-06
4.999999999998254e-06

  300  0  0
4.999999999998256e-06
4.999999999998256e-06
4.999999999998255e-06
4.999999999998255e-06

  300  0  1
4.999999999998251e-06
4.999999999998254e-06
4.999999999998253e-06
4.999999999998255e-06

  301  0  0
4.999999999998253e-06
4.999999999998256e-06
4.999999999998254e-06
4.999999999998254e-06

  301  0  1
4.999999999998250e-06
4.999999999998254e-06
4.999999999998253e-06
4.999999999998255e-06

  302  0  0
4.999999999998252e-06
4.999999999998256e-06
4.999999999998255e-06
4.999999999998256e-06

  302  0  1
4.999999999998250e-06
4.999999999998253e-06
4.999999999998255e-06
4.999999999998253e-06

  303  0  0
4.999999999998253e-06
4.999999999998256e-06
4.999999999998255e-06
4.999999999998255e-06

  303  0  1
4.999999999998253e-06
4.999999999998254e-06
4.999999999998255e-06
4.999999999998256e-06

  304  0  0
4.999999999998253e-06
4.999999999998255e-06
4.999999999998255e-06
4.999999999998254e-06

  304  0  1
4.999999999998251e-06
4.999999999998254e-06
4.999999999998255e-06
4.999999999998257e-06

  305  0  0
4.999999999998254e-06
4.999999999998257e-06
4.999999999998256e-06
4.999999999998256e-06

  305  0  1
4.999999999998250e-06
4.999999999998254e-06
4.999999999998256e-06
4.999999999998257e-06

  306  0  0
4.999999999998252e-06
4.999999999998256e-06
4.999999999998253e-06
4.999999999998250e-06

  306  0  1
4.999999999998252e-06
4.999999999998256e-06
4.999999999998255e-06
4.999999999998256e-06

  307  0  0
4.999999999998254e-06
4.999999999998256e-06
4.999999999998255e-06
4.999999999998254e-06

  307  0  1
4.999999999998251e-06
4.999999999998254e-06
4.999999999998255e-06
4.999999999998256e-06

  308  0  0
4.999999999998253e-06
4.999999999998257e-06
4.999999999998256e-06
4.999999999998253e-06

  308  0  1
4.999999999998252e-06
4.999999999998253e-06
4.999999999998253e-06
4.999999999998252e-06

  309  0  0
4.999999999998252e-06
4.999999999998256e-06
4.999999999998255e-06
4.999999999998252e-06

  309  0  1
4.999999999998254e-06
4.999999999998254e-06
4.999999999998255e-06
4.999999999998256e-06

  310  0  0
4.999999999998256e-06
4.999999999998256e-06
4.999999999998255e-06
4.999999999998255e-06

  310  0  1
4.999999999998251e-06
4.999999999998254e-06
4.999999999998253e-06
4.999999999998256e-06

  311  0  0
4.999999999998252e-06
4.999999999998257e-06
4.999999999998256e-06
4.999999999998253e-06

  311  0  1
4.999999999998250e-06
4.999999999998253e-06
4.999999999998255e-06
4.999999999998253e-06

  312  0  0
4.999999999998253e-06
4.999999999998255e-06
4.999999999998254e-06
4.999999999998222e-06

  312  0  1
4.999999999998251e-06
4.999999999998254e-06
4.999999999998256e-06
4.999999999998255e-06

  313  0  0
4.999999999998159e-06
4.999999999998341e-06
4.999999999997973e-06
4.999999999993140e-06

  313  0  1
4.999999999998324e-06
4.999999999998211e-06
4.999999999998354e-06
4.999999999996342e-06

  314  0  0
4.999999999988388e-06
5.000000000009873e-06
4.999999999953902e-06
4.999999999497508e-06

  314  0  1
5.000000000000167e-06
4.999999999998809e-06
4.999999999992452e-06
4.999999999793468e-06

  315  0  0
4.999999999061872e-06
5.000000001126622e-06
4.999999995632483e-06
4.999999952259784e-06

  315  0  1
5.000000000187058e-06
5.000000000062168e-06
4.999999999376915e-06
4.999999979217255e-06

  316  0  0
4.999999914404619e-06
5.000000106122767e-06
4.999999581060364e-06
4.999995579763912e-06

  316  0  1
5.000000019310451e-06
5.000000006594540e-06
4.999999935072111e-06
4.999997940747513e-06

  317  0  0
4.999992469889121e-06
5.000009675210441e-06
4.999960852944705e-06
4.999603843349094e-06

  317  0  1
5.000001932649946e-06
5.000000667124022e-06
4.999993339329633e-06
4.999801392295897e-06

  318  0  0
4.999366116418514e-06
5.000852178308573e-06
4.996446128320477e-06
4.965726464897024e-06

  318  0  1
5.000189406077985e-06
5.000065503009451e-06
4.999331400695764e-06
4.981416865927720e-06

  319  0  0
4.949105536295966e-06
5.073206504679534e-06
4.691100662569285e-06
2.066271754149404e-06

  319  0  1
5.025952005936322e-06
5.001642868555366e-06
4.944310179267556e-06
3.172860750861196e-06

