#Cell 
# Element_0
# Element_1
0
1.168089528902891e+00
1.160965944587104e+00

1
1.167505283164452e+00
1.161179750326633e+00

2
1.167147021860651e+00
1.161107382288711e+00

3
1.166855143808027e+00
1.160952046416395e+00

4
1.166588657633653e+00
1.160764387667540e+00

5
1.166333488823589e+00
1.160561574640298e+00

6
1.166083701282029e+00
1.160350790832724e+00

7
1.165836459218532e+00
1.160135445110348e+00

8
1.165590178177634e+00
1.159917427805477e+00

9
1.165344356488719e+00
1.159697331880458e+00

10
1.165098818219501e+00
1.159475354878608e+00

11
1.164852957810715e+00
1.159252185153298e+00

12
1.164606694531588e+00
1.159027874103579e+00

13
1.164358950687739e+00
1.158803638171409e+00

14
1.164107089194269e+00
1.158582544697914e+00

15
1.163855966256636e+00
1.158358956139277e+00

16
1.163619305648167e+00
1.158116868347917e+00

17
1.163375927947679e+00
1.157881020512060e+00

18
1.163131268043859e+00
1.157645225336943e+00

19
1.162914631492522e+00
1.157375197397435e+00

20
1.162678408916523e+00
1.157126335873193e+00

21
1.162438901822171e+00
1.156879771114103e+00

22
1.162220959680404e+00
1.156606496660061e+00

23
1.161985837975467e+00
1.156351511830837e+00

24
1.161743541087772e+00
1.156103295572650e+00

25
1.161523073836496e+00
1.155828079175870e+00

26
1.161289495788669e+00
1.155566356979893e+00

27
1.161043622718364e+00
1.155317288862934e+00

28
1.160819193047924e+00
1.155041688064183e+00

29
1.160587729596558e+00
1.154772473846074e+00

30
1.160338858669755e+00
1.154521770015689e+00

31
1.160108715173374e+00
1.154247697260438e+00

32
1.159879492875263e+00
1.153970755780205e+00

33
1.159629225182572e+00
1.153716451890594e+00

34
1.159391672829905e+00
1.153445742783939e+00

35
1.159163881216461e+00
1.153161923194114e+00

36
1.158914543499586e+00
1.152901223829253e+00

37
1.158668669412289e+00
1.152634799169599e+00

38
1.158440134835372e+00
1.152346517491932e+00

39
1.158194175667818e+00
1.152076497852009e+00

40
1.157940751876298e+00
1.151813328006309e+00

41
1.157707900971013e+00
1.151524595753791e+00

42
1.157466890216108e+00
1.151243357143839e+00

43
1.157208947851280e+00
1.150979812187883e+00

44
1.156967696006237e+00
1.150695201691933e+00

45
1.156731050874403e+00
1.150403333228734e+00

46
1.156473428605131e+00
1.150133717704735e+00

47
1.156221291051553e+00
1.149855934051102e+00

48
1.155985238426965e+00
1.149557687367854e+00

49
1.155732742150193e+00
1.149276369393089e+00

50
1.155471316508322e+00
1.149003415654950e+00

51
1.155229319000811e+00
1.148706185334845e+00

52
1.154983918942285e+00
1.148410818407622e+00

53
1.154719470008543e+00
1.148135352901777e+00

54
1.154465600053110e+00
1.147845785504417e+00

55
1.154223880273992e+00
1.147540211511278e+00

56
1.153964247937359e+00
1.147253120013518e+00

57
1.153698564976644e+00
1.146970968732193e+00

58
1.153451787792825e+00
1.146665091858882e+00

59
1.153200807792174e+00
1.146361890841740e+00

60
1.152931357389561e+00
1.146077774091618e+00

61
1.152671222020993e+00
1.145780930261225e+00

62
1.152424216889326e+00
1.145466897156128e+00

63
1.152161272884583e+00
1.145168930556454e+00

64
1.151889005339124e+00
1.144879522851093e+00

65
1.151634165948113e+00
1.144568037889194e+00

66
1.151380639454726e+00
1.144252810945938e+00

67
1.151107971807165e+00
1.143957263370032e+00

68
1.150837524928185e+00
1.143657014603315e+00

69
1.150584004341300e+00
1.143335192137481e+00

70
1.150321305992642e+00
1.143021551931759e+00

71
1.150042640243332e+00
1.142723905651503e+00

72
1.149775136668866e+00
1.142411285590801e+00

73
1.149518936300684e+00
1.142083439737246e+00

74
1.149247127758228e+00
1.141771052881766e+00

75
1.148965470822501e+00
1.141467610663219e+00

76
1.148699760533441e+00
1.141143674771872e+00

77
1.148438363990543e+00
1.140812412217395e+00

78
1.148158695373404e+00
1.140499577068307e+00

79
1.147875627838288e+00
1.140188266228689e+00

80
1.147609835492663e+00
1.139854884914943e+00

81
1.147342178574783e+00
1.139521143028672e+00

82
1.147056061721651e+00
1.139205966832316e+00

83
1.146771928523783e+00
1.138886118228398e+00

84
1.146504371479488e+00
1.138544931791525e+00

85
1.146230353541432e+00
1.138208540800439e+00

86
1.145938888811600e+00
1.137889481429018e+00

87
1.145653260246320e+00
1.137561301049329e+00

88
1.145382760518129e+00
1.137213365475251e+00

89
1.145102803203073e+00
1.136873552890342e+00

90
1.144806664380159e+00
1.136549547378948e+00

91
1.144518727266548e+00
1.136213666683623e+00

92
1.144244591017175e+00
1.135859475755292e+00

93
1.143959356542647e+00
1.135515186067572e+00

94
1.143658858648309e+00
1.135185569613676e+00

95
1.143367649012958e+00
1.134842777734886e+00

96
1.143089512907960e+00
1.134482437442405e+00

97
1.142799756256595e+00
1.134132500727502e+00

98
1.142495002693970e+00
1.133796838716446e+00

99
1.142199510464178e+00
1.133447963784233e+00

100
1.141917147091572e+00
1.133081415406976e+00

101
1.141623646773139e+00
1.132724628572215e+00

102
1.141314705680445e+00
1.132382518018668e+00

103
1.141013917013525e+00
1.132028380282067e+00

104
1.140727030951219e+00
1.131655632674534e+00

105
1.140430539325326e+00
1.131290816774621e+00

106
1.140117623191951e+00
1.130941682917712e+00

107
1.139810572104586e+00
1.130583034850740e+00

108
1.139518603344110e+00
1.130204384091936e+00

109
1.139219760132465e+00
1.129830480003777e+00

110
1.138903381729475e+00
1.129473398425034e+00

111
1.138589277705742e+00
1.129110777913954e+00

112
1.138291247485972e+00
1.128726977027428e+00

113
1.137990411079201e+00
1.128343233657939e+00

114
1.137671467462112e+00
1.127976836085026e+00

115
1.137349938409465e+00
1.127610292822552e+00

116
1.137044410717800e+00
1.127222592711693e+00

117
1.136741388916231e+00
1.126828870194416e+00

118
1.136421096390111e+00
1.126451421948216e+00

119
1.136092518957943e+00
1.126080149615599e+00

120
1.135777788685073e+00
1.125690086162084e+00

121
1.135471507996162e+00
1.125287226451448e+00

122
1.135151100876438e+00
1.124896969339930e+00

123
1.134816884340332e+00
1.124518991013164e+00

124
1.134491498434586e+00
1.124127797073225e+00

125
1.134179756609527e+00
1.123717894914655e+00

126
1.133859901730154e+00
1.123313704815251e+00

127
1.133522488897676e+00
1.122925875702278e+00

128
1.133186088477342e+00
1.122533534158819e+00

129
1.132865680177400e+00
1.122119784734787e+00

130
1.132545673981570e+00
1.121702067654589e+00

131
1.132208004374942e+00
1.121300682581083e+00

132
1.131862192626891e+00
1.120904957660589e+00

133
1.131529776421948e+00
1.120490676010843e+00

134
1.131206817973310e+00
1.120062173606241e+00

135
1.130871141815919e+00
1.119644302947932e+00

136
1.130519744184951e+00
1.119240461557744e+00

137
1.130173567130966e+00
1.118827151734906e+00

138
1.129842749314548e+00
1.118392936191896e+00

139
1.129509000077211e+00
1.117958248357334e+00

140
1.129157043011663e+00
1.117540219176857e+00

141
1.128798833068294e+00
1.117125468242697e+00

142
1.128454712049356e+00
1.116691169763738e+00

143
1.128119142730048e+00
1.116243439579996e+00

144
1.127770440485113e+00
1.115806521702101e+00

145
1.127405849445819e+00
1.115383524121928e+00

146
1.127045762925234e+00
1.114951617786931e+00

147
1.126701223768936e+00
1.114498382429932e+00

148
1.126355415466501e+00
1.114042548737543e+00

149
1.125991631672157e+00
1.113602795602868e+00

150
1.125618844999823e+00
1.113169108679490e+00

151
1.125258225321508e+00
1.112717797996430e+00

152
1.124909066230151e+00
1.112249569251111e+00

153
1.124550157807084e+00
1.111788059270165e+00

154
1.124173292654781e+00
1.111342447950515e+00

155
1.123795356539767e+00
1.110893885730492e+00

156
1.123432906067705e+00
1.110423842300587e+00

157
1.123075546515459e+00
1.109943828286817e+00

158
1.122702921334747e+00
1.109476521831423e+00

159
1.122315330893375e+00
1.109021605221392e+00

160
1.121933356259678e+00
1.108556119860606e+00

161
1.121566767434579e+00
1.108069107783705e+00

162
1.121199047074588e+00
1.107578891834993e+00

163
1.120813324257400e+00
1.107104254149617e+00

164
1.120416711404605e+00
1.106637286549791e+00

165
1.120030324846632e+00
1.106154452971523e+00

166
1.119657419816972e+00
1.105652049783836e+00

167
1.119278455994841e+00
1.105151747495374e+00

168
1.118880630984640e+00
1.104667785933532e+00

169
1.118475741716250e+00
1.104187051930252e+00

170
1.118083775495626e+00
1.103687287092695e+00

171
1.117702966172266e+00
1.103170367029757e+00

172
1.117312717162885e+00
1.102659113682636e+00

173
1.116903665561962e+00
1.102163929958174e+00

174
1.116490405356568e+00
1.101668609771474e+00

175
1.116091413457061e+00
1.101152596003890e+00

176
1.115701715761839e+00
1.100621318194475e+00

177
1.115300585811458e+00
1.100097714322376e+00

178
1.114880897111144e+00
1.099589691939831e+00

179
1.114458599387234e+00
1.099079561421128e+00

180
1.114051104596942e+00
1.098547971967654e+00

181
1.113651952240669e+00
1.098001990018324e+00

182
1.113240536922956e+00
1.097464385759235e+00

183
1.112810565886958e+00
1.096942129497301e+00

184
1.112378259118994e+00
1.096417256632817e+00

185
1.111960793024809e+00
1.095870704802876e+00

186
1.111551791792041e+00
1.095309434304371e+00

187
1.111130743134336e+00
1.094756073473857e+00

188
1.110690771733281e+00
1.094218222225349e+00

189
1.110247409664445e+00
1.093678703572549e+00

190
1.109818452237115e+00
1.093117802485284e+00

191
1.109399127735043e+00
1.092540695667810e+00

192
1.108969070901729e+00
1.091969805618430e+00

193
1.108519502469683e+00
1.091414816367985e+00

194
1.108064190232315e+00
1.090860526306074e+00

195
1.107622112214349e+00
1.090285951762101e+00

196
1.107191657480860e+00
1.089692776481543e+00

197
1.106753072683389e+00
1.089102701017548e+00

198
1.106294588306756e+00
1.088528680262086e+00

199
1.105826844495862e+00
1.087958984837675e+00

200
1.105369947983131e+00
1.087371429368666e+00

201
1.104926981277561e+00
1.086762531718899e+00

202
1.104479969374800e+00
1.086151986290872e+00

203
1.104013559940891e+00
1.085556654136566e+00

204
1.103533614021876e+00
1.084970082173241e+00

205
1.103060369144051e+00
1.084369987043613e+00

206
1.102602776095283e+00
1.083746451497692e+00

207
1.102146671128686e+00
1.083114937776890e+00

208
1.101673438151161e+00
1.082495842372235e+00

209
1.101182479452532e+00
1.081889811159888e+00

210
1.100692027908028e+00
1.081276808457549e+00

211
1.100217063685286e+00
1.080640332725407e+00

212
1.099749957125912e+00
1.079988648579222e+00

213
1.099270580629711e+00
1.079343748766207e+00

214
1.098770758699861e+00
1.078714572014664e+00

215
1.098263621089773e+00
1.078086716406260e+00

216
1.097768512006302e+00
1.077438947109546e+00

217
1.097286926299678e+00
1.076769531586465e+00

218
1.096800780120028e+00
1.076098162199947e+00

219
1.096294672988243e+00
1.075441642667741e+00

220
1.095773329742680e+00
1.074794789937091e+00

221
1.095256504758562e+00
1.074135975626956e+00

222
1.094755677893155e+00
1.073452577562784e+00

223
1.094259810237186e+00
1.072756543437128e+00

224
1.093749153692503e+00
1.072069359582179e+00

225
1.093217895630889e+00
1.071397342796036e+00

226
1.092680542421039e+00
1.070724642206588e+00

227
1.092155876056391e+00
1.070030719123346e+00

228
1.091644510666151e+00
1.069314801849827e+00

229
1.091128329677531e+00
1.068596525740295e+00

230
1.090591783175060e+00
1.067892773378182e+00

231
1.090038715893933e+00
1.067199334001253e+00

232
1.089488452045897e+00
1.066495139072924e+00

233
1.088954118498825e+00
1.065765830263987e+00

234
1.088427072901117e+00
1.065020689778819e+00

235
1.087887350732673e+00
1.064281324790032e+00

236
1.087325792354977e+00
1.063557644199798e+00

237
1.086753606269127e+00
1.062837446159292e+00

238
1.086190735926540e+00
1.062099029505756e+00

239
1.085643385079567e+00
1.061335565649572e+00

240
1.085096888521846e+00
1.060562840420924e+00

241
1.084532559606343e+00
1.059801030191179e+00

242
1.083947374224945e+00
1.059053372511720e+00

243
1.083357141998563e+00
1.058302706910491e+00

244
1.082780075084321e+00
1.057529250524158e+00

245
1.082216394784765e+00
1.056732652135342e+00

246
1.081648266821622e+00
1.055932081523085e+00

247
1.081059385180055e+00
1.055145091740923e+00

248
1.080451458118139e+00
1.054369795608799e+00

249
1.079842686682967e+00
1.053586489548917e+00

250
1.079248949686540e+00
1.052777953003673e+00

251
1.078666290338067e+00
1.051948333548882e+00

252
1.078075524822080e+00
1.051118200679154e+00

253
1.077462491824353e+00
1.050302745444180e+00

254
1.076831906672701e+00
1.049496841792097e+00

255
1.076202986524471e+00
1.048679742608682e+00

256
1.075589835661452e+00
1.047836179108128e+00

257
1.074986207968172e+00
1.046972741881285e+00

258
1.074372476953407e+00
1.046110411175057e+00

259
1.073735680599601e+00
1.045263039027183e+00

260
1.073081854167917e+00
1.044424091406831e+00

261
1.072430514333290e+00
1.043572557792320e+00

262
1.071795130450852e+00
1.042693892141797e+00

263
1.071168910205962e+00
1.041795244134672e+00

264
1.070532174411920e+00
1.040897577012111e+00

265
1.069871936309407e+00
1.040014716401855e+00

266
1.069193951688671e+00
1.039140440926834e+00

267
1.068517604199414e+00
1.038253945638046e+00

268
1.067857022829231e+00
1.037340023612184e+00

269
1.067206539615065e+00
1.036404594494508e+00

270
1.066546739212693e+00
1.035468259356607e+00

271
1.065863405555498e+00
1.034546096630052e+00

272
1.065160418481843e+00
1.033633898038348e+00

273
1.064456461464420e+00
1.032711672044898e+00

274
1.063767429862598e+00
1.031762381731728e+00

275
1.063090516050737e+00
1.030788877615288e+00

276
1.062407238160087e+00
1.029810682687385e+00

277
1.061701251300444e+00
1.028845069192376e+00

278
1.060972911308628e+00
1.027891577791745e+00

279
1.060239126624412e+00
1.026932169994945e+00

280
1.059518089573425e+00
1.025947434131181e+00

281
1.058811651186369e+00
1.024935268627818e+00

282
1.058103656392486e+00
1.023912645289754e+00

283
1.057375418548185e+00
1.022899231909882e+00

284
1.056622197051407e+00
1.021899950732664e+00

285
1.055857322896359e+00
1.020900610149685e+00

286
1.055100747998410e+00
1.019880013914330e+00

287
1.054360501151473e+00
1.018829544757333e+00

288
1.053625058536191e+00
1.017761209013378e+00

289
1.052874381045564e+00
1.016696000378195e+00

290
1.052097571511232e+00
1.015645291041673e+00

291
1.051301960746908e+00
1.014601257222039e+00

292
1.050507187865112e+00
1.013543116863888e+00

293
1.049727888033206e+00
1.012455342809126e+00

294
1.048960092679539e+00
1.011341945771642e+00

295
1.048185116361607e+00
1.010222387988304e+00

296
1.047386160887541e+00
1.009114161152139e+00

297
1.046562145675062e+00
1.008018280723045e+00

298
1.045728723510384e+00
1.006918226501228e+00

299
1.044905349507149e+00
1.005793494523966e+00

300
1.044097984763936e+00
1.004637689872448e+00

301
1.043293768044939e+00
1.003464084067925e+00

302
1.042472608545468e+00
1.002293501669424e+00

303
1.041623868645336e+00
1.001136906282139e+00

304
1.040754760256147e+00
9.999866455838013e-01

305
1.039884840069206e+00
9.988222022980165e-01

306
1.039029717302896e+00
9.976271683112042e-01

307
1.038187323100040e+00
9.964035185560823e-01

308
1.037339912435424e+00
9.951695153892013e-01

309
1.036469133070713e+00
9.939440521581635e-01

310
1.035570440505636e+00
9.927316935958643e-01

311
1.034656658531114e+00
9.915189944063719e-01

312
1.033748136629228e+00
9.902847156357385e-01

313
1.032855863958913e+00
9.890173072189912e-01

314
1.031972046692982e+00
9.877246350181436e-01

315
1.031076924331180e+00
9.864269208326745e-01

316
1.030154694140880e+00
9.851402972591259e-01

317
1.029205396207710e+00
9.838645539035417e-01

318
1.028245036106146e+00
9.825830295642239e-01

319
1.027293399323231e+00
9.812751784752327e-01

320
1.026357874942762e+00
9.799332066762071e-01

321
1.025427338622937e+00
9.785683344422027e-01

322
1.024481443002956e+00
9.772012385499251e-01

323
1.023506310102848e+00
9.758459524915543e-01

324
1.022504607827238e+00
9.744995521197524e-01

325
1.021493796872120e+00
9.731439751485008e-01

326
1.020493074838836e+00
9.717593940615407e-01

327
1.019508035371935e+00
9.703398823479611e-01

328
1.018526204970233e+00
9.688979408376485e-01

329
1.017527086258307e+00
9.674542340150690e-01

330
1.016497413556948e+00
9.660220476675727e-01

331
1.015440487115410e+00
9.645978076407458e-01

332
1.014374030775463e+00
9.631632874566048e-01

333
1.013317299346515e+00
9.616987215509996e-01

334
1.012276129536094e+00
9.601979591555614e-01

335
1.011238408538699e+00
9.586730215798127e-01

336
1.010183551510275e+00
9.571444809999471e-01

337
1.009097405495036e+00
9.556263881913846e-01

338
1.007981918357405e+00
9.541165286099074e-01

339
1.006853971878770e+00
9.525976344213597e-01

340
1.005733547464208e+00
9.510493350362043e-01

341
1.004628741869563e+00
9.494632309261242e-01

342
1.003529609284225e+00
9.478490463795207e-01

343
1.002415783751091e+00
9.462269387184252e-01

344
1.001270939807653e+00
9.446129859328858e-01

345
1.000093660975126e+00
9.430083211340555e-01

346
9.988984890304611e-01
9.413981224564277e-01

347
9.977061951676686e-01
9.397613684416706e-01

348
9.965288485700441e-01
9.380857406287678e-01

349
9.953608616704605e-01
9.363765119895125e-01

350
9.941832353070319e-01
9.346522735118747e-01

351
9.929768966370230e-01
9.329316515725076e-01

352
9.917351675700581e-01
9.312209442111309e-01

353
9.904680647847102e-01
9.295099000111914e-01

354
9.891959726264438e-01
9.277780277861606e-01

355
9.879357407884204e-01
9.260083608683989e-01

356
9.866886090567678e-01
9.241993540163631e-01

357
9.854394081983791e-01
9.223656162116660e-01

358
9.841671635722512e-01
9.205274263194925e-01

359
9.828587114968270e-01
9.186973430053366e-01

360
9.815168367217106e-01
9.168722533914112e-01

361
9.801586858003769e-01
9.150349830670336e-01

362
9.788048057335340e-01
9.131650654432896e-01

363
9.774651277880837e-01
9.112524379342216e-01

364
9.761320471229702e-01
9.093041458754141e-01

365
9.747857487528057e-01
9.073390887966721e-01

366
9.734071288219343e-01
9.053754168755305e-01

367
9.719894351702006e-01
9.034192429691207e-01

368
9.705423226530150e-01
9.014607655134099e-01

369
9.690861365384587e-01
8.994798634427733e-01

370
9.676389423957473e-01
8.974586633905814e-01

371
9.662044028429944e-01
8.953932157115697e-01

372
9.647693504205818e-01
8.932957647965474e-01

373
9.633124633466492e-01
8.911863370461993e-01

374
9.618173576656990e-01
8.890801502926707e-01

375
9.602820850478391e-01
8.869785477656680e-01

376
9.587203254893374e-01
8.848679260064498e-01

377
9.571533693079792e-01
8.827274554207160e-01

378
9.555967553450868e-01
8.805418399909126e-01

379
9.540501144494420e-01
8.783109428696516e-01

380
9.524974502536140e-01
8.760494371078107e-01

381
9.509171526739461e-01
8.737772406622366e-01

382
9.492946181860825e-01
8.715075620911461e-01

383
9.476303642571797e-01
8.692392875162107e-01

384
9.459398123031193e-01
8.669572653995712e-01

385
9.442444518589960e-01
8.646406865002922e-01

386
9.425587024194949e-01
8.622754374584161e-01

387
9.408807724185908e-01
8.598626165269730e-01

388
9.391937951319796e-01
8.574173761277833e-01

389
9.374759427838042e-01
8.549594048307518e-01

390
9.357126591613035e-01
8.525015243962789e-01

391
9.339044325345393e-01
8.500425253654363e-01

392
9.320665782597549e-01
8.475674595303723e-01

393
9.302207524949584e-01
8.450555685892644e-01

394
9.283821684362463e-01
8.424921095854789e-01

395
9.265502643304847e-01
8.398768997394116e-01

396
9.247090134065904e-01
8.372239254106271e-01

397
9.228361981411307e-01
8.345527417979076e-01

398
9.209154563903779e-01
8.318774289462352e-01

399
9.189446974535653e-01
8.291989684721861e-01

400
9.169371755140723e-01
8.265043671027219e-01

401
9.149144507278894e-01
8.237731427476279e-01

402
9.128942092456941e-01
8.209884008013997e-01

403
9.108798103089998e-01
8.181462415205436e-01

404
9.088582246566805e-01
8.152575073630196e-01

405
9.068073357508362e-01
8.123410969899055e-01

406
9.047076341050597e-01
8.094134230421003e-01

407
9.025519392957000e-01
8.064797572308978e-01

408
9.003488735504253e-01
8.035312371415106e-01

409
8.981184819062593e-01
8.005488768957375e-01

410
8.958814961906830e-01
7.975131636477782e-01

411
8.936476252533297e-01
7.944144079527009e-01

412
8.914098808988826e-01
7.912576495384130e-01

413
8.891483020911968e-01
7.880592364318080e-01

414
8.868403064531345e-01
7.848376420410454e-01

415
8.844717004280275e-01
7.816038350436869e-01

416
8.820432790561028e-01
7.783556179399166e-01

417
8.795703396491484e-01
7.750781824051155e-01

418
8.770749542350954e-01
7.717509170524641e-01

419
8.745741946338009e-01
7.683576196185140e-01

420
8.720706047463265e-01
7.648946405558830e-01

421
8.695505533681396e-01
7.613721496156143e-01

422
8.669911017107739e-01
7.578081024189129e-01

423
8.643710480231032e-01
7.542187465090260e-01

424
8.616805493268228e-01
7.506104885316137e-01

425
8.589253637689801e-01
7.469764316524031e-01

426
8.561239754757585e-01
7.432989511192097e-01

427
8.532983550158174e-01
7.395575683260802e-01

428
8.504623925870122e-01
7.357386533857292e-01

429
8.476142154513544e-01
7.318417347071035e-01

430
8.447367278122394e-01
7.278788663097173e-01

431
8.418056553141292e-01
7.238677937706648e-01

432
8.388004504478037e-01
7.198228931891697e-01

433
8.357129934977081e-01
7.157480909041722e-01

434
8.325507459622472e-01
7.116344388469669e-01

435
8.293330320175921e-01
7.074633124631150e-01

436
8.260815091735708e-01
7.032142543579792e-01

437
8.228089427921700e-01
6.988740457462934e-01

438
8.195121320545682e-01
6.944422673459762e-01

439
8.161727950899308e-01
6.899303712156405e-01

440
8.127655280061741e-01
6.853551331678756e-01

441
8.092684566784447e-01
6.807301193511269e-01

442
8.056718497769539e-01
6.760589548018227e-01

443
8.019815143353496e-01
6.713328276395411e-01

444
7.982156267364462e-01
6.665331591536678e-01

445
7.943957983448088e-01
6.616386878940735e-01

446
7.905359778132708e-01
6.566340710545460e-01

447
7.866346481059721e-01
6.515157511660051e-01

448
7.826743638508044e-01
6.462920513124800e-01

449
7.786285183847138e-01
6.409777554799865e-01

450
7.744716295752158e-01
6.355861721123847e-01

451
7.701885822143422e-01
6.301222031714502e-01

452
7.657794572830995e-01
6.245788951124593e-01

453
7.612582312093951e-01
6.189386207560051e-01

454
7.566454482246190e-01
6.131786658693693e-01

455
7.519574360429068e-01
6.072791958969849e-01

456
7.471968888075825e-01
6.012299950475319e-01

457
7.423494760530083e-01
5.950326205032194e-01

458
7.373879408217712e-01
5.886970756197634e-01

459
7.322812864701242e-01
5.822349439224105e-01

460
7.270047990223181e-01
5.756521625974349e-01

461
7.215471248350304e-01
5.689441113574097e-01

462
7.159120487981148e-01
5.620945498101242e-01

463
7.101141446115218e-01
5.550788070677143e-01

464
7.041694244655162e-01
5.478702706621037e-01

465
6.980845287784955e-01
5.404476113789353e-01

466
6.918493220084700e-01
5.327993908194445e-01

467
6.854363184743633e-01
5.249238447424864e-01

468
6.788068205453113e-01
5.168241508534716e-01

469
6.719206022688226e-01
5.085015154073341e-01

470
6.647450971842870e-01
4.999488356213560e-01

471
6.572608915506279e-01
4.911469497324693e-01

472
6.494616592383928e-01
4.820644876484374e-01

473
6.413481145988840e-01
4.726613383109391e-01

474
6.329175004960832e-01
4.628945025671725e-01

475
6.241523449118057e-01
4.527238304360240e-01

476
6.150131141448516e-01
4.421147743209099e-01

477
6.054374808246975e-01
4.310364342972882e-01

478
5.953452738897483e-01
4.194554244966159e-01

479
5.846460287105845e-01
4.073280324695783e-01

480
5.732460005289012e-01
3.945926516096325e-01

481
5.610498203355999e-01
3.811622130119052e-01

482
5.479513817455742e-01
3.669182423895767e-01

483
5.338191352824295e-01
3.517111356941161e-01

484
5.184830467856023e-01
3.353557784907652e-01

485
5.016897961686008e-01
3.175987990400619e-01

486
4.830024473070880e-01
2.980927050855071e-01

487
4.617801061346273e-01
2.764267998547992e-01

488
4.372162560323333e-01
2.519609515475386e-01

489
4.074614323041460e-01
2.231244739387408e-01

490
3.670183214018079e-01
1.872379028819683e-01

491
3.050694594432393e-01
1.429876613399257e-01

492
2.099219738857485e-01
9.540851939298606e-02

493
1.015683406086593e-01
6.336668134736026e-02

494
5.936900001055405e-02
5.655774871982252e-02

495
5.630181512154294e-02
5.624075829779134e-02

496
5.623542141960260e-02
5.623425860549891e-02

497
5.623415701842345e-02
5.623413491672996e-02

498
5.623413298510933e-02
5.623413256466349e-02

499
5.623413252790412e-02
5.623413251989920e-02

500
5.623413251919909e-02
5.623413251904657e-02

501
5.623413251903322e-02
5.623413251903032e-02

502
5.623413251903006e-02
5.623413251903001e-02

503
5.623413251903000e-02
5.623413251903000e-02

504
5.623413251903000e-02
5.623413251903000e-02

505
5.623413251903000e-02
5.623413251903000e-02

506
5.623413251903000e-02
5.623413251903000e-02

507
5.623413251903000e-02
5.623413251903000e-02

508
5.623413251903000e-02
5.623413251903000e-02

509
5.623413251903000e-02
5.623413251903000e-02

510
5.623413251903000e-02
5.623413251903000e-02

511
5.623413251903000e-02
5.623413251903000e-02

512
5.623413251903000e-02
5.623413251903000e-02

513
5.623413251903000e-02
5.623413251903000e-02

514
5.623413251903000e-02
5.623413251903000e-02

515
5.623413251903000e-02
5.623413251903000e-02

516
5.623413251903000e-02
5.623413251903000e-02

517
5.623413251903000e-02
5.623413251903000e-02

518
5.623413251903000e-02
5.623413251903000e-02

519
5.623413251903000e-02
5.623413251903000e-02

520
5.623413251903000e-02
5.623413251903000e-02

521
5.623413251903000e-02
5.623413251903000e-02

522
5.623413251903000e-02
5.623413251903000e-02

523
5.623413251903000e-02
5.623413251903000e-02

524
5.623413251903000e-02
5.623413251903000e-02

525
5.623413251903000e-02
5.623413251903000e-02

526
5.623413251903000e-02
5.623413251903000e-02

527
5.623413251903000e-02
5.623413251903000e-02

528
5.623413251903000e-02
5.623413251903000e-02

529
5.623413251903000e-02
5.623413251903000e-02

530
5.623413251903000e-02
5.623413251903000e-02

531
5.623413251903000e-02
5.623413251903000e-02

532
5.623413251903000e-02
5.623413251903000e-02

533
5.623413251903000e-02
5.623413251903000e-02

534
5.623413251903000e-02
5.623413251903000e-02

535
5.623413251903000e-02
5.623413251903000e-02

536
5.623413251903000e-02
5.623413251903000e-02

537
5.623413251903000e-02
5.623413251903000e-02

538
5.623413251903000e-02
5.623413251903000e-02

539
5.623413251903000e-02
5.623413251903000e-02

540
5.623413251903000e-02
5.623413251903000e-02

541
5.623413251903000e-02
5.623413251903000e-02

542
5.623413251903000e-02
5.623413251903000e-02

543
5.623413251903000e-02
5.623413251903000e-02

544
5.623413251903000e-02
5.623413251903000e-02

545
5.623413251903000e-02
5.623413251903000e-02

546
5.623413251903000e-02
5.623413251903000e-02

547
5.623413251903000e-02
5.623413251903000e-02

548
5.623413251903000e-02
5.623413251903000e-02

549
5.623413251903000e-02
5.623413251903000e-02

550
5.623413251903000e-02
5.623413251903000e-02

551
5.623413251903000e-02
5.623413251903000e-02

552
5.623413251903000e-02
5.623413251903000e-02

553
5.623413251903000e-02
5.623413251903000e-02

554
5.623413251903000e-02
5.623413251903000e-02

555
5.623413251903000e-02
5.623413251903000e-02

556
5.623413251903000e-02
5.623413251903000e-02

557
5.623413251903000e-02
5.623413251903000e-02

558
5.623413251903000e-02
5.623413251903000e-02

559
5.623413251903000e-02
5.623413251903000e-02

560
5.623413251903000e-02
5.623413251903000e-02

561
5.623413251903000e-02
5.623413251903000e-02

562
5.623413251903000e-02
5.623413251903000e-02

563
5.623413251903000e-02
5.623413251903000e-02

564
5.623413251903000e-02
5.623413251903000e-02

565
5.623413251903000e-02
5.623413251903000e-02

566
5.623413251903000e-02
5.623413251903000e-02

567
5.623413251903000e-02
5.623413251903000e-02

568
5.623413251903000e-02
5.623413251903000e-02

569
5.623413251903000e-02
5.623413251903000e-02

570
5.623413251903000e-02
5.623413251903000e-02

571
5.623413251903000e-02
5.623413251903000e-02

572
5.623413251903000e-02
5.623413251903000e-02

573
5.623413251903000e-02
5.623413251903000e-02

574
5.623413251903000e-02
5.623413251903000e-02

575
5.623413251903000e-02
5.623413251903000e-02

576
5.623413251903000e-02
5.623413251903000e-02

577
5.623413251903000e-02
5.623413251903000e-02

578
5.623413251903000e-02
5.623413251903000e-02

579
5.623413251903000e-02
5.623413251903000e-02

580
5.623413251903000e-02
5.623413251903000e-02

581
5.623413251903000e-02
5.623413251903000e-02

582
5.623413251903000e-02
5.623413251903000e-02

583
5.623413251903000e-02
5.623413251903000e-02

584
5.623413251903000e-02
5.623413251903000e-02

585
5.623413251903000e-02
5.623413251903000e-02

586
5.623413251903000e-02
5.623413251903000e-02

587
5.623413251903000e-02
5.623413251903000e-02

588
5.623413251903000e-02
5.623413251903000e-02

589
5.623413251903000e-02
5.623413251903000e-02

590
5.623413251903000e-02
5.623413251903000e-02

591
5.623413251903000e-02
5.623413251903000e-02

592
5.623413251903000e-02
5.623413251903000e-02

593
5.623413251903000e-02
5.623413251903000e-02

594
5.623413251903000e-02
5.623413251903000e-02

595
5.623413251903000e-02
5.623413251903000e-02

596
5.623413251903000e-02
5.623413251903000e-02

597
5.623413251903000e-02
5.623413251903000e-02

598
5.623413251903000e-02
5.623413251903000e-02

599
5.623413251903000e-02
5.623413251903000e-02

600
5.623413251903000e-02
5.623413251903000e-02

601
5.623413251903000e-02
5.623413251903000e-02

602
5.623413251903000e-02
5.623413251903000e-02

603
5.623413251903000e-02
5.623413251903000e-02

604
5.623413251903000e-02
5.623413251903000e-02

605
5.623413251903000e-02
5.623413251903000e-02

606
5.623413251903000e-02
5.623413251903000e-02

607
5.623413251903000e-02
5.623413251903000e-02

608
5.623413251903000e-02
5.623413251903000e-02

609
5.623413251903000e-02
5.623413251903000e-02

610
5.623413251903000e-02
5.623413251903000e-02

611
5.623413251903000e-02
5.623413251903000e-02

612
5.623413251903000e-02
5.623413251903000e-02

613
5.623413251903000e-02
5.623413251903000e-02

614
5.623413251903000e-02
5.623413251903000e-02

615
5.623413251903000e-02
5.623413251903000e-02

616
5.623413251903000e-02
5.623413251903000e-02

617
5.623413251903000e-02
5.623413251903000e-02

618
5.623413251903000e-02
5.623413251903000e-02

619
5.623413251903000e-02
5.623413251903000e-02

620
5.623413251903000e-02
5.623413251903000e-02

621
5.623413251903000e-02
5.623413251903000e-02

622
5.623413251903000e-02
5.623413251903000e-02

623
5.623413251903000e-02
5.623413251903000e-02

624
5.623413251903000e-02
5.623413251903000e-02

625
5.623413251903000e-02
5.623413251903000e-02

626
5.623413251903000e-02
5.623413251903000e-02

627
5.623413251903000e-02
5.623413251903000e-02

628
5.623413251903000e-02
5.623413251903000e-02

629
5.623413251903000e-02
5.623413251903000e-02

630
5.623413251903000e-02
5.623413251903000e-02

631
5.623413251903000e-02
5.623413251903000e-02

632
5.623413251903000e-02
5.623413251903000e-02

633
5.623413251903000e-02
5.623413251903000e-02

634
5.623413251903000e-02
5.623413251903000e-02

635
5.623413251903000e-02
5.623413251903000e-02

636
5.623413251903000e-02
5.623413251903000e-02

637
5.623413251903000e-02
5.623413251903000e-02

638
5.623413251903000e-02
5.623413251903000e-02

639
5.623413251903000e-02
5.623413251903000e-02

640
5.623413251903000e-02
5.623413251903000e-02

641
5.623413251903000e-02
5.623413251903000e-02

642
5.623413251903000e-02
5.623413251903000e-02

643
5.623413251903000e-02
5.623413251903000e-02

644
5.623413251903000e-02
5.623413251903000e-02

645
5.623413251903000e-02
5.623413251903000e-02

646
5.623413251903000e-02
5.623413251903000e-02

647
5.623413251903000e-02
5.623413251903000e-02

648
5.623413251903000e-02
5.623413251903000e-02

649
5.623413251903000e-02
5.623413251903000e-02

650
5.623413251903000e-02
5.623413251903000e-02

651
5.623413251903000e-02
5.623413251903000e-02

652
5.623413251903000e-02
5.623413251903000e-02

653
5.623413251903000e-02
5.623413251903000e-02

654
5.623413251903000e-02
5.623413251903000e-02

655
5.623413251903000e-02
5.623413251903000e-02

656
5.623413251903000e-02
5.623413251903000e-02

657
5.623413251903000e-02
5.623413251903000e-02

658
5.623413251903000e-02
5.623413251903000e-02

659
5.623413251903000e-02
5.623413251903000e-02

660
5.623413251903000e-02
5.623413251903000e-02

661
5.623413251903000e-02
5.623413251903000e-02

662
5.623413251903000e-02
5.623413251903000e-02

663
5.623413251903000e-02
5.623413251903000e-02

664
5.623413251903000e-02
5.623413251903000e-02

665
5.623413251903000e-02
5.623413251903000e-02

666
5.623413251903000e-02
5.623413251903000e-02

667
5.623413251903000e-02
5.623413251903000e-02

668
5.623413251903000e-02
5.623413251903000e-02

669
5.623413251903000e-02
5.623413251903000e-02

670
5.623413251903000e-02
5.623413251903000e-02

671
5.623413251903000e-02
5.623413251903000e-02

672
5.623413251903000e-02
5.623413251903000e-02

673
5.623413251903000e-02
5.623413251903000e-02

674
5.623413251903000e-02
5.623413251903000e-02

675
5.623413251903000e-02
5.623413251903000e-02

676
5.623413251903000e-02
5.623413251903000e-02

677
5.623413251903000e-02
5.623413251903000e-02

678
5.623413251903000e-02
5.623413251903000e-02

679
5.623413251903000e-02
5.623413251903000e-02

680
5.623413251903000e-02
5.623413251903000e-02

681
5.623413251903000e-02
5.623413251903000e-02

682
5.623413251903000e-02
5.623413251903000e-02

683
5.623413251903000e-02
5.623413251903000e-02

684
5.623413251903000e-02
5.623413251903000e-02

685
5.623413251903000e-02
5.623413251903000e-02

686
5.623413251903000e-02
5.623413251903000e-02

687
5.623413251903000e-02
5.623413251903000e-02

688
5.623413251903000e-02
5.623413251903000e-02

689
5.623413251903000e-02
5.623413251903000e-02

690
5.623413251903000e-02
5.623413251903000e-02

691
5.623413251903000e-02
5.623413251903000e-02

692
5.623413251903000e-02
5.623413251903000e-02

693
5.623413251903000e-02
5.623413251903000e-02

694
5.623413251903000e-02
5.623413251903000e-02

695
5.623413251903000e-02
5.623413251903000e-02

696
5.623413251903000e-02
5.623413251903000e-02

697
5.623413251903000e-02
5.623413251903000e-02

698
5.623413251903000e-02
5.623413251903000e-02

699
5.623413251903000e-02
5.623413251903000e-02

700
5.623413251903000e-02
5.623413251903000e-02

701
5.623413251903000e-02
5.623413251903000e-02

702
5.623413251903000e-02
5.623413251903000e-02

703
5.623413251903000e-02
5.623413251903000e-02

704
5.623413251903000e-02
5.623413251903000e-02

705
5.623413251903000e-02
5.623413251903000e-02

706
5.623413251903000e-02
5.623413251903000e-02

707
5.623413251903000e-02
5.623413251903000e-02

708
5.623413251903000e-02
5.623413251903000e-02

709
5.623413251903000e-02
5.623413251903000e-02

710
5.623413251903000e-02
5.623413251903000e-02

711
5.623413251903000e-02
5.623413251903000e-02

712
5.623413251903000e-02
5.623413251903000e-02

713
5.623413251903000e-02
5.623413251903000e-02

714
5.623413251903000e-02
5.623413251903000e-02

715
5.623413251903000e-02
5.623413251903000e-02

716
5.623413251903000e-02
5.623413251903000e-02

717
5.623413251903000e-02
5.623413251903000e-02

718
5.623413251903000e-02
5.623413251903000e-02

719
5.623413251903000e-02
5.623413251903000e-02

720
5.623413251903000e-02
5.623413251903000e-02

721
5.623413251903000e-02
5.623413251903000e-02

722
5.623413251903000e-02
5.623413251903000e-02

723
5.623413251903000e-02
5.623413251903000e-02

724
5.623413251903000e-02
5.623413251903000e-02

725
5.623413251903000e-02
5.623413251903000e-02

726
5.623413251903000e-02
5.623413251903000e-02

727
5.623413251903000e-02
5.623413251903000e-02

728
5.623413251903000e-02
5.623413251903000e-02

729
5.623413251903000e-02
5.623413251903000e-02

730
5.623413251903000e-02
5.623413251903000e-02

731
5.623413251903000e-02
5.623413251903000e-02

732
5.623413251903000e-02
5.623413251903000e-02

733
5.623413251903000e-02
5.623413251903000e-02

734
5.623413251903000e-02
5.623413251903000e-02

735
5.623413251903000e-02
5.623413251903000e-02

736
5.623413251903000e-02
5.623413251903000e-02

737
5.623413251903000e-02
5.623413251903000e-02

738
5.623413251903000e-02
5.623413251903000e-02

739
5.623413251903000e-02
5.623413251903000e-02

740
5.623413251903000e-02
5.623413251903000e-02

741
5.623413251903000e-02
5.623413251903000e-02

742
5.623413251903000e-02
5.623413251903000e-02

743
5.623413251903000e-02
5.623413251903000e-02

744
5.623413251903000e-02
5.623413251903000e-02

745
5.623413251903000e-02
5.623413251903000e-02

746
5.623413251903000e-02
5.623413251903000e-02

747
5.623413251903000e-02
5.623413251903000e-02

748
5.623413251903000e-02
5.623413251903000e-02

749
5.623413251903000e-02
5.623413251903000e-02

750
5.623413251903000e-02
5.623413251903000e-02

751
5.623413251903000e-02
5.623413251903000e-02

752
5.623413251903000e-02
5.623413251903000e-02

753
5.623413251903000e-02
5.623413251903000e-02

754
5.623413251903000e-02
5.623413251903000e-02

755
5.623413251903000e-02
5.623413251903000e-02

756
5.623413251903000e-02
5.623413251903000e-02

757
5.623413251903000e-02
5.623413251903000e-02

758
5.623413251903000e-02
5.623413251903000e-02

759
5.623413251903000e-02
5.623413251903000e-02

760
5.623413251903000e-02
5.623413251903000e-02

761
5.623413251903000e-02
5.623413251903000e-02

762
5.623413251903000e-02
5.623413251903000e-02

763
5.623413251903000e-02
5.623413251903000e-02

764
5.623413251903000e-02
5.623413251903000e-02

765
5.623413251903000e-02
5.623413251903000e-02

766
5.623413251903000e-02
5.623413251903000e-02

767
5.623413251903000e-02
5.623413251903000e-02

768
5.623413251903000e-02
5.623413251903000e-02

769
5.623413251903000e-02
5.623413251903000e-02

770
5.623413251903000e-02
5.623413251903000e-02

771
5.623413251903000e-02
5.623413251903000e-02

772
5.623413251903000e-02
5.623413251903000e-02

773
5.623413251903000e-02
5.623413251903000e-02

774
5.623413251903000e-02
5.623413251903000e-02

775
5.623413251903000e-02
5.623413251903000e-02

776
5.623413251903000e-02
5.623413251903000e-02

777
5.623413251903000e-02
5.623413251903000e-02

778
5.623413251903000e-02
5.623413251903000e-02

779
5.623413251903000e-02
5.623413251903000e-02

780
5.623413251903000e-02
5.623413251903000e-02

781
5.623413251903000e-02
5.623413251903000e-02

782
5.623413251903000e-02
5.623413251903000e-02

783
5.623413251903000e-02
5.623413251903000e-02

784
5.623413251903000e-02
5.623413251903000e-02

785
5.623413251903000e-02
5.623413251903000e-02

786
5.623413251903000e-02
5.623413251903000e-02

787
5.623413251903000e-02
5.623413251903000e-02

788
5.623413251903000e-02
5.623413251903000e-02

789
5.623413251903000e-02
5.623413251903000e-02

790
5.623413251903000e-02
5.623413251903000e-02

791
5.623413251903000e-02
5.623413251903000e-02

792
5.623413251903000e-02
5.623413251903000e-02

793
5.623413251903000e-02
5.623413251903000e-02

794
5.623413251903000e-02
5.623413251903000e-02

795
5.623413251903000e-02
5.623413251903000e-02

796
5.623413251903000e-02
5.623413251903000e-02

797
5.623413251903000e-02
5.623413251903000e-02

798
5.623413251903000e-02
5.623413251903000e-02

799
5.623413251903000e-02
5.623413251903000e-02

800
5.623413251903000e-02
5.623413251903000e-02

801
5.623413251903000e-02
5.623413251903000e-02

802
5.623413251903000e-02
5.623413251903000e-02

803
5.623413251903000e-02
5.623413251903000e-02

804
5.623413251903000e-02
5.623413251903000e-02

805
5.623413251903000e-02
5.623413251903000e-02

806
5.623413251903000e-02
5.623413251903000e-02

807
5.623413251903000e-02
5.623413251903000e-02

808
5.623413251903000e-02
5.623413251903000e-02

809
5.623413251903000e-02
5.623413251903000e-02

810
5.623413251903000e-02
5.623413251903000e-02

811
5.623413251903000e-02
5.623413251903000e-02

812
5.623413251903000e-02
5.623413251903000e-02

813
5.623413251903000e-02
5.623413251903000e-02

814
5.623413251903000e-02
5.623413251903000e-02

815
5.623413251903000e-02
5.623413251903000e-02

816
5.623413251903000e-02
5.623413251903000e-02

817
5.623413251903000e-02
5.623413251903000e-02

818
5.623413251903000e-02
5.623413251903000e-02

819
5.623413251903000e-02
5.623413251903000e-02

820
5.623413251903000e-02
5.623413251903000e-02

821
5.623413251903000e-02
5.623413251903000e-02

822
5.623413251903000e-02
5.623413251903000e-02

823
5.623413251903000e-02
5.623413251903000e-02

824
5.623413251903000e-02
5.623413251903000e-02

825
5.623413251903000e-02
5.623413251903000e-02

826
5.623413251903000e-02
5.623413251903000e-02

827
5.623413251903000e-02
5.623413251903000e-02

828
5.623413251903000e-02
5.623413251903000e-02

829
5.623413251903000e-02
5.623413251903000e-02

830
5.623413251903000e-02
5.623413251903000e-02

831
5.623413251903000e-02
5.623413251903000e-02

832
5.623413251903000e-02
5.623413251903000e-02

833
5.623413251903000e-02
5.623413251903000e-02

834
5.623413251903000e-02
5.623413251903000e-02

835
5.623413251903000e-02
5.623413251903000e-02

836
5.623413251903000e-02
5.623413251903000e-02

837
5.623413251903000e-02
5.623413251903000e-02

838
5.623413251903000e-02
5.623413251903000e-02

839
5.623413251903000e-02
5.623413251903000e-02

840
5.623413251903000e-02
5.623413251903000e-02

841
5.623413251903000e-02
5.623413251903000e-02

842
5.623413251903000e-02
5.623413251903000e-02

843
5.623413251903000e-02
5.623413251903000e-02

844
5.623413251903000e-02
5.623413251903000e-02

845
5.623413251903000e-02
5.623413251903000e-02

846
5.623413251903000e-02
5.623413251903000e-02

847
5.623413251903000e-02
5.623413251903000e-02

848
5.623413251903000e-02
5.623413251903000e-02

849
5.623413251903000e-02
5.623413251903000e-02

850
5.623413251903000e-02
5.623413251903000e-02

851
5.623413251903000e-02
5.623413251903000e-02

852
5.623413251903000e-02
5.623413251903000e-02

853
5.623413251903000e-02
5.623413251903000e-02

854
5.623413251903000e-02
5.623413251903000e-02

855
5.623413251903000e-02
5.623413251903000e-02

856
5.623413251903000e-02
5.623413251903000e-02

857
5.623413251903000e-02
5.623413251903000e-02

858
5.623413251903000e-02
5.623413251903000e-02

859
5.623413251903000e-02
5.623413251903000e-02

860
5.623413251903000e-02
5.623413251903000e-02

861
5.623413251903000e-02
5.623413251903000e-02

862
5.623413251903000e-02
5.623413251903000e-02

863
5.623413251903000e-02
5.623413251903000e-02

864
5.623413251903000e-02
5.623413251903000e-02

865
5.623413251903000e-02
5.623413251903000e-02

866
5.623413251903000e-02
5.623413251903000e-02

867
5.623413251903000e-02
5.623413251903000e-02

868
5.623413251903000e-02
5.623413251903000e-02

869
5.623413251903000e-02
5.623413251903000e-02

870
5.623413251903000e-02
5.623413251903000e-02

871
5.623413251903000e-02
5.623413251903000e-02

872
5.623413251903000e-02
5.623413251903000e-02

873
5.623413251903000e-02
5.623413251903000e-02

874
5.623413251903000e-02
5.623413251903000e-02

875
5.623413251903000e-02
5.623413251903000e-02

876
5.623413251903000e-02
5.623413251903000e-02

877
5.623413251903000e-02
5.623413251903000e-02

878
5.623413251903000e-02
5.623413251903000e-02

879
5.623413251903000e-02
5.623413251903000e-02

880
5.623413251903000e-02
5.623413251903000e-02

881
5.623413251903000e-02
5.623413251903000e-02

882
5.623413251903000e-02
5.623413251903000e-02

883
5.623413251903000e-02
5.623413251903000e-02

884
5.623413251903000e-02
5.623413251903000e-02

885
5.623413251903000e-02
5.623413251903000e-02

886
5.623413251903000e-02
5.623413251903000e-02

887
5.623413251903000e-02
5.623413251903000e-02

888
5.623413251903000e-02
5.623413251903000e-02

889
5.623413251903000e-02
5.623413251903000e-02

890
5.623413251903000e-02
5.623413251903000e-02

891
5.623413251903000e-02
5.623413251903000e-02

892
5.623413251903000e-02
5.623413251903000e-02

893
5.623413251903000e-02
5.623413251903000e-02

894
5.623413251903000e-02
5.623413251903000e-02

895
5.623413251903000e-02
5.623413251903000e-02

896
5.623413251903000e-02
5.623413251903000e-02

897
5.623413251903000e-02
5.623413251903000e-02

898
5.623413251903000e-02
5.623413251903000e-02

899
5.623413251903000e-02
5.623413251903000e-02

900
5.623413251903000e-02
5.623413251903000e-02

901
5.623413251903000e-02
5.623413251903000e-02

902
5.623413251903000e-02
5.623413251903000e-02

903
5.623413251903000e-02
5.623413251903000e-02

904
5.623413251903000e-02
5.623413251903000e-02

905
5.623413251903000e-02
5.623413251903000e-02

906
5.623413251903000e-02
5.623413251903000e-02

907
5.623413251903000e-02
5.623413251903000e-02

908
5.623413251903000e-02
5.623413251903000e-02

909
5.623413251903000e-02
5.623413251903000e-02

910
5.623413251903000e-02
5.623413251903000e-02

911
5.623413251903000e-02
5.623413251903000e-02

912
5.623413251903000e-02
5.623413251903000e-02

913
5.623413251903000e-02
5.623413251903000e-02

914
5.623413251903000e-02
5.623413251903000e-02

915
5.623413251903000e-02
5.623413251903000e-02

916
5.623413251903000e-02
5.623413251903000e-02

917
5.623413251903000e-02
5.623413251903000e-02

918
5.623413251903000e-02
5.623413251903000e-02

919
5.623413251903000e-02
5.623413251903000e-02

920
5.623413251903000e-02
5.623413251903000e-02

921
5.623413251903000e-02
5.623413251903000e-02

922
5.623413251903000e-02
5.623413251903000e-02

923
5.623413251903000e-02
5.623413251903000e-02

924
5.623413251903000e-02
5.623413251903000e-02

925
5.623413251903000e-02
5.623413251903000e-02

926
5.623413251903000e-02
5.623413251903000e-02

927
5.623413251903000e-02
5.623413251903000e-02

928
5.623413251903000e-02
5.623413251903000e-02

929
5.623413251903000e-02
5.623413251903000e-02

930
5.623413251903000e-02
5.623413251903000e-02

931
5.623413251903000e-02
5.623413251903000e-02

932
5.623413251903000e-02
5.623413251903000e-02

933
5.623413251903000e-02
5.623413251903000e-02

934
5.623413251903000e-02
5.623413251903000e-02

935
5.623413251903000e-02
5.623413251903000e-02

936
5.623413251903000e-02
5.623413251903000e-02

937
5.623413251903000e-02
5.623413251903000e-02

938
5.623413251903000e-02
5.623413251903000e-02

939
5.623413251903000e-02
5.623413251903000e-02

940
5.623413251903000e-02
5.623413251903000e-02

941
5.623413251903000e-02
5.623413251903000e-02

942
5.623413251903000e-02
5.623413251903000e-02

943
5.623413251903000e-02
5.623413251903000e-02

944
5.623413251903000e-02
5.623413251903000e-02

945
5.623413251903000e-02
5.623413251903000e-02

946
5.623413251903000e-02
5.623413251903000e-02

947
5.623413251903000e-02
5.623413251903000e-02

948
5.623413251903000e-02
5.623413251903000e-02

949
5.623413251903000e-02
5.623413251903000e-02

950
5.623413251903000e-02
5.623413251903000e-02

951
5.623413251903000e-02
5.623413251903000e-02

952
5.623413251903000e-02
5.623413251903000e-02

953
5.623413251903000e-02
5.623413251903000e-02

954
5.623413251903000e-02
5.623413251903000e-02

955
5.623413251903000e-02
5.623413251903000e-02

956
5.623413251903000e-02
5.623413251903000e-02

957
5.623413251903000e-02
5.623413251903000e-02

958
5.623413251903000e-02
5.623413251903000e-02

959
5.623413251903000e-02
5.623413251903000e-02

960
5.623413251903000e-02
5.623413251903000e-02

961
5.623413251903000e-02
5.623413251903000e-02

962
5.623413251903000e-02
5.623413251903000e-02

963
5.623413251903000e-02
5.623413251903000e-02

964
5.623413251903000e-02
5.623413251903000e-02

965
5.623413251903000e-02
5.623413251903000e-02

966
5.623413251903000e-02
5.623413251903000e-02

967
5.623413251903000e-02
5.623413251903000e-02

968
5.623413251903000e-02
5.623413251903000e-02

969
5.623413251903000e-02
5.623413251903000e-02

970
5.623413251903000e-02
5.623413251903000e-02

971
5.623413251903000e-02
5.623413251903000e-02

972
5.623413251903000e-02
5.623413251903000e-02

973
5.623413251903000e-02
5.623413251903000e-02

974
5.623413251903000e-02
5.623413251903000e-02

975
5.623413251903000e-02
5.623413251903000e-02

976
5.623413251903000e-02
5.623413251903000e-02

977
5.623413251903000e-02
5.623413251903000e-02

978
5.623413251903000e-02
5.623413251903000e-02

979
5.623413251903000e-02
5.623413251903000e-02

980
5.623413251903000e-02
5.623413251903000e-02

981
5.623413251903000e-02
5.623413251903000e-02

982
5.623413251903000e-02
5.623413251903000e-02

983
5.623413251903000e-02
5.623413251903000e-02

984
5.623413251903000e-02
5.623413251903000e-02

985
5.623413251903000e-02
5.623413251903000e-02

986
5.623413251903000e-02
5.623413251903000e-02

987
5.623413251903000e-02
5.623413251903000e-02

988
5.623413251903000e-02
5.623413251903000e-02

989
5.623413251903000e-02
5.623413251903000e-02

990
5.623413251903000e-02
5.623413251903000e-02

991
5.623413251903000e-02
5.623413251903000e-02

992
5.623413251903000e-02
5.623413251903000e-02

993
5.623413251903000e-02
5.623413251903000e-02

994
5.623413251903000e-02
5.623413251903000e-02

995
5.623413251903000e-02
5.623413251903000e-02

996
5.623413251903000e-02
5.623413251903000e-02

997
5.623413251903000e-02
5.623413251903000e-02

998
5.623413251903000e-02
5.623413251903000e-02

999
5.623413251903000e-02
5.623413251903000e-02

1000
5.623413251903000e-02
5.623413251903000e-02

1001
5.623413251903000e-02
5.623413251903000e-02

1002
5.623413251903000e-02
5.623413251903000e-02

1003
5.623413251903000e-02
5.623413251903000e-02

1004
5.623413251903000e-02
5.623413251903000e-02

1005
5.623413251903000e-02
5.623413251903000e-02

1006
5.623413251903000e-02
5.623413251903000e-02

1007
5.623413251903000e-02
5.623413251903000e-02

1008
5.623413251903000e-02
5.623413251903000e-02

1009
5.623413251903000e-02
5.623413251903000e-02

1010
5.623413251903000e-02
5.623413251903000e-02

1011
5.623413251903000e-02
5.623413251903000e-02

1012
5.623413251903000e-02
5.623413251903000e-02

1013
5.623413251903000e-02
5.623413251903000e-02

1014
5.623413251903000e-02
5.623413251903000e-02

1015
5.623413251903000e-02
5.623413251903000e-02

1016
5.623413251903000e-02
5.623413251903000e-02

1017
5.623413251903000e-02
5.623413251903000e-02

1018
5.623413251903000e-02
5.623413251903000e-02

1019
5.623413251903000e-02
5.623413251903000e-02

1020
5.623413251903000e-02
5.623413251903000e-02

1021
5.623413251903000e-02
5.623413251903000e-02

1022
5.623413251903000e-02
5.623413251903000e-02

1023
5.623413251903000e-02
5.623413251903000e-02

1024
5.623413251903000e-02
5.623413251903000e-02

1025
5.623413251903000e-02
5.623413251903000e-02

1026
5.623413251903000e-02
5.623413251903000e-02

1027
5.623413251903000e-02
5.623413251903000e-02

1028
5.623413251903000e-02
5.623413251903000e-02

1029
5.623413251903000e-02
5.623413251903000e-02

1030
5.623413251903000e-02
5.623413251903000e-02

1031
5.623413251903000e-02
5.623413251903000e-02

1032
5.623413251903000e-02
5.623413251903000e-02

1033
5.623413251903000e-02
5.623413251903000e-02

1034
5.623413251903000e-02
5.623413251903000e-02

1035
5.623413251903000e-02
5.623413251903000e-02

1036
5.623413251903000e-02
5.623413251903000e-02

1037
5.623413251903000e-02
5.623413251903000e-02

1038
5.623413251903000e-02
5.623413251903000e-02

1039
5.623413251903000e-02
5.623413251903000e-02

1040
5.623413251903000e-02
5.623413251903000e-02

1041
5.623413251903000e-02
5.623413251903000e-02

1042
5.623413251903000e-02
5.623413251903000e-02

1043
5.623413251903000e-02
5.623413251903000e-02

1044
5.623413251903000e-02
5.623413251903000e-02

1045
5.623413251903000e-02
5.623413251903000e-02

1046
5.623413251903000e-02
5.623413251903000e-02

1047
5.623413251903000e-02
5.623413251903000e-02

1048
5.623413251903000e-02
5.623413251903000e-02

1049
5.623413251903000e-02
5.623413251903000e-02

1050
5.623413251903000e-02
5.623413251903000e-02

1051
5.623413251903000e-02
5.623413251903000e-02

1052
5.623413251903000e-02
5.623413251903000e-02

1053
5.623413251903000e-02
5.623413251903000e-02

1054
5.623413251903000e-02
5.623413251903000e-02

1055
5.623413251903000e-02
5.623413251903000e-02

1056
5.623413251903000e-02
5.623413251903000e-02

1057
5.623413251903000e-02
5.623413251903000e-02

1058
5.623413251903000e-02
5.623413251903000e-02

1059
5.623413251903000e-02
5.623413251903000e-02

1060
5.623413251903000e-02
5.623413251903000e-02

1061
5.623413251903000e-02
5.623413251903000e-02

1062
5.623413251903000e-02
5.623413251903000e-02

1063
5.623413251903000e-02
5.623413251903000e-02

1064
5.623413251903000e-02
5.623413251903000e-02

1065
5.623413251903000e-02
5.623413251903000e-02

1066
5.623413251903000e-02
5.623413251903000e-02

1067
5.623413251903000e-02
5.623413251903000e-02

1068
5.623413251903000e-02
5.623413251903000e-02

1069
5.623413251903000e-02
5.623413251903000e-02

1070
5.623413251903000e-02
5.623413251903000e-02

1071
5.623413251903000e-02
5.623413251903000e-02

1072
5.623413251903000e-02
5.623413251903000e-02

1073
5.623413251903000e-02
5.623413251903000e-02

1074
5.623413251903000e-02
5.623413251903000e-02

1075
5.623413251903000e-02
5.623413251903000e-02

1076
5.623413251903000e-02
5.623413251903000e-02

1077
5.623413251903000e-02
5.623413251903000e-02

1078
5.623413251903000e-02
5.623413251903000e-02

1079
5.623413251903000e-02
5.623413251903000e-02

1080
5.623413251903000e-02
5.623413251903000e-02

1081
5.623413251903000e-02
5.623413251903000e-02

1082
5.623413251903000e-02
5.623413251903000e-02

1083
5.623413251903000e-02
5.623413251903000e-02

1084
5.623413251903000e-02
5.623413251903000e-02

1085
5.623413251903000e-02
5.623413251903000e-02

1086
5.623413251903000e-02
5.623413251903000e-02

1087
5.623413251903000e-02
5.623413251903000e-02

1088
5.623413251903000e-02
5.623413251903000e-02

1089
5.623413251903000e-02
5.623413251903000e-02

1090
5.623413251903000e-02
5.623413251903000e-02

1091
5.623413251903000e-02
5.623413251903000e-02

1092
5.623413251903000e-02
5.623413251903000e-02

1093
5.623413251903000e-02
5.623413251903000e-02

1094
5.623413251903000e-02
5.623413251903000e-02

1095
5.623413251903000e-02
5.623413251903000e-02

1096
5.623413251903000e-02
5.623413251903000e-02

1097
5.623413251903000e-02
5.623413251903000e-02

1098
5.623413251903000e-02
5.623413251903000e-02

1099
5.623413251903000e-02
5.623413251903000e-02

1100
5.623413251903000e-02
5.623413251903000e-02

1101
5.623413251903000e-02
5.623413251903000e-02

1102
5.623413251903000e-02
5.623413251903000e-02

1103
5.623413251903000e-02
5.623413251903000e-02

1104
5.623413251903000e-02
5.623413251903000e-02

1105
5.623413251903000e-02
5.623413251903000e-02

1106
5.623413251903000e-02
5.623413251903000e-02

1107
5.623413251903000e-02
5.623413251903000e-02

1108
5.623413251903000e-02
5.623413251903000e-02

1109
5.623413251903000e-02
5.623413251903000e-02

1110
5.623413251903000e-02
5.623413251903000e-02

1111
5.623413251903000e-02
5.623413251903000e-02

1112
5.623413251903000e-02
5.623413251903000e-02

1113
5.623413251903000e-02
5.623413251903000e-02

1114
5.623413251903000e-02
5.623413251903000e-02

1115
5.623413251903000e-02
5.623413251903000e-02

1116
5.623413251903000e-02
5.623413251903000e-02

1117
5.623413251903000e-02
5.623413251903000e-02

1118
5.623413251903000e-02
5.623413251903000e-02

1119
5.623413251903000e-02
5.623413251903000e-02

1120
5.623413251903000e-02
5.623413251903000e-02

1121
5.623413251903000e-02
5.623413251903000e-02

1122
5.623413251903000e-02
5.623413251903000e-02

1123
5.623413251903000e-02
5.623413251903000e-02

1124
5.623413251903000e-02
5.623413251903000e-02

1125
5.623413251903000e-02
5.623413251903000e-02

1126
5.623413251903000e-02
5.623413251903000e-02

1127
5.623413251903000e-02
5.623413251903000e-02

1128
5.623413251903000e-02
5.623413251903000e-02

1129
5.623413251903000e-02
5.623413251903000e-02

1130
5.623413251903000e-02
5.623413251903000e-02

1131
5.623413251903000e-02
5.623413251903000e-02

1132
5.623413251903000e-02
5.623413251903000e-02

1133
5.623413251903000e-02
5.623413251903000e-02

1134
5.623413251903000e-02
5.623413251903000e-02

1135
5.623413251903000e-02
5.623413251903000e-02

1136
5.623413251903000e-02
5.623413251903000e-02

1137
5.623413251903000e-02
5.623413251903000e-02

1138
5.623413251903000e-02
5.623413251903000e-02

1139
5.623413251903000e-02
5.623413251903000e-02

1140
5.623413251903000e-02
5.623413251903000e-02

1141
5.623413251903000e-02
5.623413251903000e-02

1142
5.623413251903000e-02
5.623413251903000e-02

1143
5.623413251903000e-02
5.623413251903000e-02

1144
5.623413251903000e-02
5.623413251903000e-02

1145
5.623413251903000e-02
5.623413251903000e-02

1146
5.623413251903000e-02
5.623413251903000e-02

1147
5.623413251903000e-02
5.623413251903000e-02

1148
5.623413251903000e-02
5.623413251903000e-02

1149
5.623413251903000e-02
5.623413251903000e-02

1150
5.623413251903000e-02
5.623413251903000e-02

1151
5.623413251903000e-02
5.623413251903000e-02

1152
5.623413251903000e-02
5.623413251903000e-02

1153
5.623413251903000e-02
5.623413251903000e-02

1154
5.623413251903000e-02
5.623413251903000e-02

1155
5.623413251903000e-02
5.623413251903000e-02

1156
5.623413251903000e-02
5.623413251903000e-02

1157
5.623413251903000e-02
5.623413251903000e-02

1158
5.623413251903000e-02
5.623413251903000e-02

1159
5.623413251903000e-02
5.623413251903000e-02

1160
5.623413251903000e-02
5.623413251903000e-02

1161
5.623413251903000e-02
5.623413251903000e-02

1162
5.623413251903000e-02
5.623413251903000e-02

1163
5.623413251903000e-02
5.623413251903000e-02

1164
5.623413251903000e-02
5.623413251903000e-02

1165
5.623413251903000e-02
5.623413251903000e-02

1166
5.623413251903000e-02
5.623413251903000e-02

1167
5.623413251903000e-02
5.623413251903000e-02

1168
5.623413251903000e-02
5.623413251903000e-02

1169
5.623413251903000e-02
5.623413251903000e-02

1170
5.623413251903000e-02
5.623413251903000e-02

1171
5.623413251903000e-02
5.623413251903000e-02

1172
5.623413251903000e-02
5.623413251903000e-02

1173
5.623413251903000e-02
5.623413251903000e-02

1174
5.623413251903000e-02
5.623413251903000e-02

1175
5.623413251903000e-02
5.623413251903000e-02

1176
5.623413251903000e-02
5.623413251903000e-02

1177
5.623413251903000e-02
5.623413251903000e-02

1178
5.623413251903000e-02
5.623413251903000e-02

1179
5.623413251903000e-02
5.623413251903000e-02

1180
5.623413251903000e-02
5.623413251903000e-02

1181
5.623413251903000e-02
5.623413251903000e-02

1182
5.623413251903000e-02
5.623413251903000e-02

1183
5.623413251903000e-02
5.623413251903000e-02

1184
5.623413251903000e-02
5.623413251903000e-02

1185
5.623413251903000e-02
5.623413251903000e-02

1186
5.623413251903000e-02
5.623413251903000e-02

1187
5.623413251903000e-02
5.623413251903000e-02

1188
5.623413251903000e-02
5.623413251903000e-02

1189
5.623413251903000e-02
5.623413251903000e-02

1190
5.623413251903000e-02
5.623413251903000e-02

1191
5.623413251903000e-02
5.623413251903000e-02

1192
5.623413251903000e-02
5.623413251903000e-02

1193
5.623413251903000e-02
5.623413251903000e-02

1194
5.623413251903000e-02
5.623413251903000e-02

1195
5.623413251903000e-02
5.623413251903000e-02

1196
5.623413251903000e-02
5.623413251903000e-02

1197
5.623413251903000e-02
5.623413251903000e-02

1198
5.623413251903000e-02
5.623413251903000e-02

1199
5.623413251903000e-02
5.623413251903000e-02

1200
5.623413251903000e-02
5.623413251903000e-02

1201
5.623413251903000e-02
5.623413251903000e-02

1202
5.623413251903000e-02
5.623413251903000e-02

1203
5.623413251903000e-02
5.623413251903000e-02

1204
5.623413251903000e-02
5.623413251903000e-02

1205
5.623413251903000e-02
5.623413251903000e-02

1206
5.623413251903000e-02
5.623413251903000e-02

1207
5.623413251903000e-02
5.623413251903000e-02

1208
5.623413251903000e-02
5.623413251903000e-02

1209
5.623413251903000e-02
5.623413251903000e-02

1210
5.623413251903000e-02
5.623413251903000e-02

1211
5.623413251903000e-02
5.623413251903000e-02

1212
5.623413251903000e-02
5.623413251903000e-02

1213
5.623413251903000e-02
5.623413251903000e-02

1214
5.623413251903000e-02
5.623413251903000e-02

1215
5.623413251903000e-02
5.623413251903000e-02

1216
5.623413251903000e-02
5.623413251903000e-02

1217
5.623413251903000e-02
5.623413251903000e-02

1218
5.623413251903000e-02
5.623413251903000e-02

1219
5.623413251903000e-02
5.623413251903000e-02

1220
5.623413251903000e-02
5.623413251903000e-02

1221
5.623413251903000e-02
5.623413251903000e-02

1222
5.623413251903000e-02
5.623413251903000e-02

1223
5.623413251903000e-02
5.623413251903000e-02

1224
5.623413251903000e-02
5.623413251903000e-02

1225
5.623413251903000e-02
5.623413251903000e-02

1226
5.623413251903000e-02
5.623413251903000e-02

1227
5.623413251903000e-02
5.623413251903000e-02

1228
5.623413251903000e-02
5.623413251903000e-02

1229
5.623413251903000e-02
5.623413251903000e-02

1230
5.623413251903000e-02
5.623413251903000e-02

1231
5.623413251903000e-02
5.623413251903000e-02

1232
5.623413251903000e-02
5.623413251903000e-02

1233
5.623413251903000e-02
5.623413251903000e-02

1234
5.623413251903000e-02
5.623413251903000e-02

1235
5.623413251903000e-02
5.623413251903000e-02

1236
5.623413251903000e-02
5.623413251903000e-02

1237
5.623413251903000e-02
5.623413251903000e-02

1238
5.623413251903000e-02
5.623413251903000e-02

1239
5.623413251903000e-02
5.623413251903000e-02

1240
5.623413251903000e-02
5.623413251903000e-02

1241
5.623413251903000e-02
5.623413251903000e-02

1242
5.623413251903000e-02
5.623413251903000e-02

1243
5.623413251903000e-02
5.623413251903000e-02

1244
5.623413251903000e-02
5.623413251903000e-02

1245
5.623413251903000e-02
5.623413251903000e-02

1246
5.623413251903000e-02
5.623413251903000e-02

1247
5.623413251903000e-02
5.623413251903000e-02

1248
5.623413251903000e-02
5.623413251903000e-02

1249
5.623413251903000e-02
5.623413251903000e-02

1250
5.623413251903000e-02
5.623413251903000e-02

1251
5.623413251903000e-02
5.623413251903000e-02

1252
5.623413251903000e-02
5.623413251903000e-02

1253
5.623413251903000e-02
5.623413251903000e-02

1254
5.623413251903000e-02
5.623413251903000e-02

1255
5.623413251903000e-02
5.623413251903000e-02

1256
5.623413251903000e-02
5.623413251903000e-02

1257
5.623413251903000e-02
5.623413251903000e-02

1258
5.623413251903000e-02
5.623413251903000e-02

1259
5.623413251903000e-02
5.623413251903000e-02

1260
5.623413251903000e-02
5.623413251903000e-02

1261
5.623413251903000e-02
5.623413251903000e-02

1262
5.623413251903000e-02
5.623413251903000e-02

1263
5.623413251903000e-02
5.623413251903000e-02

1264
5.623413251903000e-02
5.623413251903000e-02

1265
5.623413251903000e-02
5.623413251903000e-02

1266
5.623413251903000e-02
5.623413251903000e-02

1267
5.623413251903000e-02
5.623413251903000e-02

1268
5.623413251903000e-02
5.623413251903000e-02

1269
5.623413251903000e-02
5.623413251902947e-02

1270
5.623413251902841e-02
5.623413251901570e-02

1271
5.623413251899173e-02
5.623413251870894e-02

1272
5.623413251819196e-02
5.623413251202450e-02

1273
5.623413250121385e-02
5.623413237050710e-02

1274
5.623413215269550e-02
5.623412947559093e-02

1275
5.623412528383358e-02
5.623407267580217e-02

1276
5.623399659691512e-02
5.623301493352091e-02

1277
5.623173833490985e-02
5.621460640028623e-02

1278
5.619534487026868e-02
5.592016485732650e-02

1279
5.563806407054812e-02
5.101570841815399e-02

