#Cell  Group   Direction 
# Element_0
# Element_1
    0  0  0
1.821984396931119e-01
1.805958881789355e-01

    0  0  1
1.732056749025615e+00
1.729258486243155e+00

    1  0  0
1.805955125768441e-01
1.789921862686912e-01

    1  0  1
1.729264576656211e+00
1.726454264898164e+00

    2  0  0
1.789918181096352e-01
1.773877311481017e-01

    2  0  1
1.726460510083145e+00
1.723637845128990e+00

    3  0  0
1.773873708042994e-01
1.757825381009363e-01

    3  0  1
1.723644250890806e+00
1.720808916901581e+00

    4  0  0
1.757821858979408e-01
1.741766230132133e-01

    4  0  1
1.720815489190114e+00
1.717967158545455e+00

    5  0  0
1.741762792676551e-01
1.725700023838717e-01

    5  0  1
1.717973903501316e+00
1.715112236462131e+00

    6  0  0
1.725696674133709e-01
1.709626933326750e-01

    6  0  1
1.715119160440469e+00
1.712243804742102e+00

    7  0  0
1.709623674600006e-01
1.693547136125076e-01

    7  0  1
1.712250914328878e+00
1.709361504734159e+00

    8  0  0
1.693543971676733e-01
1.677460816245900e-01

    8  0  1
1.709368806759564e+00
1.706464964582043e+00

    9  0  0
1.677457749461153e-01
1.661368164357200e-01

    9  0  1
1.706472466132851e+00
1.703553798734124e+00

   10  0  0
1.661365198714734e-01
1.645269377969729e-01

   10  0  1
1.703561507165759e+00
1.700627607428216e+00

   11  0  0
1.645266517048269e-01
1.629164661636042e-01

   11  0  1
1.700635530376909e+00
1.697685976152094e+00

   12  0  0
1.629161909119826e-01
1.613054227159963e-01

   12  0  1
1.697694121547366e+00
1.694728475079545e+00

   13  0  0
1.613051586843613e-01
1.596938293815423e-01

   13  0  1
1.694736851157124e+00
1.691754658481275e+00

   14  0  0
1.596935769608629e-01
1.580817088574567e-01

   14  0  1
1.691763273796557e+00
1.688764064109795e+00

   15  0  0
1.580814684506514e-01
1.564690846344388e-01

   15  0  1
1.688772927551909e+00
1.685756212557213e+00

   16  0  0
1.564688566568168e-01
1.548559810212228e-01

   16  0  1
1.685765333363758e+00
1.682730606584677e+00

   17  0  0
1.548557659009378e-01
1.532424231700382e-01

   17  0  1
1.682739994357182e+00
1.679686730422135e+00

   18  0  0
1.532422213485363e-01
1.516284371029418e-01

   18  0  1
1.679696395142309e+00
1.676624049036945e+00

   19  0  0
1.516282490354169e-01
1.500140497390572e-01

   19  0  1
1.676634001083743e+00
1.673542007369756e+00

   20  0  0
1.500138758949290e-01
1.483992889227917e-01

   20  0  1
1.673552257537364e+00
1.670440029535976e+00

   21  0  0
1.483991297861935e-01
1.467841834529975e-01

   21  0  1
1.670450589052734e+00
1.667317517990990e+00

   22  0  0
1.467840395232697e-01
1.451687631131265e-01

   22  0  1
1.667328398539327e+00
1.664173852657258e+00

   23  0  0
1.451686349053330e-01
1.435530587024198e-01

   23  0  1
1.664185066394736e+00
1.661008390011184e+00

   24  0  0
1.435529467478911e-01
1.419371020681867e-01

   24  0  1
1.661019949592682e+00
1.657820462127575e+00

   25  0  0
1.419370069150557e-01
1.403209261391284e-01

   25  0  1
1.657832380728718e+00
1.654609375679364e+00

   26  0  0
1.403208483529175e-01
1.387045649598726e-01

   26  0  1
1.654621667021289e+00
1.651374410890062e+00

   27  0  0
1.387045051240827e-01
1.370880537266506e-01

   27  0  1
1.651387089265584e+00
1.648114820436260e+00

   28  0  0
1.370880124433846e-01
1.354714288242425e-01

   28  0  1
1.648127900737573e+00
1.644829828297328e+00

   29  0  0
1.354714067148453e-01
1.338547278641871e-01

   29  0  1
1.644843326045331e+00
1.641518628549214e+00

   30  0  0
1.338547255699256e-01
1.322379897243682e-01

   30  0  1
1.641532559924592e+00
1.638180384099068e+00

   31  0  0
1.322380079071337e-01
1.306212545899934e-01

   31  0  1
1.638194765975240e+00
1.634814225357097e+00

   32  0  0
1.306212939330430e-01
1.290045639960660e-01

   32  0  1
1.634829075335199e+00
1.631419248841924e+00

   33  0  0
1.290046252047998e-01
1.273879608714071e-01

   33  0  1
1.631434585287947e+00
1.627994515715278e+00

   34  0  0
1.273880446741854e-01
1.257714895843232e-01

   34  0  1
1.628010357799562e+00
1.624539050241679e+00

   35  0  0
1.257715967333204e-01
1.241551959899792e-01

   35  0  1
1.624555417980905e+00
1.621051838168333e+00

   36  0  0
1.241553272620988e-01
1.225391274796181e-01

   36  0  1
1.621068752470223e+00
1.617531825020178e+00

   37  0  0
1.225392836774418e-01
1.209233330316687e-01

   37  0  1
1.617549307731131e+00
1.613977914304577e+00

   38  0  0
1.209235149844624e-01
1.193078632649003e-01

   38  0  1
1.613995988260435e+00
1.610388965619717e+00

   39  0  0
1.193080718296848e-01
1.176927704937140e-01

   39  0  1
1.610407654699920e+00
1.606763792660360e+00

   40  0  0
1.176930065563831e-01
1.160781087856803e-01

   40  0  1
1.606783121845775e+00
1.603101161114052e+00

   41  0  0
1.160783732621887e-01
1.144639340214897e-01

   41  0  1
1.603121156548746e+00
1.599399786440359e+00

   42  0  0
1.144642278591023e-01
1.128503039573979e-01

   42  0  1
1.599420475497640e+00
1.595658331525111e+00

   43  0  0
1.128506281360183e-01
1.112372782903680e-01

   43  0  1
1.595679742878201e+00
1.591875404200968e+00

   44  0  0
1.112376338239275e-01
1.096249187259983e-01

   44  0  1
1.591897567898665e+00
1.588049554624922e+00

   45  0  0
1.096253066639344e-01
1.080132890494469e-01

   45  0  1
1.588072502172697e+00
1.584179272502585e+00

   46  0  0
1.080137104782588e-01
1.064024551994975e-01

   46  0  1
1.584203036949556e+00
1.580262984148221e+00

   47  0  0
1.064029112443882e-01
1.047924853459391e-01

   47  0  1
1.580287600180519e+00
1.576299049368558e+00

   48  0  0
1.047929771725567e-01
1.031834499704707e-01

   48  0  1
1.576324553409642e+00
1.572285758157405e+00

   49  0  0
1.031839787867457e-01
1.015754219513227e-01

   49  0  1
1.572312188475949e+00
1.568221327186917e+00

   50  0  0
1.015759890094179e-01
9.996847665183513e-02

   50  0  1
1.568248724012947e+00
1.564103896080081e+00

   51  0  0
9.996908325020172e-02
9.836269201318694e-02

   51  0  1
1.564132301730123e+00
1.559931523447672e+00

   52  0  0
9.836333949875301e-02
9.675814865157638e-02

   52  0  1
1.559960982459737e+00
1.555702182671287e+00

   53  0  0
9.675883842206605e-02
9.515492996010888e-02

   53  0  1
1.555732741950635e+00
1.551413757412424e+00

   54  0  0
9.515566346651501e-02
9.355312221569609e-02

   54  0  1
1.551445466389137e+00
1.547064036825641e+00

   55  0  0
9.355390096488854e-02
9.195281469126498e-02

   55  0  1
1.547096947625131e+00
1.542650710451724e+00

   56  0  0
9.195364024879432e-02
9.035409977367954e-02

   56  0  1
1.542684878079488e+00
1.538171362764464e+00

   57  0  0
9.035497376675113e-02
8.875707308769647e-02

   57  0  1
1.538206845306467e+00
1.533623467341976e+00

   58  0  0
8.875799720834950e-02
8.716183362643090e-02

   58  0  1
1.533660326182290e+00
1.529004380630652e+00

   59  0  0
8.716280963492576e-02
8.556848388869780e-02

   59  0  1
1.529042680688094e+00
1.524311335266526e+00

   60  0  0
8.556951361715212e-02
8.397713002380744e-02

   60  0  1
1.524351145252310e+00
1.519541432915192e+00

   61  0  0
8.397821538007991e-02
8.238788198428453e-02

   61  0  1
1.519582825613805e+00
1.514691636587355e+00

   62  0  0
8.238902495614663e-02
8.080085368713584e-02

   62  0  1
1.514734689163179e+00
1.509758762382481e+00

   63  0  0
8.080205634673307e-02
7.921616318424420e-02

   63  0  1
1.509803556715005e+00
1.504739470607902e+00

   64  0  0
7.921742769290317e-02
7.763393284262764e-02

   64  0  1
1.504786093658657e+00
1.499630256214825e+00

   65  0  0
7.763526145601637e-02
7.605428953529118e-02

   65  0  1
1.499678800429715e+00
1.494427438486246e+00

   66  0  0
7.605568460897949e-02
7.447736484350820e-02

   66  0  1
1.494478002237308e+00
1.489127149904278e+00

   67  0  0
7.447882883895937e-02
7.290329527143417e-02

   67  0  1
1.489179837975546e+00
1.483725324115977e+00

   68  0  0
7.290483076247189e-02
7.133222247404135e-02

   68  0  1
1.483780248238705e+00
1.478217682907236e+00

   69  0  0
7.133383215383893e-02
6.976429349948196e-02

   69  0  1
1.478274962350513e+00
1.472599722083366e+00

   70  0  0
6.976598018812688e-02
6.819966104706779e-02

   70  0  1
1.472659484307004e+00
1.466866696142584e+00

   71  0  0
6.820142769975449e-02
6.663848374221623e-02

   71  0  1
1.466929077520173e+00
1.461013601614422e+00

   72  0  0
6.664033345814487e-02
6.508092642981690e-02

   72  0  1
1.461078748235604e+00
1.455035158918682e+00

   73  0  0
6.508286246186784e-02
6.352716048769229e-02

   73  0  1
1.455103227481102e+00
1.448925792581890e+00

   74  0  0
6.352918625295112e-02
6.197736416192796e-02

   74  0  1
1.448996951384872e+00
1.442679609626531e+00

   75  0  0
6.197948325317244e-02
6.043172292610842e-02

   75  0  1
1.442754039680444e+00
1.436290375923335e+00

   76  0  0
6.043393912435314e-02
5.889042986672189e-02

   76  0  1
1.436368272190897e+00
1.429751490267930e+00

   77  0  0
5.889274715495364e-02
5.735368609726852e-02

   77  0  1
1.429833063056324e+00
1.423055955909473e+00

   78  0  0
5.735610867550472e-02
5.582170120387696e-02

   78  0  1
1.423141432435413e+00
1.416196349219533e+00

   79  0  0
5.582423350571377e-02
5.429469372563270e-02

   79  0  1
1.416285975373168e+00
1.409164785143574e+00

   80  0  0
5.429734043645957e-02
5.277289167318801e-02

   80  0  1
1.409258827481750e+00
1.401952879023308e+00

   81  0  0
5.277565775028629e-02
5.125653308969472e-02

   81  0  1
1.402051627028194e+00
1.394551704314676e+00

   82  0  0
5.125942378447116e-02
4.974586665868602e-02

   82  0  1
1.394655472960504e+00
1.386951745650922e+00

   83  0  0
4.974888754129494e-02
4.824115236403087e-02

   83  0  1
1.387060878329610e+00
1.379142846611000e+00

   84  0  0
4.824430935075091e-02
4.674266220797987e-02

   84  0  1
1.379257718477467e+00
1.371114151447171e+00

   85  0  0
4.674596159169001e-02
4.525068099400700e-02

   85  0  1
1.371235173257235e+00
1.362854039898316e+00

   86  0  0
4.525412947823389e-02
4.376550718227874e-02

   86  0  1
1.362981662427106e+00
1.354350054062492e+00

   87  0  0
4.376911191932217e-02
4.228745382664553e-02

   87  0  1
1.354484773209906e+00
1.345588816117463e+00

   88  0  0
4.229122246039827e-02
4.081684960350541e-02

   88  0  1
1.345731178830389e+00
1.336555935453786e+00

   89  0  0
4.082079031770019e-02
3.935403994450797e-02

   89  0  1
1.336706546623861e+00
1.327235903511526e+00

   90  0  0
3.935816151725128e-02
3.789938828702984e-02

   90  0  1
1.327395434043916e+00
1.317611974276505e+00

   91  0  0
3.790370015265667e-02
3.645327745873927e-02

   91  0  1
1.317781170571723e+00
1.307666027978445e+00

   92  0  0
3.645778977821741e-02
3.501611121534960e-02

   92  0  1
1.307845723128795e+00
1.297378415020574e+00

   93  0  0
3.502083495673686e-02
3.358831595418143e-02

   93  0  1
1.297569542099490e+00
1.286727776529868e+00

   94  0  0
3.359326298493186e-02
3.217034263030873e-02

   94  0  1
1.286931384451955e+00
1.275690837112354e+00

   95  0  0
3.217552582363430e-02
3.076266890725331e-02

   95  0  1
1.275908109672181e+00
1.264242164379010e+00

   96  0  0
3.076810226524979e-02
2.936580158055459e-02

   96  0  1
1.264474443248679e+00
1.252353888508292e+00

   97  0  0
2.937150037740431e-02
2.798027932046382e-02

   97  0  1
1.252602701203029e+00
1.239995373440035e+00

   98  0  0
2.798626026993331e-02
2.660667579014874e-02

   98  0  1
1.240262467569482e+00
1.227132829127359e+00

   99  0  0
2.661295724244331e-02
2.524560320778383e-02

   99  0  1
1.227420214669935e+00
1.213728851434492e+00

  100  0  0
2.525220538247181e-02
2.389771643823023e-02

  100  0  1
1.214038853349442e+00
1.199741872514186e+00

  101  0  0
2.390466170171816e-02
2.256371771893264e-02

  101  0  1
1.200077196810113e+00
1.185125499481149e+00

  102  0  0
2.257103091599080e-02
2.124436215156328e-02

  102  0  1
1.185489316997833e+00
1.169827712414550e+00

  103  0  0
2.125207100894487e-02
1.994046413505676e-02

  103  0  1
1.170223766208554e+00
1.153789883424568e+00

  104  0  0
1.994859974621026e-02
1.865290492926166e-02

  104  0  1
1.154222628007116e+00
1.136945565598963e+00

  105  0  0
1.866150235882268e-02
1.738264168396008e-02

  105  0  1
1.137420349769343e+00
1.119218982520748e+00

  106  0  0
1.739174071691659e-02
1.613071821319869e-02

  106  0  1
1.119742293004749e+00
1.100523123062570e+00

  107  0  0
1.614036424986047e-02
1.489827803686603e-02

  107  0  1
1.101102914306323e+00
1.080757307530206e+00

  108  0  0
1.490852339677383e-02
1.368658063460094e-02

  108  0  1
1.081403454342767e+00
1.059804035094781e+00

  109  0  0
1.369748581377062e-02
1.249702054658640e-02

  109  0  1
1.060528968390810e+00
1.037524842842149e+00

  110  0  0
1.250865658069410e-02
1.133115390695422e-02

  110  0  1
1.038344476480776e+00
1.013754760322060e+00

  111  0  0
1.134360486324774e-02
1.019072809716156e-02

  111  0  1
1.014689831139741e+00
9.882946799837695e-01

  112  0  0
1.020409317914791e-02
9.077723626981843e-03

  112  0  1
9.893726581417720e-01
9.609008147005300e-01

  113  0  0
9.092128014257553e-03
7.994418683734296e-03

  113  0  1
9.621593563819610e-01
9.312700426914385e-01

  114  0  0
8.010005094189967e-03
6.943426911263031e-03

  114  0  1
9.327632678967800e-01
8.990162032684853e-01

  115  0  0
6.960392816151310e-03
5.927895926510737e-03

  115  0  1
9.008190029137598e-01
8.636316168150387e-01

  116  0  0
5.946481799940728e-03
4.951499118629235e-03

  116  0  1
8.658503498975555e-01
8.244530939309460e-01

  117  0  0
4.971974596159377e-03
4.018812970616244e-03

  117  0  1
8.273212139506982e-01
7.805845638026819e-01

  118  0  0
4.041782869193452e-03
3.135997551729515e-03

  118  0  1
7.844973769442399e-01
7.304428562393248e-01

  119  0  0
3.161628359685665e-03
2.309667205259893e-03

  119  0  1
7.353463740760854e-01
6.716740546325711e-01

  120  0  0
2.339547921324122e-03
1.553185250912325e-03

  120  0  1
6.791335852184965e-01
6.038512436833419e-01

  121  0  0
1.588456272567053e-03
8.816689889281469e-04

  121  0  1
6.274574301097937e-01
5.183728696316043e-01

  122  0  0
9.220268489304319e-04
3.417222001776255e-04

  122  0  1
5.589887574081265e-01
3.518473921396052e-01

  123  0  0
3.904353223872199e-04
4.710533470713267e-05

  123  0  1
3.127424607248386e-01
8.813802422196551e-02

  124  0  0
4.203317538637614e-05
5.515197179293203e-06

  124  0  1
2.203520264319657e-02
7.997605626416598e-04

  125  0  0
5.110475613102536e-06
5.000015959056185e-06

  125  0  1
5.093658698018659e-05
6.307269825916821e-06

  126  0  0
5.000178336871671e-06
5.000000016280705e-06

  126  0  1
5.074292391297519e-06
5.002112054766642e-06

  127  0  0
5.000000286935937e-06
5.000000000024396e-06

  127  0  1
5.000119954219021e-06
5.000003408063647e-06

  128  0  0
5.000000000459666e-06
4.999999999998278e-06

  128  0  1
5.000000193438245e-06
5.000000005490711e-06

  129  0  0
4.999999999998987e-06
4.999999999998248e-06

  129  0  1
5.000000000309805e-06
5.000000000007087e-06

  130  0  0
4.999999999998253e-06
4.999999999998253e-06

  130  0  1
4.999999999998753e-06
4.999999999998267e-06

  131  0  0
4.999999999998253e-06
4.999999999998253e-06

  131  0  1
4.999999999998254e-06
4.999999999998253e-06

  132  0  0
4.999999999998253e-06
4.999999999998253e-06

  132  0  1
4.999999999998253e-06
4.999999999998253e-06

  133  0  0
4.999999999998253e-06
4.999999999998253e-06

  133  0  1
4.999999999998253e-06
4.999999999998253e-06

  134  0  0
4.999999999998253e-06
4.999999999998253e-06

  134  0  1
4.999999999998253e-06
4.999999999998253e-06

  135  0  0
4.999999999998253e-06
4.999999999998253e-06

  135  0  1
4.999999999998253e-06
4.999999999998253e-06

  136  0  0
4.999999999998253e-06
4.999999999998253e-06

  136  0  1
4.999999999998253e-06
4.999999999998253e-06

  137  0  0
4.999999999998253e-06
4.999999999998253e-06

  137  0  1
4.999999999998253e-06
4.999999999998253e-06

  138  0  0
4.999999999998253e-06
4.999999999998253e-06

  138  0  1
4.999999999998253e-06
4.999999999998253e-06

  139  0  0
4.999999999998253e-06
4.999999999998253e-06

  139  0  1
4.999999999998253e-06
4.999999999998253e-06

  140  0  0
4.999999999998253e-06
4.999999999998253e-06

  140  0  1
4.999999999998253e-06
4.999999999998253e-06

  141  0  0
4.999999999998253e-06
4.999999999998253e-06

  141  0  1
4.999999999998253e-06
4.999999999998253e-06

  142  0  0
4.999999999998253e-06
4.999999999998253e-06

  142  0  1
4.999999999998253e-06
4.999999999998253e-06

  143  0  0
4.999999999998253e-06
4.999999999998253e-06

  143  0  1
4.999999999998253e-06
4.999999999998253e-06

  144  0  0
4.999999999998253e-06
4.999999999998253e-06

  144  0  1
4.999999999998253e-06
4.999999999998253e-06

  145  0  0
4.999999999998253e-06
4.999999999998253e-06

  145  0  1
4.999999999998253e-06
4.999999999998253e-06

  146  0  0
4.999999999998253e-06
4.999999999998253e-06

  146  0  1
4.999999999998253e-06
4.999999999998253e-06

  147  0  0
4.999999999998253e-06
4.999999999998253e-06

  147  0  1
4.999999999998253e-06
4.999999999998253e-06

  148  0  0
4.999999999998253e-06
4.999999999998253e-06

  148  0  1
4.999999999998253e-06
4.999999999998253e-06

  149  0  0
4.999999999998253e-06
4.999999999998253e-06

  149  0  1
4.999999999998253e-06
4.999999999998253e-06

  150  0  0
4.999999999998253e-06
4.999999999998253e-06

  150  0  1
4.999999999998253e-06
4.999999999998253e-06

  151  0  0
4.999999999998253e-06
4.999999999998253e-06

  151  0  1
4.999999999998253e-06
4.999999999998253e-06

  152  0  0
4.999999999998253e-06
4.999999999998253e-06

  152  0  1
4.999999999998253e-06
4.999999999998253e-06

  153  0  0
4.999999999998253e-06
4.999999999998253e-06

  153  0  1
4.999999999998253e-06
4.999999999998253e-06

  154  0  0
4.999999999998253e-06
4.999999999998253e-06

  154  0  1
4.999999999998253e-06
4.999999999998253e-06

  155  0  0
4.999999999998253e-06
4.999999999998253e-06

  155  0  1
4.999999999998253e-06
4.999999999998253e-06

  156  0  0
4.999999999998253e-06
4.999999999998253e-06

  156  0  1
4.999999999998253e-06
4.999999999998253e-06

  157  0  0
4.999999999998253e-06
4.999999999998253e-06

  157  0  1
4.999999999998253e-06
4.999999999998253e-06

  158  0  0
4.999999999998253e-06
4.999999999998253e-06

  158  0  1
4.999999999998253e-06
4.999999999998253e-06

  159  0  0
4.999999999998253e-06
4.999999999998253e-06

  159  0  1
4.999999999998253e-06
4.999999999998253e-06

  160  0  0
4.999999999998253e-06
4.999999999998253e-06

  160  0  1
4.999999999998253e-06
4.999999999998253e-06

  161  0  0
4.999999999998253e-06
4.999999999998253e-06

  161  0  1
4.999999999998253e-06
4.999999999998253e-06

  162  0  0
4.999999999998253e-06
4.999999999998253e-06

  162  0  1
4.999999999998253e-06
4.999999999998253e-06

  163  0  0
4.999999999998253e-06
4.999999999998253e-06

  163  0  1
4.999999999998253e-06
4.999999999998253e-06

  164  0  0
4.999999999998253e-06
4.999999999998253e-06

  164  0  1
4.999999999998253e-06
4.999999999998253e-06

  165  0  0
4.999999999998253e-06
4.999999999998253e-06

  165  0  1
4.999999999998253e-06
4.999999999998253e-06

  166  0  0
4.999999999998253e-06
4.999999999998253e-06

  166  0  1
4.999999999998253e-06
4.999999999998253e-06

  167  0  0
4.999999999998253e-06
4.999999999998253e-06

  167  0  1
4.999999999998253e-06
4.999999999998253e-06

  168  0  0
4.999999999998253e-06
4.999999999998253e-06

  168  0  1
4.999999999998253e-06
4.999999999998253e-06

  169  0  0
4.999999999998253e-06
4.999999999998253e-06

  169  0  1
4.999999999998253e-06
4.999999999998253e-06

  170  0  0
4.999999999998253e-06
4.999999999998253e-06

  170  0  1
4.999999999998253e-06
4.999999999998253e-06

  171  0  0
4.999999999998253e-06
4.999999999998253e-06

  171  0  1
4.999999999998253e-06
4.999999999998253e-06

  172  0  0
4.999999999998253e-06
4.999999999998253e-06

  172  0  1
4.999999999998253e-06
4.999999999998253e-06

  173  0  0
4.999999999998253e-06
4.999999999998253e-06

  173  0  1
4.999999999998253e-06
4.999999999998253e-06

  174  0  0
4.999999999998253e-06
4.999999999998253e-06

  174  0  1
4.999999999998253e-06
4.999999999998253e-06

  175  0  0
4.999999999998253e-06
4.999999999998253e-06

  175  0  1
4.999999999998253e-06
4.999999999998253e-06

  176  0  0
4.999999999998253e-06
4.999999999998253e-06

  176  0  1
4.999999999998253e-06
4.999999999998253e-06

  177  0  0
4.999999999998253e-06
4.999999999998253e-06

  177  0  1
4.999999999998253e-06
4.999999999998253e-06

  178  0  0
4.999999999998253e-06
4.999999999998253e-06

  178  0  1
4.999999999998253e-06
4.999999999998253e-06

  179  0  0
4.999999999998253e-06
4.999999999998253e-06

  179  0  1
4.999999999998253e-06
4.999999999998253e-06

  180  0  0
4.999999999998253e-06
4.999999999998253e-06

  180  0  1
4.999999999998253e-06
4.999999999998253e-06

  181  0  0
4.999999999998253e-06
4.999999999998253e-06

  181  0  1
4.999999999998253e-06
4.999999999998253e-06

  182  0  0
4.999999999998253e-06
4.999999999998253e-06

  182  0  1
4.999999999998253e-06
4.999999999998253e-06

  183  0  0
4.999999999998253e-06
4.999999999998253e-06

  183  0  1
4.999999999998253e-06
4.999999999998253e-06

  184  0  0
4.999999999998253e-06
4.999999999998253e-06

  184  0  1
4.999999999998253e-06
4.999999999998253e-06

  185  0  0
4.999999999998253e-06
4.999999999998253e-06

  185  0  1
4.999999999998253e-06
4.999999999998253e-06

  186  0  0
4.999999999998253e-06
4.999999999998253e-06

  186  0  1
4.999999999998253e-06
4.999999999998253e-06

  187  0  0
4.999999999998253e-06
4.999999999998253e-06

  187  0  1
4.999999999998253e-06
4.999999999998253e-06

  188  0  0
4.999999999998253e-06
4.999999999998253e-06

  188  0  1
4.999999999998253e-06
4.999999999998253e-06

  189  0  0
4.999999999998253e-06
4.999999999998253e-06

  189  0  1
4.999999999998253e-06
4.999999999998253e-06

  190  0  0
4.999999999998253e-06
4.999999999998253e-06

  190  0  1
4.999999999998253e-06
4.999999999998253e-06

  191  0  0
4.999999999998253e-06
4.999999999998253e-06

  191  0  1
4.999999999998253e-06
4.999999999998253e-06

  192  0  0
4.999999999998253e-06
4.999999999998253e-06

  192  0  1
4.999999999998253e-06
4.999999999998253e-06

  193  0  0
4.999999999998253e-06
4.999999999998253e-06

  193  0  1
4.999999999998253e-06
4.999999999998253e-06

  194  0  0
4.999999999998253e-06
4.999999999998253e-06

  194  0  1
4.999999999998253e-06
4.999999999998253e-06

  195  0  0
4.999999999998253e-06
4.999999999998253e-06

  195  0  1
4.999999999998253e-06
4.999999999998253e-06

  196  0  0
4.999999999998253e-06
4.999999999998253e-06

  196  0  1
4.999999999998253e-06
4.999999999998253e-06

  197  0  0
4.999999999998253e-06
4.999999999998253e-06

  197  0  1
4.999999999998253e-06
4.999999999998253e-06

  198  0  0
4.999999999998253e-06
4.999999999998253e-06

  198  0  1
4.999999999998253e-06
4.999999999998253e-06

  199  0  0
4.999999999998253e-06
4.999999999998253e-06

  199  0  1
4.999999999998253e-06
4.999999999998253e-06

  200  0  0
4.999999999998253e-06
4.999999999998253e-06

  200  0  1
4.999999999998253e-06
4.999999999998253e-06

  201  0  0
4.999999999998253e-06
4.999999999998253e-06

  201  0  1
4.999999999998253e-06
4.999999999998253e-06

  202  0  0
4.999999999998253e-06
4.999999999998253e-06

  202  0  1
4.999999999998253e-06
4.999999999998253e-06

  203  0  0
4.999999999998253e-06
4.999999999998253e-06

  203  0  1
4.999999999998253e-06
4.999999999998253e-06

  204  0  0
4.999999999998253e-06
4.999999999998253e-06

  204  0  1
4.999999999998253e-06
4.999999999998253e-06

  205  0  0
4.999999999998253e-06
4.999999999998253e-06

  205  0  1
4.999999999998253e-06
4.999999999998253e-06

  206  0  0
4.999999999998253e-06
4.999999999998253e-06

  206  0  1
4.999999999998253e-06
4.999999999998253e-06

  207  0  0
4.999999999998253e-06
4.999999999998253e-06

  207  0  1
4.999999999998253e-06
4.999999999998253e-06

  208  0  0
4.999999999998253e-06
4.999999999998253e-06

  208  0  1
4.999999999998253e-06
4.999999999998253e-06

  209  0  0
4.999999999998253e-06
4.999999999998253e-06

  209  0  1
4.999999999998253e-06
4.999999999998253e-06

  210  0  0
4.999999999998253e-06
4.999999999998253e-06

  210  0  1
4.999999999998253e-06
4.999999999998253e-06

  211  0  0
4.999999999998253e-06
4.999999999998253e-06

  211  0  1
4.999999999998253e-06
4.999999999998253e-06

  212  0  0
4.999999999998253e-06
4.999999999998253e-06

  212  0  1
4.999999999998253e-06
4.999999999998253e-06

  213  0  0
4.999999999998253e-06
4.999999999998253e-06

  213  0  1
4.999999999998253e-06
4.999999999998253e-06

  214  0  0
4.999999999998253e-06
4.999999999998253e-06

  214  0  1
4.999999999998253e-06
4.999999999998253e-06

  215  0  0
4.999999999998253e-06
4.999999999998253e-06

  215  0  1
4.999999999998253e-06
4.999999999998253e-06

  216  0  0
4.999999999998253e-06
4.999999999998253e-06

  216  0  1
4.999999999998253e-06
4.999999999998253e-06

  217  0  0
4.999999999998253e-06
4.999999999998253e-06

  217  0  1
4.999999999998253e-06
4.999999999998253e-06

  218  0  0
4.999999999998253e-06
4.999999999998253e-06

  218  0  1
4.999999999998253e-06
4.999999999998253e-06

  219  0  0
4.999999999998253e-06
4.999999999998253e-06

  219  0  1
4.999999999998253e-06
4.999999999998253e-06

  220  0  0
4.999999999998253e-06
4.999999999998253e-06

  220  0  1
4.999999999998253e-06
4.999999999998253e-06

  221  0  0
4.999999999998253e-06
4.999999999998253e-06

  221  0  1
4.999999999998253e-06
4.999999999998253e-06

  222  0  0
4.999999999998253e-06
4.999999999998253e-06

  222  0  1
4.999999999998253e-06
4.999999999998253e-06

  223  0  0
4.999999999998253e-06
4.999999999998253e-06

  223  0  1
4.999999999998253e-06
4.999999999998253e-06

  224  0  0
4.999999999998253e-06
4.999999999998253e-06

  224  0  1
4.999999999998253e-06
4.999999999998253e-06

  225  0  0
4.999999999998253e-06
4.999999999998253e-06

  225  0  1
4.999999999998253e-06
4.999999999998253e-06

  226  0  0
4.999999999998253e-06
4.999999999998253e-06

  226  0  1
4.999999999998253e-06
4.999999999998253e-06

  227  0  0
4.999999999998253e-06
4.999999999998253e-06

  227  0  1
4.999999999998253e-06
4.999999999998253e-06

  228  0  0
4.999999999998253e-06
4.999999999998253e-06

  228  0  1
4.999999999998253e-06
4.999999999998253e-06

  229  0  0
4.999999999998253e-06
4.999999999998253e-06

  229  0  1
4.999999999998253e-06
4.999999999998253e-06

  230  0  0
4.999999999998253e-06
4.999999999998253e-06

  230  0  1
4.999999999998253e-06
4.999999999998253e-06

  231  0  0
4.999999999998253e-06
4.999999999998253e-06

  231  0  1
4.999999999998253e-06
4.999999999998253e-06

  232  0  0
4.999999999998253e-06
4.999999999998253e-06

  232  0  1
4.999999999998253e-06
4.999999999998253e-06

  233  0  0
4.999999999998253e-06
4.999999999998253e-06

  233  0  1
4.999999999998253e-06
4.999999999998253e-06

  234  0  0
4.999999999998253e-06
4.999999999998253e-06

  234  0  1
4.999999999998253e-06
4.999999999998253e-06

  235  0  0
4.999999999998253e-06
4.999999999998253e-06

  235  0  1
4.999999999998253e-06
4.999999999998253e-06

  236  0  0
4.999999999998253e-06
4.999999999998253e-06

  236  0  1
4.999999999998253e-06
4.999999999998253e-06

  237  0  0
4.999999999998253e-06
4.999999999998253e-06

  237  0  1
4.999999999998253e-06
4.999999999998253e-06

  238  0  0
4.999999999998253e-06
4.999999999998253e-06

  238  0  1
4.999999999998253e-06
4.999999999998253e-06

  239  0  0
4.999999999998253e-06
4.999999999998253e-06

  239  0  1
4.999999999998253e-06
4.999999999998253e-06

  240  0  0
4.999999999998253e-06
4.999999999998253e-06

  240  0  1
4.999999999998253e-06
4.999999999998253e-06

  241  0  0
4.999999999998253e-06
4.999999999998253e-06

  241  0  1
4.999999999998253e-06
4.999999999998253e-06

  242  0  0
4.999999999998253e-06
4.999999999998253e-06

  242  0  1
4.999999999998253e-06
4.999999999998253e-06

  243  0  0
4.999999999998253e-06
4.999999999998253e-06

  243  0  1
4.999999999998253e-06
4.999999999998253e-06

  244  0  0
4.999999999998253e-06
4.999999999998253e-06

  244  0  1
4.999999999998253e-06
4.999999999998253e-06

  245  0  0
4.999999999998253e-06
4.999999999998253e-06

  245  0  1
4.999999999998253e-06
4.999999999998253e-06

  246  0  0
4.999999999998253e-06
4.999999999998253e-06

  246  0  1
4.999999999998253e-06
4.999999999998253e-06

  247  0  0
4.999999999998253e-06
4.999999999998253e-06

  247  0  1
4.999999999998253e-06
4.999999999998253e-06

  248  0  0
4.999999999998253e-06
4.999999999998253e-06

  248  0  1
4.999999999998253e-06
4.999999999998253e-06

  249  0  0
4.999999999998253e-06
4.999999999998253e-06

  249  0  1
4.999999999998253e-06
4.999999999998253e-06

  250  0  0
4.999999999998253e-06
4.999999999998253e-06

  250  0  1
4.999999999998253e-06
4.999999999998253e-06

  251  0  0
4.999999999998253e-06
4.999999999998253e-06

  251  0  1
4.999999999998253e-06
4.999999999998253e-06

  252  0  0
4.999999999998253e-06
4.999999999998253e-06

  252  0  1
4.999999999998253e-06
4.999999999998253e-06

  253  0  0
4.999999999998253e-06
4.999999999998253e-06

  253  0  1
4.999999999998253e-06
4.999999999998253e-06

  254  0  0
4.999999999998253e-06
4.999999999998253e-06

  254  0  1
4.999999999998253e-06
4.999999999998253e-06

  255  0  0
4.999999999998253e-06
4.999999999998253e-06

  255  0  1
4.999999999998253e-06
4.999999999998253e-06

  256  0  0
4.999999999998253e-06
4.999999999998253e-06

  256  0  1
4.999999999998253e-06
4.999999999998253e-06

  257  0  0
4.999999999998253e-06
4.999999999998253e-06

  257  0  1
4.999999999998253e-06
4.999999999998253e-06

  258  0  0
4.999999999998253e-06
4.999999999998253e-06

  258  0  1
4.999999999998253e-06
4.999999999998253e-06

  259  0  0
4.999999999998253e-06
4.999999999998253e-06

  259  0  1
4.999999999998253e-06
4.999999999998253e-06

  260  0  0
4.999999999998253e-06
4.999999999998253e-06

  260  0  1
4.999999999998253e-06
4.999999999998253e-06

  261  0  0
4.999999999998253e-06
4.999999999998253e-06

  261  0  1
4.999999999998253e-06
4.999999999998253e-06

  262  0  0
4.999999999998253e-06
4.999999999998253e-06

  262  0  1
4.999999999998253e-06
4.999999999998253e-06

  263  0  0
4.999999999998253e-06
4.999999999998253e-06

  263  0  1
4.999999999998253e-06
4.999999999998253e-06

  264  0  0
4.999999999998253e-06
4.999999999998253e-06

  264  0  1
4.999999999998253e-06
4.999999999998253e-06

  265  0  0
4.999999999998253e-06
4.999999999998253e-06

  265  0  1
4.999999999998253e-06
4.999999999998253e-06

  266  0  0
4.999999999998253e-06
4.999999999998253e-06

  266  0  1
4.999999999998253e-06
4.999999999998253e-06

  267  0  0
4.999999999998253e-06
4.999999999998253e-06

  267  0  1
4.999999999998253e-06
4.999999999998253e-06

  268  0  0
4.999999999998253e-06
4.999999999998253e-06

  268  0  1
4.999999999998253e-06
4.999999999998253e-06

  269  0  0
4.999999999998253e-06
4.999999999998253e-06

  269  0  1
4.999999999998253e-06
4.999999999998253e-06

  270  0  0
4.999999999998253e-06
4.999999999998253e-06

  270  0  1
4.999999999998253e-06
4.999999999998253e-06

  271  0  0
4.999999999998253e-06
4.999999999998253e-06

  271  0  1
4.999999999998253e-06
4.999999999998253e-06

  272  0  0
4.999999999998253e-06
4.999999999998253e-06

  272  0  1
4.999999999998253e-06
4.999999999998253e-06

  273  0  0
4.999999999998253e-06
4.999999999998253e-06

  273  0  1
4.999999999998253e-06
4.999999999998253e-06

  274  0  0
4.999999999998253e-06
4.999999999998253e-06

  274  0  1
4.999999999998253e-06
4.999999999998253e-06

  275  0  0
4.999999999998253e-06
4.999999999998253e-06

  275  0  1
4.999999999998253e-06
4.999999999998253e-06

  276  0  0
4.999999999998253e-06
4.999999999998253e-06

  276  0  1
4.999999999998253e-06
4.999999999998253e-06

  277  0  0
4.999999999998253e-06
4.999999999998253e-06

  277  0  1
4.999999999998253e-06
4.999999999998253e-06

  278  0  0
4.999999999998253e-06
4.999999999998253e-06

  278  0  1
4.999999999998253e-06
4.999999999998253e-06

  279  0  0
4.999999999998253e-06
4.999999999998253e-06

  279  0  1
4.999999999998253e-06
4.999999999998253e-06

  280  0  0
4.999999999998253e-06
4.999999999998253e-06

  280  0  1
4.999999999998253e-06
4.999999999998253e-06

  281  0  0
4.999999999998253e-06
4.999999999998253e-06

  281  0  1
4.999999999998253e-06
4.999999999998253e-06

  282  0  0
4.999999999998253e-06
4.999999999998253e-06

  282  0  1
4.999999999998253e-06
4.999999999998253e-06

  283  0  0
4.999999999998253e-06
4.999999999998253e-06

  283  0  1
4.999999999998253e-06
4.999999999998253e-06

  284  0  0
4.999999999998253e-06
4.999999999998253e-06

  284  0  1
4.999999999998253e-06
4.999999999998253e-06

  285  0  0
4.999999999998253e-06
4.999999999998253e-06

  285  0  1
4.999999999998253e-06
4.999999999998253e-06

  286  0  0
4.999999999998253e-06
4.999999999998253e-06

  286  0  1
4.999999999998253e-06
4.999999999998253e-06

  287  0  0
4.999999999998253e-06
4.999999999998253e-06

  287  0  1
4.999999999998253e-06
4.999999999998253e-06

  288  0  0
4.999999999998253e-06
4.999999999998253e-06

  288  0  1
4.999999999998253e-06
4.999999999998253e-06

  289  0  0
4.999999999998253e-06
4.999999999998253e-06

  289  0  1
4.999999999998253e-06
4.999999999998253e-06

  290  0  0
4.999999999998253e-06
4.999999999998253e-06

  290  0  1
4.999999999998253e-06
4.999999999998253e-06

  291  0  0
4.999999999998253e-06
4.999999999998253e-06

  291  0  1
4.999999999998253e-06
4.999999999998253e-06

  292  0  0
4.999999999998253e-06
4.999999999998253e-06

  292  0  1
4.999999999998253e-06
4.999999999998253e-06

  293  0  0
4.999999999998253e-06
4.999999999998253e-06

  293  0  1
4.999999999998253e-06
4.999999999998253e-06

  294  0  0
4.999999999998253e-06
4.999999999998253e-06

  294  0  1
4.999999999998253e-06
4.999999999998253e-06

  295  0  0
4.999999999998253e-06
4.999999999998253e-06

  295  0  1
4.999999999998253e-06
4.999999999998253e-06

  296  0  0
4.999999999998253e-06
4.999999999998253e-06

  296  0  1
4.999999999998253e-06
4.999999999998253e-06

  297  0  0
4.999999999998253e-06
4.999999999998253e-06

  297  0  1
4.999999999998253e-06
4.999999999998253e-06

  298  0  0
4.999999999998253e-06
4.999999999998253e-06

  298  0  1
4.999999999998253e-06
4.999999999998253e-06

  299  0  0
4.999999999998253e-06
4.999999999998253e-06

  299  0  1
4.999999999998253e-06
4.999999999998253e-06

  300  0  0
4.999999999998253e-06
4.999999999998253e-06

  300  0  1
4.999999999998253e-06
4.999999999998253e-06

  301  0  0
4.999999999998253e-06
4.999999999998253e-06

  301  0  1
4.999999999998253e-06
4.999999999998253e-06

  302  0  0
4.999999999998253e-06
4.999999999998253e-06

  302  0  1
4.999999999998253e-06
4.999999999998253e-06

  303  0  0
4.999999999998253e-06
4.999999999998253e-06

  303  0  1
4.999999999998253e-06
4.999999999998253e-06

  304  0  0
4.999999999998253e-06
4.999999999998253e-06

  304  0  1
4.999999999998253e-06
4.999999999998253e-06

  305  0  0
4.999999999998253e-06
4.999999999998253e-06

  305  0  1
4.999999999998253e-06
4.999999999998253e-06

  306  0  0
4.999999999998253e-06
4.999999999998253e-06

  306  0  1
4.999999999998253e-06
4.999999999998253e-06

  307  0  0
4.999999999998253e-06
4.999999999998253e-06

  307  0  1
4.999999999998253e-06
4.999999999998253e-06

  308  0  0
4.999999999998253e-06
4.999999999998253e-06

  308  0  1
4.999999999998253e-06
4.999999999998253e-06

  309  0  0
4.999999999998253e-06
4.999999999998253e-06

  309  0  1
4.999999999998253e-06
4.999999999998253e-06

  310  0  0
4.999999999998253e-06
4.999999999998253e-06

  310  0  1
4.999999999998253e-06
4.999999999998253e-06

  311  0  0
4.999999999998253e-06
4.999999999998253e-06

  311  0  1
4.999999999998253e-06
4.999999999998253e-06

  312  0  0
4.999999999998253e-06
4.999999999998253e-06

  312  0  1
4.999999999998253e-06
4.999999999998253e-06

  313  0  0
4.999999999998253e-06
4.999999999998248e-06

  313  0  1
4.999999999998253e-06
4.999999999998253e-06

  314  0  0
4.999999999998181e-06
4.999999999995961e-06

  314  0  1
4.999999999998253e-06
4.999999999998253e-06

  315  0  0
4.999999999962163e-06
4.999999999164716e-06

  315  0  1
4.999999999998811e-06
4.999999999679113e-06

  316  0  0
4.999999991891660e-06
4.999999820449362e-06

  316  0  1
4.999999999967971e-06
4.999999924910547e-06

  317  0  0
4.999998353415051e-06
4.999964733418202e-06

  317  0  1
4.999999992600976e-06
4.999983568347586e-06

  318  0  0
4.999703043731261e-06
4.993933790739592e-06

  318  0  1
4.999998301430021e-06
4.996748944841261e-06

  319  0  0
4.955572920939745e-06
4.155807945107676e-06

  319  0  1
4.999726498284329e-06
4.445755250511462e-06

