#Cell    Group    L_mom 
# Element_0
# Element_1
# Element_2
# Element_3
# Element_4
    0  0  0
1.913519130604643e+00
1.910295508422968e+00
1.905556532313654e+00
1.900790694786344e+00
1.897524634568403e+00

    1  0  0
1.895856145396224e+00
1.892583035050448e+00
1.887780054893647e+00
1.882960410014577e+00
1.879656708295888e+00

    2  0  0
1.877967111118404e+00
1.874650049575378e+00
1.869784712127829e+00
1.864910709497900e+00
1.861571587641710e+00

    3  0  0
1.859861914180355e+00
1.856500156137235e+00
1.851555984958414e+00
1.846594530946744e+00
1.843198294112251e+00

    4  0  0
1.841461415420895e+00
1.838050311748031e+00
1.833033958543741e+00
1.827992762743634e+00
1.824538932372177e+00

    5  0  0
1.822774169810145e+00
1.819312191676108e+00
1.814223609436651e+00
1.809100827193698e+00
1.805580303225321e+00

    6  0  0
1.803779168133061e+00
1.800242135656483e+00
1.795044327584756e+00
1.789820491385194e+00
1.786234892821041e+00

    7  0  0
1.784399769331639e+00
1.780791540698391e+00
1.775483828926593e+00
1.770152738096445e+00
1.766499428379503e+00

    8  0  0
1.764629047449341e+00
1.760946946596309e+00
1.755514869217173e+00
1.750043245017607e+00
1.746291039250255e+00

    9  0  0
1.744370384407057e+00
1.740593167275031e+00
1.735027190084669e+00
1.729418749698106e+00
1.725565163290051e+00

   10  0  0
1.723591185699204e+00
1.719710981982605e+00
1.713999959595557e+00
1.708244769959254e+00
1.704279093920018e+00

   11  0  0
1.702243645646258e+00
1.698236400993272e+00
1.692330784223117e+00
1.686379954281670e+00
1.682283657277873e+00

   12  0  0
1.680182456646348e+00
1.676044900831906e+00
1.669937306701816e+00
1.663771889388292e+00
1.659529586277142e+00

   13  0  0
1.657355635413605e+00
1.653074645736589e+00
1.646741574893462e+00
1.640323864927992e+00
1.635897954530286e+00

   14  0  0
1.633629102906735e+00
1.629159346354353e+00
1.622548620005686e+00
1.615852545424835e+00
1.611231895239213e+00

   15  0  0
1.608859823509096e+00
1.604179897467364e+00
1.597254347313833e+00
1.590243106990719e+00
1.585402612304985e+00

   16  0  0
1.582912360597486e+00
1.577987966073306e+00
1.570679710659069e+00
1.563268266014246e+00
1.558149427230673e+00

   17  0  0
1.555514491891367e+00
1.550305289933396e+00
1.542570424702702e+00
1.534710446629930e+00
1.529267790505929e+00

   18  0  0
1.526464640575517e+00
1.520925483322268e+00
1.512696779230380e+00
1.504310038432794e+00
1.498478097983350e+00

   19  0  0
1.495469664660158e+00
1.489517870463636e+00
1.480665666551386e+00
1.471633322228219e+00
1.465345817548768e+00

   20  0  0
1.462100913364074e+00
1.455673739253068e+00
1.446088078196831e+00
1.436280144838195e+00
1.429449150063349e+00

   21  0  0
1.425923331537970e+00
1.418925543201565e+00
1.408444655881338e+00
1.397671856781068e+00
1.390153140398486e+00

   22  0  0
1.386267122497852e+00
1.378545042660385e+00
1.366957413786516e+00
1.355016820016784e+00
1.346659716076565e+00

   23  0  0
1.342331437268996e+00
1.333709380405539e+00
1.320735797525796e+00
1.307332482924738e+00
1.297920882281061e+00

   24  0  0
1.293026503624406e+00
1.283243745389319e+00
1.268464991817805e+00
1.253134709989340e+00
1.242322932463750e+00

   25  0  0
1.236685840696775e+00
1.225397285860965e+00
1.208264278411679e+00
1.190372345990952e+00
1.177681846557407e+00

   26  0  0
1.171042867338132e+00
1.157701479488127e+00
1.137330563870058e+00
1.115864073156719e+00
1.100489924666774e+00

   27  0  0
1.092403379660971e+00
1.076081233260116e+00
1.050931101943598e+00
1.024084833285710e+00
1.004632336230080e+00

   28  0  0
9.943330939324254e-01
9.733507068769411e-01
9.404725592131107e-01
9.046095355100604e-01
8.780894050110555e-01

   29  0  0
8.638192687780749e-01
8.342589049984053e-01
7.863829855962436e-01
7.314121709117636e-01
6.884486576917278e-01

   30  0  0
6.689185564681160e-01
6.065223684668188e-01
5.179696249433493e-01
3.874759208232634e-01
1.600675083154808e-01

   31  0  0
5.858108844966996e-03
-1.427891143801135e-03
7.043277657943157e-04
-3.681378901570769e-04
1.030576443068693e-04

   32  0  0
1.465197731222607e-04
-2.449850641976265e-05
2.671655470257246e-05
8.295924003333837e-07
1.237377074327443e-05

   33  0  0
1.318166423252915e-05
9.193023341181416e-06
1.039139038973006e-05
9.784699054757514e-06
1.005769540435455e-05

   34  0  0
1.007278155499064e-05
9.981457213720648e-06
1.000900274314638e-05
9.995033463905090e-06
1.000137772102270e-05

   35  0  0
1.000163558094937e-05
9.999580506689278e-06
1.000020396546878e-05
9.999887017533772e-06
1.000003282181149e-05

   36  0  0
1.000003587446485e-05
9.999990694950399e-06
1.000000453543759e-05
9.999997470488890e-06
1.000000079005955e-05

   37  0  0
1.000000075321424e-05
9.999999800660942e-06
1.000000009758849e-05
9.999999944909830e-06
1.000000001932543e-05

   38  0  0
1.000000001445272e-05
9.999999996016478e-06
1.000000000196189e-05
9.999999998861887e-06
1.000000000047600e-05

   39  0  0
1.000000000021875e-05
9.999999999928875e-06
1.000000000003059e-05
9.999999999975815e-06
1.000000000000846e-05

   40  0  0
9.999999999997563e-06
9.999999999995852e-06
9.999999999996865e-06
9.999999999996272e-06
9.999999999996799e-06

   41  0  0
9.999999999996391e-06
9.999999999996525e-06
9.999999999996501e-06
9.999999999996509e-06
9.999999999996513e-06

   42  0  0
9.999999999996499e-06
9.999999999996509e-06
9.999999999996508e-06
9.999999999996506e-06
9.999999999996508e-06

   43  0  0
9.999999999996506e-06
9.999999999996506e-06
9.999999999996509e-06
9.999999999996506e-06
9.999999999996508e-06

   44  0  0
9.999999999996506e-06
9.999999999996506e-06
9.999999999996509e-06
9.999999999996506e-06
9.999999999996508e-06

   45  0  0
9.999999999996506e-06
9.999999999996506e-06
9.999999999996509e-06
9.999999999996506e-06
9.999999999996508e-06

   46  0  0
9.999999999996506e-06
9.999999999996506e-06
9.999999999996509e-06
9.999999999996506e-06
9.999999999996508e-06

   47  0  0
9.999999999996506e-06
9.999999999996506e-06
9.999999999996509e-06
9.999999999996506e-06
9.999999999996506e-06

   48  0  0
9.999999999996506e-06
9.999999999996506e-06
9.999999999996508e-06
9.999999999996506e-06
9.999999999996506e-06

   49  0  0
9.999999999996506e-06
9.999999999996506e-06
9.999999999996509e-06
9.999999999996506e-06
9.999999999996506e-06

   50  0  0
9.999999999996506e-06
9.999999999996506e-06
9.999999999996509e-06
9.999999999996506e-06
9.999999999996506e-06

   51  0  0
9.999999999996506e-06
9.999999999996506e-06
9.999999999996509e-06
9.999999999996506e-06
9.999999999996506e-06

   52  0  0
9.999999999996506e-06
9.999999999996506e-06
9.999999999996508e-06
9.999999999996506e-06
9.999999999996508e-06

   53  0  0
9.999999999996506e-06
9.999999999996506e-06
9.999999999996509e-06
9.999999999996506e-06
9.999999999996506e-06

   54  0  0
9.999999999996506e-06
9.999999999996506e-06
9.999999999996509e-06
9.999999999996506e-06
9.999999999996506e-06

   55  0  0
9.999999999996506e-06
9.999999999996506e-06
9.999999999996508e-06
9.999999999996506e-06
9.999999999996508e-06

   56  0  0
9.999999999996506e-06
9.999999999996506e-06
9.999999999996509e-06
9.999999999996506e-06
9.999999999996506e-06

   57  0  0
9.999999999996506e-06
9.999999999996506e-06
9.999999999996508e-06
9.999999999996506e-06
9.999999999996506e-06

   58  0  0
9.999999999996506e-06
9.999999999996506e-06
9.999999999996509e-06
9.999999999996506e-06
9.999999999996508e-06

   59  0  0
9.999999999996506e-06
9.999999999996506e-06
9.999999999996509e-06
9.999999999996506e-06
9.999999999996506e-06

   60  0  0
9.999999999996506e-06
9.999999999996506e-06
9.999999999996509e-06
9.999999999996506e-06
9.999999999996506e-06

   61  0  0
9.999999999996506e-06
9.999999999996506e-06
9.999999999996509e-06
9.999999999996506e-06
9.999999999996508e-06

   62  0  0
9.999999999996506e-06
9.999999999996506e-06
9.999999999996509e-06
9.999999999996506e-06
9.999999999996506e-06

   63  0  0
9.999999999996506e-06
9.999999999996506e-06
9.999999999996509e-06
9.999999999996506e-06
9.999999999996508e-06

   64  0  0
9.999999999996506e-06
9.999999999996506e-06
9.999999999996509e-06
9.999999999996506e-06
9.999999999996506e-06

   65  0  0
9.999999999996506e-06
9.999999999996506e-06
9.999999999996509e-06
9.999999999996506e-06
9.999999999996506e-06

   66  0  0
9.999999999996506e-06
9.999999999996506e-06
9.999999999996509e-06
9.999999999996506e-06
9.999999999996508e-06

   67  0  0
9.999999999996506e-06
9.999999999996506e-06
9.999999999996509e-06
9.999999999996506e-06
9.999999999996508e-06

   68  0  0
9.999999999996506e-06
9.999999999996506e-06
9.999999999996509e-06
9.999999999996506e-06
9.999999999996508e-06

   69  0  0
9.999999999996506e-06
9.999999999996509e-06
9.999999999996506e-06
9.999999999996506e-06
9.999999999996503e-06

   70  0  0
9.999999999996506e-06
9.999999999996516e-06
9.999999999996492e-06
9.999999999996538e-06
9.999999999996370e-06

   71  0  0
9.999999999996489e-06
9.999999999996758e-06
9.999999999996028e-06
9.999999999997558e-06
9.999999999985593e-06

   72  0  0
9.999999999997194e-06
1.000000000001295e-05
9.999999999963600e-06
1.000000000006588e-05
9.999999999700573e-06

   73  0  0
1.000000000002667e-05
1.000000000044084e-05
9.999999999112763e-06
1.000000000185690e-05
9.999999992052863e-06

   74  0  0
1.000000000094583e-05
1.000000001168454e-05
9.999999976664479e-06
1.000000004913956e-05
9.999999789699618e-06

   75  0  0
1.000000002952838e-05
1.000000030236450e-05
9.999999393848799e-06
1.000000127746258e-05
9.999994518973454e-06

   76  0  0
1.000000090136345e-05
1.000000766994732e-05
9.999984546000094e-06
1.000003259291289e-05
9.999859716673657e-06

   77  0  0
1.000002699190802e-05
1.000019005058610e-05
9.999614677614221e-06
1.000081340009904e-05
9.996486000179700e-06

   78  0  0
1.000079040682911e-05
1.000458067507302e-05
9.990644746083502e-06
1.001979310969001e-05
9.914438929310755e-06

   79  0  0
1.002142931115486e-05
1.010915410193870e-05
9.778170139642704e-06
1.048359050214956e-05
8.105016643055282e-06

