#Cell  Group   Direction 
# Element_0
# Element_1
    0  0  0
2.932975464494573e-01
2.665249278459530e-01

    0  0  1
1.735898380378154e+00
1.690166955257253e+00

    1  0  0
2.712058303719000e-01
2.420410348950917e-01

    1  0  1
1.697343190732096e+00
1.642554221887463e+00

    2  0  0
2.439839218861043e-01
2.046225036429296e-01

    2  0  1
1.654758562368069e+00
1.583185473227135e+00

    3  0  0
2.198285244541326e-01
1.936246863088326e-01

    3  0  1
1.602498111730945e+00
1.511724322767914e+00

    4  0  0
2.141466756243107e-01
1.412478306059145e-01

    4  0  1
1.601908283586686e+00
1.410817546680320e+00

    5  0  0
1.545776287615048e-01
1.112485967804042e-03

    5  0  1
1.550189546167700e+00
9.011518084618219e-01

    6  0  0
1.727901097161986e-01
-2.480187445531745e-02

    6  0  1
4.474034249022120e-01
6.046776050891375e-02

    7  0  0
3.265275176791445e-05
4.926569137320039e-06

    7  0  1
5.154570384474203e-04
7.058885305582364e-06

    8  0  0
5.000238814884638e-06
4.999999999993917e-06

    8  0  1
5.008567312357795e-06
5.000017812230038e-06

    9  0  0
5.000000002075694e-06
4.999999999998169e-06

    9  0  1
5.000000074132819e-06
5.000000000152331e-06

   10  0  0
4.999999999998253e-06
4.999999999998254e-06

   10  0  1
4.999999999998877e-06
4.999999999998255e-06

   11  0  0
4.999999999998253e-06
4.999999999998254e-06

   11  0  1
4.999999999998253e-06
4.999999999998253e-06

   12  0  0
4.999999999998253e-06
4.999999999998254e-06

   12  0  1
4.999999999998253e-06
4.999999999998253e-06

   13  0  0
4.999999999998253e-06
4.999999999998254e-06

   13  0  1
4.999999999998253e-06
4.999999999998253e-06

   14  0  0
4.999999999998253e-06
4.999999999998254e-06

   14  0  1
4.999999999998253e-06
4.999999999998253e-06

   15  0  0
4.999999999998253e-06
4.999999999998254e-06

   15  0  1
4.999999999998253e-06
4.999999999998253e-06

   16  0  0
4.999999999998253e-06
4.999999999998253e-06

   16  0  1
4.999999999998253e-06
4.999999999998253e-06

   17  0  0
4.999999999998158e-06
4.999999999952373e-06

   17  0  1
4.999999999998299e-06
4.999999999976621e-06

   18  0  0
4.999999994080522e-06
4.999998129905555e-06

   18  0  1
4.999999999998113e-06
4.999998981531837e-06

   19  0  0
4.999792170199394e-06
4.939006049487712e-06

   19  0  1
4.999999613161843e-06
4.959434707645997e-06

