#Cell  Group   Direction 
# Element_0
# Element_1
    0  0  0
1.818263327558089e-01
1.809008994481965e-01

    0  0  1
1.731462249101640e+00
1.729848904250281e+00

    1  0  0
1.802231132033546e-01
1.792971832629039e-01

    1  0  1
1.728667403971225e+00
1.727047171880373e+00

    2  0  0
1.786190832710906e-01
1.776927333030872e-01

    2  0  1
1.725860545723202e+00
1.724233185755177e+00

    3  0  0
1.770143261809505e-01
1.760875621656031e-01

    3  0  1
1.723041340212256e+00
1.721406716684015e+00

    4  0  0
1.754088647689924e-01
1.744817069640310e-01

    4  0  1
1.720209532629604e+00
1.718567431696000e+00

    5  0  0
1.738027248424439e-01
1.728751741058723e-01

    5  0  1
1.717364765323462e+00
1.715715018273265e+00

    6  0  0
1.721959042418290e-01
1.712679605430003e-01

    6  0  1
1.714506741973626e+00
1.712849152586467e+00

    7  0  0
1.705884058119982e-01
1.696600742262789e-01

    7  0  1
1.711635120569751e+00
1.709969480248290e+00

    8  0  0
1.689802419069114e-01
1.680515332436515e-01

    8  0  1
1.708749538390433e+00
1.707075630579072e+00

    9  0  0
1.673714336566579e-01
1.664423617060739e-01

    9  0  1
1.705849620430283e+00
1.704167222387654e+00

   10  0  0
1.657620051697113e-01
1.648325831699547e-01

   10  0  1
1.702934980193463e+00
1.701243858655832e+00

   11  0  0
1.641519773305591e-01
1.632222149035130e-01

   11  0  1
1.700005212918858e+00
1.698305126767364e+00

   12  0  0
1.625413651467167e-01
1.616112703628057e-01

   12  0  1
1.697059900503244e+00
1.695350599680965e+00

   13  0  0
1.609301844404171e-01
1.599997692355579e-01

   13  0  1
1.694098608927202e+00
1.692379833363899e+00

   14  0  0
1.593184588918209e-01
1.583877391698043e-01

   14  0  1
1.691120887158048e+00
1.689392371002328e+00

   15  0  0
1.577062162589695e-01
1.567752074137339e-01

   15  0  1
1.688126274173825e+00
1.686387737146911e+00

   16  0  0
1.560934813325993e-01
1.551621954696122e-01

   16  0  1
1.685114283449046e+00
1.683365435604230e+00

   17  0  0
1.544802753477324e-01
1.535487271801491e-01

   17  0  1
1.682084412038418e+00
1.680324953279127e+00

   18  0  0
1.528666302045378e-01
1.519348454301258e-01

   18  0  1
1.679036139634179e+00
1.677265758897046e+00

   19  0  0
1.512525957692451e-01
1.503206055209292e-01

   19  0  1
1.675968926392489e+00
1.674187300928495e+00

   20  0  0
1.496382197439470e-01
1.487060412431249e-01

   20  0  1
1.672882212853327e+00
1.671089007866140e+00

   21  0  0
1.480235167880772e-01
1.470911435235757e-01

   21  0  1
1.669775418015307e+00
1.667970284188752e+00

   22  0  0
1.464084661424115e-01
1.454758820882188e-01

   22  0  1
1.666647933093157e+00
1.664830504837774e+00

   23  0  0
1.447930445127009e-01
1.438602450286643e-01

   23  0  1
1.663499128801132e+00
1.661669037100762e+00

   24  0  0
1.431772623643116e-01
1.422442730630281e-01

   24  0  1
1.660328362677966e+00
1.658485218671637e+00

   25  0  0
1.415611814214827e-01
1.406280524147495e-01

   25  0  1
1.657134960158576e+00
1.655278360326162e+00

   26  0  0
1.399448965383644e-01
1.390116859805425e-01

   26  0  1
1.653918221227889e+00
1.652047746639254e+00

   27  0  0
1.383285023594083e-01
1.373952540307279e-01

   27  0  1
1.650677419130182e+00
1.648792634778282e+00

   28  0  0
1.367120555402387e-01
1.357787810623802e-01

   28  0  1
1.647411799211004e+00
1.645512253350148e+00

   29  0  0
1.350955554199559e-01
1.341622374780326e-01

   29  0  1
1.644120577775086e+00
1.642205801233487e+00

   30  0  0
1.334789663727075e-01
1.325455862958623e-01

   30  0  1
1.640802940882086e+00
1.638872446263379e+00

   31  0  0
1.318622710921419e-01
1.309288384511011e-01

   31  0  1
1.637458042839632e+00
1.635511323863459e+00

   32  0  0
1.302455086144173e-01
1.293120659233676e-01

   32  0  1
1.634085005737868e+00
1.632121537268105e+00

   33  0  0
1.286287644311462e-01
1.276953666077139e-01

   33  0  1
1.630682918297930e+00
1.628702154065190e+00

   34  0  0
1.270121288814134e-01
1.260788192710495e-01

   34  0  1
1.627250832970316e+00
1.625252205183290e+00

   35  0  0
1.253956659573121e-01
1.244624717694161e-01

   35  0  1
1.623787764260088e+00
1.621770681692041e+00

   36  0  0
1.237794184508583e-01
1.228463638084964e-01

   36  0  1
1.620292686701221e+00
1.618256535245647e+00

   37  0  0
1.221634324000658e-01
1.212305488906662e-01

   37  0  1
1.616764534646390e+00
1.614708676735865e+00

   38  0  0
1.205477635963997e-01
1.196150811643998e-01

   38  0  1
1.613202202803220e+00
1.611125975170376e+00

   39  0  0
1.189324551973437e-01
1.179999880465843e-01

   39  0  1
1.609604539101191e+00
1.607507249948697e+00

   40  0  0
1.173175221872118e-01
1.163852733034969e-01

   40  0  1
1.605970344761604e+00
1.603851276763442e+00

   41  0  0
1.157029764657495e-01
1.147709651452361e-01

   41  0  1
1.602298374173091e+00
1.600156779067213e+00

   42  0  0
1.140888695267542e-01
1.131571430277237e-01

   42  0  1
1.598587330950833e+00
1.596422429706353e+00

   43  0  0
1.124752967867955e-01
1.115439193697099e-01

   43  0  1
1.594835858747842e+00
1.592646833336052e+00

   44  0  0
1.108623693903855e-01
1.099314022691996e-01

   44  0  1
1.591042544808014e+00
1.588828555118946e+00

   45  0  0
1.092501921569228e-01
1.083196934226871e-01

   45  0  1
1.587205927516389e+00
1.584966096183549e+00

   46  0  0
1.076388536846313e-01
1.067088582187444e-01

   46  0  1
1.583324486018243e+00
1.581057896306750e+00

   47  0  0
1.060283880795191e-01
1.050988870838017e-01

   47  0  1
1.579396629207010e+00
1.577102322213459e+00

   48  0  0
1.044187585173449e-01
1.034897194214904e-01

   48  0  1
1.575420692419419e+00
1.573097674426458e+00

   49  0  0
1.028099262460059e-01
1.018813597318490e-01

   49  0  1
1.571394952166910e+00
1.569042184533871e+00

   50  0  0
1.012019614363709e-01
1.002739586567466e-01

   50  0  1
1.567317606552428e+00
1.564934005844578e+00

   51  0  0
9.959505472313264e-02
9.866774174183854e-02

   51  0  1
1.563186775659630e+00
1.560771211232010e+00

   52  0  0
9.798940947204708e-02
9.706287611930375e-02

   52  0  1
1.559000498366594e+00
1.556551788845815e+00

   53  0  0
9.638514495278672e-02
9.545942671939887e-02

   53  0  1
1.554756723668370e+00
1.552273631070400e+00

   54  0  0
9.478230252623046e-02
9.385741328931597e-02

   54  0  1
1.550453303387196e+00
1.547934543461563e+00

   55  0  0
9.318091256765612e-02
9.225688307145831e-02

   55  0  1
1.546088008704761e+00
1.543532233671951e+00

   56  0  0
9.158104409344345e-02
9.065792729080123e-02

   56  0  1
1.541658501639894e+00
1.539064303545415e+00

   57  0  0
8.998279553144854e-02
8.906065099874805e-02

   57  0  1
1.537162338771875e+00
1.534528244307085e+00

   58  0  0
8.838626838568635e-02
8.746515174392352e-02

   58  0  1
1.532596963116276e+00
1.529921432203678e+00

   59  0  0
8.679155747807579e-02
8.587152443108563e-02

   59  0  1
1.527959703141067e+00
1.525241121316487e+00

   60  0  0
8.519876918989373e-02
8.427989466531648e-02

   60  0  1
1.523247755866072e+00
1.520484433700288e+00

   61  0  0
8.360804679892614e-02
8.269042245982543e-02

   61  0  1
1.518458190417409e+00
1.515648357720834e+00

   62  0  0
8.201953981372738e-02
8.110323267016982e-02

   62  0  1
1.513587935043364e+00
1.510729733499345e+00

   63  0  0
8.043333579816082e-02
7.951837035710294e-02

   63  0  1
1.508633763552653e+00
1.505725244310369e+00

   64  0  0
7.884946676424365e-02
7.793586241334474e-02

   64  0  1
1.503592294978619e+00
1.500631415546512e+00

   65  0  0
7.726798739638573e-02
7.635580376973139e-02

   65  0  1
1.498459984025889e+00
1.495444598331345e+00

   66  0  0
7.568903345997101e-02
7.477837721647621e-02

   66  0  1
1.493233107295215e+00
1.490160959289352e+00

   67  0  0
7.411280263559276e-02
7.320379031285040e-02

   67  0  1
1.487907748081336e+00
1.484776457253152e+00

   68  0  0
7.253949107848762e-02
7.163223180243736e-02

   68  0  1
1.482479771770299e+00
1.479286843502057e+00

   69  0  0
7.096929130093124e-02
7.006390116884895e-02

   69  0  1
1.476944850759194e+00
1.473687656965701e+00

   70  0  0
6.940239096761298e-02
6.849895121694449e-02

   70  0  1
1.471298424543854e+00
1.467974196568083e+00

   71  0  0
6.783889297744584e-02
6.693743199513282e-02

   71  0  1
1.465535687489760e+00
1.462141497478395e+00

   72  0  0
6.627884523697504e-02
6.537940530847441e-02

   72  0  1
1.459651544671635e+00
1.456184286282650e+00

   73  0  0
6.472234702441319e-02
6.382501567620683e-02

   73  0  1
1.453640623759439e+00
1.450097063426483e+00

   74  0  0
6.316960378360933e-02
6.227455566396085e-02

   74  0  1
1.447497304370146e+00
1.443874002466259e+00

   75  0  0
6.162094137204625e-02
6.072835592665943e-02

   75  0  1
1.441215613907850e+00
1.437508927232417e+00

   76  0  0
6.007660357486196e-02
5.918654566884897e-02

   76  0  1
1.434789228770117e+00
1.430995285663088e+00

   77  0  0
5.853667047292570e-02
5.764918861423182e-02

   77  0  1
1.428211422823556e+00
1.424326137165266e+00

   78  0  0
5.700125892189226e-02
5.611645084898418e-02

   78  0  1
1.421475104614466e+00
1.417494135933174e+00

   79  0  0
5.547055607216455e-02
5.458855130726321e-02

   79  0  1
1.414572738505301e+00
1.410491474855667e+00

   80  0  0
5.394483655403302e-02
5.306584373955300e-02

   80  0  1
1.407496315588342e+00
1.403309851295750e+00

   81  0  0
5.242444886805724e-02
5.154861484209917e-02

   81  0  1
1.400237320711105e+00
1.395940436143894e+00

   82  0  0
5.090959329551028e-02
5.003702078987796e-02

   82  0  1
1.392786685614930e+00
1.388373807725268e+00

   83  0  0
4.940051030351979e-02
4.853139979126334e-02

   83  0  1
1.385134737612920e+00
1.380599927127496e+00

   84  0  0
4.789751412211138e-02
4.703197015455488e-02

   84  0  1
1.377271161138713e+00
1.372608056686361e+00

   85  0  0
4.640076646601674e-02
4.553893646007257e-02

   85  0  1
1.369184906720690e+00
1.364386680927286e+00

   86  0  0
4.491062589979868e-02
4.405276620258418e-02

   86  0  1
1.360864112283560e+00
1.355923475079323e+00

   87  0  0
4.342742685221650e-02
4.257360079352095e-02

   87  0  1
1.352296123449356e+00
1.347205234587027e+00

   88  0  0
4.195133053772988e-02
4.110179077563470e-02

   88  0  1
1.343467318707848e+00
1.338217714570897e+00

   89  0  0
4.048288159032396e-02
3.963790821626312e-02

   89  0  1
1.334362989376846e+00
1.328945579939158e+00

   90  0  0
3.902235187260555e-02
3.818194884036751e-02

   90  0  1
1.324967349434510e+00
1.319372307207499e+00

   91  0  0
3.756993964073600e-02
3.673451837558351e-02

   91  0  1
1.315263326991521e+00
1.309480012724665e+00

   92  0  0
3.612638229229535e-02
3.529614951800303e-02

   92  0  1
1.305232435203334e+00
1.299249293401038e+00

   93  0  0
3.469177126670253e-02
3.386674531780403e-02

   93  0  1
1.294854581226181e+00
1.288659034222249e+00

   94  0  0
3.326657334124759e-02
3.244744482561828e-02

   94  0  1
1.284107941057641e+00
1.277686339582155e+00

   95  0  0
3.185173011985871e-02
3.103845485739062e-02

   95  0  1
1.272968774115235e+00
1.266306124576134e+00

   96  0  0
3.044690398175055e-02
2.963954175683079e-02

   96  0  1
1.261410978741086e+00
1.254490768991301e+00

   97  0  0
2.905293281020049e-02
2.825242434739758e-02

   97  0  1
1.249405938349099e+00
1.242210217349734e+00

   98  0  0
2.767082105199103e-02
2.687686037642031e-02

   98  0  1
1.236922401593252e+00
1.229431230085149e+00

   99  0  0
2.630014820720241e-02
2.551334811756223e-02

   99  0  1
1.223925708460484e+00
1.216117015417222e+00

  100  0  0
2.494274839859419e-02
2.416411706636623e-02

  100  0  1
1.210377492243764e+00
1.202226726602191e+00

  101  0  0
2.359899600903609e-02
2.282758953175466e-02

  101  0  1
1.196235051810906e+00
1.187714717021943e+00

  102  0  0
2.226827979927243e-02
2.150562591260805e-02

  102  0  1
1.181450549398687e+00
1.172529884828900e+00

  103  0  0
2.095369293315250e-02
2.020043419393594e-02

  103  0  1
1.165970508883039e+00
1.156614789703634e+00

  104  0  0
1.965434392993623e-02
1.890917989341006e-02

  104  0  1
1.149734514128563e+00
1.139904237931162e+00

  105  0  0
1.837052338983934e-02
1.763653048600832e-02

  105  0  1
1.132673823003962e+00
1.122323996585746e+00

  106  0  0
1.710661563928861e-02
1.638310501644298e-02

  106  0  1
1.114710150542281e+00
1.103788883246389e+00

  107  0  0
1.585939478180251e-02
1.514541025620388e-02

  107  0  1
1.095753152999841e+00
1.084200447823379e+00

  108  0  0
1.463173211144663e-02
1.393220327081757e-02

  108  0  1
1.075698417909926e+00
1.063444081204451e+00

  109  0  0
1.342832992352095e-02
1.273992748835466e-02

  109  0  1
1.054423737219753e+00
1.041384845029037e+00

  110  0  0
1.224310178509834e-02
1.156708639899032e-02

  110  0  1
1.031784697457234e+00
1.017862178156508e+00

  111  0  0
1.108430747519337e-02
1.042689148388848e-02

  111  0  1
1.007608780165170e+00
9.926828012609841e-01

  112  0  0
9.954217503683072e-03
9.308107660851770e-03

  112  0  1
9.816872418313868e-01
9.656105213602975e-01

  113  0  0
8.844863891292945e-03
8.216783827148343e-03

  113  0  1
9.537635164861669e-01
9.363517071426606e-01

  114  0  0
7.773144112323081e-03
7.168208511507394e-03

  114  0  1
9.235162457297996e-01
9.045334358696924e-01

  115  0  0
6.733956678057732e-03
6.140901208633298e-03

  115  0  1
8.905347319863854e-01
8.696723869241677e-01

  116  0  0
5.722231234864046e-03
5.157934502692860e-03

  116  0  1
8.542814940222014e-01
8.311216087386242e-01

  117  0  0
4.765733131923143e-03
4.228669666514277e-03

  117  0  1
8.140292575476463e-01
7.879830805934384e-01

  118  0  0
3.844626507680122e-03
3.322951253199819e-03

  118  0  1
7.687550208951113e-01
7.389473680731741e-01

  119  0  0
2.968073416289911e-03
2.494555128907296e-03

  119  0  1
7.169440800462324e-01
6.819778917465850e-01

  120  0  0
2.175340107927337e-03
1.734547279634864e-03

  120  0  1
6.561994165734608e-01
6.135953366077356e-01

  121  0  0
1.427952369138126e-03
1.021376868784174e-03

  121  0  1
5.823623397068555e-01
5.270049655439338e-01

  122  0  0
7.788890626723120e-04
4.643388799667518e-04

  122  0  1
4.885165782415696e-01
4.038498096499851e-01

  123  0  0
2.923578919522483e-04
6.610370056865326e-05

  123  0  1
3.303998379695890e-01
1.466192319610964e-01

  124  0  0
7.322753912486454e-08
1.110010457924054e-05

  124  0  1
2.174754232498395e-04
-2.598108426691192e-03

  125  0  0
5.927044494060155e-06
4.827389940715080e-06

  125  0  1
-3.074383726939006e-04
5.484433308794202e-05

  126  0  0
4.950950409168458e-06
5.010404851275949e-06

  126  0  1
1.874948745086360e-05
2.319677359690083e-06

  127  0  0
5.002721356051880e-06
4.999424868064325e-06

  127  0  1
4.351460840923521e-06
5.126047410192916e-06

  128  0  0
4.999851033471519e-06
5.000031579877205e-06

  128  0  1
5.029935228078721e-06
4.994123977669801e-06

  129  0  0
5.000008082753330e-06
4.999998282420172e-06

  129  0  1
4.998645606302164e-06
5.000268889606178e-06

  130  0  0
4.999999564949330e-06
5.000000092644750e-06

  130  0  1
5.000059730429619e-06
4.999987968610872e-06

  131  0  0
5.000000023245055e-06
4.999999995038070e-06

  131  0  1
4.999997453826563e-06
5.000000522948412e-06

  132  0  0
4.999999998764270e-06
5.000000000262016e-06

  132  0  1
5.000000103405767e-06
4.999999978152916e-06

  133  0  0
5.000000000063368e-06
4.999999999984319e-06

  133  0  1
4.999999996107474e-06
5.000000000858518e-06

  134  0  0
4.999999999994837e-06
4.999999999998990e-06

  134  0  1
5.000000000125144e-06
4.999999999967590e-06

  135  0  0
4.999999999998433e-06
4.999999999998218e-06

  135  0  1
4.999999999995445e-06
4.999999999999138e-06

  136  0  0
4.999999999998247e-06
4.999999999998254e-06

  136  0  1
4.999999999998216e-06
4.999999999998243e-06

  137  0  0
4.999999999998254e-06
4.999999999998253e-06

  137  0  1
4.999999999998265e-06
4.999999999998250e-06

  138  0  0
4.999999999998254e-06
4.999999999998254e-06

  138  0  1
4.999999999998251e-06
4.999999999998256e-06

  139  0  0
4.999999999998254e-06
4.999999999998253e-06

  139  0  1
4.999999999998254e-06
4.999999999998255e-06

  140  0  0
4.999999999998254e-06
4.999999999998253e-06

  140  0  1
4.999999999998252e-06
4.999999999998254e-06

  141  0  0
4.999999999998253e-06
4.999999999998253e-06

  141  0  1
4.999999999998256e-06
4.999999999998252e-06

  142  0  0
4.999999999998253e-06
4.999999999998253e-06

  142  0  1
4.999999999998253e-06
4.999999999998252e-06

  143  0  0
4.999999999998252e-06
4.999999999998252e-06

  143  0  1
4.999999999998254e-06
4.999999999998252e-06

  144  0  0
4.999999999998252e-06
4.999999999998252e-06

  144  0  1
4.999999999998255e-06
4.999999999998252e-06

  145  0  0
4.999999999998251e-06
4.999999999998255e-06

  145  0  1
4.999999999998256e-06
4.999999999998252e-06

  146  0  0
4.999999999998254e-06
4.999999999998254e-06

  146  0  1
4.999999999998254e-06
4.999999999998253e-06

  147  0  0
4.999999999998253e-06
4.999999999998254e-06

  147  0  1
4.999999999998254e-06
4.999999999998253e-06

  148  0  0
4.999999999998253e-06
4.999999999998253e-06

  148  0  1
4.999999999998255e-06
4.999999999998252e-06

  149  0  0
4.999999999998252e-06
4.999999999998254e-06

  149  0  1
4.999999999998253e-06
4.999999999998254e-06

  150  0  0
4.999999999998252e-06
4.999999999998252e-06

  150  0  1
4.999999999998254e-06
4.999999999998252e-06

  151  0  0
4.999999999998254e-06
4.999999999998253e-06

  151  0  1
4.999999999998255e-06
4.999999999998252e-06

  152  0  0
4.999999999998254e-06
4.999999999998254e-06

  152  0  1
4.999999999998254e-06
4.999999999998252e-06

  153  0  0
4.999999999998254e-06
4.999999999998253e-06

  153  0  1
4.999999999998254e-06
4.999999999998252e-06

  154  0  0
4.999999999998252e-06
4.999999999998255e-06

  154  0  1
4.999999999998254e-06
4.999999999998252e-06

  155  0  0
4.999999999998253e-06
4.999999999998255e-06

  155  0  1
4.999999999998255e-06
4.999999999998254e-06

  156  0  0
4.999999999998255e-06
4.999999999998254e-06

  156  0  1
4.999999999998255e-06
4.999999999998254e-06

  157  0  0
4.999999999998254e-06
4.999999999998253e-06

  157  0  1
4.999999999998253e-06
4.999999999998252e-06

  158  0  0
4.999999999998253e-06
4.999999999998252e-06

  158  0  1
4.999999999998255e-06
4.999999999998252e-06

  159  0  0
4.999999999998253e-06
4.999999999998253e-06

  159  0  1
4.999999999998251e-06
4.999999999998253e-06

  160  0  0
4.999999999998254e-06
4.999999999998253e-06

  160  0  1
4.999999999998256e-06
4.999999999998253e-06

  161  0  0
4.999999999998253e-06
4.999999999998254e-06

  161  0  1
4.999999999998253e-06
4.999999999998252e-06

  162  0  0
4.999999999998253e-06
4.999999999998253e-06

  162  0  1
4.999999999998256e-06
4.999999999998252e-06

  163  0  0
4.999999999998254e-06
4.999999999998254e-06

  163  0  1
4.999999999998255e-06
4.999999999998252e-06

  164  0  0
4.999999999998252e-06
4.999999999998253e-06

  164  0  1
4.999999999998255e-06
4.999999999998252e-06

  165  0  0
4.999999999998254e-06
4.999999999998253e-06

  165  0  1
4.999999999998255e-06
4.999999999998252e-06

  166  0  0
4.999999999998254e-06
4.999999999998253e-06

  166  0  1
4.999999999998251e-06
4.999999999998253e-06

  167  0  0
4.999999999998254e-06
4.999999999998253e-06

  167  0  1
4.999999999998255e-06
4.999999999998252e-06

  168  0  0
4.999999999998253e-06
4.999999999998253e-06

  168  0  1
4.999999999998254e-06
4.999999999998252e-06

  169  0  0
4.999999999998253e-06
4.999999999998252e-06

  169  0  1
4.999999999998254e-06
4.999999999998253e-06

  170  0  0
4.999999999998253e-06
4.999999999998254e-06

  170  0  1
4.999999999998254e-06
4.999999999998253e-06

  171  0  0
4.999999999998255e-06
4.999999999998253e-06

  171  0  1
4.999999999998256e-06
4.999999999998253e-06

  172  0  0
4.999999999998253e-06
4.999999999998254e-06

  172  0  1
4.999999999998254e-06
4.999999999998253e-06

  173  0  0
4.999999999998254e-06
4.999999999998253e-06

  173  0  1
4.999999999998253e-06
4.999999999998252e-06

  174  0  0
4.999999999998254e-06
4.999999999998254e-06

  174  0  1
4.999999999998255e-06
4.999999999998252e-06

  175  0  0
4.999999999998253e-06
4.999999999998253e-06

  175  0  1
4.999999999998252e-06
4.999999999998253e-06

  176  0  0
4.999999999998255e-06
4.999999999998252e-06

  176  0  1
4.999999999998256e-06
4.999999999998253e-06

  177  0  0
4.999999999998254e-06
4.999999999998253e-06

  177  0  1
4.999999999998253e-06
4.999999999998252e-06

  178  0  0
4.999999999998254e-06
4.999999999998253e-06

  178  0  1
4.999999999998256e-06
4.999999999998252e-06

  179  0  0
4.999999999998254e-06
4.999999999998253e-06

  179  0  1
4.999999999998255e-06
4.999999999998252e-06

  180  0  0
4.999999999998253e-06
4.999999999998253e-06

  180  0  1
4.999999999998251e-06
4.999999999998252e-06

  181  0  0
4.999999999998254e-06
4.999999999998253e-06

  181  0  1
4.999999999998254e-06
4.999999999998253e-06

  182  0  0
4.999999999998253e-06
4.999999999998253e-06

  182  0  1
4.999999999998253e-06
4.999999999998252e-06

  183  0  0
4.999999999998254e-06
4.999999999998252e-06

  183  0  1
4.999999999998254e-06
4.999999999998252e-06

  184  0  0
4.999999999998254e-06
4.999999999998252e-06

  184  0  1
4.999999999998251e-06
4.999999999998252e-06

  185  0  0
4.999999999998254e-06
4.999999999998253e-06

  185  0  1
4.999999999998252e-06
4.999999999998252e-06

  186  0  0
4.999999999998254e-06
4.999999999998254e-06

  186  0  1
4.999999999998252e-06
4.999999999998252e-06

  187  0  0
4.999999999998254e-06
4.999999999998252e-06

  187  0  1
4.999999999998251e-06
4.999999999998254e-06

  188  0  0
4.999999999998253e-06
4.999999999998253e-06

  188  0  1
4.999999999998253e-06
4.999999999998252e-06

  189  0  0
4.999999999998252e-06
4.999999999998253e-06

  189  0  1
4.999999999998253e-06
4.999999999998253e-06

  190  0  0
4.999999999998252e-06
4.999999999998252e-06

  190  0  1
4.999999999998254e-06
4.999999999998253e-06

  191  0  0
4.999999999998253e-06
4.999999999998254e-06

  191  0  1
4.999999999998254e-06
4.999999999998253e-06

  192  0  0
4.999999999998253e-06
4.999999999998253e-06

  192  0  1
4.999999999998253e-06
4.999999999998253e-06

  193  0  0
4.999999999998254e-06
4.999999999998253e-06

  193  0  1
4.999999999998254e-06
4.999999999998252e-06

  194  0  0
4.999999999998253e-06
4.999999999998253e-06

  194  0  1
4.999999999998251e-06
4.999999999998253e-06

  195  0  0
4.999999999998253e-06
4.999999999998253e-06

  195  0  1
4.999999999998254e-06
4.999999999998253e-06

  196  0  0
4.999999999998253e-06
4.999999999998253e-06

  196  0  1
4.999999999998255e-06
4.999999999998252e-06

  197  0  0
4.999999999998254e-06
4.999999999998253e-06

  197  0  1
4.999999999998253e-06
4.999999999998252e-06

  198  0  0
4.999999999998254e-06
4.999999999998253e-06

  198  0  1
4.999999999998251e-06
4.999999999998252e-06

  199  0  0
4.999999999998254e-06
4.999999999998253e-06

  199  0  1
4.999999999998253e-06
4.999999999998252e-06

  200  0  0
4.999999999998254e-06
4.999999999998252e-06

  200  0  1
4.999999999998253e-06
4.999999999998252e-06

  201  0  0
4.999999999998254e-06
4.999999999998253e-06

  201  0  1
4.999999999998253e-06
4.999999999998253e-06

  202  0  0
4.999999999998254e-06
4.999999999998253e-06

  202  0  1
4.999999999998254e-06
4.999999999998254e-06

  203  0  0
4.999999999998254e-06
4.999999999998253e-06

  203  0  1
4.999999999998254e-06
4.999999999998253e-06

  204  0  0
4.999999999998254e-06
4.999999999998253e-06

  204  0  1
4.999999999998256e-06
4.999999999998253e-06

  205  0  0
4.999999999998254e-06
4.999999999998252e-06

  205  0  1
4.999999999998254e-06
4.999999999998252e-06

  206  0  0
4.999999999998254e-06
4.999999999998253e-06

  206  0  1
4.999999999998255e-06
4.999999999998252e-06

  207  0  0
4.999999999998253e-06
4.999999999998253e-06

  207  0  1
4.999999999998256e-06
4.999999999998253e-06

  208  0  0
4.999999999998254e-06
4.999999999998253e-06

  208  0  1
4.999999999998255e-06
4.999999999998253e-06

  209  0  0
4.999999999998253e-06
4.999999999998252e-06

  209  0  1
4.999999999998254e-06
4.999999999998252e-06

  210  0  0
4.999999999998254e-06
4.999999999998252e-06

  210  0  1
4.999999999998256e-06
4.999999999998253e-06

  211  0  0
4.999999999998254e-06
4.999999999998252e-06

  211  0  1
4.999999999998253e-06
4.999999999998252e-06

  212  0  0
4.999999999998254e-06
4.999999999998253e-06

  212  0  1
4.999999999998253e-06
4.999999999998252e-06

  213  0  0
4.999999999998254e-06
4.999999999998253e-06

  213  0  1
4.999999999998254e-06
4.999999999998254e-06

  214  0  0
4.999999999998254e-06
4.999999999998254e-06

  214  0  1
4.999999999998254e-06
4.999999999998252e-06

  215  0  0
4.999999999998254e-06
4.999999999998253e-06

  215  0  1
4.999999999998252e-06
4.999999999998253e-06

  216  0  0
4.999999999998254e-06
4.999999999998254e-06

  216  0  1
4.999999999998254e-06
4.999999999998253e-06

  217  0  0
4.999999999998254e-06
4.999999999998253e-06

  217  0  1
4.999999999998254e-06
4.999999999998253e-06

  218  0  0
4.999999999998253e-06
4.999999999998253e-06

  218  0  1
4.999999999998254e-06
4.999999999998254e-06

  219  0  0
4.999999999998254e-06
4.999999999998254e-06

  219  0  1
4.999999999998256e-06
4.999999999998252e-06

  220  0  0
4.999999999998253e-06
4.999999999998253e-06

  220  0  1
4.999999999998253e-06
4.999999999998253e-06

  221  0  0
4.999999999998254e-06
4.999999999998254e-06

  221  0  1
4.999999999998253e-06
4.999999999998253e-06

  222  0  0
4.999999999998253e-06
4.999999999998252e-06

  222  0  1
4.999999999998256e-06
4.999999999998253e-06

  223  0  0
4.999999999998254e-06
4.999999999998253e-06

  223  0  1
4.999999999998255e-06
4.999999999998252e-06

  224  0  0
4.999999999998253e-06
4.999999999998253e-06

  224  0  1
4.999999999998253e-06
4.999999999998252e-06

  225  0  0
4.999999999998254e-06
4.999999999998254e-06

  225  0  1
4.999999999998254e-06
4.999999999998254e-06

  226  0  0
4.999999999998254e-06
4.999999999998253e-06

  226  0  1
4.999999999998253e-06
4.999999999998252e-06

  227  0  0
4.999999999998253e-06
4.999999999998253e-06

  227  0  1
4.999999999998254e-06
4.999999999998252e-06

  228  0  0
4.999999999998252e-06
4.999999999998253e-06

  228  0  1
4.999999999998255e-06
4.999999999998252e-06

  229  0  0
4.999999999998253e-06
4.999999999998253e-06

  229  0  1
4.999999999998256e-06
4.999999999998253e-06

  230  0  0
4.999999999998252e-06
4.999999999998253e-06

  230  0  1
4.999999999998255e-06
4.999999999998252e-06

  231  0  0
4.999999999998252e-06
4.999999999998252e-06

  231  0  1
4.999999999998252e-06
4.999999999998252e-06

  232  0  0
4.999999999998254e-06
4.999999999998253e-06

  232  0  1
4.999999999998251e-06
4.999999999998254e-06

  233  0  0
4.999999999998253e-06
4.999999999998253e-06

  233  0  1
4.999999999998254e-06
4.999999999998252e-06

  234  0  0
4.999999999998254e-06
4.999999999998253e-06

  234  0  1
4.999999999998252e-06
4.999999999998253e-06

  235  0  0
4.999999999998253e-06
4.999999999998254e-06

  235  0  1
4.999999999998253e-06
4.999999999998253e-06

  236  0  0
4.999999999998254e-06
4.999999999998253e-06

  236  0  1
4.999999999998254e-06
4.999999999998252e-06

  237  0  0
4.999999999998253e-06
4.999999999998254e-06

  237  0  1
4.999999999998254e-06
4.999999999998252e-06

  238  0  0
4.999999999998255e-06
4.999999999998254e-06

  238  0  1
4.999999999998254e-06
4.999999999998252e-06

  239  0  0
4.999999999998254e-06
4.999999999998253e-06

  239  0  1
4.999999999998256e-06
4.999999999998253e-06

  240  0  0
4.999999999998254e-06
4.999999999998254e-06

  240  0  1
4.999999999998255e-06
4.999999999998253e-06

  241  0  0
4.999999999998253e-06
4.999999999998254e-06

  241  0  1
4.999999999998254e-06
4.999999999998252e-06

  242  0  0
4.999999999998255e-06
4.999999999998252e-06

  242  0  1
4.999999999998254e-06
4.999999999998252e-06

  243  0  0
4.999999999998254e-06
4.999999999998253e-06

  243  0  1
4.999999999998255e-06
4.999999999998252e-06

  244  0  0
4.999999999998254e-06
4.999999999998253e-06

  244  0  1
4.999999999998251e-06
4.999999999998253e-06

  245  0  0
4.999999999998253e-06
4.999999999998253e-06

  245  0  1
4.999999999998256e-06
4.999999999998253e-06

  246  0  0
4.999999999998254e-06
4.999999999998253e-06

  246  0  1
4.999999999998253e-06
4.999999999998253e-06

  247  0  0
4.999999999998254e-06
4.999999999998254e-06

  247  0  1
4.999999999998254e-06
4.999999999998254e-06

  248  0  0
4.999999999998254e-06
4.999999999998253e-06

  248  0  1
4.999999999998256e-06
4.999999999998252e-06

  249  0  0
4.999999999998254e-06
4.999999999998253e-06

  249  0  1
4.999999999998253e-06
4.999999999998252e-06

  250  0  0
4.999999999998254e-06
4.999999999998253e-06

  250  0  1
4.999999999998254e-06
4.999999999998253e-06

  251  0  0
4.999999999998254e-06
4.999999999998252e-06

  251  0  1
4.999999999998253e-06
4.999999999998253e-06

  252  0  0
4.999999999998254e-06
4.999999999998253e-06

  252  0  1
4.999999999998254e-06
4.999999999998252e-06

  253  0  0
4.999999999998254e-06
4.999999999998253e-06

  253  0  1
4.999999999998255e-06
4.999999999998254e-06

  254  0  0
4.999999999998253e-06
4.999999999998255e-06

  254  0  1
4.999999999998254e-06
4.999999999998254e-06

  255  0  0
4.999999999998251e-06
4.999999999998255e-06

  255  0  1
4.999999999998256e-06
4.999999999998253e-06

  256  0  0
4.999999999998254e-06
4.999999999998255e-06

  256  0  1
4.999999999998255e-06
4.999999999998252e-06

  257  0  0
4.999999999998252e-06
4.999999999998253e-06

  257  0  1
4.999999999998254e-06
4.999999999998252e-06

  258  0  0
4.999999999998254e-06
4.999999999998252e-06

  258  0  1
4.999999999998255e-06
4.999999999998253e-06

  259  0  0
4.999999999998252e-06
4.999999999998252e-06

  259  0  1
4.999999999998253e-06
4.999999999998253e-06

  260  0  0
4.999999999998254e-06
4.999999999998253e-06

  260  0  1
4.999999999998252e-06
4.999999999998252e-06

  261  0  0
4.999999999998254e-06
4.999999999998253e-06

  261  0  1
4.999999999998254e-06
4.999999999998254e-06

  262  0  0
4.999999999998254e-06
4.999999999998252e-06

  262  0  1
4.999999999998254e-06
4.999999999998253e-06

  263  0  0
4.999999999998254e-06
4.999999999998253e-06

  263  0  1
4.999999999998253e-06
4.999999999998253e-06

  264  0  0
4.999999999998254e-06
4.999999999998253e-06

  264  0  1
4.999999999998255e-06
4.999999999998252e-06

  265  0  0
4.999999999998253e-06
4.999999999998253e-06

  265  0  1
4.999999999998253e-06
4.999999999998253e-06

  266  0  0
4.999999999998255e-06
4.999999999998252e-06

  266  0  1
4.999999999998255e-06
4.999999999998252e-06

  267  0  0
4.999999999998253e-06
4.999999999998253e-06

  267  0  1
4.999999999998253e-06
4.999999999998252e-06

  268  0  0
4.999999999998254e-06
4.999999999998253e-06

  268  0  1
4.999999999998256e-06
4.999999999998253e-06

  269  0  0
4.999999999998252e-06
4.999999999998252e-06

  269  0  1
4.999999999998253e-06
4.999999999998252e-06

  270  0  0
4.999999999998254e-06
4.999999999998253e-06

  270  0  1
4.999999999998255e-06
4.999999999998252e-06

  271  0  0
4.999999999998254e-06
4.999999999998252e-06

  271  0  1
4.999999999998254e-06
4.999999999998252e-06

  272  0  0
4.999999999998253e-06
4.999999999998252e-06

  272  0  1
4.999999999998255e-06
4.999999999998251e-06

  273  0  0
4.999999999998252e-06
4.999999999998253e-06

  273  0  1
4.999999999998255e-06
4.999999999998251e-06

  274  0  0
4.999999999998252e-06
4.999999999998253e-06

  274  0  1
4.999999999998252e-06
4.999999999998252e-06

  275  0  0
4.999999999998252e-06
4.999999999998252e-06

  275  0  1
4.999999999998255e-06
4.999999999998252e-06

  276  0  0
4.999999999998254e-06
4.999999999998254e-06

  276  0  1
4.999999999998254e-06
4.999999999998252e-06

  277  0  0
4.999999999998254e-06
4.999999999998253e-06

  277  0  1
4.999999999998251e-06
4.999999999998252e-06

  278  0  0
4.999999999998253e-06
4.999999999998253e-06

  278  0  1
4.999999999998256e-06
4.999999999998253e-06

  279  0  0
4.999999999998253e-06
4.999999999998253e-06

  279  0  1
4.999999999998253e-06
4.999999999998253e-06

  280  0  0
4.999999999998254e-06
4.999999999998253e-06

  280  0  1
4.999999999998253e-06
4.999999999998252e-06

  281  0  0
4.999999999998253e-06
4.999999999998252e-06

  281  0  1
4.999999999998255e-06
4.999999999998252e-06

  282  0  0
4.999999999998252e-06
4.999999999998253e-06

  282  0  1
4.999999999998256e-06
4.999999999998253e-06

  283  0  0
4.999999999998254e-06
4.999999999998253e-06

  283  0  1
4.999999999998255e-06
4.999999999998252e-06

  284  0  0
4.999999999998254e-06
4.999999999998252e-06

  284  0  1
4.999999999998253e-06
4.999999999998253e-06

  285  0  0
4.999999999998253e-06
4.999999999998253e-06

  285  0  1
4.999999999998255e-06
4.999999999998252e-06

  286  0  0
4.999999999998254e-06
4.999999999998253e-06

  286  0  1
4.999999999998251e-06
4.999999999998252e-06

  287  0  0
4.999999999998254e-06
4.999999999998252e-06

  287  0  1
4.999999999998254e-06
4.999999999998252e-06

  288  0  0
4.999999999998254e-06
4.999999999998253e-06

  288  0  1
4.999999999998251e-06
4.999999999998252e-06

  289  0  0
4.999999999998254e-06
4.999999999998253e-06

  289  0  1
4.999999999998255e-06
4.999999999998252e-06

  290  0  0
4.999999999998254e-06
4.999999999998253e-06

  290  0  1
4.999999999998251e-06
4.999999999998253e-06

  291  0  0
4.999999999998253e-06
4.999999999998253e-06

  291  0  1
4.999999999998256e-06
4.999999999998253e-06

  292  0  0
4.999999999998255e-06
4.999999999998252e-06

  292  0  1
4.999999999998253e-06
4.999999999998253e-06

  293  0  0
4.999999999998254e-06
4.999999999998254e-06

  293  0  1
4.999999999998253e-06
4.999999999998253e-06

  294  0  0
4.999999999998254e-06
4.999999999998253e-06

  294  0  1
4.999999999998254e-06
4.999999999998253e-06

  295  0  0
4.999999999998253e-06
4.999999999998253e-06

  295  0  1
4.999999999998254e-06
4.999999999998253e-06

  296  0  0
4.999999999998253e-06
4.999999999998253e-06

  296  0  1
4.999999999998254e-06
4.999999999998253e-06

  297  0  0
4.999999999998254e-06
4.999999999998252e-06

  297  0  1
4.999999999998254e-06
4.999999999998252e-06

  298  0  0
4.999999999998253e-06
4.999999999998253e-06

  298  0  1
4.999999999998253e-06
4.999999999998253e-06

  299  0  0
4.999999999998254e-06
4.999999999998253e-06

  299  0  1
4.999999999998255e-06
4.999999999998251e-06

  300  0  0
4.999999999998254e-06
4.999999999998253e-06

  300  0  1
4.999999999998255e-06
4.999999999998251e-06

  301  0  0
4.999999999998253e-06
4.999999999998253e-06

  301  0  1
4.999999999998255e-06
4.999999999998251e-06

  302  0  0
4.999999999998253e-06
4.999999999998253e-06

  302  0  1
4.999999999998255e-06
4.999999999998251e-06

  303  0  0
4.999999999998254e-06
4.999999999998253e-06

  303  0  1
4.999999999998255e-06
4.999999999998251e-06

  304  0  0
4.999999999998253e-06
4.999999999998253e-06

  304  0  1
4.999999999998255e-06
4.999999999998251e-06

  305  0  0
4.999999999998255e-06
4.999999999998252e-06

  305  0  1
4.999999999998255e-06
4.999999999998251e-06

  306  0  0
4.999999999998252e-06
4.999999999998255e-06

  306  0  1
4.999999999998255e-06
4.999999999998251e-06

  307  0  0
4.999999999998258e-06
4.999999999998223e-06

  307  0  1
4.999999999998255e-06
4.999999999998251e-06

  308  0  0
4.999999999998146e-06
4.999999999998837e-06

  308  0  1
4.999999999998255e-06
4.999999999998252e-06

  309  0  0
4.999999999999808e-06
4.999999999985209e-06

  309  0  1
4.999999999998717e-06
4.999999999993826e-06

  310  0  0
4.999999999972355e-06
5.000000000178845e-06

  310  0  1
4.999999999986079e-06
5.000000000062088e-06

  311  0  0
5.000000000345332e-06
4.999999997552381e-06

  311  0  1
5.000000000169634e-06
4.999999999101102e-06

  312  0  0
4.999999995441823e-06
5.000000032593654e-06

  312  0  1
4.999999997635469e-06
5.000000012440155e-06

  313  0  0
5.000000058565204e-06
4.999999573470030e-06

  313  0  1
5.000000032074888e-06
4.999999829908439e-06

  314  0  0
4.999999265874911e-06
5.000005463519405e-06

  314  0  1
4.999999572232932e-06
5.000002287036092e-06

  315  0  0
5.000008924386305e-06
4.999931769310302e-06

  315  0  1
5.000005585550301e-06
4.999969838933031e-06

  316  0  0
4.999895622898149e-06
5.000826231850790e-06

  316  0  1
4.999928904016618e-06
5.000388667881854e-06

  317  0  0
5.001161460261144e-06
4.990378457419887e-06

  317  0  1
5.000877075492038e-06
4.995132328970843e-06

  318  0  0
4.988095834992383e-06
5.107071774710219e-06

  318  0  1
4.989667988344755e-06
5.058981131624825e-06

  319  0  0
5.125039892740485e-06
3.952268037520536e-06

  319  0  1
5.122381781555146e-06
4.340548059997259e-06

