#Cell    Group    L_mom 
# Element_0
# Element_1
    0  0  0
1.924976614265148e+00
1.920487885806864e+00

    1  0  0
1.920600037606230e+00
1.916105871019125e+00

    2  0  0
1.916214842101647e+00
1.911708052795642e+00

    3  0  0
1.911817759747056e+00
1.907296279031909e+00

    4  0  0
1.907407860043062e+00
1.902870655463303e+00

    5  0  0
1.902984621693188e+00
1.898430980955770e+00

    6  0  0
1.898547630511409e+00
1.893976964256300e+00

    7  0  0
1.894096504571178e+00
1.889508274315806e+00

    8  0  0
1.889630869143713e+00
1.885024555676629e+00

    9  0  0
1.885150346398959e+00
1.880525433951090e+00

   10  0  0
1.880654550436286e+00
1.876010517865001e+00

   11  0  0
1.876143084520753e+00
1.871479399923091e+00

   12  0  0
1.871615539325427e+00
1.866931656453541e+00

   13  0  0
1.867071491664966e+00
1.862366847342692e+00

   14  0  0
1.862510503479128e+00
1.857784515599167e+00

   15  0  0
1.857932120944675e+00
1.853184186814028e+00

   16  0  0
1.853335873650686e+00
1.848565368550439e+00

   17  0  0
1.848721273800504e+00
1.843927549680259e+00

   18  0  0
1.844087815418621e+00
1.839270199676659e+00

   19  0  0
1.839434973548967e+00
1.834592767867371e+00

   20  0  0
1.834762203435918e+00
1.829894682650485e+00

   21  0  0
1.830068939682013e+00
1.825175350673070e+00

   22  0  0
1.825354595378171e+00
1.820434155971724e+00

   23  0  0
1.820618561203104e+00
1.815670459073352e+00

   24  0  0
1.815860204489230e+00
1.810883596053775e+00

   25  0  0
1.811078868252604e+00
1.806072877551210e+00

   26  0  0
1.806273870184379e+00
1.801237587731256e+00

   27  0  0
1.801444501601156e+00
1.796376983199680e+00

   28  0  0
1.796590026351219e+00
1.791490291859018e+00

   29  0  0
1.791709679673238e+00
1.786576711704941e+00

   30  0  0
1.786802667003569e+00
1.781635409558227e+00

   31  0  0
1.781868162727709e+00
1.776665519728198e+00

   32  0  0
1.776905308870980e+00
1.771666142603515e+00

   33  0  0
1.771913213723114e+00
1.766636343166283e+00

   34  0  0
1.766890950391053e+00
1.761575149425383e+00

   35  0  0
1.761837555273950e+00
1.756481550764798e+00

   36  0  0
1.756752026454211e+00
1.751354496202643e+00

   37  0  0
1.751633321998329e+00
1.746192892556109e+00

   38  0  0
1.746480358161080e+00
1.740995602507224e+00

   39  0  0
1.741292007486647e+00
1.735761442563684e+00

   40  0  0
1.736067096800057e+00
1.730489180908333e+00

   41  0  0
1.730804405082121e+00
1.725177535130122e+00

   42  0  0
1.725502661220751e+00
1.719825169828394e+00

   43  0  0
1.720160541631053e+00
1.714430694081543e+00

   44  0  0
1.714776667736060e+00
1.708992658769982e+00

   45  0  0
1.709349603299204e+00
1.703509553742302e+00

   46  0  0
1.703877851598660e+00
1.697979804812469e+00

   47  0  0
1.698359852432757e+00
1.692401770574615e+00

   48  0  0
1.692793978944322e+00
1.686773739020904e+00

   49  0  0
1.687178534250560e+00
1.681093923946525e+00

   50  0  0
1.681511747863498e+00
1.675360461124490e+00

   51  0  0
1.675791771884404e+00
1.669571404231527e+00

   52  0  0
1.670016676953874e+00
1.663724720504463e+00

   53  0  0
1.664184447937197e+00
1.657818286104897e+00

   54  0  0
1.658292979322748e+00
1.651849881167727e+00

   55  0  0
1.652340070308699e+00
1.645817184506788e+00

   56  0  0
1.646323419550979e+00
1.639717767948290e+00

   57  0  0
1.640240619542764e+00
1.633549090259637e+00

   58  0  0
1.634089150592629e+00
1.627308490637861e+00

   59  0  0
1.627866374365356e+00
1.620993181718004e+00

   60  0  0
1.621569526945526e+00
1.614600242057354e+00

   61  0  0
1.615195711379833e+00
1.608126608046482e+00

   62  0  0
1.608741889649263e+00
1.601569065192307e+00

   63  0  0
1.602204874016887e+00
1.594924238712066e+00

   64  0  0
1.595581317690707e+00
1.588188583369707e+00

   65  0  0
1.588867704733982e+00
1.581358372477963e+00

   66  0  0
1.582060339147266e+00
1.574429685979966e+00

   67  0  0
1.575155333037252e+00
1.567398397513487e+00

   68  0  0
1.568148593776713e+00
1.560260160348557e+00

   69  0  0
1.561035810047774e+00
1.553010392075189e+00

   70  0  0
1.553812436646744e+00
1.545644257901565e+00

   71  0  0
1.546473677912541e+00
1.538156652404419e+00

   72  0  0
1.539014469622286e+00
1.530542179551506e+00

   73  0  0
1.531429459176026e+00
1.522795130790888e+00

   74  0  0
1.523712983867671e+00
1.514909460972290e+00

   75  0  0
1.515859047010180e+00
1.506878761831442e+00

   76  0  0
1.507861291649101e+00
1.498696232727843e+00

   77  0  0
1.499712971558808e+00
1.490354648278991e+00

   78  0  0
1.491406919169109e+00
1.481846322477895e+00

   79  0  0
1.482935510014620e+00
1.473163068814173e+00

   80  0  0
1.474290623233978e+00
1.464296155839845e+00

   81  0  0
1.465463597568188e+00
1.455236257526199e+00

   82  0  0
1.456445182214459e+00
1.445973397644611e+00

   83  0  0
1.447225481780526e+00
1.436496887267162e+00

   84  0  0
1.437793894450144e+00
1.426795254317092e+00

   85  0  0
1.428139042308047e+00
1.416856163897189e+00

   86  0  0
1.418248692574943e+00
1.406666327877090e+00

   87  0  0
1.408109668261539e+00
1.396211401916603e+00

   88  0  0
1.397707746453634e+00
1.385475867725651e+00

   89  0  0
1.387027542072844e+00
1.374442897892845e+00

   90  0  0
1.376052374501000e+00
1.363094200027553e+00

   91  0  0
1.364764113884035e+00
1.351409836217292e+00

   92  0  0
1.353143003209784e+00
1.339368012861639e+00

   93  0  0
1.341167451340705e+00
1.326944834731227e+00

   94  0  0
1.328813791004280e+00
1.314114015536001e+00

   95  0  0
1.316055994245260e+00
1.300846535267992e+00

   96  0  0
1.302865335858924e+00
1.287110231827407e+00

   97  0  0
1.289209992736160e+00
1.272869311022170e+00

   98  0  0
1.275054563709710e+00
1.258083753982991e+00

   99  0  0
1.260359489557625e+00
1.242708594569204e+00

  100  0  0
1.245080347318724e+00
1.226693031096421e+00

  101  0  0
1.229166983311470e+00
1.209979320593520e+00

  102  0  0
1.212562437801597e+00
1.192501394360808e+00

  103  0  0
1.195201600937382e+00
1.174183092758947e+00

  104  0  0
1.177009499672806e+00
1.154935890557092e+00

  105  0  0
1.157899118145260e+00
1.134655952251024e+00

  106  0  0
1.137768530797988e+00
1.113220114790584e+00

  107  0  0
1.116497128124352e+00
1.090480694261669e+00

  108  0  0
1.093940654492014e+00
1.066257867248430e+00

  109  0  0
1.069923731541915e+00
1.040329104993693e+00

  110  0  0
1.044231003844756e+00
1.012415412945297e+00

  111  0  0
1.016593736284312e+00
9.821536977699173e-01

  112  0  0
9.866627415716800e-01
9.490634946396223e-01

  113  0  0
9.539725999577210e-01
9.124948171034205e-01

  114  0  0
9.179681507527586e-01
8.715492370061521e-01

  115  0  0
8.778966357619434e-01
8.246154910076509e-01

  116  0  0
8.314614153194063e-01
7.690215340272163e-01

  117  0  0
7.776722453563691e-01
7.042640708236149e-01

  118  0  0
7.286221841512919e-01
6.172874511178771e-01

  119  0  0
6.461722448379916e-01
4.256409973076046e-01

  120  0  0
3.345372788317504e-01
1.174762826102529e-01

  121  0  0
2.411874023015832e-02
2.179088666822506e-03

  122  0  0
1.376902723268859e-04
1.371089371897941e-05

  123  0  0
1.021149337872501e-05
1.000599929635179e-05

  124  0  0
1.000034152018822e-05
1.000000967780271e-05

  125  0  0
1.000000055039754e-05
1.000000001557963e-05

  126  0  0
1.000000000088201e-05
1.000000000002155e-05

  127  0  0
9.999999999997926e-06
9.999999999996548e-06

  128  0  0
9.999999999996509e-06
9.999999999996508e-06

  129  0  0
9.999999999996508e-06
9.999999999996508e-06

  130  0  0
9.999999999996508e-06
9.999999999996508e-06

  131  0  0
9.999999999996508e-06
9.999999999996508e-06

  132  0  0
9.999999999996508e-06
9.999999999996508e-06

  133  0  0
9.999999999996508e-06
9.999999999996508e-06

  134  0  0
9.999999999996508e-06
9.999999999996508e-06

  135  0  0
9.999999999996508e-06
9.999999999996508e-06

  136  0  0
9.999999999996508e-06
9.999999999996508e-06

  137  0  0
9.999999999996508e-06
9.999999999996508e-06

  138  0  0
9.999999999996508e-06
9.999999999996508e-06

  139  0  0
9.999999999996508e-06
9.999999999996508e-06

  140  0  0
9.999999999996508e-06
9.999999999996508e-06

  141  0  0
9.999999999996508e-06
9.999999999996508e-06

  142  0  0
9.999999999996508e-06
9.999999999996508e-06

  143  0  0
9.999999999996508e-06
9.999999999996508e-06

  144  0  0
9.999999999996508e-06
9.999999999996508e-06

  145  0  0
9.999999999996508e-06
9.999999999996508e-06

  146  0  0
9.999999999996508e-06
9.999999999996508e-06

  147  0  0
9.999999999996508e-06
9.999999999996508e-06

  148  0  0
9.999999999996508e-06
9.999999999996508e-06

  149  0  0
9.999999999996508e-06
9.999999999996508e-06

  150  0  0
9.999999999996508e-06
9.999999999996508e-06

  151  0  0
9.999999999996508e-06
9.999999999996508e-06

  152  0  0
9.999999999996508e-06
9.999999999996508e-06

  153  0  0
9.999999999996508e-06
9.999999999996508e-06

  154  0  0
9.999999999996508e-06
9.999999999996508e-06

  155  0  0
9.999999999996508e-06
9.999999999996508e-06

  156  0  0
9.999999999996508e-06
9.999999999996508e-06

  157  0  0
9.999999999996508e-06
9.999999999996508e-06

  158  0  0
9.999999999996508e-06
9.999999999996508e-06

  159  0  0
9.999999999996508e-06
9.999999999996508e-06

  160  0  0
9.999999999996508e-06
9.999999999996508e-06

  161  0  0
9.999999999996508e-06
9.999999999996508e-06

  162  0  0
9.999999999996508e-06
9.999999999996508e-06

  163  0  0
9.999999999996508e-06
9.999999999996508e-06

  164  0  0
9.999999999996508e-06
9.999999999996508e-06

  165  0  0
9.999999999996508e-06
9.999999999996508e-06

  166  0  0
9.999999999996508e-06
9.999999999996508e-06

  167  0  0
9.999999999996508e-06
9.999999999996508e-06

  168  0  0
9.999999999996508e-06
9.999999999996508e-06

  169  0  0
9.999999999996508e-06
9.999999999996508e-06

  170  0  0
9.999999999996508e-06
9.999999999996508e-06

  171  0  0
9.999999999996508e-06
9.999999999996508e-06

  172  0  0
9.999999999996508e-06
9.999999999996508e-06

  173  0  0
9.999999999996508e-06
9.999999999996508e-06

  174  0  0
9.999999999996508e-06
9.999999999996508e-06

  175  0  0
9.999999999996508e-06
9.999999999996508e-06

  176  0  0
9.999999999996508e-06
9.999999999996508e-06

  177  0  0
9.999999999996508e-06
9.999999999996508e-06

  178  0  0
9.999999999996508e-06
9.999999999996508e-06

  179  0  0
9.999999999996508e-06
9.999999999996508e-06

  180  0  0
9.999999999996508e-06
9.999999999996508e-06

  181  0  0
9.999999999996508e-06
9.999999999996508e-06

  182  0  0
9.999999999996508e-06
9.999999999996508e-06

  183  0  0
9.999999999996508e-06
9.999999999996508e-06

  184  0  0
9.999999999996508e-06
9.999999999996508e-06

  185  0  0
9.999999999996508e-06
9.999999999996508e-06

  186  0  0
9.999999999996508e-06
9.999999999996508e-06

  187  0  0
9.999999999996508e-06
9.999999999996508e-06

  188  0  0
9.999999999996508e-06
9.999999999996508e-06

  189  0  0
9.999999999996508e-06
9.999999999996508e-06

  190  0  0
9.999999999996508e-06
9.999999999996508e-06

  191  0  0
9.999999999996508e-06
9.999999999996508e-06

  192  0  0
9.999999999996508e-06
9.999999999996508e-06

  193  0  0
9.999999999996508e-06
9.999999999996508e-06

  194  0  0
9.999999999996508e-06
9.999999999996508e-06

  195  0  0
9.999999999996508e-06
9.999999999996508e-06

  196  0  0
9.999999999996508e-06
9.999999999996508e-06

  197  0  0
9.999999999996508e-06
9.999999999996508e-06

  198  0  0
9.999999999996508e-06
9.999999999996508e-06

  199  0  0
9.999999999996508e-06
9.999999999996508e-06

  200  0  0
9.999999999996508e-06
9.999999999996508e-06

  201  0  0
9.999999999996508e-06
9.999999999996508e-06

  202  0  0
9.999999999996508e-06
9.999999999996508e-06

  203  0  0
9.999999999996508e-06
9.999999999996508e-06

  204  0  0
9.999999999996508e-06
9.999999999996508e-06

  205  0  0
9.999999999996508e-06
9.999999999996508e-06

  206  0  0
9.999999999996508e-06
9.999999999996508e-06

  207  0  0
9.999999999996508e-06
9.999999999996508e-06

  208  0  0
9.999999999996508e-06
9.999999999996508e-06

  209  0  0
9.999999999996508e-06
9.999999999996508e-06

  210  0  0
9.999999999996508e-06
9.999999999996508e-06

  211  0  0
9.999999999996508e-06
9.999999999996508e-06

  212  0  0
9.999999999996508e-06
9.999999999996508e-06

  213  0  0
9.999999999996508e-06
9.999999999996508e-06

  214  0  0
9.999999999996508e-06
9.999999999996508e-06

  215  0  0
9.999999999996508e-06
9.999999999996508e-06

  216  0  0
9.999999999996508e-06
9.999999999996508e-06

  217  0  0
9.999999999996508e-06
9.999999999996508e-06

  218  0  0
9.999999999996508e-06
9.999999999996508e-06

  219  0  0
9.999999999996508e-06
9.999999999996508e-06

  220  0  0
9.999999999996508e-06
9.999999999996508e-06

  221  0  0
9.999999999996508e-06
9.999999999996508e-06

  222  0  0
9.999999999996508e-06
9.999999999996508e-06

  223  0  0
9.999999999996508e-06
9.999999999996508e-06

  224  0  0
9.999999999996508e-06
9.999999999996508e-06

  225  0  0
9.999999999996508e-06
9.999999999996508e-06

  226  0  0
9.999999999996508e-06
9.999999999996508e-06

  227  0  0
9.999999999996508e-06
9.999999999996508e-06

  228  0  0
9.999999999996508e-06
9.999999999996508e-06

  229  0  0
9.999999999996508e-06
9.999999999996508e-06

  230  0  0
9.999999999996508e-06
9.999999999996508e-06

  231  0  0
9.999999999996508e-06
9.999999999996508e-06

  232  0  0
9.999999999996508e-06
9.999999999996508e-06

  233  0  0
9.999999999996508e-06
9.999999999996508e-06

  234  0  0
9.999999999996508e-06
9.999999999996508e-06

  235  0  0
9.999999999996508e-06
9.999999999996508e-06

  236  0  0
9.999999999996508e-06
9.999999999996508e-06

  237  0  0
9.999999999996508e-06
9.999999999996508e-06

  238  0  0
9.999999999996508e-06
9.999999999996508e-06

  239  0  0
9.999999999996508e-06
9.999999999996508e-06

  240  0  0
9.999999999996508e-06
9.999999999996508e-06

  241  0  0
9.999999999996508e-06
9.999999999996508e-06

  242  0  0
9.999999999996508e-06
9.999999999996508e-06

  243  0  0
9.999999999996508e-06
9.999999999996508e-06

  244  0  0
9.999999999996508e-06
9.999999999996508e-06

  245  0  0
9.999999999996508e-06
9.999999999996508e-06

  246  0  0
9.999999999996508e-06
9.999999999996508e-06

  247  0  0
9.999999999996508e-06
9.999999999996508e-06

  248  0  0
9.999999999996508e-06
9.999999999996508e-06

  249  0  0
9.999999999996508e-06
9.999999999996508e-06

  250  0  0
9.999999999996508e-06
9.999999999996508e-06

  251  0  0
9.999999999996508e-06
9.999999999996508e-06

  252  0  0
9.999999999996508e-06
9.999999999996508e-06

  253  0  0
9.999999999996508e-06
9.999999999996508e-06

  254  0  0
9.999999999996508e-06
9.999999999996508e-06

  255  0  0
9.999999999996508e-06
9.999999999996508e-06

  256  0  0
9.999999999996508e-06
9.999999999996508e-06

  257  0  0
9.999999999996508e-06
9.999999999996508e-06

  258  0  0
9.999999999996508e-06
9.999999999996508e-06

  259  0  0
9.999999999996508e-06
9.999999999996508e-06

  260  0  0
9.999999999996508e-06
9.999999999996508e-06

  261  0  0
9.999999999996508e-06
9.999999999996508e-06

  262  0  0
9.999999999996508e-06
9.999999999996508e-06

  263  0  0
9.999999999996508e-06
9.999999999996508e-06

  264  0  0
9.999999999996508e-06
9.999999999996508e-06

  265  0  0
9.999999999996508e-06
9.999999999996508e-06

  266  0  0
9.999999999996508e-06
9.999999999996508e-06

  267  0  0
9.999999999996508e-06
9.999999999996508e-06

  268  0  0
9.999999999996508e-06
9.999999999996508e-06

  269  0  0
9.999999999996508e-06
9.999999999996508e-06

  270  0  0
9.999999999996508e-06
9.999999999996508e-06

  271  0  0
9.999999999996508e-06
9.999999999996508e-06

  272  0  0
9.999999999996508e-06
9.999999999996508e-06

  273  0  0
9.999999999996508e-06
9.999999999996508e-06

  274  0  0
9.999999999996508e-06
9.999999999996508e-06

  275  0  0
9.999999999996508e-06
9.999999999996508e-06

  276  0  0
9.999999999996508e-06
9.999999999996508e-06

  277  0  0
9.999999999996508e-06
9.999999999996508e-06

  278  0  0
9.999999999996508e-06
9.999999999996508e-06

  279  0  0
9.999999999996508e-06
9.999999999996508e-06

  280  0  0
9.999999999996508e-06
9.999999999996508e-06

  281  0  0
9.999999999996508e-06
9.999999999996508e-06

  282  0  0
9.999999999996508e-06
9.999999999996508e-06

  283  0  0
9.999999999996508e-06
9.999999999996508e-06

  284  0  0
9.999999999996508e-06
9.999999999996508e-06

  285  0  0
9.999999999996508e-06
9.999999999996508e-06

  286  0  0
9.999999999996508e-06
9.999999999996508e-06

  287  0  0
9.999999999996508e-06
9.999999999996508e-06

  288  0  0
9.999999999996508e-06
9.999999999996508e-06

  289  0  0
9.999999999996508e-06
9.999999999996508e-06

  290  0  0
9.999999999996508e-06
9.999999999996508e-06

  291  0  0
9.999999999996508e-06
9.999999999996508e-06

  292  0  0
9.999999999996508e-06
9.999999999996508e-06

  293  0  0
9.999999999996508e-06
9.999999999996508e-06

  294  0  0
9.999999999996508e-06
9.999999999996508e-06

  295  0  0
9.999999999996508e-06
9.999999999996508e-06

  296  0  0
9.999999999996508e-06
9.999999999996508e-06

  297  0  0
9.999999999996508e-06
9.999999999996508e-06

  298  0  0
9.999999999996508e-06
9.999999999996508e-06

  299  0  0
9.999999999996508e-06
9.999999999996508e-06

  300  0  0
9.999999999996508e-06
9.999999999996508e-06

  301  0  0
9.999999999996508e-06
9.999999999996508e-06

  302  0  0
9.999999999996508e-06
9.999999999996508e-06

  303  0  0
9.999999999996508e-06
9.999999999996508e-06

  304  0  0
9.999999999996508e-06
9.999999999996508e-06

  305  0  0
9.999999999996508e-06
9.999999999996508e-06

  306  0  0
9.999999999996508e-06
9.999999999996508e-06

  307  0  0
9.999999999996508e-06
9.999999999996508e-06

  308  0  0
9.999999999996508e-06
9.999999999996508e-06

  309  0  0
9.999999999996508e-06
9.999999999996508e-06

  310  0  0
9.999999999996508e-06
9.999999999996508e-06

  311  0  0
9.999999999996508e-06
9.999999999996508e-06

  312  0  0
9.999999999996508e-06
9.999999999996508e-06

  313  0  0
9.999999999996508e-06
9.999999999996503e-06

  314  0  0
9.999999999996435e-06
9.999999999994222e-06

  315  0  0
9.999999999961080e-06
9.999999998847258e-06

  316  0  0
9.999999991888083e-06
9.999999746252723e-06

  317  0  0
9.999998353084556e-06
9.999948523291626e-06

  318  0  0
9.999702954016907e-06
9.990733382174028e-06

  319  0  0
9.954467892609646e-06
8.590955413172202e-06

