#Cell  Group   Direction 
# Element_0
# Element_1
# Element_2
# Element_3
    0  0  0
1.820760688624589e-01
1.816577060963588e-01
1.811119548580518e-01
1.806940628721687e-01

    0  0  1
1.731857308188962e+00
1.731130600096099e+00
1.730181259065186e+00
1.729452702284031e+00

    1  0  0
1.804715374609589e-01
1.800542312387739e-01
1.795099678222091e-01
1.790926779738601e-01

    1  0  1
1.729064113912924e+00
1.728334314092483e+00
1.727380900878838e+00
1.726649216698994e+00

    2  0  0
1.788701546742987e-01
1.784522168178581e-01
1.779062053099334e-01
1.774872369415403e-01

    2  0  1
1.726258962732955e+00
1.725526014607342e+00
1.724568466772215e+00
1.723833584977042e+00

    3  0  0
1.772638898361033e-01
1.768448129747636e-01
1.762984035719274e-01
1.758801007864700e-01

    3  0  1
1.723441616105200e+00
1.722705433662630e+00
1.721743637656731e+00
1.721005469970558e+00

    4  0  0
1.756573377318950e-01
1.752394604295179e-01
1.746940990332523e-01
1.742756412922746e-01

    4  0  1
1.720611741247681e+00
1.719872241721754e+00
1.718906089825129e+00
1.718164555284497e+00

    5  0  0
1.740524248510315e-01
1.736332317854706e-01
1.730860598883736e-01
1.726668730923449e-01

    5  0  1
1.717769016715853e+00
1.717026100714842e+00
1.716055442956126e+00
1.715310446442864e+00

    6  0  0
1.724436598600713e-01
1.720251447480848e-01
1.714795201879002e-01
1.710613618772130e-01

    6  0  1
1.714913059819479e+00
1.714166652697555e+00
1.713191404510727e+00
1.712442859246136e+00

    7  0  0
1.708383999524704e-01
1.704196570365830e-01
1.698726118625211e-01
1.694528765866812e-01

    7  0  1
1.712043570711248e+00
1.711293578343035e+00
1.710313616809763e+00
1.709561427652113e+00

    8  0  0
1.692291527131909e-01
1.688094273922441e-01
1.682622297270693e-01
1.678433031944615e-01

    8  0  1
1.709160189873191e+00
1.708406521882939e+00
1.707421731291092e+00
1.706665802232330e+00

    9  0  0
1.676201762366037e-01
1.672015773399182e-01
1.666552348278489e-01
1.662360325368273e-01

    9  0  1
1.706262555406455e+00
1.705505101941620e+00
1.704515329820681e+00
1.703755558691153e+00

   10  0  0
1.660124211249285e-01
1.655924471799992e-01
1.650441353415548e-01
1.646239563381407e-01

   10  0  1
1.703350256531505e+00
1.702588924018560e+00
1.701594046829625e+00
1.700830339439601e+00

   11  0  0
1.644001898941772e-01
1.639806492081252e-01
1.634338104614451e-01
1.630148904343713e-01

   11  0  1
1.700422931059007e+00
1.699657616494040e+00
1.698657502162561e+00
1.697889733418305e+00

   12  0  0
1.627915800650909e-01
1.623722493113027e-01
1.618244464469597e-01
1.614040288400360e-01

   12  0  1
1.697480147520722e+00
1.696710723172012e+00
1.695705212662550e+00
1.694933262109667e+00

   13  0  0
1.611798867519778e-01
1.607592762107612e-01
1.602108196280677e-01
1.597909371573179e-01

   13  0  1
1.694521426125667e+00
1.693747773644419e+00
1.692736686523416e+00
1.691960445720005e+00

   14  0  0
1.595673337069896e-01
1.591479385666232e-01
1.586007559477232e-01
1.581810489533227e-01

   14  0  1
1.691546321423856e+00
1.690768339584064e+00
1.689751563857083e+00
1.688970919632690e+00

   15  0  0
1.579571910347319e-01
1.575367283243844e-01
1.569876234364529e-01
1.565666467184133e-01

   15  0  1
1.688554429184670e+00
1.687771982736529e+00
1.686749325447648e+00
1.685964135495542e+00

   16  0  0
1.563423987132227e-01
1.559218994541993e-01
1.553738572235655e-01
1.549541802953506e-01

   16  0  1
1.685545210816669e+00
1.684758170323424e+00
1.683729470861141e+00
1.682939610999244e+00

   17  0  0
1.547305478671165e-01
1.543107509858245e-01
1.537624616235925e-01
1.533416189061520e-01

   17  0  1
1.682518183803661e+00
1.681726422356733e+00
1.680691510403039e+00
1.679896848536616e+00

   18  0  0
1.531171796570503e-01
1.526958782752279e-01
1.521463438138042e-01
1.517256057258417e-01

   18  0  1
1.679472848717052e+00
1.678676227271620e+00
1.677634924524960e+00
1.676835313445635e+00

   19  0  0
1.515015851570957e-01
1.510815043799436e-01
1.505336451996596e-01
1.501135823986559e-01

   19  0  1
1.676408657848504e+00
1.675607033992852e+00
1.674559141527991e+00
1.673754442387768e+00

   20  0  0
1.498895672734623e-01
1.494688069880147e-01
1.489191882876017e-01
1.484976355548485e-01

   20  0  1
1.673325061303039e+00
1.672518285652569e+00
1.671463613280701e+00
1.670653670362666e+00

   21  0  0
1.482730244193696e-01
1.478517998481422e-01
1.473028510107021e-01
1.468826108746542e-01

   21  0  1
1.670221477076857e+00
1.669409393666932e+00
1.668347732734954e+00
1.667532387218852e+00

   22  0  0
1.466587339645460e-01
1.462386067934678e-01
1.456901584347300e-01
1.452694095272582e-01

   22  0  1
1.667097299810002e+00
1.666279751003012e+00
1.665210898380845e+00
1.664389985332755e+00

   23  0  0
1.450450764212853e-01
1.446239459328312e-01
1.440742710531720e-01
1.436528890088272e-01

   23  0  1
1.663951908149216e+00
1.663128718430237e+00
1.662052436293371e+00
1.661225782842765e+00

   24  0  0
1.434283072527177e-01
1.430069038735128e-01
1.424572615659711e-01
1.420362179760118e-01

   24  0  1
1.660784632031398e+00
1.659955639254933e+00
1.658871716034639e+00
1.658039152866652e+00

   25  0  0
1.418119127384400e-01
1.413909585147463e-01
1.408413872131852e-01
1.404197246972275e-01

   25  0  1
1.657594833657299e+00
1.656759860646942e+00
1.655668059032696e+00
1.654829403882461e+00

   26  0  0
1.401949038428164e-01
1.397730576363289e-01
1.392230803742076e-01
1.388021280521586e-01

   26  0  1
1.654381821062007e+00
1.653540686899534e+00
1.652440776558037e+00
1.651595846641045e+00

   27  0  0
1.385779709125319e-01
1.381575083707021e-01
1.376088343832103e-01
1.371878845841564e-01

   27  0  1
1.651144896960574e+00
1.650297402874949e+00
1.649189118016345e+00
1.648337707409491e+00

   28  0  0
1.369633464895908e-01
1.365416230884592e-01
1.359910243056308e-01
1.355691109246974e-01

   28  0  1
1.647883281538312e+00
1.647029221503151e+00
1.645912290046352e+00
1.645054189046029e+00

   29  0  0
1.353444426771337e-01
1.349232160779760e-01
1.343742012623695e-01
1.339536526260556e-01

   29  0  1
1.644596174301010e+00
1.643735339363669e+00
1.642609483064737e+00
1.641744479913201e+00

   30  0  0
1.337295239777399e-01
1.333088645333908e-01
1.327596233361242e-01
1.323381684625629e-01

   30  0  1
1.641282765781749e+00
1.640414946003319e+00
1.639279889817681e+00
1.638407767757076e+00

   31  0  0
1.321133552482656e-01
1.316910722856909e-01
1.311397012527231e-01
1.307172188210839e-01

   31  0  1
1.637942235747576e+00
1.637067206299310e+00
1.635922653738874e+00
1.635043183890802e+00

   32  0  0
1.304923050608726e-01
1.300708596054177e-01
1.295219375936216e-01
1.291015884192066e-01

   32  0  1
1.634573711315351e+00
1.633691239936487e+00
1.632536884151190e+00
1.631649828159325e+00

   33  0  0
1.288774584352627e-01
1.284563856635393e-01
1.279060875489322e-01
1.274838346810748e-01

   33  0  1
1.631176286939449e+00
1.630286131624730e+00
1.629121653247165e+00
1.628226763464892e+00

   34  0  0
1.272588939815696e-01
1.268371735823330e-01
1.262878037345548e-01
1.258673431734156e-01

   34  0  1
1.627749020608300e+00
1.626850929904150e+00
1.625675997092448e+00
1.624773016222156e+00

   35  0  0
1.256433298157743e-01
1.252229056012606e-01
1.246739049598270e-01
1.242525532223299e-01

   35  0  1
1.624290933521358e+00
1.623384646512166e+00
1.622198914266906e+00
1.621287574639733e+00

   36  0  0
1.240278295416478e-01
1.236059245024448e-01
1.230555017247827e-01
1.226340560280513e-01

   36  0  1
1.620801008315261e+00
1.619886252381759e+00
1.618689361425396e+00
1.617769384214573e+00

   37  0  0
1.224096871344841e-01
1.219890349986588e-01
1.214406429047118e-01
1.210203664007121e-01

   37  0  1
1.617278184532908e+00
1.616354676706148e+00
1.615146253727382e+00
1.614217350277598e+00

   38  0  0
1.207963020056284e-01
1.203755205220406e-01
1.198258727251224e-01
1.194041807132041e-01

   38  0  1
1.613721362303339e+00
1.612788809852839e+00
1.611568467502973e+00
1.610630336688909e+00

   39  0  0
1.191794426244721e-01
1.187579287730339e-01
1.182086145033399e-01
1.177882058314334e-01

   39  0  1
1.610129398544335e+00
1.609187494640385e+00
1.607954828299604e+00
1.607007156373558e+00

   40  0  0
1.175642999090545e-01
1.171442742400458e-01
1.165961606895850e-01
1.161756967702515e-01

   40  0  1
1.606501099790030e+00
1.605549526638693e+00
1.604304117192519e+00
1.603346579718322e+00

   41  0  0
1.159514424650476e-01
1.155302721945819e-01
1.149804653863787e-01
1.145592432815369e-01

   41  0  1
1.602835230312488e+00
1.601873658508131e+00
1.600615070190859e+00
1.599647328332426e+00

   42  0  0
1.143349917867499e-01
1.139146032175342e-01
1.133667292423486e-01
1.129470393505909e-01

   42  0  1
1.599130503759759e+00
1.598158587471584e+00
1.596886364052022e+00
1.595908063716072e+00

   43  0  0
1.127233674888537e-01
1.123036115216512e-01
1.117556326986346e-01
1.113351889410671e-01

   43  0  1
1.595385573922643e+00
1.594402954412284e+00
1.593116621950838e+00
1.592127396124585e+00

   44  0  0
1.111109006850969e-01
1.106895855388269e-01
1.101395102234155e-01
1.097181175733086e-01

   44  0  1
1.591599044041578e+00
1.590605348071339e+00
1.589304413572558e+00
1.588303879783269e+00

   45  0  0
1.094938397205681e-01
1.090736754167627e-01
1.085265555632918e-01
1.081076402420107e-01

   45  0  1
1.587769459934090e+00
1.586764298455817e+00
1.585448248394926e+00
1.584436007570890e+00

   46  0  0
1.078842759147742e-01
1.074646196421485e-01
1.069161722070295e-01
1.064953950748116e-01

   46  0  1
1.583895305490620e+00
1.582878273595498e+00
1.581546572965273e+00
1.580522210853286e+00

   47  0  0
1.062712977832009e-01
1.058512676214767e-01
1.053042406636358e-01
1.048856016075913e-01

   47  0  1
1.579975004303533e+00
1.578945682236137e+00
1.577597771552239e+00
1.576560854849751e+00

   48  0  0
1.046625433370881e-01
1.042439360245762e-01
1.036973886883720e-01
1.032780073452169e-01

   48  0  1
1.576006912201514e+00
1.574964859746881e+00
1.573600166919198e+00
1.572550248427728e+00

   49  0  0
1.030543480519788e-01
1.026344538184489e-01
1.020867180438371e-01
1.016674195050943e-01

   49  0  1
1.571989326059297e+00
1.570934082237485e+00
1.569551993106835e+00
1.568488597720078e+00

   50  0  0
1.014442385626007e-01
1.010258522387684e-01
1.004804820684435e-01
1.000625736627469e-01

   50  0  1
1.567920441832731e+00
1.566851526785281e+00
1.565451407766344e+00
1.564374044046971e+00

   51  0  0
9.983981242869425e-02
9.942153993493823e-02
9.887523217233347e-02
9.845609936236019e-02

   51  0  1
1.563798391338969e+00
1.562715305849209e+00
1.561296498238454e+00
1.560204650977544e+00

   52  0  0
9.823272544163107e-02
9.781385091537843e-02
9.726814793976440e-02
9.685062644153901e-02

   52  0  1
1.559621221598942e+00
1.558523436568737e+00
1.557085237749870e+00
1.555978367746252e+00

   53  0  0
9.662825894837150e-02
9.621114304902979e-02
9.566696935281209e-02
9.524972659413870e-02

   53  0  1
1.555386875882059e+00
1.554273852327305e+00
1.552815552474189e+00
1.551693105755869e+00

   54  0  0
9.502726378555773e-02
9.460942330942045e-02
9.406372073890544e-02
9.364533751976378e-02

   54  0  1
1.551093251818985e+00
1.549964421134423e+00
1.548485267965459e+00
1.547346660255822e+00

   55  0  0
9.342254014560865e-02
9.300493480553525e-02
9.246099832803042e-02
9.204469014916730e-02

   55  0  1
1.546738130206083e+00
1.545592897827726e+00
1.544092105218644e+00
1.542936725883962e+00

   56  0  0
9.182291447249401e-02
9.140676623080972e-02
9.086349368913654e-02
9.044663426975999e-02

   56  0  1
1.542319191421971e+00
1.541156935849209e+00
1.539633682045458e+00
1.538460892685921e+00

   57  0  0
9.022433587184098e-02
8.980717615519300e-02
8.926338138049059e-02
8.884736118162381e-02

   57  0  1
1.537834010523324e+00
1.536654081710153e+00
1.535107506918375e+00
1.533916639498818e+00

   58  0  0
8.862592524681821e-02
8.821072965757412e-02
8.766934154231110e-02
8.725437308369358e-02

   58  0  1
1.533280050432824e+00
1.532081768341441e+00
1.530510973402059e+00
1.529301329389219e+00

   59  0  0
8.703317687873401e-02
8.661779902027782e-02
8.607533654551885e-02
8.565934241611638e-02

   59  0  1
1.528654657788910e+00
1.527437311156098e+00
1.525841355176317e+00
1.524612203437535e+00

   60  0  0
8.543777580564740e-02
8.502251179966623e-02
8.448173601893241e-02
8.406795047489446e-02

   60  0  1
1.523955056674508e+00
1.522717900464587e+00
1.521095799034634e+00
1.519846372056258e+00

   61  0  0
8.384751346223655e-02
8.343395166102649e-02
8.289425984824844e-02
8.248032740074515e-02

   61  0  1
1.519178335949523e+00
1.517920585413381e+00
1.516271294088665e+00
1.515000783084170e+00

   62  0  0
8.225958389648802e-02
8.184510136985843e-02
8.130437130218458e-02
8.089049576121682e-02

   62  0  1
1.514321421623395e+00
1.513042253077427e+00
1.511364688671671e+00
1.510072251998403e+00

   63  0  0
8.067029236212707e-02
8.025759597132032e-02
7.971980939169668e-02
7.930779542561325e-02

   63  0  1
1.509381115413496e+00
1.508079677551833e+00
1.506372710614649e+00
1.505057468839608e+00

   64  0  0
7.908822947954562e-02
7.867610916225411e-02
7.813801344643677e-02
7.772518887158927e-02

   64  0  1
1.504354082586495e+00
1.503029474530232e+00
1.501291912855125e+00
1.499952938380955e+00

   65  0  0
7.750512249633204e-02
7.709245759231752e-02
7.655500741659239e-02
7.614405256470422e-02

   65  0  1
1.499236803913008e+00
1.497888079613823e+00
1.496118671634277e+00
1.494754987408007e+00

   66  0  0
7.592525639686840e-02
7.551490045485236e-02
7.497965994157156e-02
7.456936397686520e-02

   66  0  1
1.494025575574996e+00
1.492651734208424e+00
1.490849150508167e+00
1.489459729728558e+00

   67  0  0
7.435066630327460e-02
7.393995923104600e-02
7.340375935337537e-02
7.299287543381423e-02

   67  0  1
1.488716492368090e+00
1.487316494999664e+00
1.485479362906313e+00
1.484063132982335e+00

   68  0  0
7.277420366276444e-02
7.236453957694600e-02
7.183112703523899e-02
7.142280079118180e-02

   68  0  1
1.483305490687411e+00
1.481878237929231e+00
1.480005101208461e+00
1.478560930257456e+00

   69  0  0
7.120521750432045e-02
7.079701290840855e-02
7.026434385038849e-02
6.985583309625649e-02

   69  0  1
1.477788273847016e+00
1.476332612435753e+00
1.474421940489115e+00
1.472948635698432e+00

   70  0  0
6.963797277633180e-02
6.922907481756937e-02
6.869608134598550e-02
6.828852921129445e-02

   70  0  1
1.472160322562295e+00
1.470675032468648e+00
1.468725209404797e+00
1.467221513147036e+00

   71  0  0
6.807173586637230e-02
6.766534067550554e-02
6.713558446996963e-02
6.672964319009529e-02

   71  0  1
1.466416867076753e+00
1.464900663750539e+00
1.462909988326524e+00
1.461374570620954e+00

   72  0  0
6.651337443945551e-02
6.610744190945593e-02
6.557746457279201e-02
6.517094762029119e-02

   72  0  1
1.460552871173456e+00
1.459004391163071e+00
1.456971050721374e+00
1.455402508619077e+00

   73  0  0
6.495436630092960e-02
6.454857295925422e-02
6.402047979709960e-02
6.361671074794951e-02

   73  0  1
1.454563005579454e+00
1.452980825323708e+00
1.450902937660646e+00
1.449299801985913e+00

   74  0  0
6.340161782163586e-02
6.299815915311417e-02
6.247201807005073e-02
6.206894864762445e-02

   74  0  1
1.448441704877345e+00
1.446824318700631e+00
1.444699882903154e+00
1.443060583130026e+00

   75  0  0
6.185414790114758e-02
6.145067302031654e-02
6.092381829279921e-02
6.052013289948134e-02

   75  0  1
1.442183030974569e+00
1.440528811727854e+00
1.438355666407223e+00
1.436678533137612e+00

   76  0  0
6.030540654527507e-02
5.990325242851680e-02
5.937978177604689e-02
5.897912258205492e-02

   76  0  1
1.435780644129203e+00
1.434087920423715e+00
1.431863851122422e+00
1.430147152454031e+00

   77  0  0
5.876567778402740e-02
5.836537507968288e-02
5.784318151028671e-02
5.744273582495499e-02

   77  0  1
1.429227988412159e+00
1.427494974195326e+00
1.425217609292232e+00
1.423459479708009e+00

   78  0  0
5.722917487473768e-02
5.682856997753069e-02
5.630687927538154e-02
5.590833486298502e-02

   78  0  1
1.422518022727985e+00
1.420742781737726e+00
1.418409539292060e+00
1.416607988672443e+00

   79  0  0
5.569632801565632e-02
5.529880952418230e-02
5.478054553226357e-02
5.438349876800151e-02

   79  0  1
1.415643181526789e+00
1.413823716828756e+00
1.411431953289753e+00
1.409584907483347e+00

   80  0  0
5.417206358989368e-02
5.377519283228210e-02
5.325709041358761e-02
5.285980622315509e-02

   80  0  1
1.408595624271684e+00
1.406729789794653e+00
1.404276651386377e+00
1.402381880480430e+00

   81  0  0
5.264831659238625e-02
5.225237923330965e-02
5.173745169201852e-02
5.134372630215787e-02

   81  0  1
1.401366918051292e+00
1.399452429484358e+00
1.396934877632635e+00
1.394990009758701e+00

   82  0  0
5.113391423274105e-02
5.074043014234673e-02
5.022741598310271e-02
4.983446172436008e-02

   82  0  1
1.393948088203237e+00
1.391982510753718e+00
1.389397307542947e+00
1.387399811370050e+00

   83  0  0
4.962498184433473e-02
4.923159728783952e-02
4.871856933405457e-02
4.832635094213229e-02

   83  0  1
1.386329564046747e+00
1.384310300608986e+00
1.381653990498371e+00
1.379601164445725e+00

   84  0  0
4.811799374221836e-02
4.772776386210905e-02
4.721950382313623e-02
4.683010127357328e-02

   84  0  1
1.378501132512622e+00
1.376425410298109e+00
1.373694302246098e+00
1.371583263337241e+00

   85  0  0
4.662271179269898e-02
4.623388167236539e-02
4.572677658957171e-02
4.533786088155983e-02

   85  0  1
1.370451894509698e+00
1.368316756467059e+00
1.365506902099923e+00
1.363334543856829e+00

   86  0  0
4.513044439721480e-02
4.474179173612775e-02
4.423647955624366e-02
4.385094517825650e-02

   86  0  1
1.362170141435199e+00
1.359972347055741e+00
1.357079440795764e+00
1.354842413519497e+00

   87  0  0
4.364577364393132e-02
4.326088667569694e-02
4.275904707373053e-02
4.237491046482578e-02

   87  0  1
1.353643187471729e+00
1.351379359273489e+00
1.348398897378925e+00
1.346093668759512e+00

   88  0  0
4.217055318949113e-02
4.178693990551716e-02
4.128601778603072e-02
4.090180957041200e-02

   88  0  1
1.344857710630124e+00
1.342524176269898e+00
1.339451269243603e+00
1.337073977420104e+00

   89  0  0
4.069744974292556e-02
4.031522031023409e-02
3.981858266200985e-02
3.943892364771631e-02

   89  0  1
1.335799157900162e+00
1.333391890601808e+00
1.330221138426294e+00
1.327767596081756e+00

   90  0  0
3.923656817740565e-02
3.885730429371468e-02
3.836328286225936e-02
3.798517247178087e-02

   90  0  1
1.326451701961162e+00
1.323966493080864e+00
1.320692287991336e+00
1.318158075667699e+00

   91  0  0
3.778355898159736e-02
3.740499898915060e-02
3.691176935137541e-02
3.653536042154064e-02

   91  0  1
1.316798693537938e+00
1.314230926140070e+00
1.310847099441256e+00
1.308227374002133e+00

   92  0  0
3.633561853293820e-02
3.596148896945459e-02
3.547406744546801e-02
3.510057908837879e-02

   92  0  1
1.306821881023684e+00
1.304166553395827e+00
1.300666418004498e+00
1.297955927212779e+00

   93  0  0
3.490186701078701e-02
3.452957264644801e-02
3.404431305675138e-02
3.367213014751522e-02

   93  0  1
1.296501490942336e+00
1.293753163261268e+00
1.290129459880146e+00
1.287322450755230e+00

   94  0  0
3.347367243813780e-02
3.310227527305915e-02
3.262021442208503e-02
3.225285449057622e-02

   94  0  1
1.285815890423655e+00
1.282968531683597e+00
1.279213141800396e+00
1.276303306026365e+00

   95  0  0
3.205726413427210e-02
3.169035141012555e-02
3.121222172640325e-02
3.084670131468696e-02

   95  0  1
1.274741283075755e+00
1.271788537512046e+00
1.267892957326600e+00
1.264873559138007e+00

   96  0  0
3.065236286751854e-02
3.028746289574679e-02
2.981119552496351e-02
2.944651414069898e-02

   96  0  1
1.263252383336960e+00
1.260187168808947e+00
1.256141903588879e+00
1.253005462583433e+00

   97  0  0
2.925302033542472e-02
2.889160355372462e-02
2.842228233535233e-02
2.806312144461597e-02

   97  0  1
1.251321080250189e+00
1.248135633213160e+00
1.243930268735235e+00
1.240668518474030e+00

   98  0  0
2.787161576444113e-02
2.751306029642939e-02
2.704672443547735e-02
2.669020661909279e-02

   98  0  1
1.238916398652661e+00
1.235602045705554e+00
1.231224882492428e+00
1.227828667828224e+00

   99  0  0
2.649999557400532e-02
2.614299398726682e-02
2.567860572250925e-02
2.532517631560061e-02

   99  0  1
1.226003885990833e+00
1.222551229031710e+00
1.217989657392224e+00
1.214448964868402e+00

  100  0  0
2.513786767905464e-02
2.478695490075696e-02
2.432973461776053e-02
2.397957754337606e-02

  100  0  1
1.212546047469967e+00
1.208944577140840e+00
1.204184427153694e+00
1.200488038751728e+00

  101  0  0
2.379363966039847e-02
2.344564478097950e-02
2.299241523784365e-02
2.264476274332625e-02

  101  0  1
1.198500877125910e+00
1.194738872730345e+00
1.189764331277710e+00
1.185899710045893e+00

  102  0  0
2.245949542634210e-02
2.211351680387008e-02
2.166562090344027e-02
2.132481573087766e-02

  102  0  1
1.183821469655980e+00
1.179885807355895e+00
1.174679142633705e+00
1.170632209551778e+00

  103  0  0
2.114322165745242e-02
2.080268116658646e-02
2.035959596317742e-02
2.002179440226024e-02

  103  0  1
1.168455207514423e+00
1.164331119405374e+00
1.158872347482869e+00
1.154627210280726e+00

  104  0  0
1.984242820467630e-02
1.950557104997280e-02
1.906609564354359e-02
1.873018373769060e-02

  104  0  1
1.152342764985084e+00
1.148013545896650e+00
1.142280024099765e+00
1.137818647169824e+00

  105  0  0
1.855254592990919e-02
1.822136539260514e-02
1.779181072317077e-02
1.746286494743004e-02

  105  0  1
1.135416910453942e+00
1.130863558446247e+00
1.124829499957997e+00
1.120131190473473e+00

  106  0  0
1.728753476970774e-02
1.696011906072652e-02
1.653574825813994e-02
1.621203394550539e-02

  106  0  1
1.117600744855847e+00
1.112801223750187e+00
1.106436544839137e+00
1.101477420488434e+00

  107  0  0
1.603910554228001e-02
1.571449183684998e-02
1.529306563180899e-02
1.497384390439375e-02

  107  0  1
1.098805281025766e+00
1.093734570802027e+00
1.087005217034957e+00
1.081757871667822e+00

  108  0  0
1.480518636394450e-02
1.448928224038045e-02
1.407798926403566e-02
1.376357187479107e-02

  108  0  1
1.078928927756202e+00
1.073557734353855e+00
1.066423606100108e+00
1.060855785465915e+00

  109  0  0
1.359723702512464e-02
1.328658793362561e-02
1.288274008308772e-02
1.257302585037031e-02

  109  0  1
1.057852284946021e+00
1.052146157103450e+00
1.044560001620470e+00
1.038633604655023e+00

  110  0  0
1.240811133215294e-02
1.210133474141907e-02
1.170640363858246e-02
1.140716050984308e-02

  110  0  1
1.035434557355726e+00
1.029352659177714e+00
1.021258269743698e+00
1.014927600286537e+00

  111  0  0
1.124750372245492e-02
1.094837106272999e-02
1.056057959760699e-02
1.026674202757748e-02

  111  0  1
1.011507594777066e+00
1.005000394511331e+00
9.963291378201330e-01
9.895386920488186e-01

  112  0  0
1.011110674328730e-02
9.818954384146823e-03
9.438479332834156e-03
9.148694807739981e-03

  112  0  1
9.858671320991719e-01
9.788749421572285e-01
9.695440139661810e-01
9.622259480100969e-01

  113  0  0
8.996258901225219e-03
8.713463027386620e-03
8.348283973812494e-03
8.068812119349397e-03

  113  0  1
9.582649875671755e-01
9.507134611475602e-01
9.406190106338747e-01
9.326879863977791e-01

  114  0  0
7.919977246974066e-03
7.643792050482032e-03
7.288397339264866e-03
7.018350739958854e-03

  114  0  1
9.283899553122262e-01
9.201851747126311e-01
9.091951628493905e-01
9.005419203435815e-01

  115  0  0
6.874012749339534e-03
6.604459541842749e-03
6.257454838091365e-03
5.997172581925149e-03

  115  0  1
8.958454871028650e-01
8.868659731764755e-01
8.748082600420883e-01
8.652891272007802e-01

  116  0  0
5.860492204388178e-03
5.605316699024446e-03
5.274078267143210e-03
5.021735976970783e-03

  116  0  1
8.601131825646068e-01
8.501972140060946e-01
8.368404886705629e-01
8.262604514377354e-01

  117  0  0
4.889720392849793e-03
4.645589928983266e-03
4.330672957929519e-03
4.089250695261065e-03

  117  0  1
8.204942306199698e-01
8.094191184090194e-01
7.944409527146310e-01
7.825234908383291e-01

  118  0  0
3.961192895193373e-03
3.724151837259924e-03
3.422639830897235e-03
3.198774328190402e-03

  118  0  1
7.760076026318901e-01
7.634497887372342e-01
7.463726790030224e-01
7.327034524137528e-01

  119  0  0
3.081666366994684e-03
2.862412197408754e-03
2.580620442438656e-03
2.371816472099422e-03

  119  0  1
7.251979832698955e-01
7.106636398244629e-01
6.907446963022263e-01
6.746597725341795e-01

  120  0  0
2.264368001792590e-03
2.061877822348648e-03
1.800221202541064e-03
1.606106162253057e-03

  120  0  1
6.657718511013541e-01
6.484334220000576e-01
6.243854975203352e-01
6.046910597860891e-01

  121  0  0
1.507920838775740e-03
1.327816894794880e-03
1.101728466154795e-03
9.354729910789272e-04

  121  0  1
5.937005756272016e-01
5.719741196110373e-01
5.412175476025562e-01
5.153422588024037e-01

  122  0  0
8.499457020325643e-04
6.931663075410676e-04
5.040867123691691e-04
3.773782846205223e-04

  122  0  1
5.006251737561156e-01
4.706174428819759e-01
4.262772559301679e-01
3.862201124329698e-01

  123  0  0
3.121693331706412e-04
1.890623085421409e-04
6.403371740797019e-05
1.790003636747950e-05

  123  0  1
3.578087955635207e-01
3.136324724926975e-01
2.086759373152803e-01
5.947420615493255e-02

  124  0  0
7.410934651372749e-06
5.464395470585253e-06
4.837180280390849e-06
5.078493523370866e-06

  124  0  1
-2.718448918626434e-03
-7.985144820096538e-04
2.840170880294253e-04
-1.770991891209956e-04

  125  0  0
5.029974619305151e-06
4.988871288898088e-06
5.005085773293896e-06
4.998576560021441e-06

  125  0  1
-3.972370903867659e-06
2.099813750238229e-05
-3.903979506874810e-06
1.176841192729974e-05

  126  0  0
4.997952060176419e-06
5.000720588288018e-06
4.999674320863546e-06
5.000083287866079e-06

  126  0  1
5.032965250807271e-06
4.253971815675463e-06
5.423660405607147e-06
4.648086948683330e-06

  127  0  0
5.000129755225991e-06
4.999957369892954e-06
5.000019280893605e-06
4.999995375346377e-06

  127  0  1
5.021667305719919e-06
5.032878580283661e-06
4.980430401564382e-06
5.018192938491161e-06

  128  0  0
4.999992321990973e-06
5.000002421091299e-06
4.999998904538028e-06
5.000000252405021e-06

  128  0  1
4.997526430927933e-06
4.998633005533988e-06
5.000872319426739e-06
4.999066186163129e-06

  129  0  0
5.000000434823438e-06
4.999999866630516e-06
5.000000060369695e-06
4.999999986444460e-06

  129  0  1
5.000202616130962e-06
5.000051832119114e-06
4.999962935075976e-06
5.000047496245065e-06

  130  0  0
4.999999976138402e-06
5.000000007173352e-06
4.999999996748903e-06
5.000000000715353e-06

  130  0  1
4.999985564454396e-06
4.999998351749435e-06
5.000001467850024e-06
4.999997611799903e-06

  131  0  0
5.000000001276377e-06
4.999999999619533e-06
5.000000000169832e-06
4.999999999960835e-06

  131  0  1
5.000000946874281e-06
5.000000030716844e-06
4.999999948322261e-06
5.000000118394568e-06

  132  0  0
4.999999999931076e-06
5.000000000017939e-06
4.999999999989346e-06
5.000000000000186e-06

  132  0  1
4.999999941446930e-06
5.000000001169360e-06
5.000000001412571e-06
4.999999994226659e-06

  133  0  0
5.000000000001739e-06
4.999999999997245e-06
4.999999999998718e-06
4.999999999998150e-06

  133  0  1
5.000000003450276e-06
4.999999999805384e-06
4.999999999987334e-06
5.000000000274243e-06

  134  0  0
4.999999999998084e-06
4.999999999998307e-06
4.999999999998232e-06
4.999999999998260e-06

  134  0  1
4.999999999803114e-06
5.000000000014136e-06
4.999999999995929e-06
4.999999999985331e-06

  135  0  0
4.999999999998267e-06
4.999999999998251e-06
4.999999999998256e-06
4.999999999998250e-06

  135  0  1
5.000000000008856e-06
4.999999999997201e-06
4.999999999998496e-06
4.999999999998845e-06

  136  0  0
4.999999999998256e-06
4.999999999998251e-06
4.999999999998256e-06
4.999999999998250e-06

  136  0  1
4.999999999997698e-06
4.999999999998317e-06
4.999999999998238e-06
4.999999999998227e-06

  137  0  0
4.999999999998257e-06
4.999999999998251e-06
4.999999999998255e-06
4.999999999998252e-06

  137  0  1
4.999999999998278e-06
4.999999999998254e-06
4.999999999998255e-06
4.999999999998253e-06

  138  0  0
4.999999999998257e-06
4.999999999998252e-06
4.999999999998256e-06
4.999999999998250e-06

  138  0  1
4.999999999998249e-06
4.999999999998256e-06
4.999999999998256e-06
4.999999999998254e-06

  139  0  0
4.999999999998257e-06
4.999999999998252e-06
4.999999999998256e-06
4.999999999998251e-06

  139  0  1
4.999999999998251e-06
4.999999999998256e-06
4.999999999998254e-06
4.999999999998254e-06

  140  0  0
4.999999999998257e-06
4.999999999998252e-06
4.999999999998254e-06
4.999999999998252e-06

  140  0  1
4.999999999998252e-06
4.999999999998256e-06
4.999999999998256e-06
4.999999999998254e-06

  141  0  0
4.999999999998258e-06
4.999999999998251e-06
4.999999999998255e-06
4.999999999998253e-06

  141  0  1
4.999999999998250e-06
4.999999999998256e-06
4.999999999998256e-06
4.999999999998254e-06

  142  0  0
4.999999999998257e-06
4.999999999998251e-06
4.999999999998256e-06
4.999999999998252e-06

  142  0  1
4.999999999998250e-06
4.999999999998256e-06
4.999999999998256e-06
4.999999999998254e-06

  143  0  0
4.999999999998257e-06
4.999999999998251e-06
4.999999999998256e-06
4.999999999998253e-06

  143  0  1
4.999999999998249e-06
4.999999999998256e-06
4.999999999998256e-06
4.999999999998255e-06

  144  0  0
4.999999999998257e-06
4.999999999998251e-06
4.999999999998256e-06
4.999999999998255e-06

  144  0  1
4.999999999998251e-06
4.999999999998256e-06
4.999999999998255e-06
4.999999999998255e-06

  145  0  0
4.999999999998256e-06
4.999999999998254e-06
4.999999999998256e-06
4.999999999998250e-06

  145  0  1
4.999999999998250e-06
4.999999999998256e-06
4.999999999998255e-06
4.999999999998254e-06

  146  0  0
4.999999999998258e-06
4.999999999998252e-06
4.999999999998256e-06
4.999999999998250e-06

  146  0  1
4.999999999998250e-06
4.999999999998256e-06
4.999999999998256e-06
4.999999999998255e-06

  147  0  0
4.999999999998257e-06
4.999999999998252e-06
4.999999999998255e-06
4.999999999998251e-06

  147  0  1
4.999999999998250e-06
4.999999999998256e-06
4.999999999998256e-06
4.999999999998254e-06

  148  0  0
4.999999999998258e-06
4.999999999998251e-06
4.999999999998255e-06
4.999999999998252e-06

  148  0  1
4.999999999998250e-06
4.999999999998256e-06
4.999999999998256e-06
4.999999999998255e-06

  149  0  0
4.999999999998258e-06
4.999999999998251e-06
4.999999999998255e-06
4.999999999998251e-06

  149  0  1
4.999999999998250e-06
4.999999999998256e-06
4.999999999998256e-06
4.999999999998255e-06

  150  0  0
4.999999999998258e-06
4.999999999998251e-06
4.999999999998256e-06
4.999999999998252e-06

  150  0  1
4.999999999998251e-06
4.999999999998256e-06
4.999999999998256e-06
4.999999999998255e-06

  151  0  0
4.999999999998257e-06
4.999999999998252e-06
4.999999999998255e-06
4.999999999998252e-06

  151  0  1
4.999999999998250e-06
4.999999999998256e-06
4.999999999998256e-06
4.999999999998255e-06

  152  0  0
4.999999999998258e-06
4.999999999998251e-06
4.999999999998256e-06
4.999999999998253e-06

  152  0  1
4.999999999998250e-06
4.999999999998256e-06
4.999999999998256e-06
4.999999999998254e-06

  153  0  0
4.999999999998257e-06
4.999999999998251e-06
4.999999999998256e-06
4.999999999998250e-06

  153  0  1
4.999999999998250e-06
4.999999999998256e-06
4.999999999998256e-06
4.999999999998254e-06

  154  0  0
4.999999999998257e-06
4.999999999998252e-06
4.999999999998256e-06
4.999999999998250e-06

  154  0  1
4.999999999998251e-06
4.999999999998256e-06
4.999999999998256e-06
4.999999999998255e-06

  155  0  0
4.999999999998257e-06
4.999999999998252e-06
4.999999999998255e-06
4.999999999998251e-06

  155  0  1
4.999999999998251e-06
4.999999999998256e-06
4.999999999998256e-06
4.999999999998255e-06

  156  0  0
4.999999999998257e-06
4.999999999998253e-06
4.999999999998255e-06
4.999999999998250e-06

  156  0  1
4.999999999998250e-06
4.999999999998256e-06
4.999999999998256e-06
4.999999999998255e-06

  157  0  0
4.999999999998257e-06
4.999999999998250e-06
4.999999999998256e-06
4.999999999998254e-06

  157  0  1
4.999999999998250e-06
4.999999999998256e-06
4.999999999998256e-06
4.999999999998255e-06

  158  0  0
4.999999999998256e-06
4.999999999998254e-06
4.999999999998256e-06
4.999999999998253e-06

  158  0  1
4.999999999998250e-06
4.999999999998256e-06
4.999999999998256e-06
4.999999999998255e-06

  159  0  0
4.999999999998258e-06
4.999999999998254e-06
4.999999999998256e-06
4.999999999998250e-06

  159  0  1
4.999999999998252e-06
4.999999999998256e-06
4.999999999998255e-06
4.999999999998252e-06

  160  0  0
4.999999999998257e-06
4.999999999998252e-06
4.999999999998256e-06
4.999999999998254e-06

  160  0  1
4.999999999998251e-06
4.999999999998256e-06
4.999999999998256e-06
4.999999999998254e-06

  161  0  0
4.999999999998256e-06
4.999999999998253e-06
4.999999999998254e-06
4.999999999998250e-06

  161  0  1
4.999999999998249e-06
4.999999999998256e-06
4.999999999998256e-06
4.999999999998254e-06

  162  0  0
4.999999999998257e-06
4.999999999998251e-06
4.999999999998256e-06
4.999999999998252e-06

  162  0  1
4.999999999998250e-06
4.999999999998256e-06
4.999999999998254e-06
4.999999999998253e-06

  163  0  0
4.999999999998258e-06
4.999999999998251e-06
4.999999999998255e-06
4.999999999998253e-06

  163  0  1
4.999999999998251e-06
4.999999999998256e-06
4.999999999998256e-06
4.999999999998252e-06

  164  0  0
4.999999999998258e-06
4.999999999998252e-06
4.999999999998256e-06
4.999999999998251e-06

  164  0  1
4.999999999998250e-06
4.999999999998256e-06
4.999999999998255e-06
4.999999999998254e-06

  165  0  0
4.999999999998257e-06
4.999999999998252e-06
4.999999999998254e-06
4.999999999998252e-06

  165  0  1
4.999999999998251e-06
4.999999999998256e-06
4.999999999998256e-06
4.999999999998255e-06

  166  0  0
4.999999999998258e-06
4.999999999998252e-06
4.999999999998256e-06
4.999999999998251e-06

  166  0  1
4.999999999998250e-06
4.999999999998256e-06
4.999999999998256e-06
4.999999999998255e-06

  167  0  0
4.999999999998257e-06
4.999999999998250e-06
4.999999999998256e-06
4.999999999998253e-06

  167  0  1
4.999999999998251e-06
4.999999999998256e-06
4.999999999998256e-06
4.999999999998254e-06

  168  0  0
4.999999999998256e-06
4.999999999998255e-06
4.999999999998255e-06
4.999999999998250e-06

  168  0  1
4.999999999998250e-06
4.999999999998256e-06
4.999999999998256e-06
4.999999999998255e-06

  169  0  0
4.999999999998258e-06
4.999999999998252e-06
4.999999999998256e-06
4.999999999998252e-06

  169  0  1
4.999999999998250e-06
4.999999999998256e-06
4.999999999998256e-06
4.999999999998255e-06

  170  0  0
4.999999999998257e-06
4.999999999998252e-06
4.999999999998256e-06
4.999999999998253e-06

  170  0  1
4.999999999998250e-06
4.999999999998256e-06
4.999999999998256e-06
4.999999999998255e-06

  171  0  0
4.999999999998257e-06
4.999999999998252e-06
4.999999999998256e-06
4.999999999998251e-06

  171  0  1
4.999999999998250e-06
4.999999999998256e-06
4.999999999998256e-06
4.999999999998255e-06

  172  0  0
4.999999999998258e-06
4.999999999998252e-06
4.999999999998255e-06
4.999999999998252e-06

  172  0  1
4.999999999998252e-06
4.999999999998256e-06
4.999999999998256e-06
4.999999999998252e-06

  173  0  0
4.999999999998258e-06
4.999999999998253e-06
4.999999999998255e-06
4.999999999998250e-06

  173  0  1
4.999999999998250e-06
4.999999999998256e-06
4.999999999998255e-06
4.999999999998255e-06

  174  0  0
4.999999999998258e-06
4.999999999998253e-06
4.999999999998255e-06
4.999999999998251e-06

  174  0  1
4.999999999998251e-06
4.999999999998256e-06
4.999999999998256e-06
4.999999999998252e-06

  175  0  0
4.999999999998257e-06
4.999999999998251e-06
4.999999999998255e-06
4.999999999998251e-06

  175  0  1
4.999999999998250e-06
4.999999999998256e-06
4.999999999998256e-06
4.999999999998255e-06

  176  0  0
4.999999999998257e-06
4.999999999998252e-06
4.999999999998256e-06
4.999999999998250e-06

  176  0  1
4.999999999998248e-06
4.999999999998257e-06
4.999999999998255e-06
4.999999999998253e-06

  177  0  0
4.999999999998257e-06
4.999999999998250e-06
4.999999999998256e-06
4.999999999998253e-06

  177  0  1
4.999999999998250e-06
4.999999999998256e-06
4.999999999998256e-06
4.999999999998252e-06

  178  0  0
4.999999999998256e-06
4.999999999998254e-06
4.999999999998256e-06
4.999999999998254e-06

  178  0  1
4.999999999998251e-06
4.999999999998256e-06
4.999999999998256e-06
4.999999999998255e-06

  179  0  0
4.999999999998257e-06
4.999999999998252e-06
4.999999999998256e-06
4.999999999998255e-06

  179  0  1
4.999999999998250e-06
4.999999999998256e-06
4.999999999998256e-06
4.999999999998253e-06

  180  0  0
4.999999999998258e-06
4.999999999998252e-06
4.999999999998256e-06
4.999999999998250e-06

  180  0  1
4.999999999998251e-06
4.999999999998256e-06
4.999999999998256e-06
4.999999999998255e-06

  181  0  0
4.999999999998257e-06
4.999999999998252e-06
4.999999999998255e-06
4.999999999998250e-06

  181  0  1
4.999999999998250e-06
4.999999999998256e-06
4.999999999998255e-06
4.999999999998254e-06

  182  0  0
4.999999999998258e-06
4.999999999998251e-06
4.999999999998255e-06
4.999999999998253e-06

  182  0  1
4.999999999998250e-06
4.999999999998256e-06
4.999999999998255e-06
4.999999999998255e-06

  183  0  0
4.999999999998257e-06
4.999999999998251e-06
4.999999999998255e-06
4.999999999998255e-06

  183  0  1
4.999999999998251e-06
4.999999999998256e-06
4.999999999998256e-06
4.999999999998254e-06

  184  0  0
4.999999999998257e-06
4.999999999998251e-06
4.999999999998256e-06
4.999999999998251e-06

  184  0  1
4.999999999998249e-06
4.999999999998256e-06
4.999999999998256e-06
4.999999999998254e-06

  185  0  0
4.999999999998257e-06
4.999999999998250e-06
4.999999999998255e-06
4.999999999998252e-06

  185  0  1
4.999999999998250e-06
4.999999999998256e-06
4.999999999998256e-06
4.999999999998255e-06

  186  0  0
4.999999999998256e-06
4.999999999998254e-06
4.999999999998254e-06
4.999999999998251e-06

  186  0  1
4.999999999998251e-06
4.999999999998256e-06
4.999999999998255e-06
4.999999999998252e-06

  187  0  0
4.999999999998258e-06
4.999999999998251e-06
4.999999999998256e-06
4.999999999998252e-06

  187  0  1
4.999999999998251e-06
4.999999999998256e-06
4.999999999998256e-06
4.999999999998255e-06

  188  0  0
4.999999999998257e-06
4.999999999998252e-06
4.999999999998256e-06
4.999999999998253e-06

  188  0  1
4.999999999998250e-06
4.999999999998256e-06
4.999999999998255e-06
4.999999999998255e-06

  189  0  0
4.999999999998257e-06
4.999999999998252e-06
4.999999999998255e-06
4.999999999998250e-06

  189  0  1
4.999999999998250e-06
4.999999999998256e-06
4.999999999998256e-06
4.999999999998255e-06

  190  0  0
4.999999999998258e-06
4.999999999998251e-06
4.999999999998256e-06
4.999999999998252e-06

  190  0  1
4.999999999998253e-06
4.999999999998256e-06
4.999999999998255e-06
4.999999999998255e-06

  191  0  0
4.999999999998258e-06
4.999999999998252e-06
4.999999999998256e-06
4.999999999998251e-06

  191  0  1
4.999999999998250e-06
4.999999999998256e-06
4.999999999998256e-06
4.999999999998255e-06

  192  0  0
4.999999999998258e-06
4.999999999998251e-06
4.999999999998255e-06
4.999999999998252e-06

  192  0  1
4.999999999998250e-06
4.999999999998256e-06
4.999999999998255e-06
4.999999999998254e-06

  193  0  0
4.999999999998257e-06
4.999999999998252e-06
4.999999999998256e-06
4.999999999998250e-06

  193  0  1
4.999999999998250e-06
4.999999999998256e-06
4.999999999998256e-06
4.999999999998255e-06

  194  0  0
4.999999999998258e-06
4.999999999998250e-06
4.999999999998255e-06
4.999999999998253e-06

  194  0  1
4.999999999998251e-06
4.999999999998256e-06
4.999999999998256e-06
4.999999999998254e-06

  195  0  0
4.999999999998256e-06
4.999999999998254e-06
4.999999999998256e-06
4.999999999998252e-06

  195  0  1
4.999999999998250e-06
4.999999999998256e-06
4.999999999998256e-06
4.999999999998255e-06

  196  0  0
4.999999999998257e-06
4.999999999998252e-06
4.999999999998254e-06
4.999999999998250e-06

  196  0  1
4.999999999998250e-06
4.999999999998256e-06
4.999999999998256e-06
4.999999999998255e-06

  197  0  0
4.999999999998257e-06
4.999999999998251e-06
4.999999999998256e-06
4.999999999998250e-06

  197  0  1
4.999999999998250e-06
4.999999999998256e-06
4.999999999998256e-06
4.999999999998255e-06

  198  0  0
4.999999999998258e-06
4.999999999998252e-06
4.999999999998256e-06
4.999999999998252e-06

  198  0  1
4.999999999998251e-06
4.999999999998256e-06
4.999999999998256e-06
4.999999999998255e-06

  199  0  0
4.999999999998258e-06
4.999999999998252e-06
4.999999999998256e-06
4.999999999998252e-06

  199  0  1
4.999999999998250e-06
4.999999999998256e-06
4.999999999998256e-06
4.999999999998252e-06

  200  0  0
4.999999999998257e-06
4.999999999998252e-06
4.999999999998255e-06
4.999999999998250e-06

  200  0  1
4.999999999998250e-06
4.999999999998256e-06
4.999999999998256e-06
4.999999999998255e-06

  201  0  0
4.999999999998258e-06
4.999999999998251e-06
4.999999999998256e-06
4.999999999998254e-06

  201  0  1
4.999999999998250e-06
4.999999999998256e-06
4.999999999998256e-06
4.999999999998254e-06

  202  0  0
4.999999999998257e-06
4.999999999998252e-06
4.999999999998256e-06
4.999999999998255e-06

  202  0  1
4.999999999998250e-06
4.999999999998256e-06
4.999999999998256e-06
4.999999999998255e-06

  203  0  0
4.999999999998257e-06
4.999999999998252e-06
4.999999999998256e-06
4.999999999998250e-06

  203  0  1
4.999999999998251e-06
4.999999999998256e-06
4.999999999998255e-06
4.999999999998252e-06

  204  0  0
4.999999999998258e-06
4.999999999998254e-06
4.999999999998255e-06
4.999999999998250e-06

  204  0  1
4.999999999998250e-06
4.999999999998256e-06
4.999999999998255e-06
4.999999999998253e-06

  205  0  0
4.999999999998258e-06
4.999999999998250e-06
4.999999999998256e-06
4.999999999998254e-06

  205  0  1
4.999999999998250e-06
4.999999999998256e-06
4.999999999998255e-06
4.999999999998255e-06

  206  0  0
4.999999999998256e-06
4.999999999998255e-06
4.999999999998256e-06
4.999999999998252e-06

  206  0  1
4.999999999998250e-06
4.999999999998256e-06
4.999999999998255e-06
4.999999999998254e-06

  207  0  0
4.999999999998257e-06
4.999999999998252e-06
4.999999999998256e-06
4.999999999998250e-06

  207  0  1
4.999999999998250e-06
4.999999999998256e-06
4.999999999998256e-06
4.999999999998252e-06

  208  0  0
4.999999999998258e-06
4.999999999998251e-06
4.999999999998256e-06
4.999999999998250e-06

  208  0  1
4.999999999998251e-06
4.999999999998256e-06
4.999999999998256e-06
4.999999999998255e-06

  209  0  0
4.999999999998258e-06
4.999999999998252e-06
4.999999999998256e-06
4.999999999998251e-06

  209  0  1
4.999999999998250e-06
4.999999999998256e-06
4.999999999998256e-06
4.999999999998255e-06

  210  0  0
4.999999999998258e-06
4.999999999998253e-06
4.999999999998255e-06
4.999999999998250e-06

  210  0  1
4.999999999998250e-06
4.999999999998256e-06
4.999999999998256e-06
4.999999999998253e-06

  211  0  0
4.999999999998257e-06
4.999999999998251e-06
4.999999999998255e-06
4.999999999998252e-06

  211  0  1
4.999999999998250e-06
4.999999999998256e-06
4.999999999998255e-06
4.999999999998255e-06

  212  0  0
4.999999999998257e-06
4.999999999998252e-06
4.999999999998256e-06
4.999999999998252e-06

  212  0  1
4.999999999998249e-06
4.999999999998256e-06
4.999999999998255e-06
4.999999999998255e-06

  213  0  0
4.999999999998257e-06
4.999999999998251e-06
4.999999999998255e-06
4.999999999998254e-06

  213  0  1
4.999999999998252e-06
4.999999999998256e-06
4.999999999998256e-06
4.999999999998255e-06

  214  0  0
4.999999999998257e-06
4.999999999998252e-06
4.999999999998256e-06
4.999999999998250e-06

  214  0  1
4.999999999998250e-06
4.999999999998256e-06
4.999999999998255e-06
4.999999999998255e-06

  215  0  0
4.999999999998257e-06
4.999999999998251e-06
4.999999999998256e-06
4.999999999998252e-06

  215  0  1
4.999999999998249e-06
4.999999999998256e-06
4.999999999998256e-06
4.999999999998255e-06

  216  0  0
4.999999999998258e-06
4.999999999998253e-06
4.999999999998256e-06
4.999999999998250e-06

  216  0  1
4.999999999998251e-06
4.999999999998256e-06
4.999999999998255e-06
4.999999999998255e-06

  217  0  0
4.999999999998257e-06
4.999999999998251e-06
4.999999999998256e-06
4.999999999998251e-06

  217  0  1
4.999999999998249e-06
4.999999999998256e-06
4.999999999998256e-06
4.999999999998252e-06

  218  0  0
4.999999999998257e-06
4.999999999998251e-06
4.999999999998256e-06
4.999999999998253e-06

  218  0  1
4.999999999998250e-06
4.999999999998256e-06
4.999999999998255e-06
4.999999999998253e-06

  219  0  0
4.999999999998257e-06
4.999999999998253e-06
4.999999999998256e-06
4.999999999998250e-06

  219  0  1
4.999999999998250e-06
4.999999999998256e-06
4.999999999998255e-06
4.999999999998255e-06

  220  0  0
4.999999999998257e-06
4.999999999998252e-06
4.999999999998255e-06
4.999999999998252e-06

  220  0  1
4.999999999998250e-06
4.999999999998256e-06
4.999999999998256e-06
4.999999999998255e-06

  221  0  0
4.999999999998258e-06
4.999999999998251e-06
4.999999999998255e-06
4.999999999998253e-06

  221  0  1
4.999999999998250e-06
4.999999999998256e-06
4.999999999998256e-06
4.999999999998255e-06

  222  0  0
4.999999999998257e-06
4.999999999998252e-06
4.999999999998256e-06
4.999999999998250e-06

  222  0  1
4.999999999998253e-06
4.999999999998256e-06
4.999999999998256e-06
4.999999999998254e-06

  223  0  0
4.999999999998258e-06
4.999999999998253e-06
4.999999999998254e-06
4.999999999998250e-06

  223  0  1
4.999999999998249e-06
4.999999999998256e-06
4.999999999998254e-06
4.999999999998254e-06

  224  0  0
4.999999999998257e-06
4.999999999998251e-06
4.999999999998256e-06
4.999999999998251e-06

  224  0  1
4.999999999998251e-06
4.999999999998256e-06
4.999999999998256e-06
4.999999999998253e-06

  225  0  0
4.999999999998257e-06
4.999999999998251e-06
4.999999999998256e-06
4.999999999998250e-06

  225  0  1
4.999999999998252e-06
4.999999999998256e-06
4.999999999998256e-06
4.999999999998255e-06

  226  0  0
4.999999999998257e-06
4.999999999998251e-06
4.999999999998256e-06
4.999999999998255e-06

  226  0  1
4.999999999998250e-06
4.999999999998256e-06
4.999999999998255e-06
4.999999999998255e-06

  227  0  0
4.999999999998257e-06
4.999999999998252e-06
4.999999999998256e-06
4.999999999998254e-06

  227  0  1
4.999999999998250e-06
4.999999999998256e-06
4.999999999998256e-06
4.999999999998255e-06

  228  0  0
4.999999999998257e-06
4.999999999998252e-06
4.999999999998255e-06
4.999999999998251e-06

  228  0  1
4.999999999998251e-06
4.999999999998256e-06
4.999999999998256e-06
4.999999999998254e-06

  229  0  0
4.999999999998256e-06
4.999999999998255e-06
4.999999999998254e-06
4.999999999998250e-06

  229  0  1
4.999999999998250e-06
4.999999999998256e-06
4.999999999998254e-06
4.999999999998254e-06

  230  0  0
4.999999999998258e-06
4.999999999998251e-06
4.999999999998255e-06
4.999999999998254e-06

  230  0  1
4.999999999998252e-06
4.999999999998256e-06
4.999999999998256e-06
4.999999999998254e-06

  231  0  0
4.999999999998257e-06
4.999999999998252e-06
4.999999999998256e-06
4.999999999998251e-06

  231  0  1
4.999999999998250e-06
4.999999999998256e-06
4.999999999998256e-06
4.999999999998255e-06

  232  0  0
4.999999999998258e-06
4.999999999998251e-06
4.999999999998256e-06
4.999999999998253e-06

  232  0  1
4.999999999998250e-06
4.999999999998256e-06
4.999999999998255e-06
4.999999999998255e-06

  233  0  0
4.999999999998257e-06
4.999999999998251e-06
4.999999999998256e-06
4.999999999998251e-06

  233  0  1
4.999999999998250e-06
4.999999999998256e-06
4.999999999998255e-06
4.999999999998255e-06

  234  0  0
4.999999999998256e-06
4.999999999998253e-06
4.999999999998256e-06
4.999999999998251e-06

  234  0  1
4.999999999998251e-06
4.999999999998256e-06
4.999999999998256e-06
4.999999999998253e-06

  235  0  0
4.999999999998257e-06
4.999999999998254e-06
4.999999999998256e-06
4.999999999998251e-06

  235  0  1
4.999999999998251e-06
4.999999999998256e-06
4.999999999998255e-06
4.999999999998254e-06

  236  0  0
4.999999999998258e-06
4.999999999998251e-06
4.999999999998256e-06
4.999999999998252e-06

  236  0  1
4.999999999998249e-06
4.999999999998256e-06
4.999999999998255e-06
4.999999999998254e-06

  237  0  0
4.999999999998256e-06
4.999999999998253e-06
4.999999999998254e-06
4.999999999998250e-06

  237  0  1
4.999999999998251e-06
4.999999999998256e-06
4.999999999998256e-06
4.999999999998255e-06

  238  0  0
4.999999999998258e-06
4.999999999998251e-06
4.999999999998256e-06
4.999999999998252e-06

  238  0  1
4.999999999998251e-06
4.999999999998256e-06
4.999999999998256e-06
4.999999999998255e-06

  239  0  0
4.999999999998258e-06
4.999999999998252e-06
4.999999999998256e-06
4.999999999998252e-06

  239  0  1
4.999999999998250e-06
4.999999999998256e-06
4.999999999998256e-06
4.999999999998254e-06

  240  0  0
4.999999999998257e-06
4.999999999998251e-06
4.999999999998256e-06
4.999999999998250e-06

  240  0  1
4.999999999998250e-06
4.999999999998256e-06
4.999999999998256e-06
4.999999999998254e-06

  241  0  0
4.999999999998257e-06
4.999999999998252e-06
4.999999999998256e-06
4.999999999998251e-06

  241  0  1
4.999999999998249e-06
4.999999999998256e-06
4.999999999998256e-06
4.999999999998255e-06

  242  0  0
4.999999999998258e-06
4.999999999998251e-06
4.999999999998256e-06
4.999999999998251e-06

  242  0  1
4.999999999998250e-06
4.999999999998256e-06
4.999999999998256e-06
4.999999999998255e-06

  243  0  0
4.999999999998256e-06
4.999999999998253e-06
4.999999999998256e-06
4.999999999998253e-06

  243  0  1
4.999999999998250e-06
4.999999999998256e-06
4.999999999998256e-06
4.999999999998255e-06

  244  0  0
4.999999999998258e-06
4.999999999998251e-06
4.999999999998256e-06
4.999999999998251e-06

  244  0  1
4.999999999998250e-06
4.999999999998256e-06
4.999999999998256e-06
4.999999999998255e-06

  245  0  0
4.999999999998257e-06
4.999999999998251e-06
4.999999999998256e-06
4.999999999998254e-06

  245  0  1
4.999999999998252e-06
4.999999999998256e-06
4.999999999998256e-06
4.999999999998255e-06

  246  0  0
4.999999999998257e-06
4.999999999998252e-06
4.999999999998255e-06
4.999999999998252e-06

  246  0  1
4.999999999998250e-06
4.999999999998256e-06
4.999999999998256e-06
4.999999999998254e-06

  247  0  0
4.999999999998257e-06
4.999999999998251e-06
4.999999999998256e-06
4.999999999998253e-06

  247  0  1
4.999999999998251e-06
4.999999999998256e-06
4.999999999998256e-06
4.999999999998255e-06

  248  0  0
4.999999999998256e-06
4.999999999998255e-06
4.999999999998255e-06
4.999999999998250e-06

  248  0  1
4.999999999998252e-06
4.999999999998256e-06
4.999999999998256e-06
4.999999999998254e-06

  249  0  0
4.999999999998257e-06
4.999999999998251e-06
4.999999999998256e-06
4.999999999998251e-06

  249  0  1
4.999999999998250e-06
4.999999999998256e-06
4.999999999998256e-06
4.999999999998255e-06

  250  0  0
4.999999999998257e-06
4.999999999998252e-06
4.999999999998255e-06
4.999999999998252e-06

  250  0  1
4.999999999998250e-06
4.999999999998256e-06
4.999999999998256e-06
4.999999999998254e-06

  251  0  0
4.999999999998256e-06
4.999999999998255e-06
4.999999999998255e-06
4.999999999998250e-06

  251  0  1
4.999999999998251e-06
4.999999999998256e-06
4.999999999998256e-06
4.999999999998254e-06

  252  0  0
4.999999999998257e-06
4.999999999998251e-06
4.999999999998256e-06
4.999999999998254e-06

  252  0  1
4.999999999998249e-06
4.999999999998256e-06
4.999999999998256e-06
4.999999999998253e-06

  253  0  0
4.999999999998257e-06
4.999999999998252e-06
4.999999999998256e-06
4.999999999998251e-06

  253  0  1
4.999999999998250e-06
4.999999999998256e-06
4.999999999998255e-06
4.999999999998253e-06

  254  0  0
4.999999999998258e-06
4.999999999998252e-06
4.999999999998255e-06
4.999999999998250e-06

  254  0  1
4.999999999998251e-06
4.999999999998256e-06
4.999999999998256e-06
4.999999999998255e-06

  255  0  0
4.999999999998258e-06
4.999999999998251e-06
4.999999999998256e-06
4.999999999998253e-06

  255  0  1
4.999999999998251e-06
4.999999999998256e-06
4.999999999998256e-06
4.999999999998254e-06

  256  0  0
4.999999999998257e-06
4.999999999998251e-06
4.999999999998256e-06
4.999999999998251e-06

  256  0  1
4.999999999998250e-06
4.999999999998256e-06
4.999999999998255e-06
4.999999999998255e-06

  257  0  0
4.999999999998257e-06
4.999999999998251e-06
4.999999999998255e-06
4.999999999998250e-06

  257  0  1
4.999999999998251e-06
4.999999999998256e-06
4.999999999998255e-06
4.999999999998254e-06

  258  0  0
4.999999999998257e-06
4.999999999998251e-06
4.999999999998255e-06
4.999999999998252e-06

  258  0  1
4.999999999998250e-06
4.999999999998256e-06
4.999999999998256e-06
4.999999999998254e-06

  259  0  0
4.999999999998257e-06
4.999999999998252e-06
4.999999999998256e-06
4.999999999998252e-06

  259  0  1
4.999999999998250e-06
4.999999999998256e-06
4.999999999998256e-06
4.999999999998255e-06

  260  0  0
4.999999999998257e-06
4.999999999998251e-06
4.999999999998255e-06
4.999999999998251e-06

  260  0  1
4.999999999998250e-06
4.999999999998256e-06
4.999999999998256e-06
4.999999999998254e-06

  261  0  0
4.999999999998258e-06
4.999999999998251e-06
4.999999999998256e-06
4.999999999998252e-06

  261  0  1
4.999999999998250e-06
4.999999999998256e-06
4.999999999998256e-06
4.999999999998254e-06

  262  0  0
4.999999999998256e-06
4.999999999998254e-06
4.999999999998256e-06
4.999999999998254e-06

  262  0  1
4.999999999998248e-06
4.999999999998257e-06
4.999999999998255e-06
4.999999999998253e-06

  263  0  0
4.999999999998256e-06
4.999999999998253e-06
4.999999999998255e-06
4.999999999998252e-06

  263  0  1
4.999999999998250e-06
4.999999999998256e-06
4.999999999998256e-06
4.999999999998255e-06

  264  0  0
4.999999999998258e-06
4.999999999998251e-06
4.999999999998256e-06
4.999999999998251e-06

  264  0  1
4.999999999998251e-06
4.999999999998256e-06
4.999999999998255e-06
4.999999999998255e-06

  265  0  0
4.999999999998257e-06
4.999999999998252e-06
4.999999999998256e-06
4.999999999998252e-06

  265  0  1
4.999999999998249e-06
4.999999999998256e-06
4.999999999998255e-06
4.999999999998254e-06

  266  0  0
4.999999999998258e-06
4.999999999998253e-06
4.999999999998256e-06
4.999999999998250e-06

  266  0  1
4.999999999998250e-06
4.999999999998256e-06
4.999999999998256e-06
4.999999999998255e-06

  267  0  0
4.999999999998257e-06
4.999999999998251e-06
4.999999999998256e-06
4.999999999998253e-06

  267  0  1
4.999999999998250e-06
4.999999999998256e-06
4.999999999998255e-06
4.999999999998255e-06

  268  0  0
4.999999999998256e-06
4.999999999998254e-06
4.999999999998256e-06
4.999999999998252e-06

  268  0  1
4.999999999998250e-06
4.999999999998256e-06
4.999999999998256e-06
4.999999999998255e-06

  269  0  0
4.999999999998258e-06
4.999999999998251e-06
4.999999999998256e-06
4.999999999998251e-06

  269  0  1
4.999999999998250e-06
4.999999999998256e-06
4.999999999998256e-06
4.999999999998255e-06

  270  0  0
4.999999999998257e-06
4.999999999998251e-06
4.999999999998256e-06
4.999999999998253e-06

  270  0  1
4.999999999998250e-06
4.999999999998256e-06
4.999999999998256e-06
4.999999999998254e-06

  271  0  0
4.999999999998257e-06
4.999999999998252e-06
4.999999999998256e-06
4.999999999998252e-06

  271  0  1
4.999999999998250e-06
4.999999999998256e-06
4.999999999998256e-06
4.999999999998255e-06

  272  0  0
4.999999999998257e-06
4.999999999998253e-06
4.999999999998256e-06
4.999999999998250e-06

  272  0  1
4.999999999998250e-06
4.999999999998256e-06
4.999999999998256e-06
4.999999999998255e-06

  273  0  0
4.999999999998257e-06
4.999999999998254e-06
4.999999999998255e-06
4.999999999998250e-06

  273  0  1
4.999999999998252e-06
4.999999999998256e-06
4.999999999998256e-06
4.999999999998255e-06

  274  0  0
4.999999999998258e-06
4.999999999998252e-06
4.999999999998256e-06
4.999999999998250e-06

  274  0  1
4.999999999998251e-06
4.999999999998256e-06
4.999999999998256e-06
4.999999999998253e-06

  275  0  0
4.999999999998257e-06
4.999999999998252e-06
4.999999999998255e-06
4.999999999998251e-06

  275  0  1
4.999999999998251e-06
4.999999999998256e-06
4.999999999998256e-06
4.999999999998254e-06

  276  0  0
4.999999999998256e-06
4.999999999998253e-06
4.999999999998255e-06
4.999999999998253e-06

  276  0  1
4.999999999998251e-06
4.999999999998256e-06
4.999999999998255e-06
4.999999999998253e-06

  277  0  0
4.999999999998257e-06
4.999999999998251e-06
4.999999999998256e-06
4.999999999998251e-06

  277  0  1
4.999999999998251e-06
4.999999999998255e-06
4.999999999998255e-06
4.999999999998255e-06

  278  0  0
4.999999999998258e-06
4.999999999998251e-06
4.999999999998256e-06
4.999999999998253e-06

  278  0  1
4.999999999998250e-06
4.999999999998256e-06
4.999999999998256e-06
4.999999999998255e-06

  279  0  0
4.999999999998258e-06
4.999999999998252e-06
4.999999999998256e-06
4.999999999998250e-06

  279  0  1
4.999999999998252e-06
4.999999999998256e-06
4.999999999998255e-06
4.999999999998255e-06

  280  0  0
4.999999999998258e-06
4.999999999998252e-06
4.999999999998256e-06
4.999999999998251e-06

  280  0  1
4.999999999998250e-06
4.999999999998256e-06
4.999999999998256e-06
4.999999999998255e-06

  281  0  0
4.999999999998258e-06
4.999999999998253e-06
4.999999999998255e-06
4.999999999998250e-06

  281  0  1
4.999999999998250e-06
4.999999999998256e-06
4.999999999998255e-06
4.999999999998255e-06

  282  0  0
4.999999999998258e-06
4.999999999998251e-06
4.999999999998256e-06
4.999999999998254e-06

  282  0  1
4.999999999998251e-06
4.999999999998256e-06
4.999999999998256e-06
4.999999999998254e-06

  283  0  0
4.999999999998257e-06
4.999999999998252e-06
4.999999999998256e-06
4.999999999998253e-06

  283  0  1
4.999999999998250e-06
4.999999999998256e-06
4.999999999998256e-06
4.999999999998255e-06

  284  0  0
4.999999999998258e-06
4.999999999998252e-06
4.999999999998256e-06
4.999999999998251e-06

  284  0  1
4.999999999998251e-06
4.999999999998256e-06
4.999999999998256e-06
4.999999999998255e-06

  285  0  0
4.999999999998258e-06
4.999999999998252e-06
4.999999999998256e-06
4.999999999998251e-06

  285  0  1
4.999999999998250e-06
4.999999999998256e-06
4.999999999998255e-06
4.999999999998254e-06

  286  0  0
4.999999999998258e-06
4.999999999998252e-06
4.999999999998256e-06
4.999999999998251e-06

  286  0  1
4.999999999998250e-06
4.999999999998256e-06
4.999999999998256e-06
4.999999999998255e-06

  287  0  0
4.999999999998258e-06
4.999999999998252e-06
4.999999999998256e-06
4.999999999998254e-06

  287  0  1
4.999999999998252e-06
4.999999999998256e-06
4.999999999998256e-06
4.999999999998255e-06

  288  0  0
4.999999999998257e-06
4.999999999998252e-06
4.999999999998255e-06
4.999999999998250e-06

  288  0  1
4.999999999998250e-06
4.999999999998256e-06
4.999999999998256e-06
4.999999999998255e-06

  289  0  0
4.999999999998258e-06
4.999999999998251e-06
4.999999999998256e-06
4.999999999998251e-06

  289  0  1
4.999999999998250e-06
4.999999999998256e-06
4.999999999998256e-06
4.999999999998255e-06

  290  0  0
4.999999999998258e-06
4.999999999998253e-06
4.999999999998255e-06
4.999999999998252e-06

  290  0  1
4.999999999998250e-06
4.999999999998256e-06
4.999999999998255e-06
4.999999999998254e-06

  291  0  0
4.999999999998257e-06
4.999999999998251e-06
4.999999999998256e-06
4.999999999998250e-06

  291  0  1
4.999999999998250e-06
4.999999999998256e-06
4.999999999998255e-06
4.999999999998254e-06

  292  0  0
4.999999999998257e-06
4.999999999998251e-06
4.999999999998256e-06
4.999999999998253e-06

  292  0  1
4.999999999998250e-06
4.999999999998256e-06
4.999999999998256e-06
4.999999999998254e-06

  293  0  0
4.999999999998256e-06
4.999999999998254e-06
4.999999999998255e-06
4.999999999998251e-06

  293  0  1
4.999999999998253e-06
4.999999999998256e-06
4.999999999998255e-06
4.999999999998255e-06

  294  0  0
4.999999999998257e-06
4.999999999998252e-06
4.999999999998256e-06
4.999999999998252e-06

  294  0  1
4.999999999998251e-06
4.999999999998256e-06
4.999999999998255e-06
4.999999999998255e-06

  295  0  0
4.999999999998257e-06
4.999999999998252e-06
4.999999999998256e-06
4.999999999998251e-06

  295  0  1
4.999999999998250e-06
4.999999999998256e-06
4.999999999998256e-06
4.999999999998254e-06

  296  0  0
4.999999999998257e-06
4.999999999998252e-06
4.999999999998256e-06
4.999999999998250e-06

  296  0  1
4.999999999998250e-06
4.999999999998256e-06
4.999999999998256e-06
4.999999999998254e-06

  297  0  0
4.999999999998258e-06
4.999999999998251e-06
4.999999999998255e-06
4.999999999998252e-06

  297  0  1
4.999999999998250e-06
4.999999999998256e-06
4.999999999998256e-06
4.999999999998255e-06

  298  0  0
4.999999999998256e-06
4.999999999998254e-06
4.999999999998256e-06
4.999999999998254e-06

  298  0  1
4.999999999998250e-06
4.999999999998256e-06
4.999999999998255e-06
4.999999999998255e-06

  299  0  0
4.999999999998257e-06
4.999999999998252e-06
4.999999999998255e-06
4.999999999998251e-06

  299  0  1
4.999999999998250e-06
4.999999999998256e-06
4.999999999998255e-06
4.999999999998254e-06

  300  0  0
4.999999999998256e-06
4.999999999998253e-06
4.999999999998255e-06
4.999999999998253e-06

  300  0  1
4.999999999998253e-06
4.999999999998256e-06
4.999999999998256e-06
4.999999999998254e-06

  301  0  0
4.999999999998257e-06
4.999999999998251e-06
4.999999999998256e-06
4.999999999998251e-06

  301  0  1
4.999999999998250e-06
4.999999999998256e-06
4.999999999998255e-06
4.999999999998254e-06

  302  0  0
4.999999999998257e-06
4.999999999998252e-06
4.999999999998256e-06
4.999999999998251e-06

  302  0  1
4.999999999998252e-06
4.999999999998256e-06
4.999999999998255e-06
4.999999999998255e-06

  303  0  0
4.999999999998257e-06
4.999999999998252e-06
4.999999999998255e-06
4.999999999998251e-06

  303  0  1
4.999999999998251e-06
4.999999999998256e-06
4.999999999998256e-06
4.999999999998254e-06

  304  0  0
4.999999999998258e-06
4.999999999998250e-06
4.999999999998256e-06
4.999999999998255e-06

  304  0  1
4.999999999998250e-06
4.999999999998256e-06
4.999999999998256e-06
4.999999999998255e-06

  305  0  0
4.999999999998256e-06
4.999999999998254e-06
4.999999999998255e-06
4.999999999998252e-06

  305  0  1
4.999999999998251e-06
4.999999999998256e-06
4.999999999998256e-06
4.999999999998254e-06

  306  0  0
4.999999999998258e-06
4.999999999998250e-06
4.999999999998256e-06
4.999999999998254e-06

  306  0  1
4.999999999998250e-06
4.999999999998256e-06
4.999999999998255e-06
4.999999999998255e-06

  307  0  0
4.999999999998256e-06
4.999999999998255e-06
4.999999999998256e-06
4.999999999998254e-06

  307  0  1
4.999999999998250e-06
4.999999999998256e-06
4.999999999998256e-06
4.999999999998254e-06

  308  0  0
4.999999999998257e-06
4.999999999998252e-06
4.999999999998255e-06
4.999999999998250e-06

  308  0  1
4.999999999998249e-06
4.999999999998256e-06
4.999999999998256e-06
4.999999999998254e-06

  309  0  0
4.999999999998256e-06
4.999999999998251e-06
4.999999999998248e-06
4.999999999998297e-06

  309  0  1
4.999999999998250e-06
4.999999999998256e-06
4.999999999998256e-06
4.999999999998254e-06

  310  0  0
4.999999999998238e-06
4.999999999998186e-06
4.999999999998440e-06
4.999999999997565e-06

  310  0  1
4.999999999998248e-06
4.999999999998260e-06
4.999999999998247e-06
4.999999999998466e-06

  311  0  0
4.999999999998743e-06
4.999999999999881e-06
4.999999999994399e-06
5.000000000012493e-06

  311  0  1
4.999999999998306e-06
4.999999999998689e-06
4.999999999997986e-06
4.999999999995027e-06

  312  0  0
5.000000000001014e-06
4.999999999972492e-06
5.000000000068123e-06
4.999999999831360e-06

  312  0  1
5.000000000003238e-06
5.000000000000725e-06
4.999999999993139e-06
5.000000000122491e-06

  313  0  0
4.999999999786977e-06
5.000000000468969e-06
4.999999998793752e-06
5.000000000244734e-06

  313  0  1
4.999999999888915e-06
4.999999999833360e-06
5.000000000359053e-06
4.999999996038597e-06

  314  0  0
5.000000008093250e-06
4.999999991959884e-06
5.000000018565147e-06
5.000000074213824e-06

  314  0  1
5.000000002394936e-06
5.000000006117935e-06
4.999999986451791e-06
5.000000114692307e-06

  315  0  0
4.999999743298085e-06
5.000000121298722e-06
4.999999779315558e-06
4.999996523587099e-06

  315  0  1
4.999999947622354e-06
4.999999809174437e-06
5.000000424497489e-06
4.999996857482304e-06

  316  0  0
5.000007435598486e-06
4.999998651545876e-06
5.000000438972873e-06
5.000118997988347e-06

  316  0  1
5.000001140998574e-06
5.000005462897238e-06
4.999987814592933e-06
5.000083016743111e-06

  317  0  0
4.999795857778955e-06
4.999998468746229e-06
5.000093790833202e-06
4.996406269161399e-06

  317  0  1
4.999975235891108e-06
4.999851370483512e-06
5.000332124018786e-06
4.997863329557500e-06

  318  0  0
5.005425443699444e-06
5.000733641258897e-06
4.995663202209407e-06
5.102308390111778e-06

  318  0  1
5.000544198108977e-06
5.003891240512839e-06
4.991315508949984e-06
5.054177280601489e-06

  319  0  0
4.869146120592403e-06
4.948732614856026e-06
5.230563898311533e-06
2.761859316741729e-06

  319  0  1
4.992687918240181e-06
4.891583104060867e-06
5.255505751206694e-06
3.783250420166611e-06

