#Cell  Group   Direction 
# Element_0
# Element_1
# Element_2
    0  0  0
1.813017269509167e-01
1.788096308514852e-01
1.763229093556784e-01

    0  0  1
1.730793238931161e+00
1.726453692163326e+00
1.722084570871981e+00

    1  0  0
1.748740800036075e-01
1.723796474887141e-01
1.698793433667983e-01

    1  0  1
1.719527818003963e+00
1.715110284313195e+00
1.710659732518162e+00

    2  0  0
1.684235382315006e-01
1.659242384343820e-01
1.634273399759558e-01

    2  0  1
1.708054085670386e+00
1.703549497555324e+00
1.699008341865286e+00

    3  0  0
1.619744262744027e-01
1.594793785725635e-01
1.569878213943350e-01

    3  0  1
1.696348243199139e+00
1.691746921532331e+00
1.687104921716438e+00

    4  0  0
1.555433622751303e-01
1.530685252838210e-01
1.506005428342792e-01

    4  0  1
1.684384118411694e+00
1.679674825835773e+00
1.674919789161335e+00

    5  0  0
1.491606253134598e-01
1.466743714381468e-01
1.441729937266661e-01

    5  0  1
1.672130947928676e+00
1.667300536373313e+00
1.662418873457372e+00

    6  0  0
1.427137205915546e-01
1.402176077329525e-01
1.377373111308541e-01

    6  0  1
1.659553658354495e+00
1.654587547698289e+00
1.649563229891472e+00

    7  0  0
1.363043174675356e-01
1.338371981934127e-01
1.313608891749090e-01

    7  0  1
1.646611683949757e+00
1.641491192895054e+00
1.636304899994892e+00

    8  0  0
1.299054620779324e-01
1.273931972346971e-01
1.248674675592560e-01

    8  0  1
1.633255514418196e+00
1.627960412723895e+00
1.622590603836557e+00

    9  0  0
1.233994652001646e-01
1.208860683438164e-01
1.183861138281524e-01

    9  0  1
1.619430002411450e+00
1.613936916637207e+00
1.608357521146459e+00

   10  0  0
1.169392010459606e-01
1.144546280621137e-01
1.119698822963447e-01

   10  0  1
1.605069263281578e+00
1.599346939320884e+00
1.593526098076049e+00

   11  0  0
1.105166789662178e-01
1.080116339217579e-01
1.054971995535249e-01

   11  0  1
1.590091883999977e+00
1.584107968305051e+00
1.578011567359877e+00

   12  0  0
1.040353219896089e-01
1.015339876871803e-01
9.904705844751048e-02

   12  0  1
1.574410336256559e+00
1.568127432405741e+00
1.561715229442109e+00

   13  0  0
9.760701189737013e-02
9.513157559359403e-02
9.265302251561745e-02

   13  0  1
1.557924981110610e+00
1.551292138291707e+00
1.544526506566223e+00

   14  0  0
9.120315541107468e-02
8.871663420587210e-02
8.623431653173060e-02

   14  0  1
1.540518427667180e+00
1.533493752318450e+00
1.526295100413483e+00

   15  0  0
8.479908636238338e-02
8.234509796735244e-02
7.990556486453954e-02

   15  0  1
1.522023191571258e+00
1.514534073234917e+00
1.506841722803650e+00

   16  0  0
7.848643533802095e-02
7.604021293184053e-02
7.358323019253940e-02

   16  0  1
1.502268706669298e+00
1.494236115544118e+00
1.485964303459096e+00

   17  0  0
7.214902927430010e-02
6.969770834876866e-02
6.726508153046792e-02

   17  0  1
1.481036816324711e+00
1.472365232410705e+00
1.463412598459772e+00

   18  0  0
6.586418895017263e-02
6.346653021528016e-02
6.107938248481920e-02

   18  0  1
1.458068220518719e+00
1.448644161785977e+00
1.438881012649469e+00

   19  0  0
5.968638228845071e-02
5.729261277886665e-02
5.490097875064791e-02

   19  0  1
1.433038055075464e+00
1.422706479408668e+00
1.411971538780689e+00

   20  0  0
5.352060068608661e-02
5.117305227527118e-02
4.885440046068636e-02

   20  0  1
1.405531256229987e+00
1.394108996039397e+00
1.382200902322507e+00

   21  0  0
4.751255187680576e-02
4.521293941030458e-02
4.291996477780614e-02

   21  0  1
1.375040108338787e+00
1.362306971172100e+00
1.348977768746966e+00

   22  0  0
4.158324368497506e-02
3.929487087087465e-02
3.702201706076633e-02

   22  0  1
1.340935878973172e+00
1.326588569943776e+00
1.311490582509519e+00

   23  0  0
3.571864601716004e-02
3.350412230837285e-02
3.131940696620236e-02

   23  0  1
1.302341709627229e+00
1.285963766831424e+00
1.268625901680339e+00

   24  0  0
3.005776383920111e-02
2.790638735431160e-02
2.577250807359724e-02

   24  0  1
1.258070440879861e+00
1.239077492134173e+00
1.218831388998973e+00

   25  0  0
2.453488309877752e-02
2.244570799639511e-02
2.041107831271331e-02

   25  0  1
1.206434448633721e+00
1.184011341060898e+00
1.159873291610781e+00

   26  0  0
1.926408847371405e-02
1.731124830731073e-02
1.538100678457808e-02

   26  0  1
1.144978134825917e+00
1.117811837556714e+00
1.088190377187012e+00

   27  0  0
1.427300998819424e-02
1.241776868008807e-02
1.060876196745901e-02

   27  0  1
1.069714557159873e+00
1.035684070785059e+00
9.978089966680320e-01

   28  0  0
9.573760350651651e-03
7.894095837155900e-03
6.326733495948391e-03

   28  0  1
9.737389340325586e-01
9.286496308507268e-01
8.765456064337441e-01

   29  0  0
5.438236150944688e-03
4.003947379169408e-03
2.671708280703390e-03

   29  0  1
8.421074471967045e-01
7.758074743317601e-01
6.916260909587738e-01

   30  0  0
1.911704823046830e-03
9.135209112978368e-04
2.290508623209362e-04

   30  0  1
6.347444345788855e-01
5.070256432650022e-01
2.437796025151319e-01

   31  0  0
-3.243308517367678e-05
1.346906658942819e-05
4.120484302723724e-06

   31  0  1
-4.837101297825831e-02
-5.005624592734528e-03
1.205116917728230e-03

   32  0  0
3.947734990776393e-06
5.273925602096715e-06
4.889501541756988e-06

   32  0  1
-1.765332714085039e-04
4.883844860751357e-05
-1.276134797442698e-05

   33  0  0
4.982396103914426e-06
5.004939275212748e-06
4.998003135745011e-06

   33  0  1
2.281149273326805e-06
5.740113267074928e-06
4.689075491160646e-06

   34  0  0
4.999727631333828e-06
5.000077012855943e-06
4.999968495029596e-06

   34  0  1
4.973840271507033e-06
5.007650400063607e-06
4.996354097974364e-06

   35  0  0
4.999996161493251e-06
5.000001096689105e-06
4.999999541509790e-06

   35  0  1
5.000173238472870e-06
4.999971582022754e-06
4.999994996915628e-06

   36  0  0
4.999999955605387e-06
5.000000013001806e-06
4.999999994278818e-06

   36  0  1
5.000018136170599e-06
4.999995577103376e-06
5.000001372975765e-06

   37  0  0
4.999999999767768e-06
5.000000000077017e-06
4.999999999953745e-06

   37  0  1
5.000000643312019e-06
4.999999837386028e-06
5.000000056209765e-06

   38  0  0
5.000000000007189e-06
4.999999999996098e-06
4.999999999998817e-06

   38  0  1
5.000000017839012e-06
4.999999995424087e-06
5.000000001641859e-06

   39  0  0
4.999999999998715e-06
4.999999999998138e-06
4.999999999998290e-06

   39  0  1
5.000000000436789e-06
4.999999999884899e-06
5.000000000039839e-06

   40  0  0
4.999999999998271e-06
4.999999999998261e-06
4.999999999998252e-06

   40  0  1
5.000000000008234e-06
4.999999999995674e-06
4.999999999999216e-06

   41  0  0
4.999999999998250e-06
4.999999999998250e-06
4.999999999998256e-06

   41  0  1
4.999999999998460e-06
4.999999999998193e-06
4.999999999998291e-06

   42  0  0
4.999999999998239e-06
4.999999999998250e-06
4.999999999998256e-06

   42  0  1
4.999999999998248e-06
4.999999999998249e-06
4.999999999998265e-06

   43  0  0
4.999999999998250e-06
4.999999999998250e-06
4.999999999998256e-06

   43  0  1
4.999999999998242e-06
4.999999999998250e-06
4.999999999998260e-06

   44  0  0
4.999999999998250e-06
4.999999999998250e-06
4.999999999998255e-06

   44  0  1
4.999999999998242e-06
4.999999999998250e-06
4.999999999998259e-06

   45  0  0
4.999999999998239e-06
4.999999999998250e-06
4.999999999998256e-06

   45  0  1
4.999999999998242e-06
4.999999999998250e-06
4.999999999998259e-06

   46  0  0
4.999999999998240e-06
4.999999999998250e-06
4.999999999998255e-06

   46  0  1
4.999999999998242e-06
4.999999999998250e-06
4.999999999998259e-06

   47  0  0
4.999999999998245e-06
4.999999999998250e-06
4.999999999998255e-06

   47  0  1
4.999999999998242e-06
4.999999999998250e-06
4.999999999998259e-06

   48  0  0
4.999999999998257e-06
4.999999999998250e-06
4.999999999998258e-06

   48  0  1
4.999999999998242e-06
4.999999999998250e-06
4.999999999998259e-06

   49  0  0
4.999999999998249e-06
4.999999999998250e-06
4.999999999998261e-06

   49  0  1
4.999999999998242e-06
4.999999999998250e-06
4.999999999998259e-06

   50  0  0
4.999999999998250e-06
4.999999999998250e-06
4.999999999998253e-06

   50  0  1
4.999999999998242e-06
4.999999999998250e-06
4.999999999998259e-06

   51  0  0
4.999999999998239e-06
4.999999999998250e-06
4.999999999998257e-06

   51  0  1
4.999999999998242e-06
4.999999999998250e-06
4.999999999998259e-06

   52  0  0
4.999999999998249e-06
4.999999999998250e-06
4.999999999998254e-06

   52  0  1
4.999999999998242e-06
4.999999999998250e-06
4.999999999998259e-06

   53  0  0
4.999999999998241e-06
4.999999999998250e-06
4.999999999998256e-06

   53  0  1
4.999999999998242e-06
4.999999999998250e-06
4.999999999998259e-06

   54  0  0
4.999999999998250e-06
4.999999999998250e-06
4.999999999998257e-06

   54  0  1
4.999999999998242e-06
4.999999999998250e-06
4.999999999998259e-06

   55  0  0
4.999999999998249e-06
4.999999999998250e-06
4.999999999998260e-06

   55  0  1
4.999999999998242e-06
4.999999999998250e-06
4.999999999998259e-06

   56  0  0
4.999999999998250e-06
4.999999999998250e-06
4.999999999998255e-06

   56  0  1
4.999999999998242e-06
4.999999999998250e-06
4.999999999998259e-06

   57  0  0
4.999999999998250e-06
4.999999999998250e-06
4.999999999998255e-06

   57  0  1
4.999999999998242e-06
4.999999999998250e-06
4.999999999998259e-06

   58  0  0
4.999999999998250e-06
4.999999999998250e-06
4.999999999998256e-06

   58  0  1
4.999999999998242e-06
4.999999999998250e-06
4.999999999998259e-06

   59  0  0
4.999999999998250e-06
4.999999999998250e-06
4.999999999998253e-06

   59  0  1
4.999999999998242e-06
4.999999999998250e-06
4.999999999998259e-06

   60  0  0
4.999999999998239e-06
4.999999999998250e-06
4.999999999998255e-06

   60  0  1
4.999999999998242e-06
4.999999999998250e-06
4.999999999998259e-06

   61  0  0
4.999999999998248e-06
4.999999999998250e-06
4.999999999998256e-06

   61  0  1
4.999999999998242e-06
4.999999999998250e-06
4.999999999998259e-06

   62  0  0
4.999999999998242e-06
4.999999999998250e-06
4.999999999998256e-06

   62  0  1
4.999999999998242e-06
4.999999999998250e-06
4.999999999998259e-06

   63  0  0
4.999999999998249e-06
4.999999999998250e-06
4.999999999998261e-06

   63  0  1
4.999999999998242e-06
4.999999999998250e-06
4.999999999998259e-06

   64  0  0
4.999999999998257e-06
4.999999999998250e-06
4.999999999998251e-06

   64  0  1
4.999999999998242e-06
4.999999999998250e-06
4.999999999998259e-06

   65  0  0
4.999999999998244e-06
4.999999999998250e-06
4.999999999998256e-06

   65  0  1
4.999999999998242e-06
4.999999999998250e-06
4.999999999998259e-06

   66  0  0
4.999999999998240e-06
4.999999999998250e-06
4.999999999998257e-06

   66  0  1
4.999999999998242e-06
4.999999999998250e-06
4.999999999998259e-06

   67  0  0
4.999999999998249e-06
4.999999999998250e-06
4.999999999998257e-06

   67  0  1
4.999999999998242e-06
4.999999999998250e-06
4.999999999998259e-06

   68  0  0
4.999999999998239e-06
4.999999999998250e-06
4.999999999998256e-06

   68  0  1
4.999999999998242e-06
4.999999999998250e-06
4.999999999998259e-06

   69  0  0
4.999999999998242e-06
4.999999999998250e-06
4.999999999998249e-06

   69  0  1
4.999999999998242e-06
4.999999999998250e-06
4.999999999998259e-06

   70  0  0
4.999999999998250e-06
4.999999999998257e-06
4.999999999998233e-06

   70  0  1
4.999999999998245e-06
4.999999999998250e-06
4.999999999998271e-06

   71  0  0
4.999999999998156e-06
4.999999999998552e-06
4.999999999996707e-06

   71  0  1
4.999999999998256e-06
4.999999999998300e-06
4.999999999997733e-06

   72  0  0
4.999999999994096e-06
5.000000000011005e-06
4.999999999947091e-06

   72  0  1
4.999999999996453e-06
5.000000000003438e-06
4.999999999979101e-06

   73  0  0
4.999999999870715e-06
5.000000000390808e-06
4.999999998423769e-06

   73  0  1
4.999999999939345e-06
5.000000000166386e-06
4.999999999380418e-06

   74  0  0
4.999999996224105e-06
5.000000011740851e-06
4.999999952774784e-06

   74  0  1
4.999999998150909e-06
5.000000005298745e-06
4.999999980502015e-06

   75  0  0
4.999999891987212e-06
5.000000340742869e-06
4.999998625274691e-06

   75  0  1
4.999999943502204e-06
5.000000163276598e-06
4.999999398827132e-06

   76  0  0
4.999997036112397e-06
5.000009521097373e-06
4.999961431812171e-06

   76  0  1
4.999998323447202e-06
5.000004889689147e-06
4.999981974376150e-06

   77  0  0
4.999923063165217e-06
5.000253397593284e-06
4.998968124050927e-06

   77  0  1
4.999952108808165e-06
5.000141349751357e-06
4.999478106639048e-06

   78  0  0
4.998152441254631e-06
5.006317329122851e-06
4.974135879554783e-06

   78  0  1
4.998699091980000e-06
5.003904270447066e-06
4.985572473743981e-06

   79  0  0
4.960124554469597e-06
5.146053218315974e-06
4.425909678731539e-06

   79  0  1
4.966808720573411e-06
5.102765622859776e-06
4.632278784078421e-06

