#Cell    Group    L_mom 
# Element_0
# Element_1
# Element_2
# Element_3
    0  0  0
1.914297998496028e+00
1.913084633020170e+00
1.911119195175038e+00
1.909903200186086e+00

    1  0  0
1.909903218874962e+00
1.908686407597368e+00
1.906715786930868e+00
1.905496785852999e+00

    2  0  0
1.905496753075037e+00
1.904276743965599e+00
1.902300484970218e+00
1.901077653965576e+00

    3  0  0
1.901077676633173e+00
1.899853875511271e+00
1.897871834514005e+00
1.896645828186964e+00

    4  0  0
1.896645824007906e+00
1.895418967721586e+00
1.893431949600588e+00
1.892202543799787e+00

    5  0  0
1.892202538358549e+00
1.890972021384786e+00
1.888978673883738e+00
1.887745316350911e+00

    6  0  0
1.887745338266875e+00
1.886510998743825e+00
1.884511608869091e+00
1.883274477280130e+00

    7  0  0
1.883274455798502e+00
1.882036017062713e+00
1.880029326715256e+00
1.878787273516544e+00

    8  0  0
1.878787302291847e+00
1.877544007484428e+00
1.875529838025930e+00
1.874283627329600e+00

    9  0  0
1.874283612485184e+00
1.873036267863563e+00
1.871015330585257e+00
1.869764430370451e+00

   10  0  0
1.869764415547324e+00
1.868511909434364e+00
1.866482083972675e+00
1.865225754548455e+00

   11  0  0
1.865225803302833e+00
1.863968461512940e+00
1.861932034519732e+00
1.860672326777599e+00

   12  0  0
1.860672270327814e+00
1.859411381032379e+00
1.857368444299513e+00
1.856103886560831e+00

   13  0  0
1.856103916548771e+00
1.854837958958940e+00
1.852786952598039e+00
1.851517969218172e+00

   14  0  0
1.851517973828803e+00
1.850248024713092e+00
1.848190808235844e+00
1.846917668116199e+00

   15  0  0
1.846917624178623e+00
1.845642807688831e+00
1.843576586077434e+00
1.842297431506914e+00

   16  0  0
1.842297501098001e+00
1.841017116707782e+00
1.838942937703128e+00
1.837659607069375e+00

   17  0  0
1.837659538268522e+00
1.836374726690917e+00
1.834292322087302e+00
1.833002890471880e+00

   18  0  0
1.833002931009132e+00
1.831711882340336e+00
1.829619897867956e+00
1.828325482907361e+00

   19  0  0
1.828325467388560e+00
1.827029905658195e+00
1.824930771919390e+00
1.823631330764952e+00

   20  0  0
1.823631295483221e+00
1.822329964180751e+00
1.820220562973712e+00
1.818914695108578e+00

   21  0  0
1.818914753302435e+00
1.817607596520369e+00
1.815489879176959e+00
1.814179436751124e+00

   22  0  0
1.814179380723365e+00
1.812867368017291e+00
1.810740925899636e+00
1.809424298515717e+00

   23  0  0
1.809424319122779e+00
1.808105879851336e+00
1.805968850243588e+00
1.804645895299293e+00

   24  0  0
1.804645902534500e+00
1.803321330015435e+00
1.801174494940737e+00
1.799845282678537e+00

   25  0  0
1.799845247705503e+00
1.798513900734702e+00
1.796355127176700e+00
1.795018035347031e+00

   26  0  0
1.795018084122914e+00
1.793679090663117e+00
1.791508778557031e+00
1.790165345957055e+00

   27  0  0
1.790165313899300e+00
1.788820134647990e+00
1.786639657364810e+00
1.785289415317486e+00

   28  0  0
1.785289414230543e+00
1.783937107915159e+00
1.781744829710032e+00
1.780387479516302e+00

   29  0  0
1.780387496218812e+00
1.779028404563454e+00
1.776825504395881e+00
1.775461558603187e+00

   30  0  0
1.775461522016893e+00
1.774095398022941e+00
1.771880223081800e+00
1.770508146401343e+00

   31  0  0
1.770508180309907e+00
1.769133965229752e+00
1.766906007132207e+00
1.765526421682539e+00

   32  0  0
1.765526401147469e+00
1.764144631811049e+00
1.761903940982054e+00
1.760515795512706e+00

   33  0  0
1.760515797418980e+00
1.759125059244788e+00
1.756869595946830e+00
1.755472685203458e+00

   34  0  0
1.755472718928879e+00
1.754073828783028e+00
1.751806011660608e+00
1.750401601871547e+00

   35  0  0
1.750401539933050e+00
1.748994495881029e+00
1.746712150311489e+00
1.745297913487309e+00

   36  0  0
1.745297972661301e+00
1.743881251874615e+00
1.741583881538593e+00
1.740161120170608e+00

   37  0  0
1.740161091236972e+00
1.738735976886780e+00
1.736424813280152e+00
1.734992912210741e+00

   38  0  0
1.734992900736025e+00
1.733558096643030e+00
1.731230432385471e+00
1.729788119320431e+00

   39  0  0
1.729788158181111e+00
1.728343234631280e+00
1.725999794743118e+00
1.724548120495909e+00

   40  0  0
1.724548084265349e+00
1.723093575198364e+00
1.720733909887073e+00
1.719271497144470e+00

   41  0  0
1.719271525007417e+00
1.717806067396844e+00
1.715428641592593e+00
1.713955567179849e+00

   42  0  0
1.713955570976827e+00
1.712479610470713e+00
1.710085133766529e+00
1.708601173286012e+00

   43  0  0
1.708601164747147e+00
1.707113946885349e+00
1.704700704674389e+00
1.703205041898951e+00

   44  0  0
1.703205063519124e+00
1.701706322870779e+00
1.699274679218632e+00
1.697767696350904e+00

   45  0  0
1.697767667690477e+00
1.696257301686394e+00
1.693806111511511e+00
1.692286505247331e+00

   46  0  0
1.692286522177090e+00
1.690763379690807e+00
1.688291493435259e+00
1.686759326710033e+00

   47  0  0
1.686759330887644e+00
1.685223749744024e+00
1.682731708588472e+00
1.681186775191706e+00

   48  0  0
1.681186757161157e+00
1.679637937874362e+00
1.677123656993641e+00
1.675564621787938e+00

   49  0  0
1.675564661747345e+00
1.674001879977320e+00
1.671465318626382e+00
1.669892742367862e+00

   50  0  0
1.669892711683415e+00
1.668316164943248e+00
1.665756595344974e+00
1.664169157517521e+00

   51  0  0
1.664169178976712e+00
1.662577533434476e+00
1.659993424097357e+00
1.658391028395665e+00

   52  0  0
1.658391032946817e+00
1.656784534712094e+00
1.654176233711694e+00
1.652558481042113e+00

   53  0  0
1.652558464608988e+00
1.650936084476759e+00
1.648301223610156e+00
1.646666718780766e+00

   54  0  0
1.646666759866927e+00
1.645027794325719e+00
1.642366455904091e+00
1.640715827866920e+00

   55  0  0
1.640715799173931e+00
1.639060442560839e+00
1.636371745326350e+00
1.634703444956932e+00

   56  0  0
1.634703465322425e+00
1.633030098368708e+00
1.630311919745153e+00
1.628625521020490e+00

   57  0  0
1.628625536564782e+00
1.626934218452950e+00
1.624186950932456e+00
1.622482249357353e+00

   58  0  0
1.622482222354393e+00
1.620771993098061e+00
1.617993002062706e+00
1.616268123512650e+00

   59  0  0
1.616268173059306e+00
1.614537867949122e+00
1.611726741293297e+00
1.609982345749400e+00

   60  0  0
1.609982315000413e+00
1.608232265107695e+00
1.605388315930566e+00
1.603622750581081e+00

   61  0  0
1.603622763691337e+00
1.601851080893244e+00
1.598971547638793e+00
1.597184019809173e+00

   62  0  0
1.597184037829789e+00
1.595390567464069e+00
1.592475762188186e+00
1.590666133436462e+00

   63  0  0
1.590666093085018e+00
1.588849830832554e+00
1.585896806599780e+00
1.584062800998175e+00

   64  0  0
1.584062852156665e+00
1.582222196171061e+00
1.579229958384434e+00
1.577372062884649e+00

   65  0  0
1.577372034150053e+00
1.575507307984181e+00
1.572475211897341e+00
1.570591719351394e+00

   66  0  0
1.570591723001398e+00
1.568700792087127e+00
1.565625438480200e+00
1.563715090902745e+00

   67  0  0
1.563715115279176e+00
1.561797467729571e+00
1.558678872352467e+00
1.556741527248662e+00

   68  0  0
1.556741485292420e+00
1.554796094683446e+00
1.551631063004442e+00
1.549664039711509e+00

   69  0  0
1.549664087413040e+00
1.547688886439373e+00
1.544475606655492e+00
1.542479059141614e+00

   70  0  0
1.542479033254326e+00
1.540474118062331e+00
1.537211872188575e+00
1.535184055847723e+00

   71  0  0
1.535184051938919e+00
1.533147085631458e+00
1.529831770558659e+00
1.527770769724952e+00

   72  0  0
1.527770818583077e+00
1.525700734674210e+00
1.522331776897495e+00
1.520237390678604e+00

   73  0  0
1.520237340004144e+00
1.518133123333665e+00
1.514707105237398e+00
1.512576240367110e+00

   74  0  0
1.512576291945684e+00
1.510435184938708e+00
1.506949211657770e+00
1.504781467289154e+00

   75  0  0
1.504781456238251e+00
1.502603343025246e+00
1.499056535153682e+00
1.496850121450050e+00

   76  0  0
1.496850106523843e+00
1.494632354159420e+00
1.491019738299640e+00
1.488771979203256e+00

   77  0  0
1.488772059510982e+00
1.486512861732162e+00
1.482833051457093e+00
1.480543589786476e+00

   78  0  0
1.480543479384102e+00
1.478241992763732e+00
1.474490859240853e+00
1.472155882043974e+00

   79  0  0
1.472155783271019e+00
1.469808267350902e+00
1.465981635311544e+00
1.463599822616288e+00

   80  0  0
1.463599797818227e+00
1.461204892382104e+00
1.457301456949180e+00
1.454870996558845e+00

   81  0  0
1.454870979707180e+00
1.452426188988426e+00
1.448439864189191e+00
1.445957053318473e+00

   82  0  0
1.445957075442300e+00
1.443459793339369e+00
1.439387490780605e+00
1.436851086362138e+00

   83  0  0
1.436851044501946e+00
1.434299176673094e+00
1.430136585063029e+00
1.427542627254788e+00

   84  0  0
1.427542669090540e+00
1.424932207525902e+00
1.420673256042976e+00
1.418019366089158e+00

   85  0  0
1.418019206680833e+00
1.415348934627949e+00
1.410990719387985e+00
1.408274261352454e+00

   86  0  0
1.408274183131213e+00
1.405539377867761e+00
1.401074921715604e+00
1.398290995299047e+00

   87  0  0
1.398291084982671e+00
1.395488154083690e+00
1.390912371694249e+00
1.388059033703470e+00

   88  0  0
1.388058918788161e+00
1.385185720566823e+00
1.380492407439111e+00
1.377563975505214e+00

   89  0  0
1.377563988113955e+00
1.374613941018278e+00
1.369794360420820e+00
1.366786816389898e+00

   90  0  0
1.366786883522915e+00
1.363757120335975e+00
1.358806918404559e+00
1.355717210911578e+00

   91  0  0
1.355717137892459e+00
1.352603376350264e+00
1.347513084987781e+00
1.344334267485142e+00

   92  0  0
1.344334327867230e+00
1.341130092682351e+00
1.335890930086071e+00
1.332618704560933e+00

   93  0  0
1.332618694364669e+00
1.329319685276386e+00
1.323923574678834e+00
1.320551721925175e+00

   94  0  0
1.320551738916025e+00
1.317150761837807e+00
1.311585521469179e+00
1.308106805601108e+00

   95  0  0
1.308106862266346e+00
1.304597840471546e+00
1.298854542141656e+00
1.295263654871352e+00

   96  0  0
1.295263597123877e+00
1.291639951559164e+00
1.285705501196225e+00
1.281992590139412e+00

   97  0  0
1.281992643967794e+00
1.278244531268001e+00
1.272104223036473e+00
1.268261832282774e+00

   98  0  0
1.268261835296253e+00
1.264382309001739e+00
1.258024204719281e+00
1.254043298827058e+00

   99  0  0
1.254043272963621e+00
1.250021711242464e+00
1.243426673896644e+00
1.239295103860674e+00

  100  0  0
1.239295174585220e+00
1.235120387714369e+00
1.228271782693475e+00
1.223980030085378e+00

  101  0  0
1.223979983902036e+00
1.219641369487893e+00
1.212519116339731e+00
1.208052165681769e+00

  102  0  0
1.208052222950899e+00
1.203534247504260e+00
1.196113531024444e+00
1.191457624916992e+00

  103  0  0
1.191457628877331e+00
1.186746821649615e+00
1.179004754471092e+00
1.174143552694711e+00

  104  0  0
1.174143565538454e+00
1.169221955909957e+00
1.161126945226255e+00
1.156040203203333e+00

  105  0  0
1.156040258349975e+00
1.150887658491979e+00
1.142407277615066e+00
1.137075245489119e+00

  106  0  0
1.137075270241646e+00
1.131671100746361e+00
1.122768801100061e+00
1.117165420416183e+00

  107  0  0
1.117165458654649e+00
1.111481711779616e+00
1.102109637070071e+00
1.096205682830173e+00

  108  0  0
1.096205820519167e+00
1.090213294256341e+00
1.080323362188648e+00
1.074086594827419e+00

  109  0  0
1.074086828967379e+00
1.067750343991978e+00
1.057279552473618e+00
1.050667921538201e+00

  110  0  0
1.050667982401782e+00
1.043945139260072e+00
1.032821994181009e+00
1.025790208236848e+00

  111  0  0
1.025790578196318e+00
1.018632051456951e+00
1.006771207449798e+00
9.992602884371163e-01

  112  0  0
9.992604456707406e-01
9.916045131746025e-01
9.788953983422239e-01
9.708326358294348e-01

  113  0  0
9.708330079317790e-01
9.626029211659461e-01
9.489148071655660e-01
9.402129454007897e-01

  114  0  0
9.402131837721092e-01
9.313147844848831e-01
9.164775986570938e-01
9.070199408908709e-01

  115  0  0
9.070208948326663e-01
8.973265783231470e-01
8.811173621803441e-01
8.707541948553666e-01

  116  0  0
8.707548912852585e-01
8.601074575947356e-01
8.422359484574503e-01
8.307627275533340e-01

  117  0  0
8.307646148214124e-01
8.189350110224903e-01
7.989843913308000e-01
7.861065251108211e-01

  118  0  0
7.861108127198785e-01
7.727709814015995e-01
7.501336485463777e-01
7.354210027839225e-01

  119  0  0
7.354255720791797e-01
7.200954082408343e-01
6.938447059088455e-01
6.766036918481519e-01

  120  0  0
6.766177998454430e-01
6.584648413753441e-01
6.269797091756443e-01
6.059543734542964e-01

  121  0  0
6.059209945166761e-01
5.835194624697176e-01
5.436791217181798e-01
5.160616154495651e-01

  122  0  0
5.145165873338676e-01
4.864315454222445e-01
4.300263561874829e-01
3.852577546228913e-01

  123  0  0
3.457579854591158e-01
3.519405203261488e-01
2.133747810458128e-01
5.193232431883790e-02

  124  0  0
2.715002855826643e-02
1.320119237354107e-03
-3.391629462842578e-04
4.751598962209234e-04

  125  0  0
1.332509233587884e-04
1.525961674371160e-05
8.265153429539933e-06
1.205406344465868e-05

  126  0  0
1.054879288490282e-05
1.002394691866820e-05
9.992108499301857e-06
1.000929117002380e-05

  127  0  0
1.000252466987298e-05
1.000011108916067e-05
9.999963357877371e-06
1.000004313523374e-05

  128  0  0
1.000001175801489e-05
1.000000051243537e-05
9.999999830296569e-06
1.000000020080455e-05

  129  0  0
1.000000005408266e-05
1.000000000228821e-05
9.999999999232118e-06
1.000000000091064e-05

  130  0  0
1.000000000023600e-05
1.000000000000615e-05
9.999999999993250e-06
1.000000000000047e-05

  131  0  0
9.999999999997499e-06
9.999999999996543e-06
9.999999999996496e-06
9.999999999996526e-06

  132  0  0
9.999999999996509e-06
9.999999999996508e-06
9.999999999996509e-06
9.999999999996508e-06

  133  0  0
9.999999999996509e-06
9.999999999996506e-06
9.999999999996508e-06
9.999999999996509e-06

  134  0  0
9.999999999996506e-06
9.999999999996506e-06
9.999999999996508e-06
9.999999999996506e-06

  135  0  0
9.999999999996508e-06
9.999999999996506e-06
9.999999999996509e-06
9.999999999996509e-06

  136  0  0
9.999999999996506e-06
9.999999999996509e-06
9.999999999996506e-06
9.999999999996509e-06

  137  0  0
9.999999999996506e-06
9.999999999996508e-06
9.999999999996506e-06
9.999999999996509e-06

  138  0  0
9.999999999996509e-06
9.999999999996508e-06
9.999999999996508e-06
9.999999999996513e-06

  139  0  0
9.999999999996506e-06
9.999999999996509e-06
9.999999999996509e-06
9.999999999996509e-06

  140  0  0
9.999999999996506e-06
9.999999999996508e-06
9.999999999996509e-06
9.999999999996508e-06

  141  0  0
9.999999999996504e-06
9.999999999996506e-06
9.999999999996508e-06
9.999999999996508e-06

  142  0  0
9.999999999996506e-06
9.999999999996506e-06
9.999999999996508e-06
9.999999999996508e-06

  143  0  0
9.999999999996506e-06
9.999999999996506e-06
9.999999999996508e-06
9.999999999996508e-06

  144  0  0
9.999999999996506e-06
9.999999999996506e-06
9.999999999996508e-06
9.999999999996508e-06

  145  0  0
9.999999999996506e-06
9.999999999996506e-06
9.999999999996508e-06
9.999999999996508e-06

  146  0  0
9.999999999996506e-06
9.999999999996506e-06
9.999999999996508e-06
9.999999999996508e-06

  147  0  0
9.999999999996506e-06
9.999999999996506e-06
9.999999999996508e-06
9.999999999996508e-06

  148  0  0
9.999999999996506e-06
9.999999999996506e-06
9.999999999996508e-06
9.999999999996508e-06

  149  0  0
9.999999999996506e-06
9.999999999996506e-06
9.999999999996508e-06
9.999999999996508e-06

  150  0  0
9.999999999996506e-06
9.999999999996506e-06
9.999999999996508e-06
9.999999999996508e-06

  151  0  0
9.999999999996506e-06
9.999999999996506e-06
9.999999999996508e-06
9.999999999996508e-06

  152  0  0
9.999999999996506e-06
9.999999999996506e-06
9.999999999996508e-06
9.999999999996508e-06

  153  0  0
9.999999999996506e-06
9.999999999996506e-06
9.999999999996508e-06
9.999999999996508e-06

  154  0  0
9.999999999996506e-06
9.999999999996506e-06
9.999999999996508e-06
9.999999999996508e-06

  155  0  0
9.999999999996506e-06
9.999999999996506e-06
9.999999999996508e-06
9.999999999996508e-06

  156  0  0
9.999999999996506e-06
9.999999999996506e-06
9.999999999996508e-06
9.999999999996508e-06

  157  0  0
9.999999999996506e-06
9.999999999996506e-06
9.999999999996508e-06
9.999999999996508e-06

  158  0  0
9.999999999996506e-06
9.999999999996506e-06
9.999999999996508e-06
9.999999999996508e-06

  159  0  0
9.999999999996506e-06
9.999999999996506e-06
9.999999999996508e-06
9.999999999996508e-06

  160  0  0
9.999999999996506e-06
9.999999999996506e-06
9.999999999996508e-06
9.999999999996508e-06

  161  0  0
9.999999999996506e-06
9.999999999996506e-06
9.999999999996508e-06
9.999999999996508e-06

  162  0  0
9.999999999996506e-06
9.999999999996506e-06
9.999999999996508e-06
9.999999999996508e-06

  163  0  0
9.999999999996506e-06
9.999999999996506e-06
9.999999999996508e-06
9.999999999996508e-06

  164  0  0
9.999999999996506e-06
9.999999999996506e-06
9.999999999996508e-06
9.999999999996508e-06

  165  0  0
9.999999999996506e-06
9.999999999996506e-06
9.999999999996508e-06
9.999999999996508e-06

  166  0  0
9.999999999996506e-06
9.999999999996506e-06
9.999999999996508e-06
9.999999999996508e-06

  167  0  0
9.999999999996506e-06
9.999999999996506e-06
9.999999999996508e-06
9.999999999996508e-06

  168  0  0
9.999999999996506e-06
9.999999999996506e-06
9.999999999996508e-06
9.999999999996508e-06

  169  0  0
9.999999999996506e-06
9.999999999996506e-06
9.999999999996508e-06
9.999999999996508e-06

  170  0  0
9.999999999996506e-06
9.999999999996506e-06
9.999999999996508e-06
9.999999999996508e-06

  171  0  0
9.999999999996506e-06
9.999999999996506e-06
9.999999999996508e-06
9.999999999996508e-06

  172  0  0
9.999999999996506e-06
9.999999999996506e-06
9.999999999996508e-06
9.999999999996508e-06

  173  0  0
9.999999999996506e-06
9.999999999996506e-06
9.999999999996508e-06
9.999999999996508e-06

  174  0  0
9.999999999996506e-06
9.999999999996506e-06
9.999999999996508e-06
9.999999999996508e-06

  175  0  0
9.999999999996506e-06
9.999999999996506e-06
9.999999999996508e-06
9.999999999996508e-06

  176  0  0
9.999999999996506e-06
9.999999999996506e-06
9.999999999996508e-06
9.999999999996508e-06

  177  0  0
9.999999999996506e-06
9.999999999996506e-06
9.999999999996508e-06
9.999999999996508e-06

  178  0  0
9.999999999996506e-06
9.999999999996506e-06
9.999999999996508e-06
9.999999999996508e-06

  179  0  0
9.999999999996506e-06
9.999999999996506e-06
9.999999999996508e-06
9.999999999996508e-06

  180  0  0
9.999999999996506e-06
9.999999999996506e-06
9.999999999996508e-06
9.999999999996508e-06

  181  0  0
9.999999999996506e-06
9.999999999996506e-06
9.999999999996508e-06
9.999999999996508e-06

  182  0  0
9.999999999996506e-06
9.999999999996506e-06
9.999999999996508e-06
9.999999999996508e-06

  183  0  0
9.999999999996506e-06
9.999999999996506e-06
9.999999999996508e-06
9.999999999996508e-06

  184  0  0
9.999999999996506e-06
9.999999999996506e-06
9.999999999996508e-06
9.999999999996508e-06

  185  0  0
9.999999999996506e-06
9.999999999996506e-06
9.999999999996508e-06
9.999999999996508e-06

  186  0  0
9.999999999996506e-06
9.999999999996506e-06
9.999999999996508e-06
9.999999999996508e-06

  187  0  0
9.999999999996506e-06
9.999999999996506e-06
9.999999999996508e-06
9.999999999996508e-06

  188  0  0
9.999999999996506e-06
9.999999999996506e-06
9.999999999996508e-06
9.999999999996508e-06

  189  0  0
9.999999999996506e-06
9.999999999996506e-06
9.999999999996508e-06
9.999999999996508e-06

  190  0  0
9.999999999996506e-06
9.999999999996506e-06
9.999999999996508e-06
9.999999999996508e-06

  191  0  0
9.999999999996506e-06
9.999999999996506e-06
9.999999999996508e-06
9.999999999996508e-06

  192  0  0
9.999999999996506e-06
9.999999999996506e-06
9.999999999996508e-06
9.999999999996508e-06

  193  0  0
9.999999999996506e-06
9.999999999996506e-06
9.999999999996508e-06
9.999999999996508e-06

  194  0  0
9.999999999996506e-06
9.999999999996506e-06
9.999999999996508e-06
9.999999999996508e-06

  195  0  0
9.999999999996506e-06
9.999999999996506e-06
9.999999999996508e-06
9.999999999996508e-06

  196  0  0
9.999999999996506e-06
9.999999999996506e-06
9.999999999996508e-06
9.999999999996508e-06

  197  0  0
9.999999999996506e-06
9.999999999996506e-06
9.999999999996508e-06
9.999999999996508e-06

  198  0  0
9.999999999996506e-06
9.999999999996506e-06
9.999999999996508e-06
9.999999999996508e-06

  199  0  0
9.999999999996506e-06
9.999999999996506e-06
9.999999999996508e-06
9.999999999996508e-06

  200  0  0
9.999999999996506e-06
9.999999999996506e-06
9.999999999996508e-06
9.999999999996508e-06

  201  0  0
9.999999999996506e-06
9.999999999996506e-06
9.999999999996508e-06
9.999999999996508e-06

  202  0  0
9.999999999996506e-06
9.999999999996506e-06
9.999999999996508e-06
9.999999999996508e-06

  203  0  0
9.999999999996506e-06
9.999999999996506e-06
9.999999999996508e-06
9.999999999996508e-06

  204  0  0
9.999999999996506e-06
9.999999999996506e-06
9.999999999996508e-06
9.999999999996508e-06

  205  0  0
9.999999999996506e-06
9.999999999996506e-06
9.999999999996508e-06
9.999999999996508e-06

  206  0  0
9.999999999996506e-06
9.999999999996506e-06
9.999999999996508e-06
9.999999999996508e-06

  207  0  0
9.999999999996506e-06
9.999999999996506e-06
9.999999999996508e-06
9.999999999996508e-06

  208  0  0
9.999999999996506e-06
9.999999999996506e-06
9.999999999996508e-06
9.999999999996508e-06

  209  0  0
9.999999999996506e-06
9.999999999996506e-06
9.999999999996508e-06
9.999999999996508e-06

  210  0  0
9.999999999996506e-06
9.999999999996506e-06
9.999999999996508e-06
9.999999999996508e-06

  211  0  0
9.999999999996506e-06
9.999999999996506e-06
9.999999999996508e-06
9.999999999996508e-06

  212  0  0
9.999999999996506e-06
9.999999999996506e-06
9.999999999996508e-06
9.999999999996508e-06

  213  0  0
9.999999999996506e-06
9.999999999996506e-06
9.999999999996508e-06
9.999999999996508e-06

  214  0  0
9.999999999996506e-06
9.999999999996506e-06
9.999999999996508e-06
9.999999999996508e-06

  215  0  0
9.999999999996506e-06
9.999999999996506e-06
9.999999999996508e-06
9.999999999996508e-06

  216  0  0
9.999999999996506e-06
9.999999999996506e-06
9.999999999996508e-06
9.999999999996508e-06

  217  0  0
9.999999999996506e-06
9.999999999996506e-06
9.999999999996508e-06
9.999999999996508e-06

  218  0  0
9.999999999996506e-06
9.999999999996506e-06
9.999999999996508e-06
9.999999999996508e-06

  219  0  0
9.999999999996506e-06
9.999999999996506e-06
9.999999999996508e-06
9.999999999996508e-06

  220  0  0
9.999999999996506e-06
9.999999999996506e-06
9.999999999996508e-06
9.999999999996508e-06

  221  0  0
9.999999999996506e-06
9.999999999996506e-06
9.999999999996508e-06
9.999999999996508e-06

  222  0  0
9.999999999996506e-06
9.999999999996506e-06
9.999999999996508e-06
9.999999999996508e-06

  223  0  0
9.999999999996506e-06
9.999999999996506e-06
9.999999999996508e-06
9.999999999996508e-06

  224  0  0
9.999999999996506e-06
9.999999999996506e-06
9.999999999996508e-06
9.999999999996508e-06

  225  0  0
9.999999999996506e-06
9.999999999996506e-06
9.999999999996508e-06
9.999999999996508e-06

  226  0  0
9.999999999996506e-06
9.999999999996506e-06
9.999999999996508e-06
9.999999999996508e-06

  227  0  0
9.999999999996506e-06
9.999999999996506e-06
9.999999999996508e-06
9.999999999996508e-06

  228  0  0
9.999999999996506e-06
9.999999999996506e-06
9.999999999996508e-06
9.999999999996508e-06

  229  0  0
9.999999999996506e-06
9.999999999996506e-06
9.999999999996508e-06
9.999999999996508e-06

  230  0  0
9.999999999996506e-06
9.999999999996506e-06
9.999999999996508e-06
9.999999999996508e-06

  231  0  0
9.999999999996506e-06
9.999999999996506e-06
9.999999999996508e-06
9.999999999996508e-06

  232  0  0
9.999999999996506e-06
9.999999999996506e-06
9.999999999996508e-06
9.999999999996508e-06

  233  0  0
9.999999999996506e-06
9.999999999996506e-06
9.999999999996508e-06
9.999999999996508e-06

  234  0  0
9.999999999996506e-06
9.999999999996506e-06
9.999999999996508e-06
9.999999999996508e-06

  235  0  0
9.999999999996506e-06
9.999999999996506e-06
9.999999999996508e-06
9.999999999996508e-06

  236  0  0
9.999999999996506e-06
9.999999999996506e-06
9.999999999996508e-06
9.999999999996508e-06

  237  0  0
9.999999999996506e-06
9.999999999996506e-06
9.999999999996508e-06
9.999999999996508e-06

  238  0  0
9.999999999996506e-06
9.999999999996506e-06
9.999999999996508e-06
9.999999999996508e-06

  239  0  0
9.999999999996506e-06
9.999999999996506e-06
9.999999999996508e-06
9.999999999996508e-06

  240  0  0
9.999999999996506e-06
9.999999999996506e-06
9.999999999996508e-06
9.999999999996508e-06

  241  0  0
9.999999999996506e-06
9.999999999996506e-06
9.999999999996508e-06
9.999999999996508e-06

  242  0  0
9.999999999996506e-06
9.999999999996506e-06
9.999999999996508e-06
9.999999999996508e-06

  243  0  0
9.999999999996506e-06
9.999999999996506e-06
9.999999999996508e-06
9.999999999996508e-06

  244  0  0
9.999999999996506e-06
9.999999999996506e-06
9.999999999996508e-06
9.999999999996508e-06

  245  0  0
9.999999999996506e-06
9.999999999996506e-06
9.999999999996508e-06
9.999999999996508e-06

  246  0  0
9.999999999996506e-06
9.999999999996506e-06
9.999999999996508e-06
9.999999999996508e-06

  247  0  0
9.999999999996506e-06
9.999999999996506e-06
9.999999999996508e-06
9.999999999996508e-06

  248  0  0
9.999999999996506e-06
9.999999999996506e-06
9.999999999996508e-06
9.999999999996508e-06

  249  0  0
9.999999999996506e-06
9.999999999996506e-06
9.999999999996508e-06
9.999999999996508e-06

  250  0  0
9.999999999996506e-06
9.999999999996506e-06
9.999999999996508e-06
9.999999999996508e-06

  251  0  0
9.999999999996506e-06
9.999999999996506e-06
9.999999999996508e-06
9.999999999996508e-06

  252  0  0
9.999999999996506e-06
9.999999999996506e-06
9.999999999996508e-06
9.999999999996509e-06

  253  0  0
9.999999999996506e-06
9.999999999996506e-06
9.999999999996508e-06
9.999999999996509e-06

  254  0  0
9.999999999996506e-06
9.999999999996506e-06
9.999999999996508e-06
9.999999999996509e-06

  255  0  0
9.999999999996506e-06
9.999999999996506e-06
9.999999999996509e-06
9.999999999996509e-06

  256  0  0
9.999999999996501e-06
9.999999999996508e-06
9.999999999996509e-06
9.999999999996509e-06

  257  0  0
9.999999999996503e-06
9.999999999996508e-06
9.999999999996509e-06
9.999999999996509e-06

  258  0  0
9.999999999996506e-06
9.999999999996509e-06
9.999999999996509e-06
9.999999999996509e-06

  259  0  0
9.999999999996506e-06
9.999999999996506e-06
9.999999999996508e-06
9.999999999996513e-06

  260  0  0
9.999999999996506e-06
9.999999999996506e-06
9.999999999996506e-06
9.999999999996508e-06

  261  0  0
9.999999999996506e-06
9.999999999996506e-06
9.999999999996509e-06
9.999999999996506e-06

  262  0  0
9.999999999996506e-06
9.999999999996509e-06
9.999999999996509e-06
9.999999999996509e-06

  263  0  0
9.999999999996506e-06
9.999999999996506e-06
9.999999999996509e-06
9.999999999996511e-06

  264  0  0
9.999999999996506e-06
9.999999999996508e-06
9.999999999996508e-06
9.999999999996509e-06

  265  0  0
9.999999999996504e-06
9.999999999996508e-06
9.999999999996509e-06
9.999999999996509e-06

  266  0  0
9.999999999996504e-06
9.999999999996506e-06
9.999999999996506e-06
9.999999999996509e-06

  267  0  0
9.999999999996504e-06
9.999999999996508e-06
9.999999999996506e-06
9.999999999996508e-06

  268  0  0
9.999999999996506e-06
9.999999999996508e-06
9.999999999996509e-06
9.999999999996509e-06

  269  0  0
9.999999999996506e-06
9.999999999996508e-06
9.999999999996509e-06
9.999999999996509e-06

  270  0  0
9.999999999996506e-06
9.999999999996509e-06
9.999999999996508e-06
9.999999999996509e-06

  271  0  0
9.999999999996506e-06
9.999999999996508e-06
9.999999999996506e-06
9.999999999996509e-06

  272  0  0
9.999999999996504e-06
9.999999999996509e-06
9.999999999996509e-06
9.999999999996509e-06

  273  0  0
9.999999999996506e-06
9.999999999996506e-06
9.999999999996508e-06
9.999999999996508e-06

  274  0  0
9.999999999996506e-06
9.999999999996509e-06
9.999999999996508e-06
9.999999999996509e-06

  275  0  0
9.999999999996503e-06
9.999999999996506e-06
9.999999999996509e-06
9.999999999996508e-06

  276  0  0
9.999999999996506e-06
9.999999999996508e-06
9.999999999996506e-06
9.999999999996508e-06

  277  0  0
9.999999999996506e-06
9.999999999996508e-06
9.999999999996506e-06
9.999999999996508e-06

  278  0  0
9.999999999996506e-06
9.999999999996506e-06
9.999999999996508e-06
9.999999999996508e-06

  279  0  0
9.999999999996506e-06
9.999999999996509e-06
9.999999999996509e-06
9.999999999996509e-06

  280  0  0
9.999999999996504e-06
9.999999999996509e-06
9.999999999996509e-06
9.999999999996509e-06

  281  0  0
9.999999999996506e-06
9.999999999996508e-06
9.999999999996509e-06
9.999999999996509e-06

  282  0  0
9.999999999996506e-06
9.999999999996509e-06
9.999999999996506e-06
9.999999999996511e-06

  283  0  0
9.999999999996504e-06
9.999999999996509e-06
9.999999999996508e-06
9.999999999996508e-06

  284  0  0
9.999999999996504e-06
9.999999999996508e-06
9.999999999996508e-06
9.999999999996509e-06

  285  0  0
9.999999999996506e-06
9.999999999996509e-06
9.999999999996506e-06
9.999999999996509e-06

  286  0  0
9.999999999996506e-06
9.999999999996508e-06
9.999999999996508e-06
9.999999999996511e-06

  287  0  0
9.999999999996503e-06
9.999999999996506e-06
9.999999999996506e-06
9.999999999996508e-06

  288  0  0
9.999999999996506e-06
9.999999999996508e-06
9.999999999996508e-06
9.999999999996509e-06

  289  0  0
9.999999999996506e-06
9.999999999996508e-06
9.999999999996509e-06
9.999999999996509e-06

  290  0  0
9.999999999996506e-06
9.999999999996508e-06
9.999999999996508e-06
9.999999999996508e-06

  291  0  0
9.999999999996504e-06
9.999999999996506e-06
9.999999999996506e-06
9.999999999996509e-06

  292  0  0
9.999999999996504e-06
9.999999999996508e-06
9.999999999996508e-06
9.999999999996506e-06

  293  0  0
9.999999999996506e-06
9.999999999996509e-06
9.999999999996508e-06
9.999999999996509e-06

  294  0  0
9.999999999996504e-06
9.999999999996508e-06
9.999999999996509e-06
9.999999999996509e-06

  295  0  0
9.999999999996506e-06
9.999999999996508e-06
9.999999999996508e-06
9.999999999996508e-06

  296  0  0
9.999999999996508e-06
9.999999999996506e-06
9.999999999996508e-06
9.999999999996509e-06

  297  0  0
9.999999999996506e-06
9.999999999996509e-06
9.999999999996509e-06
9.999999999996509e-06

  298  0  0
9.999999999996506e-06
9.999999999996506e-06
9.999999999996508e-06
9.999999999996508e-06

  299  0  0
9.999999999996506e-06
9.999999999996506e-06
9.999999999996508e-06
9.999999999996509e-06

  300  0  0
9.999999999996508e-06
9.999999999996508e-06
9.999999999996508e-06
9.999999999996509e-06

  301  0  0
9.999999999996506e-06
9.999999999996508e-06
9.999999999996508e-06
9.999999999996509e-06

  302  0  0
9.999999999996508e-06
9.999999999996506e-06
9.999999999996508e-06
9.999999999996508e-06

  303  0  0
9.999999999996508e-06
9.999999999996506e-06
9.999999999996508e-06
9.999999999996511e-06

  304  0  0
9.999999999996506e-06
9.999999999996506e-06
9.999999999996508e-06
9.999999999996511e-06

  305  0  0
9.999999999996501e-06
9.999999999996508e-06
9.999999999996509e-06
9.999999999996509e-06

  306  0  0
9.999999999996504e-06
9.999999999996509e-06
9.999999999996509e-06
9.999999999996509e-06

  307  0  0
9.999999999996506e-06
9.999999999996509e-06
9.999999999996508e-06
9.999999999996509e-06

  308  0  0
9.999999999996503e-06
9.999999999996506e-06
9.999999999996508e-06
9.999999999996508e-06

  309  0  0
9.999999999996506e-06
9.999999999996506e-06
9.999999999996509e-06
9.999999999996509e-06

  310  0  0
9.999999999996508e-06
9.999999999996509e-06
9.999999999996506e-06
9.999999999996509e-06

  311  0  0
9.999999999996503e-06
9.999999999996506e-06
9.999999999996506e-06
9.999999999996509e-06

  312  0  0
9.999999999996506e-06
9.999999999996509e-06
9.999999999996509e-06
9.999999999996479e-06

  313  0  0
9.999999999996479e-06
9.999999999996555e-06
9.999999999996325e-06
9.999999999989482e-06

  314  0  0
9.999999999988557e-06
1.000000000000868e-05
9.999999999946358e-06
9.999999999290977e-06

  315  0  0
9.999999999248932e-06
1.000000000118879e-05
9.999999995009396e-06
9.999999931477041e-06

  316  0  0
9.999999933715067e-06
1.000000011271730e-05
9.999999516132475e-06
9.999993520511426e-06

  317  0  0
9.999994402539063e-06
1.000001034233446e-05
9.999954192274336e-06
9.999405235644994e-06

  318  0  0
9.999555522496500e-06
1.000091768131802e-05
9.995777529016244e-06
9.947143330824746e-06

  319  0  0
9.975057542232289e-06
1.007484937323489e-05
9.635410841836839e-06
5.239132505010602e-06

