#Cell  Group   Direction 
# Element_0
# Element_1
    0  0  0
2.190780054613277e-01
2.123126846827413e-01

    0  0  1
1.732404227012599e+00
1.721200422966269e+00

    1  0  0
2.126615816165928e-01
2.058620728817488e-01

    1  0  1
1.721585998987623e+00
1.710142948131939e+00

    2  0  0
2.062386765788378e-01
1.993929016527197e-01

    2  0  1
1.710576682627917e+00
1.698849290464677e+00

    3  0  0
1.998121568744191e-01
1.929132666674338e-01

    3  0  1
1.699341238395163e+00
1.687288981698993e+00

    4  0  0
1.933841457059647e-01
1.864258318783771e-01

    4  0  1
1.687848863032709e+00
1.675427272025271e+00

    5  0  0
1.869568215126139e-01
1.799323386171938e-01

    5  0  1
1.676065644214560e+00
1.663223984165498e+00

    6  0  0
1.805325659723710e-01
1.734343179223746e-01

    6  0  1
1.663952750869758e+00
1.650632469158032e+00

    7  0  0
1.741140200765685e-01
1.669332706996021e-01

    7  0  1
1.651465250852474e+00
1.637598433607277e+00

    8  0  0
1.677041172549088e-01
1.604306966028346e-01

    8  0  1
1.638550927292343e+00
1.624058550802603e+00

    9  0  0
1.613060892338017e-01
1.539280830265825e-01

    9  0  1
1.625148926179589e+00
1.609938782124245e+00

   10  0  0
1.549235009815567e-01
1.474268808615241e-01

   10  0  1
1.611188142667033e+00
1.595152321446493e+00

   11  0  0
1.485601970374284e-01
1.409282716481964e-01

   11  0  1
1.596585257453355e+00
1.579597046563186e+00

   12  0  0
1.422202822422832e-01
1.344333528361403e-01

   12  0  1
1.581242312846731e+00
1.563152314211682e+00

   13  0  0
1.359082320430723e-01
1.279423963129803e-01

   13  0  1
1.565043671770155e+00
1.545674869233099e+00

   14  0  0
1.296280970239345e-01
1.214546824320152e-01

   14  0  1
1.547852160223700e+00
1.526993562288349e+00

   15  0  0
1.233848757516516e-01
1.149699027078961e-01

   15  0  1
1.529504202660351e+00
1.506902378516161e+00

   16  0  0
1.171820720708536e-01
1.084798421875212e-01

   16  0  1
1.509803444758789e+00
1.485150695306251e+00

   17  0  0
1.110212788266670e-01
1.019844729830909e-01

   17  0  1
1.488511251878564e+00
1.461429460044149e+00

   18  0  0
1.049117779024315e-01
9.546615785740967e-02

   18  0  1
1.465333951110321e+00
1.435353735003925e+00

   19  0  0
9.883359042483737e-02
8.888787068821931e-02

   19  0  1
1.439912417857084e+00
1.406436891031580e+00

   20  0  0
9.281164548851013e-02
8.229824595138975e-02

   20  0  1
1.411797634358463e+00
1.374031356340846e+00

   21  0  0
8.682107158556877e-02
7.543891585819759e-02

   21  0  1
1.380364682145315e+00
1.337259604229772e+00

   22  0  0
8.074439312165591e-02
6.853481556376596e-02

   22  0  1
1.344864338711518e+00
1.295016981973944e+00

   23  0  0
7.492828030533757e-02
6.129625067789281e-02

   23  0  1
1.304650492433047e+00
1.245342262084083e+00

   24  0  0
6.842410570407123e-02
5.239914759060108e-02

   24  0  1
1.256855337945080e+00
1.184095418431375e+00

   25  0  0
6.229462625551863e-02
4.527479415501059e-02

   25  0  1
1.197048237229814e+00
1.111494073623664e+00

   26  0  0
5.636207084376062e-02
2.910519914906215e-02

   26  0  1
1.153101278225742e+00
1.022241398092461e+00

   27  0  0
4.440509474560595e-02
9.721018554312165e-03

   27  0  1
1.106225143364405e+00
7.614383546928378e-01

   28  0  0
4.420727414868849e-02
-1.613994661918418e-02

   28  0  1
5.968164060046075e-01
1.951032223778905e-01

   29  0  0
8.144282326612292e-04
-2.564954511601275e-05

   29  0  1
1.866225253883603e-02
7.982884906744107e-04

   30  0  0
5.097949433176196e-06
4.999991914431427e-06

   30  0  1
1.760558319265445e-05
5.100102530858365e-06

   31  0  0
5.000012128937142e-06
5.000000000021746e-06

   31  0  1
5.001578088618703e-06
5.000012437598362e-06

   32  0  0
5.000000001499258e-06
4.999999999998250e-06

   32  0  1
5.000000196025419e-06
5.000000001542842e-06

   33  0  0
4.999999999998428e-06
4.999999999998254e-06

   33  0  1
5.000000000022582e-06
4.999999999998443e-06

   34  0  0
4.999999999998254e-06
4.999999999998254e-06

   34  0  1
4.999999999998258e-06
4.999999999998254e-06

   35  0  0
4.999999999998254e-06
4.999999999998254e-06

   35  0  1
4.999999999998255e-06
4.999999999998254e-06

   36  0  0
4.999999999998254e-06
4.999999999998254e-06

   36  0  1
4.999999999998255e-06
4.999999999998254e-06

   37  0  0
4.999999999998254e-06
4.999999999998254e-06

   37  0  1
4.999999999998255e-06
4.999999999998254e-06

   38  0  0
4.999999999998254e-06
4.999999999998254e-06

   38  0  1
4.999999999998255e-06
4.999999999998254e-06

   39  0  0
4.999999999998254e-06
4.999999999998254e-06

   39  0  1
4.999999999998255e-06
4.999999999998254e-06

   40  0  0
4.999999999998254e-06
4.999999999998254e-06

   40  0  1
4.999999999998255e-06
4.999999999998254e-06

   41  0  0
4.999999999998254e-06
4.999999999998254e-06

   41  0  1
4.999999999998255e-06
4.999999999998254e-06

   42  0  0
4.999999999998254e-06
4.999999999998254e-06

   42  0  1
4.999999999998255e-06
4.999999999998254e-06

   43  0  0
4.999999999998254e-06
4.999999999998254e-06

   43  0  1
4.999999999998255e-06
4.999999999998254e-06

   44  0  0
4.999999999998254e-06
4.999999999998254e-06

   44  0  1
4.999999999998255e-06
4.999999999998254e-06

   45  0  0
4.999999999998254e-06
4.999999999998254e-06

   45  0  1
4.999999999998255e-06
4.999999999998254e-06

   46  0  0
4.999999999998254e-06
4.999999999998254e-06

   46  0  1
4.999999999998255e-06
4.999999999998254e-06

   47  0  0
4.999999999998254e-06
4.999999999998254e-06

   47  0  1
4.999999999998255e-06
4.999999999998254e-06

   48  0  0
4.999999999998254e-06
4.999999999998254e-06

   48  0  1
4.999999999998255e-06
4.999999999998254e-06

   49  0  0
4.999999999998254e-06
4.999999999998254e-06

   49  0  1
4.999999999998255e-06
4.999999999998254e-06

   50  0  0
4.999999999998254e-06
4.999999999998254e-06

   50  0  1
4.999999999998255e-06
4.999999999998254e-06

   51  0  0
4.999999999998254e-06
4.999999999998254e-06

   51  0  1
4.999999999998255e-06
4.999999999998254e-06

   52  0  0
4.999999999998254e-06
4.999999999998254e-06

   52  0  1
4.999999999998255e-06
4.999999999998254e-06

   53  0  0
4.999999999998254e-06
4.999999999998254e-06

   53  0  1
4.999999999998255e-06
4.999999999998254e-06

   54  0  0
4.999999999998254e-06
4.999999999998254e-06

   54  0  1
4.999999999998255e-06
4.999999999998254e-06

   55  0  0
4.999999999998254e-06
4.999999999998254e-06

   55  0  1
4.999999999998255e-06
4.999999999998254e-06

   56  0  0
4.999999999998254e-06
4.999999999998254e-06

   56  0  1
4.999999999998255e-06
4.999999999998254e-06

   57  0  0
4.999999999998254e-06
4.999999999998254e-06

   57  0  1
4.999999999998255e-06
4.999999999998254e-06

   58  0  0
4.999999999998254e-06
4.999999999998254e-06

   58  0  1
4.999999999998255e-06
4.999999999998254e-06

   59  0  0
4.999999999998254e-06
4.999999999998254e-06

   59  0  1
4.999999999998255e-06
4.999999999998254e-06

   60  0  0
4.999999999998254e-06
4.999999999998254e-06

   60  0  1
4.999999999998255e-06
4.999999999998254e-06

   61  0  0
4.999999999998254e-06
4.999999999998254e-06

   61  0  1
4.999999999998255e-06
4.999999999998254e-06

   62  0  0
4.999999999998254e-06
4.999999999998254e-06

   62  0  1
4.999999999998255e-06
4.999999999998254e-06

   63  0  0
4.999999999998254e-06
4.999999999998254e-06

   63  0  1
4.999999999998255e-06
4.999999999998254e-06

   64  0  0
4.999999999998254e-06
4.999999999998254e-06

   64  0  1
4.999999999998255e-06
4.999999999998254e-06

   65  0  0
4.999999999998254e-06
4.999999999998254e-06

   65  0  1
4.999999999998255e-06
4.999999999998254e-06

   66  0  0
4.999999999998254e-06
4.999999999998254e-06

   66  0  1
4.999999999998255e-06
4.999999999998254e-06

   67  0  0
4.999999999998254e-06
4.999999999998254e-06

   67  0  1
4.999999999998255e-06
4.999999999998254e-06

   68  0  0
4.999999999998254e-06
4.999999999998254e-06

   68  0  1
4.999999999998255e-06
4.999999999998254e-06

   69  0  0
4.999999999998254e-06
4.999999999998254e-06

   69  0  1
4.999999999998255e-06
4.999999999998254e-06

   70  0  0
4.999999999998254e-06
4.999999999998254e-06

   70  0  1
4.999999999998255e-06
4.999999999998254e-06

   71  0  0
4.999999999998254e-06
4.999999999998254e-06

   71  0  1
4.999999999998255e-06
4.999999999998254e-06

   72  0  0
4.999999999998254e-06
4.999999999998254e-06

   72  0  1
4.999999999998255e-06
4.999999999998254e-06

   73  0  0
4.999999999998254e-06
4.999999999998254e-06

   73  0  1
4.999999999998255e-06
4.999999999998254e-06

   74  0  0
4.999999999998254e-06
4.999999999998254e-06

   74  0  1
4.999999999998255e-06
4.999999999998254e-06

   75  0  0
4.999999999998254e-06
4.999999999998251e-06

   75  0  1
4.999999999998255e-06
4.999999999998254e-06

   76  0  0
4.999999999998132e-06
4.999999999983400e-06

   76  0  1
4.999999999998303e-06
4.999999999992031e-06

   77  0  0
4.999999999468446e-06
4.999999955805956e-06

   77  0  1
4.999999999998112e-06
4.999999979139511e-06

   78  0  0
4.999998567282613e-06
4.999886021529827e-06

   78  0  1
4.999999999435677e-06
4.999938095729560e-06

   79  0  0
4.996802768885227e-06
4.762583623160264e-06

   79  0  1
4.999975589697624e-06
4.843046753066963e-06

