#Cell 
# Element_0
# Element_1
# Element_2
# Element_3
# Element_4
0
1.164440046649904e+00
1.163804492751886e+00
1.162587161637452e+00
1.161350361486683e+00
1.160690863884743e+00

1
1.160692537293737e+00
1.160024932801438e+00
1.158749130766070e+00
1.157449764964360e+00
1.156758602857648e+00

2
1.156758450066649e+00
1.156059030505487e+00
1.154715532604403e+00
1.153348620637349e+00
1.152617824040405e+00

3
1.152617764972977e+00
1.151880295232709e+00
1.150462608351819e+00
1.149018715036609e+00
1.148246065794075e+00

4
1.148247430251566e+00
1.147465371587205e+00
1.145965578844368e+00
1.144434153820166e+00
1.143616584284739e+00

5
1.143616516138107e+00
1.142788608643561e+00
1.141194478986564e+00
1.139567400130139e+00
1.138695288219988e+00

6
1.138695291798770e+00
1.137813762973108e+00
1.136114934317264e+00
1.134378971078824e+00
1.133447707832416e+00

7
1.133447659535672e+00
1.132505727991131e+00
1.130688890267437e+00
1.128830263461130e+00
1.127832369877423e+00

8
1.127832323736369e+00
1.126822436115702e+00
1.124872843457501e+00
1.122876100485225e+00
1.121803083958441e+00

9
1.121803025296202e+00
1.120716432689501e+00
1.118616811447182e+00
1.116463815569785e+00
1.115305776057604e+00

10
1.115305710882079e+00
1.114132307636702e+00
1.111862925796572e+00
1.109533180731365e+00
1.108278967847844e+00

11
1.108278888585054e+00
1.107007244965978e+00
1.104545556954398e+00
1.102015264187543e+00
1.100651795667992e+00

12
1.100651709312954e+00
1.099268361902551e+00
1.096587827603714e+00
1.093829214133717e+00
1.092341317682268e+00

13
1.092341239128210e+00
1.090830692709427e+00
1.087900965519729e+00
1.084882069205252e+00
1.083252200560434e+00

14
1.083252069960043e+00
1.081596298206798e+00
1.078381575890599e+00
1.075064540605046e+00
1.073271850759212e+00

15
1.073271699464985e+00
1.071449276622625e+00
1.067907288749339e+00
1.064247646066461e+00
1.062267769519198e+00

16
1.062267598241302e+00
1.060253419291617e+00
1.056334478647556e+00
1.052279452519072e+00
1.050083153534567e+00

17
1.050082959215208e+00
1.047846880092748e+00
1.043491007847323e+00
1.038976809602049e+00
1.036528858987591e+00

18
1.036528631983169e+00
1.034034301688176e+00
1.029169282240087e+00
1.024119040264722e+00
1.021376806328965e+00

19
1.021376528515789e+00
1.018579818336651e+00
1.013117291843493e+00
1.007436052606224e+00
1.004346609333636e+00

20
1.004346288543815e+00
1.001192196553467e+00
9.950219056866282e-01
9.885909661236327e-01
9.850880348614020e-01

21
9.850876502331765e-01
9.815072668702687e-01
9.744903422241007e-01
9.671590231669051e-01
9.631577717373790e-01

22
9.631573121513576e-01
9.590619173019646e-01
9.510182382123266e-01
9.425892570675269e-01
9.379779902226684e-01

23
9.379774292185302e-01
9.332497413517408e-01
9.239397828599714e-01
9.141485783604953e-01
9.087763570092061e-01

24
9.087756456318173e-01
9.032562101088025e-01
8.923507471563403e-01
8.808279210116013e-01
8.744813322569376e-01

25
8.744805822165239e-01
8.679418647306573e-01
8.549652071236058e-01
8.411676365043215e-01
8.335284661358413e-01

26
8.335273217098156e-01
8.256267442191970e-01
8.098499675347376e-01
7.929243625545506e-01
7.834816620459873e-01

27
7.834802208139366e-01
7.736582354750668e-01
7.538585891084819e-01
7.323168300330465e-01
7.201503082589263e-01

28
7.201485592322797e-01
7.073714508154320e-01
6.811949580866252e-01
6.519865256302800e-01
6.351020173408950e-01

29
6.351052808590868e-01
6.170233100049423e-01
5.786921064554883e-01
5.333117551144817e-01
5.054059311744485e-01

30
5.050664680753300e-01
4.736912273532684e-01
3.981597956595910e-01
2.641520777883047e-01
1.010405252840146e-01

31
6.971754229082273e-02
5.656757810895956e-02
5.613974101496702e-02
5.629821235613305e-02
5.612912043132077e-02

32
5.621763144034289e-02
5.623385160059430e-02
5.623421048281228e-02
5.623407983890191e-02
5.623421513593569e-02

33
5.623414910465899e-02
5.623413283374001e-02
5.623413243202854e-02
5.623413257774505e-02
5.623413242786291e-02

34
5.623413249988374e-02
5.623413251864311e-02
5.623413251913715e-02
5.623413251895772e-02
5.623413251914265e-02

35
5.623413251905309e-02
5.623413251903051e-02
5.623413251902988e-02
5.623413251903010e-02
5.623413251902986e-02

36
5.623413251902999e-02
5.623413251903000e-02
5.623413251903000e-02
5.623413251903000e-02
5.623413251903000e-02

37
5.623413251903000e-02
5.623413251903000e-02
5.623413251903000e-02
5.623413251903000e-02
5.623413251903000e-02

38
5.623413251903000e-02
5.623413251903000e-02
5.623413251903000e-02
5.623413251903000e-02
5.623413251903000e-02

39
5.623413251903000e-02
5.623413251903000e-02
5.623413251903000e-02
5.623413251903000e-02
5.623413251903000e-02

40
5.623413251903000e-02
5.623413251903000e-02
5.623413251903000e-02
5.623413251903000e-02
5.623413251903000e-02

41
5.623413251903000e-02
5.623413251903000e-02
5.623413251903000e-02
5.623413251903000e-02
5.623413251903000e-02

42
5.623413251903000e-02
5.623413251903000e-02
5.623413251903000e-02
5.623413251903000e-02
5.623413251903000e-02

43
5.623413251903000e-02
5.623413251903000e-02
5.623413251903000e-02
5.623413251903000e-02
5.623413251903000e-02

44
5.623413251903000e-02
5.623413251903000e-02
5.623413251903000e-02
5.623413251903000e-02
5.623413251903000e-02

45
5.623413251903000e-02
5.623413251903000e-02
5.623413251903000e-02
5.623413251903000e-02
5.623413251903000e-02

46
5.623413251903000e-02
5.623413251903000e-02
5.623413251903000e-02
5.623413251903000e-02
5.623413251903000e-02

47
5.623413251903000e-02
5.623413251903000e-02
5.623413251903000e-02
5.623413251903000e-02
5.623413251903000e-02

48
5.623413251903000e-02
5.623413251903000e-02
5.623413251903000e-02
5.623413251903000e-02
5.623413251903000e-02

49
5.623413251903000e-02
5.623413251903000e-02
5.623413251903000e-02
5.623413251903000e-02
5.623413251903000e-02

50
5.623413251903000e-02
5.623413251903000e-02
5.623413251903000e-02
5.623413251903000e-02
5.623413251903000e-02

51
5.623413251903000e-02
5.623413251903000e-02
5.623413251903000e-02
5.623413251903000e-02
5.623413251903000e-02

52
5.623413251903000e-02
5.623413251903000e-02
5.623413251903000e-02
5.623413251903000e-02
5.623413251903000e-02

53
5.623413251903000e-02
5.623413251903000e-02
5.623413251903000e-02
5.623413251903000e-02
5.623413251903000e-02

54
5.623413251903000e-02
5.623413251903000e-02
5.623413251903000e-02
5.623413251903000e-02
5.623413251903000e-02

55
5.623413251903000e-02
5.623413251903000e-02
5.623413251903000e-02
5.623413251903000e-02
5.623413251903000e-02

56
5.623413251903000e-02
5.623413251903000e-02
5.623413251903000e-02
5.623413251903000e-02
5.623413251903000e-02

57
5.623413251903000e-02
5.623413251903000e-02
5.623413251903000e-02
5.623413251903000e-02
5.623413251903000e-02

58
5.623413251903000e-02
5.623413251903000e-02
5.623413251903000e-02
5.623413251903000e-02
5.623413251903000e-02

59
5.623413251903000e-02
5.623413251903000e-02
5.623413251903000e-02
5.623413251903000e-02
5.623413251903000e-02

60
5.623413251903000e-02
5.623413251903000e-02
5.623413251903000e-02
5.623413251903000e-02
5.623413251903000e-02

61
5.623413251903000e-02
5.623413251903000e-02
5.623413251903000e-02
5.623413251903000e-02
5.623413251903000e-02

62
5.623413251903000e-02
5.623413251903000e-02
5.623413251903000e-02
5.623413251903000e-02
5.623413251903000e-02

63
5.623413251903000e-02
5.623413251903000e-02
5.623413251903000e-02
5.623413251903000e-02
5.623413251903000e-02

64
5.623413251903000e-02
5.623413251903000e-02
5.623413251903000e-02
5.623413251903000e-02
5.623413251903000e-02

65
5.623413251903000e-02
5.623413251903000e-02
5.623413251903000e-02
5.623413251903000e-02
5.623413251903000e-02

66
5.623413251903000e-02
5.623413251903000e-02
5.623413251903000e-02
5.623413251903000e-02
5.623413251903000e-02

67
5.623413251903000e-02
5.623413251903000e-02
5.623413251903000e-02
5.623413251903000e-02
5.623413251903000e-02

68
5.623413251903000e-02
5.623413251903000e-02
5.623413251903000e-02
5.623413251903000e-02
5.623413251903000e-02

69
5.623413251903000e-02
5.623413251903000e-02
5.623413251903000e-02
5.623413251903000e-02
5.623413251903000e-02

70
5.623413251903000e-02
5.623413251903000e-02
5.623413251903000e-02
5.623413251903000e-02
5.623413251903000e-02

71
5.623413251903000e-02
5.623413251903000e-02
5.623413251903000e-02
5.623413251903000e-02
5.623413251903000e-02

72
5.623413251903000e-02
5.623413251903000e-02
5.623413251903000e-02
5.623413251903000e-02
5.623413251903000e-02

73
5.623413251903000e-02
5.623413251903000e-02
5.623413251903000e-02
5.623413251903000e-02
5.623413251903000e-02

74
5.623413251903000e-02
5.623413251903000e-02
5.623413251903000e-02
5.623413251903000e-02
5.623413251903000e-02

75
5.623413251903000e-02
5.623413251903000e-02
5.623413251903000e-02
5.623413251903000e-02
5.623413251896170e-02

76
5.623413251883402e-02
5.623413251917393e-02
5.623413251881371e-02
5.623413251985417e-02
5.623413255495275e-02

77
5.623413261337606e-02
5.623413244809949e-02
5.623413262607545e-02
5.623413210628609e-02
5.623411477986189e-02

78
5.623409084034395e-02
5.623416503637744e-02
5.623408324124355e-02
5.623432518370559e-02
5.624224917140935e-02

79
5.624999168817284e-02
5.622089531377033e-02
5.625434485945928e-02
5.615320372961592e-02
5.251878591544944e-02

