#Cell  Group   Direction 
# Element_0
# Element_1
# Element_2
# Element_3
    0  0  0
1.823803225652151e-01
1.819608704735042e-01
1.814133149498583e-01
1.809933197146904e-01

    0  0  1
1.731857368090691e+00
1.731130889367960e+00
1.730181843389225e+00
1.729453527330613e+00

    1  0  0
1.807692206729231e-01
1.803479805645290e-01
1.797974547349111e-01
1.793754113475118e-01

    1  0  1
1.729065074253311e+00
1.728335519024837e+00
1.727382432129238e+00
1.726650994116144e+00

    2  0  0
1.791508561130726e-01
1.787304010078349e-01
1.781834570567622e-01
1.777651464395824e-01

    2  0  1
1.726260865902851e+00
1.725528154991876e+00
1.724570914702705e+00
1.723836273964413e+00

    3  0  0
1.775422735307609e-01
1.771241469827348e-01
1.765787064161657e-01
1.761607377403866e-01

    3  0  1
1.723444435047930e+00
1.722708499533797e+00
1.721747020839777e+00
1.721009107032470e+00

    4  0  0
1.759380234683366e-01
1.755199118891757e-01
1.749738487234237e-01
1.745547824225178e-01

    4  0  1
1.720615512451778e+00
1.719876277029018e+00
1.718910442101025e+00
1.718169197847932e+00

    5  0  0
1.743313431344294e-01
1.739121716314536e-01
1.733658665961711e-01
1.729478615022656e-01

    5  0  1
1.717773824849306e+00
1.717031178304932e+00
1.716060890830965e+00
1.715316152777200e+00

    6  0  0
1.727252567297001e-01
1.723073953184313e-01
1.717615520164086e-01
1.713425114709671e-01

    6  0  1
1.714918895679198e+00
1.714172745887823e+00
1.713197839561909e+00
1.712449551776907e+00

    7  0  0
1.711191482290042e-01
1.707003035898788e-01
1.701546003931669e-01
1.697369315785494e-01

    7  0  1
1.712050400465279e+00
1.711300672391738e+00
1.710321054854087e+00
1.709569132297445e+00

    8  0  0
1.695143293790579e-01
1.690963251579518e-01
1.685502538047790e-01
1.681312373689955e-01

    8  0  1
1.709168034799875e+00
1.708414629722845e+00
1.707430178025259e+00
1.706674521546007e+00

    9  0  0
1.679079375878895e-01
1.674890638046162e-01
1.669429440866679e-01
1.665246517778818e-01

    9  0  1
1.706271425760055e+00
1.705514256348697e+00
1.704524852509962e+00
1.703765368428221e+00

   10  0  0
1.663017264976983e-01
1.658832584171469e-01
1.653369161982311e-01
1.649179228595380e-01

   10  0  1
1.703360222033804e+00
1.702599184642261e+00
1.701604694005348e+00
1.700841279550966e+00

   11  0  0
1.646946389264241e-01
1.642757242333889e-01
1.637293609923711e-01
1.633107526669743e-01

   11  0  1
1.700434027338322e+00
1.699669015056813e+00
1.698669301166555e+00
1.697901847094409e+00

   12  0  0
1.630876818831236e-01
1.626690990804515e-01
1.621229165911591e-01
1.617042145083498e-01

   12  0  1
1.697492427807682e+00
1.696723326228962e+00
1.695718232650941e+00
1.694946624613262e+00

   13  0  0
1.614810440012786e-01
1.610621674759858e-01
1.605154882425175e-01
1.600963939903954e-01

   13  0  1
1.694534980981838e+00
1.693761680198004e+00
1.692751075405873e+00
1.691975218215216e+00

   14  0  0
1.598730384736858e-01
1.594538664059975e-01
1.589067834939849e-01
1.584872382463414e-01

   14  0  1
1.691561304697372e+00
1.690783707104741e+00
1.689767401484498e+00
1.688987092542797e+00

   15  0  0
1.582635445287244e-01
1.578435480340695e-01
1.572951798146209e-01
1.568746672084272e-01

   15  0  1
1.688570782482848e+00
1.687788684800248e+00
1.686766488291804e+00
1.685981658905318e+00

   16  0  0
1.566505488184619e-01
1.562300546523058e-01
1.556817110364568e-01
1.552617557821093e-01

   16  0  1
1.685562932820867e+00
1.684776252378952e+00
1.683748053213969e+00
1.682958596353372e+00

   17  0  0
1.550380532461794e-01
1.546183211477367e-01
1.540704898685934e-01
1.536502233245967e-01

   17  0  1
1.682537386517836e+00
1.681746027661452e+00
1.680711645745321e+00
1.679917392705709e+00

   18  0  0
1.534261089333034e-01
1.530053518222533e-01
1.524562219458140e-01
1.520354406345371e-01

   18  0  1
1.679493610699622e+00
1.678697405713684e+00
1.677656645489648e+00
1.676857464639406e+00

   19  0  0
1.518112870096795e-01
1.513908336284968e-01
1.508424776927474e-01
1.504222284420003e-01

   19  0  1
1.676431041140652e+00
1.675629851983826e+00
1.674582533282141e+00
1.673778292344207e+00

   20  0  0
1.501982244428587e-01
1.497777790151075e-01
1.492290839694095e-01
1.488085200674043e-01

   20  0  1
1.673349157778518e+00
1.672542879360956e+00
1.671488791838825e+00
1.670679411963375e+00

   21  0  0
1.485844321337248e-01
1.481639634178185e-01
1.476152738811910e-01
1.471945764137723e-01

   21  0  1
1.670247529969243e+00
1.669435921249526e+00
1.668374885028145e+00
1.667560025261122e+00

   22  0  0
1.469703493351907e-01
1.465497233659346e-01
1.460013294077046e-01
1.455813856828617e-01

   22  0  1
1.667125198227481e+00
1.666308143423664e+00
1.665239942764128e+00
1.664419544542139e+00

   23  0  0
1.453576270827704e-01
1.449375214795386e-01
1.443888837709360e-01
1.439680413239553e-01

   23  0  1
1.663981748688406e+00
1.663159095408115e+00
1.662083503145052e+00
1.661257385203173e+00

   24  0  0
1.437438516830491e-01
1.433236593902233e-01
1.427764904874662e-01
1.423578322186005e-01

   24  0  1
1.660816526579693e+00
1.659988089358490e+00
1.658904903495145e+00
1.658072915819181e+00

   25  0  0
1.421347369353325e-01
1.417158725662706e-01
1.411688229488660e-01
1.407491737768658e-01

   25  0  1
1.657628905663426e+00
1.656794522054860e+00
1.655703492464265e+00
1.654865438899493e+00

   26  0  0
1.405255638388352e-01
1.401060468807058e-01
1.395589207197585e-01
1.391397257624637e-01

   26  0  1
1.654418181814148e+00
1.653577671846377e+00
1.652478570203786e+00
1.651634280914539e+00

   27  0  0
1.389163371388334e-01
1.384971886887476e-01
1.379501097720784e-01
1.375303562395401e-01

   27  0  1
1.651183656275701e+00
1.650336945031115e+00
1.649229452091183e+00
1.648379077466722e+00

   28  0  0
1.373063840159865e-01
1.368856242382321e-01
1.363354693549481e-01
1.359129258817496e-01

   28  0  1
1.647925237126935e+00
1.647071832744953e+00
1.645955757894795e+00
1.645098325208780e+00

   29  0  0
1.356875062910964e-01
1.352640810935601e-01
1.347110925892044e-01
1.342871156820766e-01

   29  0  1
1.644640672191078e+00
1.643780527135973e+00
1.642655565753421e+00
1.641791265195742e+00

   30  0  0
1.340612428412965e-01
1.336377741923819e-01
1.330862150122190e-01
1.326643018463517e-01

   30  0  1
1.641329934961767e+00
1.640462840920899e+00
1.639328744329758e+00
1.638457367886861e+00

   31  0  0
1.324396629384904e-01
1.320182981563910e-01
1.314686352489408e-01
1.310473040231926e-01

   31  0  1
1.637992235956482e+00
1.637117961174886e+00
1.635974412767823e+00
1.635095737087623e+00

   32  0  0
1.308228367409166e-01
1.304018722600249e-01
1.298531890398309e-01
1.294330777633168e-01

   32  0  1
1.634626693349275e+00
1.633745041396432e+00
1.632591730991606e+00
1.631705480507960e+00

   33  0  0
1.292092682556589e-01
1.287894324559961e-01
1.282419299006593e-01
1.278225009860394e-01

   33  0  1
1.631232375851069e+00
1.630343058287871e+00
1.629179649880593e+00
1.628285589995272e+00

   34  0  0
1.275990289034844e-01
1.271794972478086e-01
1.266314975895172e-01
1.262108469078781e-01

   34  0  1
1.627808299079059e+00
1.626911062638488e+00
1.625737261959257e+00
1.624835162653835e+00

   35  0  0
1.259865625551918e-01
1.255658749033429e-01
1.250174900797761e-01
1.245975218698640e-01

   35  0  1
1.624353554157633e+00
1.623448163717880e+00
1.622263617974079e+00
1.621353200871457e+00

   36  0  0
1.243735819009935e-01
1.239528020950598e-01
1.234029658176052e-01
1.229813322468937e-01

   36  0  1
1.620867128994005e+00
1.619953312878602e+00
1.618757660034724e+00
1.617838653168465e+00

   37  0  0
1.227568932154698e-01
1.223362117809106e-01
1.217878607357895e-01
1.213674661695487e-01

   37  0  1
1.617347973915267e+00
1.616425429175453e+00
1.615218285081007e+00
1.614290379430837e+00

   38  0  0
1.211432001602029e-01
1.207220167319811e-01
1.201718650766049e-01
1.197498440548188e-01

   38  0  1
1.613794928663258e+00
1.612863392510405e+00
1.611644394929969e+00
1.610707310381213e+00

   39  0  0
1.195248557670887e-01
1.191026850035632e-01
1.185524189019222e-01
1.181314994133252e-01

   39  0  1
1.610206933276159e+00
1.609266095653409e+00
1.608034834959934e+00
1.607088269795377e+00

   40  0  0
1.179075074531210e-01
1.174874736832278e-01
1.169394256384904e-01
1.165188856958338e-01

   40  0  1
1.606582811554861e+00
1.605632340766342e+00
1.604388394837107e+00
1.603432006974081e+00

   41  0  0
1.162945928987105e-01
1.158735122108171e-01
1.153240134825282e-01
1.149029974925581e-01

   41  0  1
1.602921280305968e+00
1.601960901041489e+00
1.600703844031684e+00
1.599737295708916e+00

   42  0  0
1.146787061066564e-01
1.142580309949768e-01
1.137095764635371e-01
1.132895083407606e-01

   42  0  1
1.599221121713612e+00
1.598250437285927e+00
1.596979849805400e+00
1.596002833652102e+00

   43  0  0
1.130657040959818e-01
1.126457047707530e-01
1.120975506599331e-01
1.116772329038238e-01

   43  0  1
1.595481035708988e+00
1.594499746210548e+00
1.593215107868850e+00
1.592227181562200e+00

   44  0  0
1.114532226036346e-01
1.110329101148020e-01
1.104846772375050e-01
1.100646448316105e-01

   44  0  1
1.591699531497496e+00
1.590707166507946e+00
1.589407997236828e+00
1.588408838261313e+00

   45  0  0
1.098408461060948e-01
1.094210374582017e-01
1.088736577334412e-01
1.084544300984007e-01

   45  0  1
1.587875158215775e+00
1.586871392076435e+00
1.585557194730737e+00
1.584546402448618e+00

   46  0  0
1.082310931275671e-01
1.078119538578757e-01
1.072647817086573e-01
1.068450129471891e-01

   46  0  1
1.584006481265313e+00
1.582990935213658e+00
1.581661170962231e+00
1.580638310634074e+00

   47  0  0
1.066212163370571e-01
1.062012113963917e-01
1.056533594095148e-01
1.052337430156378e-01

   47  0  1
1.580091917205876e+00
1.579064138069780e+00
1.577718281102814e+00
1.576682969374517e+00

   48  0  0
1.050102301873877e-01
1.045909838424165e-01
1.040441865514832e-01
1.036251207570250e-01

   48  0  1
1.576129890750547e+00
1.575089486991775e+00
1.573726932917099e+00
1.572678673380890e+00

   49  0  0
1.034017643005938e-01
1.029825560095552e-01
1.024355181258112e-01
1.020162616887773e-01

   49  0  1
1.572118651294225e+00
1.571065122664062e+00
1.569685311704929e+00
1.568623712210017e+00

   50  0  0
1.017928946219332e-01
1.013739245893939e-01
1.008276992271902e-01
1.004093869724768e-01

   50  0  1
1.568056527556560e+00
1.566989490103809e+00
1.565591753054161e+00
1.564516220990684e+00

   51  0  0
1.001865450524885e-01
9.976848862944371e-02
9.922306712719783e-02
9.880490161465570e-02

   51  0  1
1.563941561185159e+00
1.562860368475221e+00
1.561444070467789e+00
1.560354204608278e+00

   52  0  0
9.858198233414256e-02
9.816354114917747e-02
9.761755832939967e-02
9.719929802676677e-02

   52  0  1
1.559771847444321e+00
1.558676103945835e+00
1.557240559214871e+00
1.556135769224286e+00

   53  0  0
9.697656366845392e-02
9.655893666950234e-02
9.601447720912505e-02
9.559724475790572e-02

   53  0  1
1.555545408086288e+00
1.554434581903858e+00
1.552979069692965e+00
1.551858829193615e+00

   54  0  0
9.537480043820212e-02
9.495721687303933e-02
9.441220284128689e-02
9.399454792721121e-02

   54  0  1
1.551260179188144e+00
1.550133597578259e+00
1.548657426138762e+00
1.547521167414431e+00

   55  0  0
9.377210132768130e-02
9.335500580503575e-02
9.281143401692606e-02
9.239520876874728e-02

   55  0  1
1.546913906765336e+00
1.545771085541089e+00
1.544273430815928e+00
1.543120516713016e+00

   56  0  0
9.217343658895705e-02
9.175721926724281e-02
9.121389133257245e-02
9.079716520552236e-02

   56  0  1
1.542504322979337e+00
1.541344670078617e+00
1.539824729662121e+00
1.538654572584995e+00

   57  0  0
9.057503247374256e-02
9.015823278180408e-02
8.961476427707112e-02
8.919873420549140e-02

   57  0  1
1.538029128039847e+00
1.536851881117196e+00
1.535308868236196e+00
1.534120808391919e+00

   58  0  0
8.897725882441541e-02
8.856212410967386e-02
8.802113469962897e-02
8.760671714866454e-02

   58  0  1
1.533485738673013e+00
1.532290350996513e+00
1.530723356276752e+00
1.529516714933811e+00

   59  0  0
8.738581931241618e-02
8.697115632000686e-02
8.643001748974331e-02
8.601538413600064e-02

   59  0  1
1.528871683277757e+00
1.527657645155550e+00
1.526065680414804e+00
1.524839536317314e+00

   60  0  0
8.579455217759399e-02
8.538058084843607e-02
8.484136598539441e-02
8.442878059308495e-02

   60  0  1
1.524184030861849e+00
1.522950038235303e+00
1.521331981208201e+00
1.520085673027759e+00

   61  0  0
8.420906090823829e-02
8.379694596692747e-02
8.325926510912939e-02
8.284687571286084e-02

   61  0  1
1.519419325146271e+00
1.518164781075267e+00
1.516519751738283e+00
1.515252580195438e+00

   62  0  0
8.262692071810464e-02
8.221363202055493e-02
8.167326201827506e-02
8.125820557585917e-02

   62  0  1
1.514575042320014e+00
1.513299353082594e+00
1.511626447620880e+00
1.510337552515757e+00

   63  0  0
8.103680105855671e-02
8.062100838243257e-02
8.007823577200741e-02
7.966233402697856e-02

   63  0  1
1.509648267921163e+00
1.508350285819940e+00
1.506647879300850e+00
1.505336191574218e+00

   64  0  0
7.944085612092767e-02
7.902590082282371e-02
7.848603225878789e-02
7.807354399880395e-02

   64  0  1
1.504634727281613e+00
1.503313761968528e+00
1.501581040003408e+00
1.500245840485625e+00

   65  0  0
7.785403113079903e-02
7.744217949003351e-02
7.690429663894036e-02
7.649122297436689e-02

   65  0  1
1.499531737427660e+00
1.498186859342483e+00
1.496422561838958e+00
1.495062912701241e+00

   66  0  0
7.627096055986050e-02
7.585816688774738e-02
7.532133537347981e-02
7.491154890782842e-02

   66  0  1
1.494335667095404e+00
1.492966255436069e+00
1.491169228941751e+00
1.489784671663473e+00

   67  0  0
7.469339174762778e-02
7.428366643111363e-02
7.374780102568147e-02
7.333619445235802e-02

   67  0  1
1.489044039218513e+00
1.487648286761734e+00
1.485816714393305e+00
1.484404805525341e+00

   68  0  0
7.311711287857763e-02
7.270698620083442e-02
7.217354098717553e-02
7.176536336604576e-02

   68  0  1
1.483649495334568e+00
1.482226662340124e+00
1.480359387188556e+00
1.478919800857456e+00

   69  0  0
7.154762266592417e-02
7.113881397293989e-02
7.060531683188422e-02
7.019675032490738e-02

   69  0  1
1.478149623726518e+00
1.476698668739447e+00
1.474794199620406e+00
1.473325778849313e+00

   70  0  0
6.997921265893577e-02
6.957114016709906e-02
6.903908614287851e-02
6.863167635464359e-02

   70  0  1
1.472540122463947e+00
1.471059919615300e+00
1.469116715081662e+00
1.467618219927497e+00

   71  0  0
6.841481555099575e-02
6.800840546202191e-02
6.747895577495230e-02
6.707350974151978e-02

   71  0  1
1.466816406340255e+00
1.465305575820694e+00
1.463322057562561e+00
1.461792313044389e+00

   72  0  0
6.685743959679422e-02
6.645194789979146e-02
6.592295789070854e-02
6.551774615489825e-02

   72  0  1
1.460973688720543e+00
1.459431273050780e+00
1.457405529602921e+00
1.455843022349491e+00

   73  0  0
6.530196138802509e-02
6.489751411971846e-02
6.437064773478308e-02
6.396733411541516e-02

   73  0  1
1.455006825189704e+00
1.453431145844865e+00
1.451361505120115e+00
1.449764859882393e+00

   74  0  0
6.375239955432928e-02
6.334895115170315e-02
6.282220993151563e-02
6.241821269875524e-02

   74  0  1
1.448910288016722e+00
1.447300406704384e+00
1.445184534518545e+00
1.443551503923609e+00

   75  0  0
6.220279501674533e-02
6.179873039247410e-02
6.127218648640746e-02
6.086938942661937e-02

   75  0  1
1.442677388534102e+00
1.441029683941913e+00
1.438865203623743e+00
1.437194857897961e+00

   76  0  0
6.065498889274640e-02
6.025315733502567e-02
5.972973094038344e-02
5.932908336699404e-02

   76  0  1
1.436300661475498e+00
1.434614925156662e+00
1.432400213040006e+00
1.430690619694968e+00

   77  0  0
5.911568342823138e-02
5.871512111503341e-02
5.819217395503825e-02
5.779112644343821e-02

   77  0  1
1.429775146062814e+00
1.428049042575468e+00
1.425780813654846e+00
1.424029815947166e+00

   78  0  0
5.757747429979701e-02
5.717682040099002e-02
5.665497087478292e-02
5.625596961044999e-02

   78  0  1
1.423092212317131e+00
1.421324280901365e+00
1.419000746828100e+00
1.417206780725903e+00

   79  0  0
5.604373716332437e-02
5.564613588630211e-02
5.512799106559386e-02
5.473072817331286e-02

   79  0  1
1.416246074215431e+00
1.414434376459453e+00
1.412052899047352e+00
1.410213898881876e+00

   80  0  0
5.451884661821654e-02
5.412125467173780e-02
5.360294598924555e-02
5.320637574201734e-02

   80  0  1
1.409228974742027e+00
1.407371409301967e+00
1.404929233622054e+00
1.403043056759997e+00

   81  0  0
5.299523780196624e-02
5.259938635289317e-02
5.208379626946933e-02
5.168947355926259e-02

   81  0  1
1.402032750024287e+00
1.400127176066471e+00
1.397621265600619e+00
1.395685532243141e+00

   82  0  0
5.147964144489903e-02
5.108606411678925e-02
5.057248208865098e-02
5.017852467382936e-02

   82  0  1
1.394648590644235e+00
1.392692429596562e+00
1.390119714346868e+00
1.388131989350846e+00

   83  0  0
4.996860794283086e-02
4.957502336668943e-02
4.906247529321558e-02
4.867060532167219e-02

   83  0  1
1.387067025100442e+00
1.385057799947276e+00
1.382414833043393e+00
1.380372461245069e+00

   84  0  0
4.846210572072590e-02
4.807154647941423e-02
4.756297089783985e-02
4.717360282982256e-02

   84  0  1
1.379278073567319e+00
1.377213082644630e+00
1.374496232906345e+00
1.372396394328644e+00

   85  0  0
4.696611543270387e-02
4.657682036292931e-02
4.606917363612887e-02
4.568050493075611e-02

   85  0  1
1.371271077832365e+00
1.369147370772684e+00
1.366352844225874e+00
1.364192665391924e+00

   86  0  0
4.547359041621953e-02
4.508586484545948e-02
4.458138404865082e-02
4.419597371476133e-02

   86  0  1
1.363034884956545e+00
1.360850175039584e+00
1.357973852011256e+00
1.355750022885271e+00

   87  0  0
4.399087057337769e-02
4.360634560334610e-02
4.310525210033115e-02
4.272162192625592e-02

   87  0  1
1.354558091923527e+00
1.352309978098226e+00
1.349347286169973e+00
1.347055004986136e+00

   88  0  0
4.251719791588942e-02
4.213385208875155e-02
4.163427319528886e-02
4.125201625491829e-02

   88  0  1
1.345826128904831e+00
1.343506071685986e+00
1.340451041516174e+00
1.338087826593063e+00

   89  0  0
4.104866488022901e-02
4.066774967055806e-02
4.017158874346628e-02
3.979145381487483e-02

   89  0  1
1.336820666857234e+00
1.334428176990580e+00
1.331276652300978e+00
1.328838340324975e+00

   90  0  0
3.958879887875471e-02
3.920878134220590e-02
3.871324502553467e-02
3.833341688651708e-02

   90  0  1
1.327530761030406e+00
1.325061519334427e+00
1.321807889098066e+00
1.319289744873598e+00

   91  0  0
3.813074274374046e-02
3.775074239214000e-02
3.725705583008993e-02
3.688152363081389e-02

   91  0  1
1.317939105453333e+00
1.315387883860627e+00
1.312026147901998e+00
1.309423743306001e+00

   92  0  0
3.668232079071856e-02
3.630880491921621e-02
3.582114080585429e-02
3.544667569124155e-02

   92  0  1
1.308027607031129e+00
1.305389983358034e+00
1.301913487087458e+00
1.299221533271086e+00

   93  0  0
3.524742444500405e-02
3.487433486764416e-02
3.438915694588796e-02
3.401833322004754e-02

   93  0  1
1.297777108850173e+00
1.295047814841105e+00
1.291449475902133e+00
1.288662406725110e+00

   94  0  0
3.382097611114446e-02
3.345143300638508e-02
3.297047005886513e-02
3.260241194932061e-02

   94  0  1
1.287166697896656e+00
1.284339986029106e+00
1.280612115096799e+00
1.277723854828750e+00

   95  0  0
3.240629721424924e-02
3.203842112999232e-02
3.155872359208624e-02
3.119133642937885e-02

   95  0  1
1.276173503512068e+00
1.273242967827750e+00
1.269377026888529e+00
1.266380869276629e+00

   96  0  0
3.099567283609911e-02
3.062916703851860e-02
3.015278679678558e-02
2.978938043739926e-02

   96  0  1
1.264772257606107e+00
1.261730924287459e+00
1.257717643603977e+00
1.254606420899347e+00

   97  0  0
2.959615556935902e-02
2.923406393383611e-02
2.876253666844229e-02
2.840185571634614e-02

   97  0  1
1.252935704022926e+00
1.249776277786694e+00
1.245605639574405e+00
1.242371271078823e+00

   98  0  0
2.820999131513523e-02
2.785012432188343e-02
2.738105800384888e-02
2.702216627942088e-02

   98  0  1
1.240633995235809e+00
1.237347800596518e+00
1.233008566514740e+00
1.229642362956457e+00

   99  0  0
2.683152156952992e-02
2.647510446621062e-02
2.601226982994891e-02
2.565869048034668e-02

   99  0  1
1.227833898499451e+00
1.224412574406566e+00
1.219893163858180e+00
1.216386528428790e+00

  100  0  0
2.547042121009534e-02
2.511779568404731e-02
2.465919203773892e-02
2.430886100348738e-02

  100  0  1
1.214502249695050e+00
1.210940954166570e+00
1.206226365363942e+00
1.202563436124362e+00

  101  0  0
2.412202288228479e-02
2.377205281071290e-02
2.331697251167529e-02
2.296977114661512e-02

  101  0  1
1.200594682680870e+00
1.196867798981794e+00
1.191940276599837e+00
1.188112733727897e+00

  102  0  0
2.278520828342175e-02
2.243957743310223e-02
2.199035293599583e-02
2.164771082857054e-02

  102  0  1
1.186054626056654e+00
1.182157293324688e+00
1.177002110742269e+00
1.172995919917406e+00

  103  0  0
2.146579006092484e-02
2.112485422612991e-02
2.068055097132025e-02
2.034031920418045e-02

  103  0  1
1.170841071883170e+00
1.166759310974308e+00
1.161357262202921e+00
1.157157194346243e+00

  104  0  0
2.015954772546868e-02
1.982161508269610e-02
1.938295833425250e-02
1.904812773093714e-02

  104  0  1
1.154897317612592e+00
1.150615073580638e+00
1.144943564511949e+00
1.140531682612582e+00

  105  0  0
1.887010599192926e-02
1.853766889795992e-02
1.810635201146512e-02
1.777684042918305e-02

  105  0  1
1.138157073766326e+00
1.133655752809304e+00
1.127690625820349e+00
1.123046732762725e+00

  106  0  0
1.760100484260268e-02
1.727141167267181e-02
1.684322629444142e-02
1.651741101697735e-02

  106  0  1
1.120546082231178e+00
1.115803870451321e+00
1.109516477939702e+00
1.104618604578467e+00

  107  0  0
1.634440724151980e-02
1.602039426232181e-02
1.559983003102210e-02
1.528009465385068e-02

  107  0  1
1.101979818966788e+00
1.096973105628879e+00
1.090330064350859e+00
1.085151230762126e+00

  108  0  0
1.511093547474335e-02
1.479415602929012e-02
1.438148532205494e-02
1.406548743816644e-02

  108  0  1
1.082359573751957e+00
1.077059596773884e+00
1.070022232835925e+00
1.064531721884020e+00

  109  0  0
1.389802657998428e-02
1.358541925832001e-02
1.317976119189140e-02
1.286962946629565e-02

  109  0  1
1.061570536563598e+00
1.055946026549672e+00
1.048470641854170e+00
1.042633857609486e+00

  110  0  0
1.270480335975359e-02
1.239846131251972e-02
1.200388272188469e-02
1.170423100287827e-02

  110  0  1
1.039483966786796e+00
1.033500726039535e+00
1.025531287240947e+00
1.019301142700249e+00

  111  0  0
1.154414084634017e-02
1.124478014060446e-02
1.085760158970759e-02
1.056506032224106e-02

  111  0  1
1.015936981085845e+00
1.009535987314569e+00
1.001009304944980e+00
9.943353885437279e-01

  112  0  0
1.041038463066002e-02
1.011928872987661e-02
9.736515110491438e-03
9.440724840582837e-03

  112  0  1
9.907278952688009e-01
9.838595873996405e-01
9.746945575059146e-01
9.675108215636414e-01

  113  0  0
9.284145442315204e-03
8.994365503826741e-03
8.622875312833973e-03
8.341179329283230e-03

  113  0  1
9.636243940817443e-01
9.562169673973140e-01
9.463198464442496e-01
9.385486035885875e-01

  114  0  0
8.190935611172550e-03
7.911057323481482e-03
7.549865682124928e-03
7.276099150892924e-03

  114  0  1
9.343387671143908e-01
9.263039055300365e-01
9.155471009514567e-01
9.070834256165970e-01

  115  0  0
7.130508092673852e-03
6.859157975657747e-03
6.510457312631101e-03
6.248479843891702e-03

  115  0  1
9.024923159889312e-01
8.937179067334629e-01
8.819451333839012e-01
8.726592294718782e-01

  116  0  0
6.110052216052886e-03
5.850622127353475e-03
5.514229133859446e-03
5.259802199455830e-03

  116  0  1
8.676130229589148e-01
8.579514564782642e-01
8.449494107094261e-01
8.346613774960078e-01

  117  0  0
5.126487903542020e-03
4.877525556129492e-03
4.555037429385471e-03
4.310306076769739e-03

  117  0  1
8.290578836391728e-01
8.183012263440547e-01
8.037746911664450e-01
7.922354772219959e-01

  118  0  0
4.182513426951049e-03
3.946885568407169e-03
3.645169881935577e-03
3.415781467587114e-03

  118  0  1
7.859335630031752e-01
7.738019810049693e-01
7.573381571986094e-01
7.441954055195762e-01

  119  0  0
3.293668734237699e-03
3.068291967086622e-03
2.783001824850627e-03
2.570746540592354e-03

  119  0  1
7.369930096282129e-01
7.231113161061348e-01
7.040680933702000e-01
6.887002198415099e-01

  120  0  0
2.456735620663110e-03
2.246469904182191e-03
1.982635219427395e-03
1.790522816786338e-03

  120  0  1
6.802216110942803e-01
6.637127692142644e-01
6.408914587935218e-01
6.222777552074705e-01

  121  0  0
1.689553944461001e-03
1.503645858912621e-03
1.267927937693915e-03
1.092442285180041e-03

  121  0  1
6.119176059000326e-01
5.915097292168308e-01
5.627980723467886e-01
5.388590431766742e-01

  122  0  0
1.002819813965948e-03
8.443821854704948e-04
6.459397080180240e-04
4.946810684723908e-04

  122  0  1
5.253320270368862e-01
4.980299393706331e-01
4.582061742545551e-01
4.232695703532350e-01

  123  0  0
4.222819196477956e-04
2.990760070327487e-04
1.596128121209276e-04
7.137543290099233e-05

  123  0  1
4.035426562318416e-01
3.563129565429735e-01
2.882971927568026e-01
2.061212485340894e-01

  124  0  0
3.561351726209562e-05
3.835830183533660e-06
6.198379126784778e-06
6.286665491339604e-06

  124  0  1
1.301636848622850e-01
6.726642774480404e-03
-2.376909901112154e-03
3.763802661854591e-03

  125  0  0
2.477686809831096e-06
5.758725658973188e-06
4.675899347898006e-06
5.055645628830114e-06

  125  0  1
-6.382630846914741e-04
2.978050737957616e-04
-8.409947320755788e-05
-1.497180487695361e-05

  126  0  0
5.127478427633908e-06
4.968400877462753e-06
5.014256857137031e-06
4.998003640147211e-06

  126  0  1
6.570990584313573e-05
-4.303946698237423e-06
8.383854787785802e-06
6.507848607486465e-06

  127  0  0
4.994001208055292e-06
5.001498658447627e-06
4.999325565587563e-06
5.000095741774840e-06

  127  0  1
2.168911932429344e-06
5.454909653403597e-06
4.835764829564594e-06
4.929523718076287e-06

  128  0  0
5.000282632238967e-06
4.999929386430634e-06
5.000031783633371e-06
4.999995479485619e-06

  128  0  1
5.135420702839469e-06
4.978264707522948e-06
5.007853058548133e-06
5.003363827418161e-06

  129  0  0
4.999986685796811e-06
5.000003327885312e-06
4.999998502011488e-06
5.000000213594092e-06

  129  0  1
4.993527358119030e-06
5.001040201106783e-06
4.999624023654210e-06
4.999839514834607e-06

  130  0  0
5.000000627128731e-06
4.999999843182344e-06
5.000000070590556e-06
4.999999989906514e-06

  130  0  1
5.000309599720468e-06
4.999950169843587e-06
5.000018021239719e-06
5.000007656539907e-06

  131  0  0
4.999999970463559e-06
5.000000007386483e-06
4.999999996672145e-06
5.000000000475005e-06

  131  0  1
4.999985178635415e-06
5.000002390429663e-06
4.999999134713294e-06
4.999999635015944e-06

  132  0  0
5.000000001388928e-06
4.999999999650233e-06
5.000000000154941e-06
4.999999999975735e-06

  132  0  1
5.000000710158085e-06
4.999999885142046e-06
5.000000041630830e-06
5.000000017366677e-06

  133  0  0
4.999999999932789e-06
5.000000000014639e-06
4.999999999990876e-06
4.999999999999313e-06

  133  0  1
4.999999965946654e-06
5.000000005525459e-06
4.999999997990863e-06
4.999999999173953e-06

  134  0  0
5.000000000001339e-06
4.999999999997484e-06
4.999999999998599e-06
4.999999999998204e-06

  134  0  1
5.000000001631602e-06
4.999999999731955e-06
5.000000000095216e-06
5.000000000037234e-06

  135  0  0
4.999999999998108e-06
4.999999999998290e-06
4.999999999998236e-06
4.999999999998254e-06

  135  0  1
4.999999999919914e-06
5.000000000011095e-06
4.999999999993563e-06
4.999999999996419e-06

  136  0  0
4.999999999998264e-06
4.999999999998252e-06
4.999999999998253e-06
4.999999999998256e-06

  136  0  1
5.000000000002002e-06
4.999999999997641e-06
4.999999999998477e-06
4.999999999998342e-06

  137  0  0
4.999999999998259e-06
4.999999999998251e-06
4.999999999998251e-06
4.999999999998257e-06

  137  0  1
4.999999999998073e-06
4.999999999998283e-06
4.999999999998242e-06
4.999999999998254e-06

  138  0  0
4.999999999998258e-06
4.999999999998253e-06
4.999999999998252e-06
4.999999999998255e-06

  138  0  1
4.999999999998263e-06
4.999999999998256e-06
4.999999999998255e-06
4.999999999998256e-06

  139  0  0
4.999999999998259e-06
4.999999999998251e-06
4.999999999998251e-06
4.999999999998255e-06

  139  0  1
4.999999999998254e-06
4.999999999998256e-06
4.999999999998254e-06
4.999999999998255e-06

  140  0  0
4.999999999998259e-06
4.999999999998251e-06
4.999999999998251e-06
4.999999999998255e-06

  140  0  1
4.999999999998253e-06
4.999999999998255e-06
4.999999999998256e-06
4.999999999998256e-06

  141  0  0
4.999999999998258e-06
4.999999999998252e-06
4.999999999998251e-06
4.999999999998255e-06

  141  0  1
4.999999999998255e-06
4.999999999998255e-06
4.999999999998256e-06
4.999999999998256e-06

  142  0  0
4.999999999998258e-06
4.999999999998250e-06
4.999999999998251e-06
4.999999999998255e-06

  142  0  1
4.999999999998254e-06
4.999999999998255e-06
4.999999999998255e-06
4.999999999998255e-06

  143  0  0
4.999999999998260e-06
4.999999999998252e-06
4.999999999998251e-06
4.999999999998255e-06

  143  0  1
4.999999999998255e-06
4.999999999998255e-06
4.999999999998256e-06
4.999999999998258e-06

  144  0  0
4.999999999998259e-06
4.999999999998251e-06
4.999999999998252e-06
4.999999999998255e-06

  144  0  1
4.999999999998254e-06
4.999999999998255e-06
4.999999999998256e-06
4.999999999998257e-06

  145  0  0
4.999999999998258e-06
4.999999999998253e-06
4.999999999998250e-06
4.999999999998256e-06

  145  0  1
4.999999999998254e-06
4.999999999998255e-06
4.999999999998256e-06
4.999999999998256e-06

  146  0  0
4.999999999998259e-06
4.999999999998250e-06
4.999999999998251e-06
4.999999999998255e-06

  146  0  1
4.999999999998254e-06
4.999999999998253e-06
4.999999999998256e-06
4.999999999998257e-06

  147  0  0
4.999999999998259e-06
4.999999999998250e-06
4.999999999998250e-06
4.999999999998255e-06

  147  0  1
4.999999999998254e-06
4.999999999998256e-06
4.999999999998254e-06
4.999999999998256e-06

  148  0  0
4.999999999998259e-06
4.999999999998251e-06
4.999999999998251e-06
4.999999999998255e-06

  148  0  1
4.999999999998252e-06
4.999999999998253e-06
4.999999999998253e-06
4.999999999998256e-06

  149  0  0
4.999999999998257e-06
4.999999999998251e-06
4.999999999998250e-06
4.999999999998258e-06

  149  0  1
4.999999999998254e-06
4.999999999998256e-06
4.999999999998253e-06
4.999999999998256e-06

  150  0  0
4.999999999998259e-06
4.999999999998250e-06
4.999999999998251e-06
4.999999999998253e-06

  150  0  1
4.999999999998254e-06
4.999999999998253e-06
4.999999999998255e-06
4.999999999998255e-06

  151  0  0
4.999999999998259e-06
4.999999999998254e-06
4.999999999998251e-06
4.999999999998255e-06

  151  0  1
4.999999999998254e-06
4.999999999998255e-06
4.999999999998256e-06
4.999999999998256e-06

  152  0  0
4.999999999998257e-06
4.999999999998251e-06
4.999999999998253e-06
4.999999999998258e-06

  152  0  1
4.999999999998254e-06
4.999999999998254e-06
4.999999999998256e-06
4.999999999998256e-06

  153  0  0
4.999999999998260e-06
4.999999999998253e-06
4.999999999998250e-06
4.999999999998252e-06

  153  0  1
4.999999999998254e-06
4.999999999998254e-06
4.999999999998254e-06
4.999999999998256e-06

  154  0  0
4.999999999998259e-06
4.999999999998251e-06
4.999999999998252e-06
4.999999999998256e-06

  154  0  1
4.999999999998255e-06
4.999999999998256e-06
4.999999999998255e-06
4.999999999998257e-06

  155  0  0
4.999999999998258e-06
4.999999999998250e-06
4.999999999998250e-06
4.999999999998258e-06

  155  0  1
4.999999999998252e-06
4.999999999998256e-06
4.999999999998253e-06
4.999999999998255e-06

  156  0  0
4.999999999998258e-06
4.999999999998250e-06
4.999999999998250e-06
4.999999999998258e-06

  156  0  1
4.999999999998253e-06
4.999999999998255e-06
4.999999999998254e-06
4.999999999998259e-06

  157  0  0
4.999999999998257e-06
4.999999999998251e-06
4.999999999998250e-06
4.999999999998258e-06

  157  0  1
4.999999999998252e-06
4.999999999998255e-06
4.999999999998256e-06
4.999999999998257e-06

  158  0  0
4.999999999998259e-06
4.999999999998254e-06
4.999999999998251e-06
4.999999999998256e-06

  158  0  1
4.999999999998255e-06
4.999999999998254e-06
4.999999999998255e-06
4.999999999998259e-06

  159  0  0
4.999999999998256e-06
4.999999999998251e-06
4.999999999998251e-06
4.999999999998257e-06

  159  0  1
4.999999999998252e-06
4.999999999998256e-06
4.999999999998253e-06
4.999999999998256e-06

  160  0  0
4.999999999998257e-06
4.999999999998250e-06
4.999999999998252e-06
4.999999999998257e-06

  160  0  1
4.999999999998253e-06
4.999999999998256e-06
4.999999999998253e-06
4.999999999998256e-06

  161  0  0
4.999999999998260e-06
4.999999999998252e-06
4.999999999998252e-06
4.999999999998253e-06

  161  0  1
4.999999999998255e-06
4.999999999998257e-06
4.999999999998257e-06
4.999999999998256e-06

  162  0  0
4.999999999998256e-06
4.999999999998251e-06
4.999999999998252e-06
4.999999999998258e-06

  162  0  1
4.999999999998253e-06
4.999999999998255e-06
4.999999999998256e-06
4.999999999998258e-06

  163  0  0
4.999999999998260e-06
4.999999999998253e-06
4.999999999998250e-06
4.999999999998256e-06

  163  0  1
4.999999999998254e-06
4.999999999998256e-06
4.999999999998253e-06
4.999999999998257e-06

  164  0  0
4.999999999998258e-06
4.999999999998254e-06
4.999999999998252e-06
4.999999999998255e-06

  164  0  1
4.999999999998255e-06
4.999999999998255e-06
4.999999999998253e-06
4.999999999998255e-06

  165  0  0
4.999999999998258e-06
4.999999999998251e-06
4.999999999998252e-06
4.999999999998255e-06

  165  0  1
4.999999999998253e-06
4.999999999998255e-06
4.999999999998254e-06
4.999999999998256e-06

  166  0  0
4.999999999998256e-06
4.999999999998251e-06
4.999999999998251e-06
4.999999999998258e-06

  166  0  1
4.999999999998255e-06
4.999999999998256e-06
4.999999999998255e-06
4.999999999998257e-06

  167  0  0
4.999999999998258e-06
4.999999999998254e-06
4.999999999998252e-06
4.999999999998256e-06

  167  0  1
4.999999999998255e-06
4.999999999998256e-06
4.999999999998257e-06
4.999999999998256e-06

  168  0  0
4.999999999998258e-06
4.999999999998250e-06
4.999999999998251e-06
4.999999999998252e-06

  168  0  1
4.999999999998254e-06
4.999999999998256e-06
4.999999999998256e-06
4.999999999998257e-06

  169  0  0
4.999999999998259e-06
4.999999999998251e-06
4.999999999998252e-06
4.999999999998255e-06

  169  0  1
4.999999999998254e-06
4.999999999998256e-06
4.999999999998255e-06
4.999999999998256e-06

  170  0  0
4.999999999998259e-06
4.999999999998250e-06
4.999999999998251e-06
4.999999999998256e-06

  170  0  1
4.999999999998255e-06
4.999999999998256e-06
4.999999999998254e-06
4.999999999998256e-06

  171  0  0
4.999999999998261e-06
4.999999999998252e-06
4.999999999998252e-06
4.999999999998255e-06

  171  0  1
4.999999999998252e-06
4.999999999998255e-06
4.999999999998256e-06
4.999999999998256e-06

  172  0  0
4.999999999998259e-06
4.999999999998251e-06
4.999999999998251e-06
4.999999999998255e-06

  172  0  1
4.999999999998254e-06
4.999999999998254e-06
4.999999999998256e-06
4.999999999998258e-06

  173  0  0
4.999999999998260e-06
4.999999999998254e-06
4.999999999998253e-06
4.999999999998255e-06

  173  0  1
4.999999999998254e-06
4.999999999998256e-06
4.999999999998255e-06
4.999999999998256e-06

  174  0  0
4.999999999998260e-06
4.999999999998252e-06
4.999999999998252e-06
4.999999999998255e-06

  174  0  1
4.999999999998254e-06
4.999999999998255e-06
4.999999999998256e-06
4.999999999998256e-06

  175  0  0
4.999999999998259e-06
4.999999999998250e-06
4.999999999998250e-06
4.999999999998255e-06

  175  0  1
4.999999999998254e-06
4.999999999998254e-06
4.999999999998256e-06
4.999999999998256e-06

  176  0  0
4.999999999998260e-06
4.999999999998250e-06
4.999999999998252e-06
4.999999999998253e-06

  176  0  1
4.999999999998254e-06
4.999999999998256e-06
4.999999999998254e-06
4.999999999998256e-06

  177  0  0
4.999999999998258e-06
4.999999999998251e-06
4.999999999998251e-06
4.999999999998255e-06

  177  0  1
4.999999999998252e-06
4.999999999998255e-06
4.999999999998256e-06
4.999999999998256e-06

  178  0  0
4.999999999998259e-06
4.999999999998251e-06
4.999999999998251e-06
4.999999999998258e-06

  178  0  1
4.999999999998254e-06
4.999999999998254e-06
4.999999999998256e-06
4.999999999998258e-06

  179  0  0
4.999999999998260e-06
4.999999999998252e-06
4.999999999998252e-06
4.999999999998258e-06

  179  0  1
4.999999999998254e-06
4.999999999998255e-06
4.999999999998256e-06
4.999999999998258e-06

  180  0  0
4.999999999998259e-06
4.999999999998250e-06
4.999999999998250e-06
4.999999999998253e-06

  180  0  1
4.999999999998254e-06
4.999999999998254e-06
4.999999999998256e-06
4.999999999998256e-06

  181  0  0
4.999999999998256e-06
4.999999999998251e-06
4.999999999998252e-06
4.999999999998256e-06

  181  0  1
4.999999999998254e-06
4.999999999998254e-06
4.999999999998256e-06
4.999999999998258e-06

  182  0  0
4.999999999998259e-06
4.999999999998251e-06
4.999999999998251e-06
4.999999999998256e-06

  182  0  1
4.999999999998254e-06
4.999999999998254e-06
4.999999999998256e-06
4.999999999998256e-06

  183  0  0
4.999999999998259e-06
4.999999999998250e-06
4.999999999998250e-06
4.999999999998258e-06

  183  0  1
4.999999999998254e-06
4.999999999998256e-06
4.999999999998254e-06
4.999999999998256e-06

  184  0  0
4.999999999998259e-06
4.999999999998250e-06
4.999999999998250e-06
4.999999999998253e-06

  184  0  1
4.999999999998252e-06
4.999999999998255e-06
4.999999999998256e-06
4.999999999998257e-06

  185  0  0
4.999999999998258e-06
4.999999999998252e-06
4.999999999998251e-06
4.999999999998255e-06

  185  0  1
4.999999999998253e-06
4.999999999998256e-06
4.999999999998256e-06
4.999999999998258e-06

  186  0  0
4.999999999998258e-06
4.999999999998252e-06
4.999999999998252e-06
4.999999999998255e-06

  186  0  1
4.999999999998254e-06
4.999999999998255e-06
4.999999999998254e-06
4.999999999998257e-06

  187  0  0
4.999999999998258e-06
4.999999999998254e-06
4.999999999998252e-06
4.999999999998256e-06

  187  0  1
4.999999999998255e-06
4.999999999998256e-06
4.999999999998256e-06
4.999999999998256e-06

  188  0  0
4.999999999998259e-06
4.999999999998250e-06
4.999999999998252e-06
4.999999999998253e-06

  188  0  1
4.999999999998255e-06
4.999999999998255e-06
4.999999999998255e-06
4.999999999998256e-06

  189  0  0
4.999999999998257e-06
4.999999999998250e-06
4.999999999998251e-06
4.999999999998258e-06

  189  0  1
4.999999999998257e-06
4.999999999998256e-06
4.999999999998253e-06
4.999999999998256e-06

  190  0  0
4.999999999998259e-06
4.999999999998250e-06
4.999999999998252e-06
4.999999999998254e-06

  190  0  1
4.999999999998256e-06
4.999999999998254e-06
4.999999999998253e-06
4.999999999998259e-06

  191  0  0
4.999999999998258e-06
4.999999999998251e-06
4.999999999998251e-06
4.999999999998255e-06

  191  0  1
4.999999999998252e-06
4.999999999998256e-06
4.999999999998253e-06
4.999999999998257e-06

  192  0  0
4.999999999998259e-06
4.999999999998250e-06
4.999999999998253e-06
4.999999999998257e-06

  192  0  1
4.999999999998255e-06
4.999999999998255e-06
4.999999999998253e-06
4.999999999998256e-06

  193  0  0
4.999999999998258e-06
4.999999999998251e-06
4.999999999998250e-06
4.999999999998258e-06

  193  0  1
4.999999999998254e-06
4.999999999998256e-06
4.999999999998257e-06
4.999999999998257e-06

  194  0  0
4.999999999998257e-06
4.999999999998250e-06
4.999999999998250e-06
4.999999999998258e-06

  194  0  1
4.999999999998253e-06
4.999999999998255e-06
4.999999999998256e-06
4.999999999998257e-06

  195  0  0
4.999999999998259e-06
4.999999999998250e-06
4.999999999998252e-06
4.999999999998253e-06

  195  0  1
4.999999999998254e-06
4.999999999998256e-06
4.999999999998256e-06
4.999999999998257e-06

  196  0  0
4.999999999998258e-06
4.999999999998252e-06
4.999999999998251e-06
4.999999999998255e-06

  196  0  1
4.999999999998254e-06
4.999999999998255e-06
4.999999999998256e-06
4.999999999998256e-06

  197  0  0
4.999999999998259e-06
4.999999999998250e-06
4.999999999998253e-06
4.999999999998254e-06

  197  0  1
4.999999999998254e-06
4.999999999998255e-06
4.999999999998256e-06
4.999999999998257e-06

  198  0  0
4.999999999998259e-06
4.999999999998250e-06
4.999999999998253e-06
4.999999999998256e-06

  198  0  1
4.999999999998254e-06
4.999999999998255e-06
4.999999999998256e-06
4.999999999998258e-06

  199  0  0
4.999999999998261e-06
4.999999999998255e-06
4.999999999998252e-06
4.999999999998253e-06

  199  0  1
4.999999999998254e-06
4.999999999998256e-06
4.999999999998252e-06
4.999999999998258e-06

  200  0  0
4.999999999998259e-06
4.999999999998252e-06
4.999999999998251e-06
4.999999999998255e-06

  200  0  1
4.999999999998255e-06
4.999999999998253e-06
4.999999999998254e-06
4.999999999998255e-06

  201  0  0
4.999999999998259e-06
4.999999999998250e-06
4.999999999998252e-06
4.999999999998255e-06

  201  0  1
4.999999999998254e-06
4.999999999998255e-06
4.999999999998254e-06
4.999999999998256e-06

  202  0  0
4.999999999998259e-06
4.999999999998254e-06
4.999999999998253e-06
4.999999999998256e-06

  202  0  1
4.999999999998255e-06
4.999999999998255e-06
4.999999999998253e-06
4.999999999998256e-06

  203  0  0
4.999999999998258e-06
4.999999999998250e-06
4.999999999998251e-06
4.999999999998255e-06

  203  0  1
4.999999999998255e-06
4.999999999998257e-06
4.999999999998257e-06
4.999999999998256e-06

  204  0  0
4.999999999998259e-06
4.999999999998254e-06
4.999999999998252e-06
4.999999999998251e-06

  204  0  1
4.999999999998253e-06
4.999999999998256e-06
4.999999999998254e-06
4.999999999998256e-06

  205  0  0
4.999999999998261e-06
4.999999999998254e-06
4.999999999998252e-06
4.999999999998254e-06

  205  0  1
4.999999999998253e-06
4.999999999998253e-06
4.999999999998256e-06
4.999999999998256e-06

  206  0  0
4.999999999998258e-06
4.999999999998250e-06
4.999999999998250e-06
4.999999999998255e-06

  206  0  1
4.999999999998253e-06
4.999999999998256e-06
4.999999999998255e-06
4.999999999998256e-06

  207  0  0
4.999999999998260e-06
4.999999999998250e-06
4.999999999998253e-06
4.999999999998256e-06

  207  0  1
4.999999999998254e-06
4.999999999998255e-06
4.999999999998256e-06
4.999999999998258e-06

  208  0  0
4.999999999998261e-06
4.999999999998254e-06
4.999999999998251e-06
4.999999999998253e-06

  208  0  1
4.999999999998254e-06
4.999999999998256e-06
4.999999999998256e-06
4.999999999998257e-06

  209  0  0
4.999999999998257e-06
4.999999999998250e-06
4.999999999998250e-06
4.999999999998258e-06

  209  0  1
4.999999999998254e-06
4.999999999998254e-06
4.999999999998256e-06
4.999999999998256e-06

  210  0  0
4.999999999998259e-06
4.999999999998253e-06
4.999999999998251e-06
4.999999999998253e-06

  210  0  1
4.999999999998254e-06
4.999999999998254e-06
4.999999999998254e-06
4.999999999998256e-06

  211  0  0
4.999999999998259e-06
4.999999999998252e-06
4.999999999998251e-06
4.999999999998255e-06

  211  0  1
4.999999999998255e-06
4.999999999998255e-06
4.999999999998256e-06
4.999999999998258e-06

  212  0  0
4.999999999998259e-06
4.999999999998251e-06
4.999999999998251e-06
4.999999999998255e-06

  212  0  1
4.999999999998254e-06
4.999999999998256e-06
4.999999999998254e-06
4.999999999998256e-06

  213  0  0
4.999999999998258e-06
4.999999999998251e-06
4.999999999998250e-06
4.999999999998255e-06

  213  0  1
4.999999999998256e-06
4.999999999998256e-06
4.999999999998253e-06
4.999999999998256e-06

  214  0  0
4.999999999998256e-06
4.999999999998251e-06
4.999999999998251e-06
4.999999999998258e-06

  214  0  1
4.999999999998256e-06
4.999999999998256e-06
4.999999999998253e-06
4.999999999998257e-06

  215  0  0
4.999999999998259e-06
4.999999999998251e-06
4.999999999998251e-06
4.999999999998256e-06

  215  0  1
4.999999999998256e-06
4.999999999998256e-06
4.999999999998253e-06
4.999999999998256e-06

  216  0  0
4.999999999998258e-06
4.999999999998253e-06
4.999999999998250e-06
4.999999999998255e-06

  216  0  1
4.999999999998254e-06
4.999999999998255e-06
4.999999999998256e-06
4.999999999998256e-06

  217  0  0
4.999999999998259e-06
4.999999999998250e-06
4.999999999998252e-06
4.999999999998256e-06

  217  0  1
4.999999999998254e-06
4.999999999998256e-06
4.999999999998256e-06
4.999999999998256e-06

  218  0  0
4.999999999998259e-06
4.999999999998250e-06
4.999999999998251e-06
4.999999999998255e-06

  218  0  1
4.999999999998254e-06
4.999999999998256e-06
4.999999999998256e-06
4.999999999998258e-06

  219  0  0
4.999999999998258e-06
4.999999999998250e-06
4.999999999998250e-06
4.999999999998255e-06

  219  0  1
4.999999999998254e-06
4.999999999998256e-06
4.999999999998254e-06
4.999999999998256e-06

  220  0  0
4.999999999998258e-06
4.999999999998250e-06
4.999999999998252e-06
4.999999999998256e-06

  220  0  1
4.999999999998252e-06
4.999999999998255e-06
4.999999999998256e-06
4.999999999998257e-06

  221  0  0
4.999999999998260e-06
4.999999999998250e-06
4.999999999998250e-06
4.999999999998257e-06

  221  0  1
4.999999999998254e-06
4.999999999998255e-06
4.999999999998256e-06
4.999999999998257e-06

  222  0  0
4.999999999998260e-06
4.999999999998252e-06
4.999999999998251e-06
4.999999999998255e-06

  222  0  1
4.999999999998254e-06
4.999999999998253e-06
4.999999999998254e-06
4.999999999998257e-06

  223  0  0
4.999999999998259e-06
4.999999999998251e-06
4.999999999998251e-06
4.999999999998256e-06

  223  0  1
4.999999999998256e-06
4.999999999998256e-06
4.999999999998253e-06
4.999999999998256e-06

  224  0  0
4.999999999998258e-06
4.999999999998251e-06
4.999999999998250e-06
4.999999999998257e-06

  224  0  1
4.999999999998252e-06
4.999999999998255e-06
4.999999999998256e-06
4.999999999998255e-06

  225  0  0
4.999999999998258e-06
4.999999999998252e-06
4.999999999998252e-06
4.999999999998255e-06

  225  0  1
4.999999999998253e-06
4.999999999998256e-06
4.999999999998256e-06
4.999999999998256e-06

  226  0  0
4.999999999998260e-06
4.999999999998254e-06
4.999999999998250e-06
4.999999999998251e-06

  226  0  1
4.999999999998254e-06
4.999999999998256e-06
4.999999999998253e-06
4.999999999998257e-06

  227  0  0
4.999999999998259e-06
4.999999999998254e-06
4.999999999998253e-06
4.999999999998256e-06

  227  0  1
4.999999999998255e-06
4.999999999998255e-06
4.999999999998253e-06
4.999999999998255e-06

  228  0  0
4.999999999998258e-06
4.999999999998250e-06
4.999999999998251e-06
4.999999999998250e-06

  228  0  1
4.999999999998253e-06
4.999999999998255e-06
4.999999999998256e-06
4.999999999998258e-06

  229  0  0
4.999999999998258e-06
4.999999999998251e-06
4.999999999998251e-06
4.999999999998256e-06

  229  0  1
4.999999999998254e-06
4.999999999998255e-06
4.999999999998255e-06
4.999999999998257e-06

  230  0  0
4.999999999998258e-06
4.999999999998251e-06
4.999999999998251e-06
4.999999999998256e-06

  230  0  1
4.999999999998254e-06
4.999999999998256e-06
4.999999999998256e-06
4.999999999998257e-06

  231  0  0
4.999999999998259e-06
4.999999999998250e-06
4.999999999998251e-06
4.999999999998255e-06

  231  0  1
4.999999999998254e-06
4.999999999998256e-06
4.999999999998254e-06
4.999999999998256e-06

  232  0  0
4.999999999998256e-06
4.999999999998250e-06
4.999999999998250e-06
4.999999999998258e-06

  232  0  1
4.999999999998252e-06
4.999999999998255e-06
4.999999999998256e-06
4.999999999998255e-06

  233  0  0
4.999999999998260e-06
4.999999999998251e-06
4.999999999998253e-06
4.999999999998256e-06

  233  0  1
4.999999999998254e-06
4.999999999998255e-06
4.999999999998256e-06
4.999999999998257e-06

  234  0  0
4.999999999998258e-06
4.999999999998253e-06
4.999999999998250e-06
4.999999999998257e-06

  234  0  1
4.999999999998254e-06
4.999999999998256e-06
4.999999999998254e-06
4.999999999998256e-06

  235  0  0
4.999999999998259e-06
4.999999999998250e-06
4.999999999998251e-06
4.999999999998255e-06

  235  0  1
4.999999999998252e-06
4.999999999998255e-06
4.999999999998256e-06
4.999999999998255e-06

  236  0  0
4.999999999998259e-06
4.999999999998251e-06
4.999999999998250e-06
4.999999999998256e-06

  236  0  1
4.999999999998254e-06
4.999999999998256e-06
4.999999999998254e-06
4.999999999998256e-06

  237  0  0
4.999999999998259e-06
4.999999999998250e-06
4.999999999998253e-06
4.999999999998256e-06

  237  0  1
4.999999999998252e-06
4.999999999998255e-06
4.999999999998256e-06
4.999999999998257e-06

  238  0  0
4.999999999998261e-06
4.999999999998255e-06
4.999999999998252e-06
4.999999999998253e-06

  238  0  1
4.999999999998254e-06
4.999999999998255e-06
4.999999999998254e-06
4.999999999998257e-06

  239  0  0
4.999999999998259e-06
4.999999999998252e-06
4.999999999998251e-06
4.999999999998255e-06

  239  0  1
4.999999999998255e-06
4.999999999998256e-06
4.999999999998255e-06
4.999999999998257e-06

  240  0  0
4.999999999998257e-06
4.999999999998250e-06
4.999999999998251e-06
4.999999999998258e-06

  240  0  1
4.999999999998252e-06
4.999999999998255e-06
4.999999999998256e-06
4.999999999998257e-06

  241  0  0
4.999999999998256e-06
4.999999999998251e-06
4.999999999998252e-06
4.999999999998258e-06

  241  0  1
4.999999999998253e-06
4.999999999998255e-06
4.999999999998254e-06
4.999999999998256e-06

  242  0  0
4.999999999998258e-06
4.999999999998251e-06
4.999999999998252e-06
4.999999999998255e-06

  242  0  1
4.999999999998255e-06
4.999999999998256e-06
4.999999999998254e-06
4.999999999998257e-06

  243  0  0
4.999999999998257e-06
4.999999999998251e-06
4.999999999998251e-06
4.999999999998258e-06

  243  0  1
4.999999999998252e-06
4.999999999998257e-06
4.999999999998255e-06
4.999999999998255e-06

  244  0  0
4.999999999998256e-06
4.999999999998251e-06
4.999999999998251e-06
4.999999999998258e-06

  244  0  1
4.999999999998254e-06
4.999999999998255e-06
4.999999999998256e-06
4.999999999998256e-06

  245  0  0
4.999999999998258e-06
4.999999999998251e-06
4.999999999998251e-06
4.999999999998256e-06

  245  0  1
4.999999999998254e-06
4.999999999998253e-06
4.999999999998254e-06
4.999999999998256e-06

  246  0  0
4.999999999998259e-06
4.999999999998251e-06
4.999999999998251e-06
4.999999999998256e-06

  246  0  1
4.999999999998254e-06
4.999999999998256e-06
4.999999999998256e-06
4.999999999998257e-06

  247  0  0
4.999999999998257e-06
4.999999999998251e-06
4.999999999998252e-06
4.999999999998257e-06

  247  0  1
4.999999999998254e-06
4.999999999998255e-06
4.999999999998256e-06
4.999999999998256e-06

  248  0  0
4.999999999998258e-06
4.999999999998251e-06
4.999999999998252e-06
4.999999999998255e-06

  248  0  1
4.999999999998254e-06
4.999999999998256e-06
4.999999999998254e-06
4.999999999998256e-06

  249  0  0
4.999999999998260e-06
4.999999999998253e-06
4.999999999998250e-06
4.999999999998256e-06

  249  0  1
4.999999999998252e-06
4.999999999998255e-06
4.999999999998256e-06
4.999999999998255e-06

  250  0  0
4.999999999998259e-06
4.999999999998251e-06
4.999999999998253e-06
4.999999999998255e-06

  250  0  1
4.999999999998254e-06
4.999999999998253e-06
4.999999999998256e-06
4.999999999998256e-06

  251  0  0
4.999999999998259e-06
4.999999999998254e-06
4.999999999998251e-06
4.999999999998256e-06

  251  0  1
4.999999999998254e-06
4.999999999998255e-06
4.999999999998256e-06
4.999999999998256e-06

  252  0  0
4.999999999998258e-06
4.999999999998251e-06
4.999999999998251e-06
4.999999999998256e-06

  252  0  1
4.999999999998255e-06
4.999999999998256e-06
4.999999999998254e-06
4.999999999998256e-06

  253  0  0
4.999999999998259e-06
4.999999999998251e-06
4.999999999998253e-06
4.999999999998255e-06

  253  0  1
4.999999999998252e-06
4.999999999998255e-06
4.999999999998256e-06
4.999999999998257e-06

  254  0  0
4.999999999998258e-06
4.999999999998251e-06
4.999999999998251e-06
4.999999999998255e-06

  254  0  1
4.999999999998253e-06
4.999999999998255e-06
4.999999999998254e-06
4.999999999998256e-06

  255  0  0
4.999999999998260e-06
4.999999999998250e-06
4.999999999998252e-06
4.999999999998256e-06

  255  0  1
4.999999999998254e-06
4.999999999998256e-06
4.999999999998254e-06
4.999999999998256e-06

  256  0  0
4.999999999998258e-06
4.999999999998251e-06
4.999999999998251e-06
4.999999999998255e-06

  256  0  1
4.999999999998254e-06
4.999999999998255e-06
4.999999999998254e-06
4.999999999998259e-06

  257  0  0
4.999999999998260e-06
4.999999999998251e-06
4.999999999998254e-06
4.999999999998256e-06

  257  0  1
4.999999999998254e-06
4.999999999998254e-06
4.999999999998254e-06
4.999999999998255e-06

  258  0  0
4.999999999998259e-06
4.999999999998253e-06
4.999999999998253e-06
4.999999999998256e-06

  258  0  1
4.999999999998253e-06
4.999999999998253e-06
4.999999999998254e-06
4.999999999998256e-06

  259  0  0
4.999999999998258e-06
4.999999999998254e-06
4.999999999998253e-06
4.999999999998256e-06

  259  0  1
4.999999999998255e-06
4.999999999998255e-06
4.999999999998256e-06
4.999999999998256e-06

  260  0  0
4.999999999998259e-06
4.999999999998251e-06
4.999999999998250e-06
4.999999999998257e-06

  260  0  1
4.999999999998254e-06
4.999999999998253e-06
4.999999999998254e-06
4.999999999998256e-06

  261  0  0
4.999999999998257e-06
4.999999999998252e-06
4.999999999998251e-06
4.999999999998254e-06

  261  0  1
4.999999999998255e-06
4.999999999998257e-06
4.999999999998253e-06
4.999999999998256e-06

  262  0  0
4.999999999998261e-06
4.999999999998252e-06
4.999999999998250e-06
4.999999999998253e-06

  262  0  1
4.999999999998255e-06
4.999999999998255e-06
4.999999999998254e-06
4.999999999998256e-06

  263  0  0
4.999999999998258e-06
4.999999999998253e-06
4.999999999998253e-06
4.999999999998256e-06

  263  0  1
4.999999999998254e-06
4.999999999998256e-06
4.999999999998251e-06
4.999999999998256e-06

  264  0  0
4.999999999998258e-06
4.999999999998252e-06
4.999999999998252e-06
4.999999999998255e-06

  264  0  1
4.999999999998254e-06
4.999999999998255e-06
4.999999999998253e-06
4.999999999998256e-06

  265  0  0
4.999999999998259e-06
4.999999999998253e-06
4.999999999998250e-06
4.999999999998255e-06

  265  0  1
4.999999999998252e-06
4.999999999998256e-06
4.999999999998256e-06
4.999999999998256e-06

  266  0  0
4.999999999998258e-06
4.999999999998251e-06
4.999999999998250e-06
4.999999999998257e-06

  266  0  1
4.999999999998254e-06
4.999999999998255e-06
4.999999999998256e-06
4.999999999998258e-06

  267  0  0
4.999999999998260e-06
4.999999999998250e-06
4.999999999998253e-06
4.999999999998256e-06

  267  0  1
4.999999999998255e-06
4.999999999998257e-06
4.999999999998255e-06
4.999999999998255e-06

  268  0  0
4.999999999998261e-06
4.999999999998254e-06
4.999999999998251e-06
4.999999999998253e-06

  268  0  1
4.999999999998254e-06
4.999999999998255e-06
4.999999999998256e-06
4.999999999998258e-06

  269  0  0
4.999999999998259e-06
4.999999999998250e-06
4.999999999998250e-06
4.999999999998256e-06

  269  0  1
4.999999999998254e-06
4.999999999998256e-06
4.999999999998255e-06
4.999999999998256e-06

  270  0  0
4.999999999998259e-06
4.999999999998253e-06
4.999999999998250e-06
4.999999999998256e-06

  270  0  1
4.999999999998255e-06
4.999999999998255e-06
4.999999999998256e-06
4.999999999998258e-06

  271  0  0
4.999999999998258e-06
4.999999999998253e-06
4.999999999998250e-06
4.999999999998255e-06

  271  0  1
4.999999999998254e-06
4.999999999998256e-06
4.999999999998254e-06
4.999999999998257e-06

  272  0  0
4.999999999998258e-06
4.999999999998251e-06
4.999999999998250e-06
4.999999999998255e-06

  272  0  1
4.999999999998252e-06
4.999999999998256e-06
4.999999999998256e-06
4.999999999998256e-06

  273  0  0
4.999999999998258e-06
4.999999999998251e-06
4.999999999998251e-06
4.999999999998255e-06

  273  0  1
4.999999999998254e-06
4.999999999998254e-06
4.999999999998256e-06
4.999999999998258e-06

  274  0  0
4.999999999998260e-06
4.999999999998252e-06
4.999999999998253e-06
4.999999999998256e-06

  274  0  1
4.999999999998254e-06
4.999999999998256e-06
4.999999999998255e-06
4.999999999998257e-06

  275  0  0
4.999999999998258e-06
4.999999999998252e-06
4.999999999998253e-06
4.999999999998255e-06

  275  0  1
4.999999999998254e-06
4.999999999998255e-06
4.999999999998253e-06
4.999999999998255e-06

  276  0  0
4.999999999998259e-06
4.999999999998252e-06
4.999999999998251e-06
4.999999999998255e-06

  276  0  1
4.999999999998254e-06
4.999999999998253e-06
4.999999999998255e-06
4.999999999998255e-06

  277  0  0
4.999999999998258e-06
4.999999999998254e-06
4.999999999998251e-06
4.999999999998255e-06

  277  0  1
4.999999999998254e-06
4.999999999998255e-06
4.999999999998256e-06
4.999999999998258e-06

  278  0  0
4.999999999998259e-06
4.999999999998251e-06
4.999999999998252e-06
4.999999999998255e-06

  278  0  1
4.999999999998254e-06
4.999999999998253e-06
4.999999999998254e-06
4.999999999998256e-06

  279  0  0
4.999999999998259e-06
4.999999999998251e-06
4.999999999998252e-06
4.999999999998257e-06

  279  0  1
4.999999999998255e-06
4.999999999998253e-06
4.999999999998256e-06
4.999999999998256e-06

  280  0  0
4.999999999998260e-06
4.999999999998250e-06
4.999999999998252e-06
4.999999999998254e-06

  280  0  1
4.999999999998254e-06
4.999999999998253e-06
4.999999999998256e-06
4.999999999998258e-06

  281  0  0
4.999999999998258e-06
4.999999999998252e-06
4.999999999998251e-06
4.999999999998255e-06

  281  0  1
4.999999999998254e-06
4.999999999998256e-06
4.999999999998255e-06
4.999999999998256e-06

  282  0  0
4.999999999998258e-06
4.999999999998251e-06
4.999999999998251e-06
4.999999999998256e-06

  282  0  1
4.999999999998255e-06
4.999999999998256e-06
4.999999999998254e-06
4.999999999998256e-06

  283  0  0
4.999999999998258e-06
4.999999999998251e-06
4.999999999998250e-06
4.999999999998258e-06

  283  0  1
4.999999999998252e-06
4.999999999998255e-06
4.999999999998256e-06
4.999999999998256e-06

  284  0  0
4.999999999998258e-06
4.999999999998252e-06
4.999999999998252e-06
4.999999999998255e-06

  284  0  1
4.999999999998253e-06
4.999999999998256e-06
4.999999999998253e-06
4.999999999998257e-06

  285  0  0
4.999999999998259e-06
4.999999999998250e-06
4.999999999998252e-06
4.999999999998255e-06

  285  0  1
4.999999999998255e-06
4.999999999998255e-06
4.999999999998253e-06
4.999999999998255e-06

  286  0  0
4.999999999998259e-06
4.999999999998250e-06
4.999999999998252e-06
4.999999999998256e-06

  286  0  1
4.999999999998253e-06
4.999999999998255e-06
4.999999999998254e-06
4.999999999998256e-06

  287  0  0
4.999999999998259e-06
4.999999999998254e-06
4.999999999998252e-06
4.999999999998255e-06

  287  0  1
4.999999999998255e-06
4.999999999998256e-06
4.999999999998257e-06
4.999999999998257e-06

  288  0  0
4.999999999998258e-06
4.999999999998250e-06
4.999999999998251e-06
4.999999999998255e-06

  288  0  1
4.999999999998253e-06
4.999999999998256e-06
4.999999999998253e-06
4.999999999998257e-06

  289  0  0
4.999999999998259e-06
4.999999999998250e-06
4.999999999998250e-06
4.999999999998253e-06

  289  0  1
4.999999999998256e-06
4.999999999998255e-06
4.999999999998254e-06
4.999999999998255e-06

  290  0  0
4.999999999998256e-06
4.999999999998251e-06
4.999999999998251e-06
4.999999999998256e-06

  290  0  1
4.999999999998255e-06
4.999999999998256e-06
4.999999999998256e-06
4.999999999998256e-06

  291  0  0
4.999999999998258e-06
4.999999999998250e-06
4.999999999998251e-06
4.999999999998257e-06

  291  0  1
4.999999999998255e-06
4.999999999998255e-06
4.999999999998256e-06
4.999999999998258e-06

  292  0  0
4.999999999998260e-06
4.999999999998252e-06
4.999999999998251e-06
4.999999999998256e-06

  292  0  1
4.999999999998254e-06
4.999999999998256e-06
4.999999999998255e-06
4.999999999998256e-06

  293  0  0
4.999999999998259e-06
4.999999999998250e-06
4.999999999998252e-06
4.999999999998254e-06

  293  0  1
4.999999999998255e-06
4.999999999998255e-06
4.999999999998254e-06
4.999999999998256e-06

  294  0  0
4.999999999998259e-06
4.999999999998252e-06
4.999999999998251e-06
4.999999999998255e-06

  294  0  1
4.999999999998255e-06
4.999999999998255e-06
4.999999999998256e-06
4.999999999998256e-06

  295  0  0
4.999999999998259e-06
4.999999999998251e-06
4.999999999998251e-06
4.999999999998255e-06

  295  0  1
4.999999999998254e-06
4.999999999998253e-06
4.999999999998254e-06
4.999999999998256e-06

  296  0  0
4.999999999998258e-06
4.999999999998251e-06
4.999999999998250e-06
4.999999999998257e-06

  296  0  1
4.999999999998254e-06
4.999999999998255e-06
4.999999999998256e-06
4.999999999998256e-06

  297  0  0
4.999999999998260e-06
4.999999999998251e-06
4.999999999998253e-06
4.999999999998255e-06

  297  0  1
4.999999999998254e-06
4.999999999998256e-06
4.999999999998253e-06
4.999999999998256e-06

  298  0  0
4.999999999998260e-06
4.999999999998252e-06
4.999999999998252e-06
4.999999999998255e-06

  298  0  1
4.999999999998252e-06
4.999999999998253e-06
4.999999999998256e-06
4.999999999998256e-06

  299  0  0
4.999999999998260e-06
4.999999999998250e-06
4.999999999998252e-06
4.999999999998256e-06

  299  0  1
4.999999999998254e-06
4.999999999998254e-06
4.999999999998256e-06
4.999999999998256e-06

  300  0  0
4.999999999998258e-06
4.999999999998251e-06
4.999999999998251e-06
4.999999999998256e-06

  300  0  1
4.999999999998254e-06
4.999999999998254e-06
4.999999999998256e-06
4.999999999998256e-06

  301  0  0
4.999999999998258e-06
4.999999999998250e-06
4.999999999998252e-06
4.999999999998255e-06

  301  0  1
4.999999999998254e-06
4.999999999998254e-06
4.999999999998254e-06
4.999999999998256e-06

  302  0  0
4.999999999998257e-06
4.999999999998250e-06
4.999999999998250e-06
4.999999999998255e-06

  302  0  1
4.999999999998255e-06
4.999999999998255e-06
4.999999999998253e-06
4.999999999998259e-06

  303  0  0
4.999999999998257e-06
4.999999999998250e-06
4.999999999998250e-06
4.999999999998254e-06

  303  0  1
4.999999999998256e-06
4.999999999998255e-06
4.999999999998253e-06
4.999999999998256e-06

  304  0  0
4.999999999998259e-06
4.999999999998252e-06
4.999999999998252e-06
4.999999999998255e-06

  304  0  1
4.999999999998255e-06
4.999999999998256e-06
4.999999999998257e-06
4.999999999998256e-06

  305  0  0
4.999999999998259e-06
4.999999999998251e-06
4.999999999998251e-06
4.999999999998255e-06

  305  0  1
4.999999999998253e-06
4.999999999998255e-06
4.999999999998256e-06
4.999999999998256e-06

  306  0  0
4.999999999998259e-06
4.999999999998251e-06
4.999999999998252e-06
4.999999999998256e-06

  306  0  1
4.999999999998254e-06
4.999999999998255e-06
4.999999999998256e-06
4.999999999998258e-06

  307  0  0
4.999999999998259e-06
4.999999999998250e-06
4.999999999998253e-06
4.999999999998255e-06

  307  0  1
4.999999999998255e-06
4.999999999998255e-06
4.999999999998256e-06
4.999999999998256e-06

  308  0  0
4.999999999998261e-06
4.999999999998250e-06
4.999999999998256e-06
4.999999999998254e-06

  308  0  1
4.999999999998254e-06
4.999999999998255e-06
4.999999999998256e-06
4.999999999998258e-06

  309  0  0
4.999999999998259e-06
4.999999999998256e-06
4.999999999998247e-06
4.999999999998297e-06

  309  0  1
4.999999999998254e-06
4.999999999998256e-06
4.999999999998254e-06
4.999999999998256e-06

  310  0  0
4.999999999998239e-06
4.999999999998188e-06
4.999999999998411e-06
4.999999999997337e-06

  310  0  1
4.999999999998253e-06
4.999999999998257e-06
4.999999999998253e-06
4.999999999998278e-06

  311  0  0
4.999999999998478e-06
4.999999999999622e-06
4.999999999994459e-06
5.000000000012487e-06

  311  0  1
4.999999999998071e-06
4.999999999998390e-06
4.999999999998000e-06
4.999999999995068e-06

  312  0  0
5.000000000001001e-06
4.999999999972500e-06
5.000000000068156e-06
4.999999999831359e-06

  312  0  1
5.000000000003209e-06
5.000000000000742e-06
4.999999999993148e-06
5.000000000122576e-06

  313  0  0
4.999999999786906e-06
5.000000000469101e-06
4.999999998793397e-06
5.000000000244873e-06

  313  0  1
4.999999999888914e-06
4.999999999833258e-06
5.000000000359236e-06
4.999999996037262e-06

  314  0  0
5.000000008095393e-06
4.999999991957348e-06
5.000000018570112e-06
5.000000074222017e-06

  314  0  1
5.000000002395409e-06
5.000000006119991e-06
4.999999986446843e-06
5.000000114721086e-06

  315  0  0
4.999999743247803e-06
5.000000121338375e-06
4.999999779253541e-06
4.999996523219109e-06

  315  0  1
4.999999947614729e-06
4.999999809126444e-06
5.000000424613321e-06
4.999996856874783e-06

  316  0  0
5.000007436687921e-06
4.999998650986564e-06
5.000000439465236e-06
5.000119008267623e-06

  316  0  1
5.000001141095981e-06
5.000005463955991e-06
4.999987812033201e-06
5.000083028788434e-06

  317  0  0
4.999795836193973e-06
4.999998475386428e-06
5.000093794855193e-06
4.996406040161136e-06

  317  0  1
4.999975235273414e-06
4.999851348646255e-06
5.000332177164775e-06
4.997863110249384e-06

  318  0  0
5.005425821920409e-06
5.000733587236601e-06
4.995662895574061e-06
5.102312506394273e-06

  318  0  1
5.000544179128559e-06
5.003891654092025e-06
4.991314487399928e-06
5.054180738918054e-06

  319  0  0
4.869141412289793e-06
4.948731741279058e-06
5.230572921958939e-06
2.761823588778992e-06

  319  0  1
4.992689042352601e-06
4.891576372865304e-06
5.255522117511640e-06
3.783210196809357e-06

