#Cell 
# Element_0
# Element_1
# Element_2
# Element_3
# Element_4
0
1.164416932495232e+00
1.164217468986944e+00
1.163981229309777e+00
1.163731997654159e+00
1.163561339969251e+00

1
1.163474074507223e+00
1.163303713881984e+00
1.163053215505366e+00
1.162803095107952e+00
1.162630372593919e+00

2
1.162543084856140e+00
1.162372045515287e+00
1.162117861537454e+00
1.161868792281358e+00
1.161687449009742e+00

3
1.161599687848210e+00
1.161425068683962e+00
1.161168859328646e+00
1.160911827687369e+00
1.160750272471340e+00

4
1.160645454763994e+00
1.160468414637168e+00
1.160209865110836e+00
1.159949973241770e+00
1.159772145635120e+00

5
1.159681201791877e+00
1.159503569077398e+00
1.159240087333462e+00
1.158975675374143e+00
1.158801111839744e+00

6
1.158705990957782e+00
1.158524961230037e+00
1.158258791396898e+00
1.157991472630869e+00
1.157809651599687e+00

7
1.157716530625776e+00
1.157533679746786e+00
1.157263954432800e+00
1.156993143995920e+00
1.156809308733745e+00

8
1.156715647978930e+00
1.156529800147543e+00
1.156256840147477e+00
1.155988276423052e+00
1.155795731489589e+00

9
1.155703605368030e+00
1.155510575575829e+00
1.155234472492181e+00
1.154957403178138e+00
1.154765899739579e+00

10
1.154670506502278e+00
1.154480037304006e+00
1.154200334254154e+00
1.153919755754105e+00
1.153728682020801e+00

11
1.153629220050936e+00
1.153439360020965e+00
1.153154236358198e+00
1.152876131582931e+00
1.152699211324947e+00

12
1.152575422757168e+00
1.152378051171346e+00
1.152090287192478e+00
1.151802467445239e+00
1.151605166010140e+00

13
1.151503895019790e+00
1.151305081204127e+00
1.151013549451566e+00
1.150721107818940e+00
1.150522419397557e+00

14
1.150418233850935e+00
1.150216853764622e+00
1.149921264961832e+00
1.149624677183297e+00
1.149421446538769e+00

15
1.149317517436739e+00
1.149113228649853e+00
1.148813402460891e+00
1.148512599356933e+00
1.148306346195658e+00

16
1.148201022106434e+00
1.147993828387402e+00
1.147689770305191e+00
1.147384566446024e+00
1.147175407333506e+00

17
1.147068351759833e+00
1.146858124886311e+00
1.146549534006988e+00
1.146239784871590e+00
1.146027571515514e+00

18
1.145919309488177e+00
1.145706046918783e+00
1.145392894377178e+00
1.145078513757168e+00
1.144863492493134e+00

19
1.144752884414139e+00
1.144536563819918e+00
1.144218591435230e+00
1.143899642434638e+00
1.143682607695787e+00

20
1.143568600359199e+00
1.143348349889000e+00
1.143025201812327e+00
1.142701607066052e+00
1.142480124214818e+00

21
1.142366297007056e+00
1.142142783176292e+00
1.141814541768744e+00
1.141485805913910e+00
1.141260705564142e+00

22
1.141144847965806e+00
1.140917978691133e+00
1.140585737351736e+00
1.140251816382049e+00
1.140022798376051e+00

23
1.139904846806837e+00
1.139674095219974e+00
1.139337115297279e+00
1.138997598704532e+00
1.138764353943723e+00

24
1.138644752515672e+00
1.138410605813692e+00
1.138068362592950e+00
1.137723335694701e+00
1.137486190443101e+00

25
1.137364527915297e+00
1.137126848739983e+00
1.136779058100337e+00
1.136428431781840e+00
1.136187422335708e+00

26
1.136063821992330e+00
1.135822215816229e+00
1.135468833163527e+00
1.135112726957897e+00
1.134868213653482e+00

27
1.134743273144909e+00
1.134497669674094e+00
1.134136845571414e+00
1.133775049967996e+00
1.133526614084490e+00

28
1.133398765003856e+00
1.133148474137946e+00
1.132781521016674e+00
1.132411750330952e+00
1.132156104547329e+00

29
1.132026440472142e+00
1.131772543633241e+00
1.131402099468216e+00
1.131027661179572e+00
1.130769513946667e+00

30
1.130638127134922e+00
1.130378248955840e+00
1.129998854884905e+00
1.129619519584129e+00
1.129357999050155e+00

31
1.129223632449883e+00
1.128960489656685e+00
1.128572571725925e+00
1.128186965833877e+00
1.127921607625123e+00

32
1.127785187366238e+00
1.127517044278286e+00
1.127122841420349e+00
1.126730258624528e+00
1.126460592507099e+00

33
1.126321875436909e+00
1.126048861444210e+00
1.125648388915674e+00
1.125250821399846e+00
1.124977170518946e+00

34
1.124836722601966e+00
1.124556344911114e+00
1.124155517500190e+00
1.123760947041933e+00
1.123487441924246e+00

35
1.123347233329946e+00
1.123055031835778e+00
1.122614301581484e+00
1.122216183588054e+00
1.121908688843272e+00

36
1.121748612189613e+00
1.121453084521080e+00
1.121072700062957e+00
1.120670777104923e+00
1.120389577992234e+00

37
1.120231860126474e+00
1.119930067633188e+00
1.119457589992821e+00
1.119026462442344e+00
1.118702424645722e+00

38
1.118547656413875e+00
1.118260419076385e+00
1.117847264049261e+00
1.117400680460986e+00
1.117076687412184e+00

39
1.116915210379893e+00
1.116609062712657e+00
1.116184891778415e+00
1.115749002414463e+00
1.115443548001019e+00

40
1.115291106032449e+00
1.114977695919512e+00
1.114471924143002e+00
1.114025337210550e+00
1.113695122438186e+00

41
1.113534012601881e+00
1.113216719176642e+00
1.112754742710969e+00
1.112286192932898e+00
1.111964166638233e+00

42
1.111797420559106e+00
1.111472228286657e+00
1.110999342735020e+00
1.110522040648766e+00
1.110194931283075e+00

43
1.110025038284032e+00
1.109694053154860e+00
1.109205897092859e+00
1.108720348176333e+00
1.108386610319039e+00

44
1.108214615200797e+00
1.107876994627724e+00
1.107380057509947e+00
1.106884864746703e+00
1.106543672732550e+00

45
1.106368606016408e+00
1.106024673233120e+00
1.105519264077385e+00
1.105011014254846e+00
1.104659122811469e+00

46
1.104480638169491e+00
1.104128367242233e+00
1.103609261885710e+00
1.103094670351278e+00
1.102740174882591e+00

47
1.102557747212934e+00
1.102199954262838e+00
1.101671726694504e+00
1.101142907520691e+00
1.100777849712250e+00

48
1.100592631231976e+00
1.100225402289831e+00
1.099687933299389e+00
1.099144158280382e+00
1.098773767257364e+00

49
1.098584261461255e+00
1.098207358919890e+00
1.097653724707950e+00
1.097098894765887e+00
1.096711980122521e+00

50
1.096517574866373e+00
1.096140201262204e+00
1.095582282484675e+00
1.095016984279929e+00
1.094629671914152e+00

51
1.094432002576545e+00
1.094049946051118e+00
1.093496151137090e+00
1.092928206549208e+00
1.092540700955852e+00

52
1.092352611593821e+00
1.091933195860468e+00
1.091273176556244e+00
1.090707628194615e+00
1.090287212162667e+00

53
1.090080025448490e+00
1.089671024674745e+00
1.089067294366820e+00
1.088464195895461e+00
1.088043675475175e+00

54
1.087831213696106e+00
1.087412391458407e+00
1.086796133392242e+00
1.086175358936620e+00
1.085751915252778e+00

55
1.085532573330285e+00
1.085098311944058e+00
1.084469578084878e+00
1.083824857329257e+00
1.083382583895836e+00

56
1.083160404030870e+00
1.082728654463610e+00
1.082088450849914e+00
1.081441188372099e+00
1.080992815570641e+00

57
1.080762103502415e+00
1.080315400493995e+00
1.079662623641883e+00
1.079002123084559e+00
1.078545231765004e+00

58
1.078312231568125e+00
1.077855531455868e+00
1.077176157729451e+00
1.076499979351849e+00
1.076024456774644e+00

59
1.075785450621063e+00
1.075317718083506e+00
1.074615264062537e+00
1.073913745970373e+00
1.073443608861237e+00

60
1.073201690774148e+00
1.072724673585766e+00
1.072019958268436e+00
1.071305346080180e+00
1.070819445056721e+00

61
1.070565556371321e+00
1.070068006959652e+00
1.069349083362363e+00
1.068610630246750e+00
1.068104117330515e+00

62
1.067848657374353e+00
1.067347557479723e+00
1.066613003775799e+00
1.065892269163861e+00
1.065404256237867e+00

63
1.065155963967586e+00
1.064664716075581e+00
1.063938196748011e+00
1.063258094410655e+00
1.062540379765886e+00

64
1.062261188551185e+00
1.061620277330139e+00
1.060885037982296e+00
1.060080226862081e+00
1.059510276910822e+00

65
1.059220808621831e+00
1.058673793409609e+00
1.057883118236136e+00
1.057080167948709e+00
1.056526702223539e+00

66
1.056240877813359e+00
1.055680673669057e+00
1.054853815433393e+00
1.054015827993552e+00
1.053439579960525e+00

67
1.053142758082615e+00
1.052555166595472e+00
1.051715956212695e+00
1.050870682803889e+00
1.050287047802616e+00

68
1.049986185504351e+00
1.049392580296566e+00
1.048523824297561e+00
1.047643248634178e+00
1.047042962274154e+00

69
1.046730345512715e+00
1.046114912432759e+00
1.045221855346743e+00
1.044298933646587e+00
1.043674611915993e+00

70
1.043362111469287e+00
1.042746956988710e+00
1.041831122316173e+00
1.040902434710384e+00
1.040253816915278e+00

71
1.039928156644408e+00
1.039294848895483e+00
1.038358026757797e+00
1.037413359638372e+00
1.036761262782033e+00

72
1.036424523382119e+00
1.035763595666446e+00
1.034786186235914e+00
1.033816106666117e+00
1.033146749888682e+00

73
1.032800448817720e+00
1.032120920224204e+00
1.031116931091905e+00
1.030119894391209e+00
1.029431752637624e+00

74
1.029076575311992e+00
1.028381510763087e+00
1.027355565453135e+00
1.026319471165409e+00
1.025610113983127e+00

75
1.025242111895649e+00
1.024529858781082e+00
1.023468702955265e+00
1.022412561173982e+00
1.021671771138759e+00

76
1.021301783879874e+00
1.020568065835231e+00
1.019472125725303e+00
1.018389488503106e+00
1.017624360486660e+00

77
1.017240576769924e+00
1.016488668603082e+00
1.015345590828560e+00
1.014212343835371e+00
1.013475072250216e+00

78
1.013102671610087e+00
1.012370430503041e+00
1.011268882476773e+00
1.010159503996463e+00
1.009502222777610e+00

79
1.008970595425130e+00
1.007945993783535e+00
1.006643942604337e+00
1.005519667847826e+00
1.004662123642478e+00

80
1.004229767625750e+00
1.003377747397828e+00
1.002140884730491e+00
1.000850418812321e+00
9.999940467815042e-01

81
9.995645416072747e-01
9.987178631191030e-01
9.974641093017539e-01
9.961981461408842e-01
9.953208874238504e-01

82
9.948663311402675e-01
9.939755305894890e-01
9.926541367089093e-01
9.913474370524025e-01
9.904456108946756e-01

83
9.899785742881257e-01
9.890577788714677e-01
9.876963655811547e-01
9.863439770314295e-01
9.854122912690160e-01

84
9.849291061066824e-01
9.839798828228284e-01
9.825767142276582e-01
9.811824171596893e-01
9.802174846145706e-01

85
9.797202513760596e-01
9.787428943689930e-01
9.773022377528207e-01
9.758470626498527e-01
9.748343956481269e-01

86
9.743204846653410e-01
9.733064443709287e-01
9.717979446624373e-01
9.703147255411807e-01
9.692878607432612e-01

87
9.687566180413285e-01
9.677108816302632e-01
9.661660572649095e-01
9.646175614009407e-01
9.635271832936738e-01

88
9.629819894604703e-01
9.618887028499156e-01
9.602722215728769e-01
9.586873231344232e-01
9.575884649932257e-01

89
9.570220449576263e-01
9.558986256527667e-01
9.542476652936737e-01
9.525711654330865e-01
9.514023826756710e-01

90
9.508020742164252e-01
9.496376308444650e-01
9.479539263631600e-01
9.462358239217282e-01
9.450352616243818e-01

91
9.444274480683850e-01
9.432134378561723e-01
9.414239293788964e-01
9.396595703298189e-01
9.384358254898917e-01

92
9.378017629179600e-01
9.365553667411701e-01
9.347102430444567e-01
9.328636449322394e-01
9.315575643203309e-01

93
9.309081471956371e-01
9.296214672251490e-01
9.276797671155027e-01
9.257542684479030e-01
9.243651100638137e-01

94
9.236783255110153e-01
9.223521549497417e-01
9.204007598066142e-01
9.184108048043284e-01
9.170189914393608e-01

95
9.163130257554691e-01
9.149229470893724e-01
9.128241470297951e-01
9.107425751297087e-01
9.092368962345049e-01

96
9.084916877147896e-01
9.070541729903158e-01
9.049373320457103e-01
9.027721784084648e-01
9.012523091506348e-01

97
9.004715849777691e-01
8.989787682670793e-01
8.967693696082925e-01
8.945054362694652e-01
8.929466369985858e-01

98
8.921330058840873e-01
8.905208546374929e-01
8.882113610130781e-01
8.858794321839616e-01
8.842533832938806e-01

99
8.834150366000980e-01
8.817753417283726e-01
8.793302750891473e-01
8.768560476172829e-01
8.751527977609580e-01

100
8.742718401359995e-01
8.725042383786931e-01
8.699434375852972e-01
8.674103308196547e-01
8.656424132129672e-01

101
8.647264863637991e-01
8.629008441021677e-01
8.602762089961989e-01
8.576050165869401e-01
8.557328590396741e-01

102
8.547830579026469e-01
8.528732348680216e-01
8.500955021068092e-01
8.473122274778503e-01
8.453654229278907e-01

103
8.443650778515340e-01
8.423823715160563e-01
8.394634885510599e-01
8.365630462105828e-01
8.345459947415356e-01

104
8.335232714641928e-01
8.314289174221156e-01
8.284447277364279e-01
8.255531578866203e-01
8.235969464037761e-01

105
8.226617002268352e-01
8.205325326633436e-01
8.162900396899294e-01
8.131835328216079e-01
8.107177384673365e-01

106
8.095274032242267e-01
8.071487543134022e-01
8.038264935950061e-01
8.003987314713991e-01
7.979963555874917e-01

107
7.967708300622300e-01
7.943183345173195e-01
7.907258707674122e-01
7.870559218538457e-01
7.844853208424764e-01

108
7.831704503315717e-01
7.806245779334861e-01
7.767334200717385e-01
7.728720415124604e-01
7.700275617414114e-01

109
7.686303954878779e-01
7.659415103854499e-01
7.619744109612844e-01
7.578869116036971e-01
7.550005992334443e-01

110
7.535541803902489e-01
7.506263985802769e-01
7.462413433355947e-01
7.417766490779444e-01
7.385719742446604e-01

111
7.370286426269111e-01
7.340195518812863e-01
7.294735140636662e-01
7.247549769383628e-01
7.214728328668829e-01

112
7.197778221663087e-01
7.163209936205787e-01
7.113331444545051e-01
7.063929775355319e-01
7.029213851764506e-01

113
7.011030571242997e-01
6.974910858384077e-01
6.921226094874587e-01
6.866206436087684e-01
6.826674222294777e-01

114
6.806368148216708e-01
6.766937147706585e-01
6.710560215368750e-01
6.651944788696922e-01
6.610183671351916e-01

115
6.588841991207753e-01
6.546653631505113e-01
6.481753934163714e-01
6.416283847908220e-01
6.367699678077944e-01

116
6.344544417650169e-01
6.299594929231187e-01
6.231184937918022e-01
6.159539110641439e-01
6.109614080844203e-01

117
6.083600874146605e-01
6.030538858440345e-01
5.953593005046683e-01
5.870970618438888e-01
5.816059426882482e-01

118
5.786567907055461e-01
5.726112406585743e-01
5.637916210919808e-01
5.546066588446344e-01
5.477108188356955e-01

119
5.443454399085375e-01
5.377763187008757e-01
5.268299063184368e-01
5.153075045251432e-01
5.080489544328898e-01

120
5.043239386453914e-01
4.966235670835695e-01
4.845936483050290e-01
4.715316662689730e-01
4.615510048853366e-01

121
4.567366770477620e-01
4.474991367886353e-01
4.328867978334444e-01
4.168288703105379e-01
4.044914926622120e-01

122
3.983703076039516e-01
3.852613169819275e-01
3.636450993466959e-01
3.415469755439491e-01
3.211497030783574e-01

123
3.106718485729813e-01
2.892141339638953e-01
2.433332570438526e-01
1.717679554765764e-01
1.246530946522841e-01

124
1.079991027392908e-01
7.263716972130287e-02
5.377369993731241e-02
5.825298978079264e-02
5.289709463390741e-02

125
5.799377939357496e-02
5.601308791519320e-02
5.633570716433931e-02
5.620221353017024e-02
5.617632155125087e-02

126
5.629404038937033e-02
5.622612694967515e-02
5.623772369385426e-02
5.623297465289315e-02
5.623220749026481e-02

127
5.623616962789773e-02
5.623385988418847e-02
5.623425472860916e-02
5.623409310188550e-02
5.623406709408101e-02

128
5.623420176900292e-02
5.623412325515200e-02
5.623413667158305e-02
5.623413118031150e-02
5.623413029444844e-02

129
5.623413487247608e-02
5.623413220437497e-02
5.623413266007797e-02
5.623413247358335e-02
5.623413244340664e-02

130
5.623413259898762e-02
5.623413250834621e-02
5.623413252381926e-02
5.623413251748779e-02
5.623413251645991e-02

131
5.623413252174567e-02
5.623413251866738e-02
5.623413251919256e-02
5.623413251897769e-02
5.623413251894268e-02

132
5.623413251912219e-02
5.623413251901770e-02
5.623413251903552e-02
5.623413251902822e-02
5.623413251902703e-02

133
5.623413251903313e-02
5.623413251902959e-02
5.623413251903019e-02
5.623413251902993e-02
5.623413251902989e-02

134
5.623413251903010e-02
5.623413251902998e-02
5.623413251903001e-02
5.623413251903000e-02
5.623413251903000e-02

135
5.623413251903000e-02
5.623413251903000e-02
5.623413251903000e-02
5.623413251903000e-02
5.623413251903000e-02

136
5.623413251903000e-02
5.623413251903000e-02
5.623413251903000e-02
5.623413251903000e-02
5.623413251903000e-02

137
5.623413251903000e-02
5.623413251903000e-02
5.623413251903000e-02
5.623413251903000e-02
5.623413251903000e-02

138
5.623413251903000e-02
5.623413251903000e-02
5.623413251903000e-02
5.623413251903000e-02
5.623413251903000e-02

139
5.623413251903000e-02
5.623413251903000e-02
5.623413251903000e-02
5.623413251903000e-02
5.623413251903000e-02

140
5.623413251903000e-02
5.623413251903000e-02
5.623413251903000e-02
5.623413251903000e-02
5.623413251903000e-02

141
5.623413251903000e-02
5.623413251903000e-02
5.623413251903000e-02
5.623413251903000e-02
5.623413251903000e-02

142
5.623413251903000e-02
5.623413251903000e-02
5.623413251903000e-02
5.623413251903000e-02
5.623413251903000e-02

143
5.623413251903000e-02
5.623413251903000e-02
5.623413251903000e-02
5.623413251903000e-02
5.623413251903000e-02

144
5.623413251903000e-02
5.623413251903000e-02
5.623413251903000e-02
5.623413251903000e-02
5.623413251903000e-02

145
5.623413251903000e-02
5.623413251903000e-02
5.623413251903000e-02
5.623413251903000e-02
5.623413251903000e-02

146
5.623413251903000e-02
5.623413251903000e-02
5.623413251903000e-02
5.623413251903000e-02
5.623413251903000e-02

147
5.623413251903000e-02
5.623413251903000e-02
5.623413251903000e-02
5.623413251903000e-02
5.623413251903000e-02

148
5.623413251903000e-02
5.623413251903000e-02
5.623413251903000e-02
5.623413251903000e-02
5.623413251903000e-02

149
5.623413251903000e-02
5.623413251903000e-02
5.623413251903000e-02
5.623413251903000e-02
5.623413251903000e-02

150
5.623413251903000e-02
5.623413251903000e-02
5.623413251903000e-02
5.623413251903000e-02
5.623413251903000e-02

151
5.623413251903000e-02
5.623413251903000e-02
5.623413251903000e-02
5.623413251903000e-02
5.623413251903000e-02

152
5.623413251903000e-02
5.623413251903000e-02
5.623413251903000e-02
5.623413251903000e-02
5.623413251903000e-02

153
5.623413251903000e-02
5.623413251903000e-02
5.623413251903000e-02
5.623413251903000e-02
5.623413251903000e-02

154
5.623413251903000e-02
5.623413251903000e-02
5.623413251903000e-02
5.623413251903000e-02
5.623413251903000e-02

155
5.623413251903000e-02
5.623413251903000e-02
5.623413251903000e-02
5.623413251903000e-02
5.623413251903000e-02

156
5.623413251903000e-02
5.623413251903000e-02
5.623413251903000e-02
5.623413251903000e-02
5.623413251903000e-02

157
5.623413251903000e-02
5.623413251903000e-02
5.623413251903000e-02
5.623413251903000e-02
5.623413251903000e-02

158
5.623413251903000e-02
5.623413251903000e-02
5.623413251903000e-02
5.623413251903000e-02
5.623413251903000e-02

159
5.623413251903000e-02
5.623413251903000e-02
5.623413251903000e-02
5.623413251903000e-02
5.623413251903000e-02

160
5.623413251903000e-02
5.623413251903000e-02
5.623413251903000e-02
5.623413251903000e-02
5.623413251903000e-02

161
5.623413251903000e-02
5.623413251903000e-02
5.623413251903000e-02
5.623413251903000e-02
5.623413251903000e-02

162
5.623413251903000e-02
5.623413251903000e-02
5.623413251903000e-02
5.623413251903000e-02
5.623413251903000e-02

163
5.623413251903000e-02
5.623413251903000e-02
5.623413251903000e-02
5.623413251903000e-02
5.623413251903000e-02

164
5.623413251903000e-02
5.623413251903000e-02
5.623413251903000e-02
5.623413251903000e-02
5.623413251903000e-02

165
5.623413251903000e-02
5.623413251903000e-02
5.623413251903000e-02
5.623413251903000e-02
5.623413251903000e-02

166
5.623413251903000e-02
5.623413251903000e-02
5.623413251903000e-02
5.623413251903000e-02
5.623413251903000e-02

167
5.623413251903000e-02
5.623413251903000e-02
5.623413251903000e-02
5.623413251903000e-02
5.623413251903000e-02

168
5.623413251903000e-02
5.623413251903000e-02
5.623413251903000e-02
5.623413251903000e-02
5.623413251903000e-02

169
5.623413251903000e-02
5.623413251903000e-02
5.623413251903000e-02
5.623413251903000e-02
5.623413251903000e-02

170
5.623413251903000e-02
5.623413251903000e-02
5.623413251903000e-02
5.623413251903000e-02
5.623413251903000e-02

171
5.623413251903000e-02
5.623413251903000e-02
5.623413251903000e-02
5.623413251903000e-02
5.623413251903000e-02

172
5.623413251903000e-02
5.623413251903000e-02
5.623413251903000e-02
5.623413251903000e-02
5.623413251903000e-02

173
5.623413251903000e-02
5.623413251903000e-02
5.623413251903000e-02
5.623413251903000e-02
5.623413251903000e-02

174
5.623413251903000e-02
5.623413251903000e-02
5.623413251903000e-02
5.623413251903000e-02
5.623413251903000e-02

175
5.623413251903000e-02
5.623413251903000e-02
5.623413251903000e-02
5.623413251903000e-02
5.623413251903000e-02

176
5.623413251903000e-02
5.623413251903000e-02
5.623413251903000e-02
5.623413251903000e-02
5.623413251903000e-02

177
5.623413251903000e-02
5.623413251903000e-02
5.623413251903000e-02
5.623413251903000e-02
5.623413251903000e-02

178
5.623413251903000e-02
5.623413251903000e-02
5.623413251903000e-02
5.623413251903000e-02
5.623413251903000e-02

179
5.623413251903000e-02
5.623413251903000e-02
5.623413251903000e-02
5.623413251903000e-02
5.623413251903000e-02

180
5.623413251903000e-02
5.623413251903000e-02
5.623413251903000e-02
5.623413251903000e-02
5.623413251903000e-02

181
5.623413251903000e-02
5.623413251903000e-02
5.623413251903000e-02
5.623413251903000e-02
5.623413251903000e-02

182
5.623413251903000e-02
5.623413251903000e-02
5.623413251903000e-02
5.623413251903000e-02
5.623413251903000e-02

183
5.623413251903000e-02
5.623413251903000e-02
5.623413251903000e-02
5.623413251903000e-02
5.623413251903000e-02

184
5.623413251903000e-02
5.623413251903000e-02
5.623413251903000e-02
5.623413251903000e-02
5.623413251903000e-02

185
5.623413251903000e-02
5.623413251903000e-02
5.623413251903000e-02
5.623413251903000e-02
5.623413251903000e-02

186
5.623413251903000e-02
5.623413251903000e-02
5.623413251903000e-02
5.623413251903000e-02
5.623413251903000e-02

187
5.623413251903000e-02
5.623413251903000e-02
5.623413251903000e-02
5.623413251903000e-02
5.623413251903000e-02

188
5.623413251903000e-02
5.623413251903000e-02
5.623413251903000e-02
5.623413251903000e-02
5.623413251903000e-02

189
5.623413251903000e-02
5.623413251903000e-02
5.623413251903000e-02
5.623413251903000e-02
5.623413251903000e-02

190
5.623413251903000e-02
5.623413251903000e-02
5.623413251903000e-02
5.623413251903000e-02
5.623413251903000e-02

191
5.623413251903000e-02
5.623413251903000e-02
5.623413251903000e-02
5.623413251903000e-02
5.623413251903000e-02

192
5.623413251903000e-02
5.623413251903000e-02
5.623413251903000e-02
5.623413251903000e-02
5.623413251903000e-02

193
5.623413251903000e-02
5.623413251903000e-02
5.623413251903000e-02
5.623413251903000e-02
5.623413251903000e-02

194
5.623413251903000e-02
5.623413251903000e-02
5.623413251903000e-02
5.623413251903000e-02
5.623413251903000e-02

195
5.623413251903000e-02
5.623413251903000e-02
5.623413251903000e-02
5.623413251903000e-02
5.623413251903000e-02

196
5.623413251903000e-02
5.623413251903000e-02
5.623413251903000e-02
5.623413251903000e-02
5.623413251903000e-02

197
5.623413251903000e-02
5.623413251903000e-02
5.623413251903000e-02
5.623413251903000e-02
5.623413251903000e-02

198
5.623413251903000e-02
5.623413251903000e-02
5.623413251903000e-02
5.623413251903000e-02
5.623413251903000e-02

199
5.623413251903000e-02
5.623413251903000e-02
5.623413251903000e-02
5.623413251903000e-02
5.623413251903000e-02

200
5.623413251903000e-02
5.623413251903000e-02
5.623413251903000e-02
5.623413251903000e-02
5.623413251903000e-02

201
5.623413251903000e-02
5.623413251903000e-02
5.623413251903000e-02
5.623413251903000e-02
5.623413251903000e-02

202
5.623413251903000e-02
5.623413251903000e-02
5.623413251903000e-02
5.623413251903000e-02
5.623413251903000e-02

203
5.623413251903000e-02
5.623413251903000e-02
5.623413251903000e-02
5.623413251903000e-02
5.623413251903000e-02

204
5.623413251903000e-02
5.623413251903000e-02
5.623413251903000e-02
5.623413251903000e-02
5.623413251903000e-02

205
5.623413251903000e-02
5.623413251903000e-02
5.623413251903000e-02
5.623413251903000e-02
5.623413251903000e-02

206
5.623413251903000e-02
5.623413251903000e-02
5.623413251903000e-02
5.623413251903000e-02
5.623413251903000e-02

207
5.623413251903000e-02
5.623413251903000e-02
5.623413251903000e-02
5.623413251903000e-02
5.623413251903000e-02

208
5.623413251903000e-02
5.623413251903000e-02
5.623413251903000e-02
5.623413251903000e-02
5.623413251903000e-02

209
5.623413251903000e-02
5.623413251903000e-02
5.623413251903000e-02
5.623413251903000e-02
5.623413251903000e-02

210
5.623413251903000e-02
5.623413251903000e-02
5.623413251903000e-02
5.623413251903000e-02
5.623413251903000e-02

211
5.623413251903000e-02
5.623413251903000e-02
5.623413251903000e-02
5.623413251903000e-02
5.623413251903000e-02

212
5.623413251903000e-02
5.623413251903000e-02
5.623413251903000e-02
5.623413251903000e-02
5.623413251903000e-02

213
5.623413251903000e-02
5.623413251903000e-02
5.623413251903000e-02
5.623413251903000e-02
5.623413251903000e-02

214
5.623413251903000e-02
5.623413251903000e-02
5.623413251903000e-02
5.623413251903000e-02
5.623413251903000e-02

215
5.623413251903000e-02
5.623413251903000e-02
5.623413251903000e-02
5.623413251903000e-02
5.623413251903000e-02

216
5.623413251903000e-02
5.623413251903000e-02
5.623413251903000e-02
5.623413251903000e-02
5.623413251903000e-02

217
5.623413251903000e-02
5.623413251903000e-02
5.623413251903000e-02
5.623413251903000e-02
5.623413251903000e-02

218
5.623413251903000e-02
5.623413251903000e-02
5.623413251903000e-02
5.623413251903000e-02
5.623413251903000e-02

219
5.623413251903000e-02
5.623413251903000e-02
5.623413251903000e-02
5.623413251903000e-02
5.623413251903000e-02

220
5.623413251903000e-02
5.623413251903000e-02
5.623413251903000e-02
5.623413251903000e-02
5.623413251903000e-02

221
5.623413251903000e-02
5.623413251903000e-02
5.623413251903000e-02
5.623413251903000e-02
5.623413251903000e-02

222
5.623413251903000e-02
5.623413251903000e-02
5.623413251903000e-02
5.623413251903000e-02
5.623413251903000e-02

223
5.623413251903000e-02
5.623413251903000e-02
5.623413251903000e-02
5.623413251903000e-02
5.623413251903000e-02

224
5.623413251903000e-02
5.623413251903000e-02
5.623413251903000e-02
5.623413251903000e-02
5.623413251903000e-02

225
5.623413251903000e-02
5.623413251903000e-02
5.623413251903000e-02
5.623413251903000e-02
5.623413251903000e-02

226
5.623413251903000e-02
5.623413251903000e-02
5.623413251903000e-02
5.623413251903000e-02
5.623413251903000e-02

227
5.623413251903000e-02
5.623413251903000e-02
5.623413251903000e-02
5.623413251903000e-02
5.623413251903000e-02

228
5.623413251903000e-02
5.623413251903000e-02
5.623413251903000e-02
5.623413251903000e-02
5.623413251903000e-02

229
5.623413251903000e-02
5.623413251903000e-02
5.623413251903000e-02
5.623413251903000e-02
5.623413251903000e-02

230
5.623413251903000e-02
5.623413251903000e-02
5.623413251903000e-02
5.623413251903000e-02
5.623413251903000e-02

231
5.623413251903000e-02
5.623413251903000e-02
5.623413251903000e-02
5.623413251903000e-02
5.623413251903000e-02

232
5.623413251903000e-02
5.623413251903000e-02
5.623413251903000e-02
5.623413251903000e-02
5.623413251903000e-02

233
5.623413251903000e-02
5.623413251903000e-02
5.623413251903000e-02
5.623413251903000e-02
5.623413251903000e-02

234
5.623413251903000e-02
5.623413251903000e-02
5.623413251903000e-02
5.623413251903000e-02
5.623413251903000e-02

235
5.623413251903000e-02
5.623413251903000e-02
5.623413251903000e-02
5.623413251903000e-02
5.623413251903000e-02

236
5.623413251903000e-02
5.623413251903000e-02
5.623413251903000e-02
5.623413251903000e-02
5.623413251903000e-02

237
5.623413251903000e-02
5.623413251903000e-02
5.623413251903000e-02
5.623413251903000e-02
5.623413251903000e-02

238
5.623413251903000e-02
5.623413251903000e-02
5.623413251903000e-02
5.623413251903000e-02
5.623413251903000e-02

239
5.623413251903000e-02
5.623413251903000e-02
5.623413251903000e-02
5.623413251903000e-02
5.623413251903000e-02

240
5.623413251903000e-02
5.623413251903000e-02
5.623413251903000e-02
5.623413251903000e-02
5.623413251903000e-02

241
5.623413251903000e-02
5.623413251903000e-02
5.623413251903000e-02
5.623413251903000e-02
5.623413251903000e-02

242
5.623413251903000e-02
5.623413251903000e-02
5.623413251903000e-02
5.623413251903000e-02
5.623413251903000e-02

243
5.623413251903000e-02
5.623413251903000e-02
5.623413251903000e-02
5.623413251903000e-02
5.623413251903000e-02

244
5.623413251903000e-02
5.623413251903000e-02
5.623413251903000e-02
5.623413251903000e-02
5.623413251903000e-02

245
5.623413251903000e-02
5.623413251903000e-02
5.623413251903000e-02
5.623413251903000e-02
5.623413251903000e-02

246
5.623413251903000e-02
5.623413251903000e-02
5.623413251903000e-02
5.623413251903000e-02
5.623413251903000e-02

247
5.623413251903000e-02
5.623413251903000e-02
5.623413251903000e-02
5.623413251903000e-02
5.623413251903000e-02

248
5.623413251903000e-02
5.623413251903000e-02
5.623413251903000e-02
5.623413251903000e-02
5.623413251903000e-02

249
5.623413251903000e-02
5.623413251903000e-02
5.623413251903000e-02
5.623413251903000e-02
5.623413251903000e-02

250
5.623413251903000e-02
5.623413251903000e-02
5.623413251903000e-02
5.623413251903000e-02
5.623413251903000e-02

251
5.623413251903000e-02
5.623413251903000e-02
5.623413251903000e-02
5.623413251903000e-02
5.623413251903000e-02

252
5.623413251903000e-02
5.623413251903000e-02
5.623413251903000e-02
5.623413251903000e-02
5.623413251903000e-02

253
5.623413251903000e-02
5.623413251903000e-02
5.623413251903000e-02
5.623413251903000e-02
5.623413251903000e-02

254
5.623413251903000e-02
5.623413251903000e-02
5.623413251903000e-02
5.623413251903000e-02
5.623413251903000e-02

255
5.623413251903000e-02
5.623413251903000e-02
5.623413251903000e-02
5.623413251903000e-02
5.623413251903000e-02

256
5.623413251903000e-02
5.623413251903000e-02
5.623413251903000e-02
5.623413251903000e-02
5.623413251903000e-02

257
5.623413251903000e-02
5.623413251903000e-02
5.623413251903000e-02
5.623413251903000e-02
5.623413251903000e-02

258
5.623413251903000e-02
5.623413251903000e-02
5.623413251903000e-02
5.623413251903000e-02
5.623413251903000e-02

259
5.623413251903000e-02
5.623413251903000e-02
5.623413251903000e-02
5.623413251903000e-02
5.623413251903000e-02

260
5.623413251903000e-02
5.623413251903000e-02
5.623413251903000e-02
5.623413251903000e-02
5.623413251903000e-02

261
5.623413251903000e-02
5.623413251903000e-02
5.623413251903000e-02
5.623413251903000e-02
5.623413251903000e-02

262
5.623413251903000e-02
5.623413251903000e-02
5.623413251903000e-02
5.623413251903000e-02
5.623413251903000e-02

263
5.623413251903000e-02
5.623413251903000e-02
5.623413251903000e-02
5.623413251903000e-02
5.623413251903000e-02

264
5.623413251903000e-02
5.623413251903000e-02
5.623413251903000e-02
5.623413251903000e-02
5.623413251903000e-02

265
5.623413251903000e-02
5.623413251903000e-02
5.623413251903000e-02
5.623413251903000e-02
5.623413251903000e-02

266
5.623413251903000e-02
5.623413251903000e-02
5.623413251903000e-02
5.623413251903000e-02
5.623413251903000e-02

267
5.623413251903000e-02
5.623413251903000e-02
5.623413251903000e-02
5.623413251903000e-02
5.623413251903000e-02

268
5.623413251903000e-02
5.623413251903000e-02
5.623413251903000e-02
5.623413251903000e-02
5.623413251903000e-02

269
5.623413251903000e-02
5.623413251903000e-02
5.623413251903000e-02
5.623413251903000e-02
5.623413251903000e-02

270
5.623413251903000e-02
5.623413251903000e-02
5.623413251903000e-02
5.623413251903000e-02
5.623413251903000e-02

271
5.623413251903000e-02
5.623413251903000e-02
5.623413251903000e-02
5.623413251903000e-02
5.623413251903000e-02

272
5.623413251903000e-02
5.623413251903000e-02
5.623413251903000e-02
5.623413251903000e-02
5.623413251903000e-02

273
5.623413251903000e-02
5.623413251903000e-02
5.623413251903000e-02
5.623413251903000e-02
5.623413251903000e-02

274
5.623413251903000e-02
5.623413251903000e-02
5.623413251903000e-02
5.623413251903000e-02
5.623413251903000e-02

275
5.623413251903000e-02
5.623413251903000e-02
5.623413251903000e-02
5.623413251903000e-02
5.623413251903000e-02

276
5.623413251903000e-02
5.623413251903000e-02
5.623413251903000e-02
5.623413251903000e-02
5.623413251903000e-02

277
5.623413251903000e-02
5.623413251903000e-02
5.623413251903000e-02
5.623413251903000e-02
5.623413251903000e-02

278
5.623413251903000e-02
5.623413251903000e-02
5.623413251903000e-02
5.623413251903000e-02
5.623413251903000e-02

279
5.623413251903000e-02
5.623413251903000e-02
5.623413251903000e-02
5.623413251903000e-02
5.623413251903000e-02

280
5.623413251903000e-02
5.623413251903000e-02
5.623413251903000e-02
5.623413251903000e-02
5.623413251903000e-02

281
5.623413251903000e-02
5.623413251903000e-02
5.623413251903000e-02
5.623413251903000e-02
5.623413251903000e-02

282
5.623413251903000e-02
5.623413251903000e-02
5.623413251903000e-02
5.623413251903000e-02
5.623413251903000e-02

283
5.623413251903000e-02
5.623413251903000e-02
5.623413251903000e-02
5.623413251903000e-02
5.623413251903000e-02

284
5.623413251903000e-02
5.623413251903000e-02
5.623413251903000e-02
5.623413251903000e-02
5.623413251903000e-02

285
5.623413251903000e-02
5.623413251903000e-02
5.623413251903000e-02
5.623413251903000e-02
5.623413251903000e-02

286
5.623413251903000e-02
5.623413251903000e-02
5.623413251903000e-02
5.623413251903000e-02
5.623413251903000e-02

287
5.623413251903000e-02
5.623413251903000e-02
5.623413251903000e-02
5.623413251903000e-02
5.623413251903000e-02

288
5.623413251903000e-02
5.623413251903000e-02
5.623413251903000e-02
5.623413251903000e-02
5.623413251903000e-02

289
5.623413251903000e-02
5.623413251903000e-02
5.623413251903000e-02
5.623413251903000e-02
5.623413251903000e-02

290
5.623413251903000e-02
5.623413251903000e-02
5.623413251903000e-02
5.623413251903000e-02
5.623413251903000e-02

291
5.623413251903000e-02
5.623413251903000e-02
5.623413251903000e-02
5.623413251903000e-02
5.623413251903000e-02

292
5.623413251903000e-02
5.623413251903000e-02
5.623413251903000e-02
5.623413251903000e-02
5.623413251903000e-02

293
5.623413251903000e-02
5.623413251903000e-02
5.623413251903000e-02
5.623413251903000e-02
5.623413251903000e-02

294
5.623413251903000e-02
5.623413251903000e-02
5.623413251903000e-02
5.623413251903000e-02
5.623413251903000e-02

295
5.623413251903000e-02
5.623413251903000e-02
5.623413251903000e-02
5.623413251903000e-02
5.623413251903000e-02

296
5.623413251903000e-02
5.623413251903000e-02
5.623413251903000e-02
5.623413251903000e-02
5.623413251903000e-02

297
5.623413251903000e-02
5.623413251903000e-02
5.623413251903000e-02
5.623413251903000e-02
5.623413251903000e-02

298
5.623413251903000e-02
5.623413251903000e-02
5.623413251903000e-02
5.623413251903000e-02
5.623413251903000e-02

299
5.623413251903000e-02
5.623413251903000e-02
5.623413251903000e-02
5.623413251903000e-02
5.623413251903000e-02

300
5.623413251903000e-02
5.623413251903000e-02
5.623413251903000e-02
5.623413251903000e-02
5.623413251903000e-02

301
5.623413251903000e-02
5.623413251903000e-02
5.623413251903000e-02
5.623413251903000e-02
5.623413251903000e-02

302
5.623413251903000e-02
5.623413251903000e-02
5.623413251903000e-02
5.623413251903000e-02
5.623413251903000e-02

303
5.623413251903000e-02
5.623413251903000e-02
5.623413251903000e-02
5.623413251903000e-02
5.623413251903000e-02

304
5.623413251903000e-02
5.623413251903000e-02
5.623413251903000e-02
5.623413251903000e-02
5.623413251903000e-02

305
5.623413251903000e-02
5.623413251903000e-02
5.623413251903000e-02
5.623413251903000e-02
5.623413251903000e-02

306
5.623413251903000e-02
5.623413251903000e-02
5.623413251903000e-02
5.623413251903000e-02
5.623413251903000e-02

307
5.623413251903000e-02
5.623413251903000e-02
5.623413251903000e-02
5.623413251903000e-02
5.623413251903000e-02

308
5.623413251903000e-02
5.623413251903000e-02
5.623413251903000e-02
5.623413251903000e-02
5.623413251903000e-02

309
5.623413251903000e-02
5.623413251903000e-02
5.623413251903000e-02
5.623413251903000e-02
5.623413251903000e-02

310
5.623413251903000e-02
5.623413251903000e-02
5.623413251903000e-02
5.623413251903000e-02
5.623413251903000e-02

311
5.623413251903000e-02
5.623413251903001e-02
5.623413251903000e-02
5.623413251903001e-02
5.623413251903048e-02

312
5.623413251902911e-02
5.623413251902957e-02
5.623413251903089e-02
5.623413251902860e-02
5.623413251905310e-02

313
5.623413251899869e-02
5.623413251902134e-02
5.623413251907061e-02
5.623413251894562e-02
5.623413251996842e-02

314
5.623413251792275e-02
5.623413251861635e-02
5.623413252063419e-02
5.623413251520426e-02
5.623413255049378e-02

315
5.623413248824439e-02
5.623413250263753e-02
5.623413257127219e-02
5.623413237232554e-02
5.623413330779473e-02

316
5.623413207909102e-02
5.623413197256402e-02
5.623413375092069e-02
5.623412775857272e-02
5.623413792330879e-02

317
5.623415431057931e-02
5.623411856761526e-02
5.623413516487668e-02
5.623401505673647e-02
5.623307985487685e-02

318
5.623679423059479e-02
5.623401163659741e-02
5.623198874674119e-02
5.623333670979343e-02
5.613531845487726e-02

319
5.640656371518733e-02
5.627043080140987e-02
5.600794356659475e-02
5.659608342996908e-02
5.029496379118942e-02

