#Cell 
# Element_0
# Element_1
# Element_2
# Element_3
0
1.164368090949535e+00
1.164132327737512e+00
1.163788650810704e+00
1.163565845228874e+00

1
1.163436876066892e+00
1.163195466986522e+00
1.162878920395461e+00
1.162635454367650e+00

2
1.162505195476624e+00
1.162260400507201e+00
1.161940600263861e+00
1.161692181481178e+00

3
1.161563517032465e+00
1.161315402975944e+00
1.160991169204925e+00
1.160742778498426e+00

4
1.160610288501988e+00
1.160359769504936e+00
1.160032170622110e+00
1.159783576078989e+00

5
1.159645863243761e+00
1.159395278297993e+00
1.159062198892954e+00
1.158797203155593e+00

6
1.158664969920465e+00
1.158408570335986e+00
1.158073158449901e+00
1.157815536439230e+00

7
1.157677571183365e+00
1.157415338923354e+00
1.157075058844013e+00
1.156813458716119e+00

8
1.156673475747276e+00
1.156409389485652e+00
1.156064893058635e+00
1.155795058160756e+00

9
1.155654759800659e+00
1.155387636944943e+00
1.155038687757968e+00
1.154765628295773e+00

10
1.154623275889750e+00
1.154353328177963e+00
1.153998817972269e+00
1.153739713552361e+00

11
1.153582862857612e+00
1.153308898813717e+00
1.152950403831832e+00
1.152673222598432e+00

12
1.152520639714625e+00
1.152243866617969e+00
1.151879955027611e+00
1.151600710087076e+00

13
1.151451470100868e+00
1.151169769637829e+00
1.150801205044058e+00
1.150516768807358e+00

14
1.150364681761914e+00
1.150079419285191e+00
1.149705740605427e+00
1.149419013181951e+00

15
1.149264496249406e+00
1.148975195661089e+00
1.148596960256417e+00
1.148307765658317e+00

16
1.148150144136951e+00
1.147856179376788e+00
1.147469517274226e+00
1.147175647746693e+00

17
1.147018622115193e+00
1.146721513349988e+00
1.146335935965069e+00
1.146042135525680e+00

18
1.145890129725301e+00
1.145583489919775e+00
1.145158545855328e+00
1.144858125997639e+00

19
1.144695411264700e+00
1.144387809776021e+00
1.143982054195721e+00
1.143673174989043e+00

20
1.143508375108045e+00
1.143196949539831e+00
1.142788431381341e+00
1.142473382856879e+00

21
1.142304533499011e+00
1.141989347426460e+00
1.141575128705302e+00
1.141259095896765e+00

22
1.141084623843161e+00
1.140762670758954e+00
1.140340596300573e+00
1.140017537850256e+00

23
1.139845591551845e+00
1.139518790886376e+00
1.139090322751662e+00
1.138761637777867e+00

24
1.138581325536770e+00
1.138248357049939e+00
1.137813669309057e+00
1.137479617952107e+00

25
1.137299574973637e+00
1.136961767792030e+00
1.136520139646994e+00
1.136181057211846e+00

26
1.135999871904887e+00
1.135656937743288e+00
1.135207614061561e+00
1.134862667514463e+00

27
1.134678252965751e+00
1.134330026709164e+00
1.133874030892009e+00
1.133523632754658e+00

28
1.133337772435121e+00
1.132981060744888e+00
1.132519013103357e+00
1.132147064914449e+00

29
1.131958604178123e+00
1.131597347306259e+00
1.131125458594528e+00
1.130762791364181e+00

30
1.130571642549696e+00
1.130207093218745e+00
1.129728609177669e+00
1.129324272717523e+00

31
1.129139159995923e+00
1.128761408377345e+00
1.128271476833645e+00
1.127893635052164e+00

32
1.127691507985205e+00
1.127311071727733e+00
1.126812689258569e+00
1.126428760714899e+00

33
1.126223446809698e+00
1.125836617052527e+00
1.125329321743752e+00
1.124938778338840e+00

34
1.124729420575406e+00
1.124335544764375e+00
1.123820002284979e+00
1.123424913295645e+00

35
1.123209342058989e+00
1.122808743051987e+00
1.122280632079097e+00
1.121879362925145e+00

36
1.121669272901661e+00
1.121262465665164e+00
1.120722987076897e+00
1.120278166300723e+00

37
1.120074572384493e+00
1.119652640840601e+00
1.119105704421939e+00
1.118684782093208e+00

38
1.118459268113006e+00
1.118034478048717e+00
1.117477685165659e+00
1.117049520360421e+00

39
1.116822232852503e+00
1.116387574565376e+00
1.115821093376223e+00
1.115371862712452e+00

40
1.115139880669210e+00
1.114696548466591e+00
1.114118590769685e+00
1.113673278281395e+00

41
1.113434466748274e+00
1.112982234850969e+00
1.112388919257440e+00
1.111938860549629e+00

42
1.111693997148169e+00
1.111234879817856e+00
1.110634345408128e+00
1.110172605642067e+00

43
1.109927458186095e+00
1.109455875883869e+00
1.108828333529942e+00
1.108374063762633e+00

44
1.108105753626603e+00
1.107627781146207e+00
1.106999912986328e+00
1.106522579016892e+00

45
1.106256224166945e+00
1.105763466102316e+00
1.105124104153746e+00
1.104633493712706e+00

46
1.104367269641346e+00
1.103868318952757e+00
1.103214650787029e+00
1.102710369427219e+00

47
1.102439943141419e+00
1.101930676215189e+00
1.101262538783339e+00
1.100748563965043e+00

48
1.100474204426304e+00
1.099950251793678e+00
1.099265331307800e+00
1.098736944204906e+00

49
1.098454642593299e+00
1.097920881939164e+00
1.097219476766706e+00
1.096682953612848e+00

50
1.096396520201826e+00
1.095853206871279e+00
1.095139501790264e+00
1.094589833373207e+00

51
1.094295240762831e+00
1.093737764004173e+00
1.093009052513490e+00
1.092445005081957e+00

52
1.092140731544406e+00
1.091571763723532e+00
1.090825381050469e+00
1.090250081478537e+00

53
1.089939721578310e+00
1.089358549662881e+00
1.088597528215483e+00
1.088010570780480e+00

54
1.087693923102709e+00
1.087097424526894e+00
1.086318274393902e+00
1.085714613891307e+00

55
1.085392514352789e+00
1.084783590553349e+00
1.083987708897774e+00
1.083376603772148e+00

56
1.083051572525339e+00
1.082426251397927e+00
1.081586464845934e+00
1.080965930183665e+00

57
1.080623035741972e+00
1.079987310925777e+00
1.079150055328186e+00
1.078509388365309e+00

58
1.078157529499437e+00
1.077501301333221e+00
1.076640268744309e+00
1.075982882180728e+00

59
1.075628384821932e+00
1.074959988392608e+00
1.074086934194257e+00
1.073413165307610e+00

60
1.073047315898802e+00
1.072363424210547e+00
1.071473462978981e+00
1.070790422774275e+00

61
1.070423624312296e+00
1.069700139302972e+00
1.068753270350487e+00
1.068055084945737e+00

62
1.067685768047353e+00
1.066960688471031e+00
1.065987202738435e+00
1.065295428306781e+00

63
1.064876651834784e+00
1.064139652290689e+00
1.063168552882085e+00
1.062421003156287e+00

64
1.062013646921611e+00
1.061253822955014e+00
1.060265456340135e+00
1.059500513959809e+00

65
1.059088911974529e+00
1.058308691476150e+00
1.057291412054036e+00
1.056506641493991e+00

66
1.056088757150888e+00
1.055288781117536e+00
1.054230958658180e+00
1.053438368563428e+00

67
1.052998364916183e+00
1.052177932310387e+00
1.051105106968072e+00
1.050275754857301e+00

68
1.049832994286320e+00
1.048991486423601e+00
1.047881147424985e+00
1.047036319617855e+00

69
1.046579715613473e+00
1.045717529842626e+00
1.044585425433435e+00
1.043710568291200e+00

70
1.043242640170455e+00
1.042354676373022e+00
1.041193403996898e+00
1.040291923134480e+00

71
1.039816524955277e+00
1.038909769383913e+00
1.037711498355362e+00
1.036735911628795e+00

72
1.036240367319707e+00
1.035292142973762e+00
1.034059681847536e+00
1.033108340054572e+00

73
1.032600594062783e+00
1.031633894013949e+00
1.030367635318596e+00
1.029395792728243e+00

74
1.028876540552917e+00
1.027881868939885e+00
1.026563953336726e+00
1.025572683145777e+00

75
1.025032777074141e+00
1.024009659281962e+00
1.022665165671183e+00
1.021636664478905e+00

76
1.021081166191694e+00
1.020032145925216e+00
1.018651375895278e+00
1.017584181556442e+00

77
1.017008318656506e+00
1.015926917424710e+00
1.014515432792040e+00
1.013426233504016e+00

78
1.012848997706087e+00
1.011730093780123e+00
1.010224107450353e+00
1.009131327385391e+00

79
1.008508041886186e+00
1.007357521279500e+00
1.005843012883217e+00
1.004672018819146e+00

80
1.004046200488654e+00
1.002860999762281e+00
1.001310189515332e+00
1.000117349168067e+00

81
9.994862649202637e-01
9.982593541051888e-01
9.965991590456301e-01
9.953932205744904e-01

82
9.947103838051264e-01
9.934483181924381e-01
9.917983153451407e-01
9.905211840954332e-01

83
9.898412461373284e-01
9.885362956902167e-01
9.868033760830986e-01
9.855081815784510e-01

84
9.847923121060923e-01
9.834479398359257e-01
9.816863966912709e-01
9.803160376099680e-01

85
9.795898770627695e-01
9.781983579612312e-01
9.763556007104184e-01
9.749725903554566e-01

86
9.742237792613077e-01
9.727849416705264e-01
9.708714084496481e-01
9.694553756586114e-01

87
9.686745470270901e-01
9.671878911248387e-01
9.651788697367087e-01
9.637124850775993e-01

88
9.628878679847952e-01
9.613466253129155e-01
9.593154682835796e-01
9.577759424664232e-01

89
9.569227251689004e-01
9.553333508750681e-01
9.532454127637510e-01
9.516321285514570e-01

90
9.507669942693622e-01
9.491089819711148e-01
9.469304550056592e-01
9.452814991203295e-01

91
9.443718781437848e-01
9.426576151186211e-01
9.404065008903107e-01
9.386719030340382e-01

92
9.377351684769134e-01
9.359654877623914e-01
9.336323639574979e-01
9.318275132534592e-01

93
9.308516419266245e-01
9.290168374724488e-01
9.265935022699575e-01
9.247439929468115e-01

94
9.236989340005938e-01
9.217724875320317e-01
9.192779122973181e-01
9.173484849714552e-01

95
9.162925468957911e-01
9.143040153381721e-01
9.117089686370002e-01
9.097180091571370e-01

96
9.085771483098914e-01
9.065033287972287e-01
9.037294065160260e-01
9.016395957631511e-01

97
9.004951781214893e-01
8.983475570941786e-01
8.955207083090401e-01
8.933249905007246e-01

98
8.921299749605114e-01
8.898848642625434e-01
8.869418214623533e-01
8.846535873591732e-01

99
8.834204365240955e-01
8.810850108383352e-01
8.780097342391135e-01
8.756558483826907e-01

100
8.743668267060829e-01
8.719079500419341e-01
8.686095805839029e-01
8.662033768165398e-01

101
8.648226894917977e-01
8.622573331259182e-01
8.588701336801794e-01
8.562988987636653e-01

102
8.548578460557920e-01
8.521840930304699e-01
8.486641079040979e-01
8.459366734128034e-01

103
8.444722606405676e-01
8.416467608997207e-01
8.379246801296588e-01
8.351098356668178e-01

104
8.335452445933944e-01
8.305902386479659e-01
8.266975273920437e-01
8.236936722692281e-01

105
8.220641906104106e-01
8.189752428497493e-01
8.149160346024621e-01
8.117759475055265e-01

106
8.101590271491730e-01
8.069672338547318e-01
8.026074873631460e-01
7.985464894299563e-01

107
7.968460404333140e-01
7.933543836682185e-01
7.887949107315082e-01
7.852349871213959e-01

108
7.833109617761622e-01
7.796583565865637e-01
7.748117565159556e-01
7.710546490237969e-01

109
7.689902883737387e-01
7.651173105783947e-01
7.599666677170583e-01
7.560307197971995e-01

110
7.537480821228352e-01
7.495701925710243e-01
7.441492867944984e-01
7.399315549515294e-01

111
7.375955202517686e-01
7.331842886244733e-01
7.273357853668647e-01
7.228896614677653e-01

112
7.202696658686032e-01
7.155727707756721e-01
7.093131666500608e-01
7.043153496909901e-01

113
7.017010302843983e-01
6.965682693289181e-01
6.897877361458882e-01
6.842875525063334e-01

114
6.812487911890723e-01
6.759344177419174e-01
6.688101235519919e-01
6.631554450349774e-01

115
6.599477850327139e-01
6.540143103660737e-01
6.460176935723191e-01
6.399894191611907e-01

116
6.362923845118801e-01
6.293383080539895e-01
6.209872150121930e-01
6.151455284185475e-01

117
6.123502136661353e-01
6.052691542008399e-01
5.931503336179151e-01
5.924379106193657e-01

118
5.856319617124455e-01
5.830993690480250e-01
5.850377952799060e-01
5.621808518846850e-01

119
5.468940018215308e-01
5.413205892505457e-01
5.340881917862876e-01
5.114176123822672e-01

120
4.954025179882049e-01
4.842040384820985e-01
4.818294750795290e-01
4.796324767554310e-01

121
4.778398981646695e-01
4.487093804654456e-01
4.165965063645021e-01
4.047060406312830e-01

122
3.930758425448998e-01
3.719164074462837e-01
3.342415893602835e-01
2.995767810290910e-01

123
2.842259707029267e-01
2.656754895875364e-01
2.151898232827108e-01
1.477557629204951e-01

124
8.757505403886048e-02
5.567838216592826e-02
5.770581157637931e-02
5.677530224968975e-02

125
5.491706576910969e-02
5.651491665834962e-02
5.611283101296112e-02
5.624659451989508e-02

126
5.628689564139631e-02
5.622198876018270e-02
5.623947025290905e-02
5.623324624903066e-02

127
5.623206371074034e-02
5.623463984217917e-02
5.623390270955209e-02
5.623418890505954e-02

128
5.623420748495894e-02
5.623411218266543e-02
5.623414212609060e-02
5.623412912850899e-02

129
5.623413018752460e-02
5.623413328230093e-02
5.623413213388088e-02
5.623413271667629e-02

130
5.623413256394437e-02
5.623413249396392e-02
5.623413253333177e-02
5.623413250778837e-02

131
5.623413252048155e-02
5.623413251958265e-02
5.623413251858499e-02
5.623413251965130e-02

132
5.623413251876504e-02
5.623413251904073e-02
5.623413251903699e-02
5.623413251899698e-02

133
5.623413251905308e-02
5.623413251902737e-02
5.623413251903051e-02
5.623413251903167e-02

134
5.623413251902835e-02
5.623413251903024e-02
5.623413251902992e-02
5.623413251902989e-02

135
5.623413251903007e-02
5.623413251903000e-02
5.623413251903000e-02
5.623413251903000e-02

136
5.623413251903001e-02
5.623413251903000e-02
5.623413251903000e-02
5.623413251903000e-02

137
5.623413251903000e-02
5.623413251903000e-02
5.623413251903000e-02
5.623413251903000e-02

138
5.623413251903000e-02
5.623413251903000e-02
5.623413251903000e-02
5.623413251903000e-02

139
5.623413251903000e-02
5.623413251903000e-02
5.623413251903000e-02
5.623413251903000e-02

140
5.623413251903000e-02
5.623413251903000e-02
5.623413251903000e-02
5.623413251903000e-02

141
5.623413251903000e-02
5.623413251903000e-02
5.623413251903000e-02
5.623413251903000e-02

142
5.623413251903000e-02
5.623413251903000e-02
5.623413251903000e-02
5.623413251903000e-02

143
5.623413251903000e-02
5.623413251903000e-02
5.623413251903000e-02
5.623413251903000e-02

144
5.623413251903000e-02
5.623413251903000e-02
5.623413251903000e-02
5.623413251903000e-02

145
5.623413251903000e-02
5.623413251903000e-02
5.623413251903000e-02
5.623413251903000e-02

146
5.623413251903000e-02
5.623413251903000e-02
5.623413251903000e-02
5.623413251903000e-02

147
5.623413251903000e-02
5.623413251903000e-02
5.623413251903000e-02
5.623413251903000e-02

148
5.623413251903000e-02
5.623413251903000e-02
5.623413251903000e-02
5.623413251903000e-02

149
5.623413251903000e-02
5.623413251903000e-02
5.623413251903000e-02
5.623413251903000e-02

150
5.623413251903000e-02
5.623413251903000e-02
5.623413251903000e-02
5.623413251903000e-02

151
5.623413251903000e-02
5.623413251903000e-02
5.623413251903000e-02
5.623413251903000e-02

152
5.623413251903000e-02
5.623413251903000e-02
5.623413251903000e-02
5.623413251903000e-02

153
5.623413251903000e-02
5.623413251903000e-02
5.623413251903000e-02
5.623413251903000e-02

154
5.623413251903000e-02
5.623413251903000e-02
5.623413251903000e-02
5.623413251903000e-02

155
5.623413251903000e-02
5.623413251903000e-02
5.623413251903000e-02
5.623413251903000e-02

156
5.623413251903000e-02
5.623413251903000e-02
5.623413251903000e-02
5.623413251903000e-02

157
5.623413251903000e-02
5.623413251903000e-02
5.623413251903000e-02
5.623413251903000e-02

158
5.623413251903000e-02
5.623413251903000e-02
5.623413251903000e-02
5.623413251903000e-02

159
5.623413251903000e-02
5.623413251903000e-02
5.623413251903000e-02
5.623413251903000e-02

160
5.623413251903000e-02
5.623413251903000e-02
5.623413251903000e-02
5.623413251903000e-02

161
5.623413251903000e-02
5.623413251903000e-02
5.623413251903000e-02
5.623413251903000e-02

162
5.623413251903000e-02
5.623413251903000e-02
5.623413251903000e-02
5.623413251903000e-02

163
5.623413251903000e-02
5.623413251903000e-02
5.623413251903000e-02
5.623413251903000e-02

164
5.623413251903000e-02
5.623413251903000e-02
5.623413251903000e-02
5.623413251903000e-02

165
5.623413251903000e-02
5.623413251903000e-02
5.623413251903000e-02
5.623413251903000e-02

166
5.623413251903000e-02
5.623413251903000e-02
5.623413251903000e-02
5.623413251903000e-02

167
5.623413251903000e-02
5.623413251903000e-02
5.623413251903000e-02
5.623413251903000e-02

168
5.623413251903000e-02
5.623413251903000e-02
5.623413251903000e-02
5.623413251903000e-02

169
5.623413251903000e-02
5.623413251903000e-02
5.623413251903000e-02
5.623413251903000e-02

170
5.623413251903000e-02
5.623413251903000e-02
5.623413251903000e-02
5.623413251903000e-02

171
5.623413251903000e-02
5.623413251903000e-02
5.623413251903000e-02
5.623413251903000e-02

172
5.623413251903000e-02
5.623413251903000e-02
5.623413251903000e-02
5.623413251903000e-02

173
5.623413251903000e-02
5.623413251903000e-02
5.623413251903000e-02
5.623413251903000e-02

174
5.623413251903000e-02
5.623413251903000e-02
5.623413251903000e-02
5.623413251903000e-02

175
5.623413251903000e-02
5.623413251903000e-02
5.623413251903000e-02
5.623413251903000e-02

176
5.623413251903000e-02
5.623413251903000e-02
5.623413251903000e-02
5.623413251903000e-02

177
5.623413251903000e-02
5.623413251903000e-02
5.623413251903000e-02
5.623413251903000e-02

178
5.623413251903000e-02
5.623413251903000e-02
5.623413251903000e-02
5.623413251903000e-02

179
5.623413251903000e-02
5.623413251903000e-02
5.623413251903000e-02
5.623413251903000e-02

180
5.623413251903000e-02
5.623413251903000e-02
5.623413251903000e-02
5.623413251903000e-02

181
5.623413251903000e-02
5.623413251903000e-02
5.623413251903000e-02
5.623413251903000e-02

182
5.623413251903000e-02
5.623413251903000e-02
5.623413251903000e-02
5.623413251903000e-02

183
5.623413251903000e-02
5.623413251903000e-02
5.623413251903000e-02
5.623413251903000e-02

184
5.623413251903000e-02
5.623413251903000e-02
5.623413251903000e-02
5.623413251903000e-02

185
5.623413251903000e-02
5.623413251903000e-02
5.623413251903000e-02
5.623413251903000e-02

186
5.623413251903000e-02
5.623413251903000e-02
5.623413251903000e-02
5.623413251903000e-02

187
5.623413251903000e-02
5.623413251903000e-02
5.623413251903000e-02
5.623413251903000e-02

188
5.623413251903000e-02
5.623413251903000e-02
5.623413251903000e-02
5.623413251903000e-02

189
5.623413251903000e-02
5.623413251903000e-02
5.623413251903000e-02
5.623413251903000e-02

190
5.623413251903000e-02
5.623413251903000e-02
5.623413251903000e-02
5.623413251903000e-02

191
5.623413251903000e-02
5.623413251903000e-02
5.623413251903000e-02
5.623413251903000e-02

192
5.623413251903000e-02
5.623413251903000e-02
5.623413251903000e-02
5.623413251903000e-02

193
5.623413251903000e-02
5.623413251903000e-02
5.623413251903000e-02
5.623413251903000e-02

194
5.623413251903000e-02
5.623413251903000e-02
5.623413251903000e-02
5.623413251903000e-02

195
5.623413251903000e-02
5.623413251903000e-02
5.623413251903000e-02
5.623413251903000e-02

196
5.623413251903000e-02
5.623413251903000e-02
5.623413251903000e-02
5.623413251903000e-02

197
5.623413251903000e-02
5.623413251903000e-02
5.623413251903000e-02
5.623413251903000e-02

198
5.623413251903000e-02
5.623413251903000e-02
5.623413251903000e-02
5.623413251903000e-02

199
5.623413251903000e-02
5.623413251903000e-02
5.623413251903000e-02
5.623413251903000e-02

200
5.623413251903000e-02
5.623413251903000e-02
5.623413251903000e-02
5.623413251903000e-02

201
5.623413251903000e-02
5.623413251903000e-02
5.623413251903000e-02
5.623413251903000e-02

202
5.623413251903000e-02
5.623413251903000e-02
5.623413251903000e-02
5.623413251903000e-02

203
5.623413251903000e-02
5.623413251903000e-02
5.623413251903000e-02
5.623413251903000e-02

204
5.623413251903000e-02
5.623413251903000e-02
5.623413251903000e-02
5.623413251903000e-02

205
5.623413251903000e-02
5.623413251903000e-02
5.623413251903000e-02
5.623413251903000e-02

206
5.623413251903000e-02
5.623413251903000e-02
5.623413251903000e-02
5.623413251903000e-02

207
5.623413251903000e-02
5.623413251903000e-02
5.623413251903000e-02
5.623413251903000e-02

208
5.623413251903000e-02
5.623413251903000e-02
5.623413251903000e-02
5.623413251903000e-02

209
5.623413251903000e-02
5.623413251903000e-02
5.623413251903000e-02
5.623413251903000e-02

210
5.623413251903000e-02
5.623413251903000e-02
5.623413251903000e-02
5.623413251903000e-02

211
5.623413251903000e-02
5.623413251903000e-02
5.623413251903000e-02
5.623413251903000e-02

212
5.623413251903000e-02
5.623413251903000e-02
5.623413251903000e-02
5.623413251903000e-02

213
5.623413251903000e-02
5.623413251903000e-02
5.623413251903000e-02
5.623413251903000e-02

214
5.623413251903000e-02
5.623413251903000e-02
5.623413251903000e-02
5.623413251903000e-02

215
5.623413251903000e-02
5.623413251903000e-02
5.623413251903000e-02
5.623413251903000e-02

216
5.623413251903000e-02
5.623413251903000e-02
5.623413251903000e-02
5.623413251903000e-02

217
5.623413251903000e-02
5.623413251903000e-02
5.623413251903000e-02
5.623413251903000e-02

218
5.623413251903000e-02
5.623413251903000e-02
5.623413251903000e-02
5.623413251903000e-02

219
5.623413251903000e-02
5.623413251903000e-02
5.623413251903000e-02
5.623413251903000e-02

220
5.623413251903000e-02
5.623413251903000e-02
5.623413251903000e-02
5.623413251903000e-02

221
5.623413251903000e-02
5.623413251903000e-02
5.623413251903000e-02
5.623413251903000e-02

222
5.623413251903000e-02
5.623413251903000e-02
5.623413251903000e-02
5.623413251903000e-02

223
5.623413251903000e-02
5.623413251903000e-02
5.623413251903000e-02
5.623413251903000e-02

224
5.623413251903000e-02
5.623413251903000e-02
5.623413251903000e-02
5.623413251903000e-02

225
5.623413251903000e-02
5.623413251903000e-02
5.623413251903000e-02
5.623413251903000e-02

226
5.623413251903000e-02
5.623413251903000e-02
5.623413251903000e-02
5.623413251903000e-02

227
5.623413251903000e-02
5.623413251903000e-02
5.623413251903000e-02
5.623413251903000e-02

228
5.623413251903000e-02
5.623413251903000e-02
5.623413251903000e-02
5.623413251903000e-02

229
5.623413251903000e-02
5.623413251903000e-02
5.623413251903000e-02
5.623413251903000e-02

230
5.623413251903000e-02
5.623413251903000e-02
5.623413251903000e-02
5.623413251903000e-02

231
5.623413251903000e-02
5.623413251903000e-02
5.623413251903000e-02
5.623413251903000e-02

232
5.623413251903000e-02
5.623413251903000e-02
5.623413251903000e-02
5.623413251903000e-02

233
5.623413251903000e-02
5.623413251903000e-02
5.623413251903000e-02
5.623413251903000e-02

234
5.623413251903000e-02
5.623413251903000e-02
5.623413251903000e-02
5.623413251903000e-02

235
5.623413251903000e-02
5.623413251903000e-02
5.623413251903000e-02
5.623413251903000e-02

236
5.623413251903000e-02
5.623413251903000e-02
5.623413251903000e-02
5.623413251903000e-02

237
5.623413251903000e-02
5.623413251903000e-02
5.623413251903000e-02
5.623413251903000e-02

238
5.623413251903000e-02
5.623413251903000e-02
5.623413251903000e-02
5.623413251903000e-02

239
5.623413251903000e-02
5.623413251903000e-02
5.623413251903000e-02
5.623413251903000e-02

240
5.623413251903000e-02
5.623413251903000e-02
5.623413251903000e-02
5.623413251903000e-02

241
5.623413251903000e-02
5.623413251903000e-02
5.623413251903000e-02
5.623413251903000e-02

242
5.623413251903000e-02
5.623413251903000e-02
5.623413251903000e-02
5.623413251903000e-02

243
5.623413251903000e-02
5.623413251903000e-02
5.623413251903000e-02
5.623413251903000e-02

244
5.623413251903000e-02
5.623413251903000e-02
5.623413251903000e-02
5.623413251903000e-02

245
5.623413251903000e-02
5.623413251903000e-02
5.623413251903000e-02
5.623413251903000e-02

246
5.623413251903000e-02
5.623413251903000e-02
5.623413251903000e-02
5.623413251903000e-02

247
5.623413251903000e-02
5.623413251903000e-02
5.623413251903000e-02
5.623413251903000e-02

248
5.623413251903000e-02
5.623413251903000e-02
5.623413251903000e-02
5.623413251903000e-02

249
5.623413251903000e-02
5.623413251903000e-02
5.623413251903000e-02
5.623413251903000e-02

250
5.623413251903000e-02
5.623413251903000e-02
5.623413251903000e-02
5.623413251903000e-02

251
5.623413251903000e-02
5.623413251903000e-02
5.623413251903000e-02
5.623413251903000e-02

252
5.623413251903000e-02
5.623413251903000e-02
5.623413251903000e-02
5.623413251903000e-02

253
5.623413251903000e-02
5.623413251903000e-02
5.623413251903000e-02
5.623413251903000e-02

254
5.623413251903000e-02
5.623413251903000e-02
5.623413251903000e-02
5.623413251903000e-02

255
5.623413251903000e-02
5.623413251903000e-02
5.623413251903000e-02
5.623413251903000e-02

256
5.623413251903000e-02
5.623413251903000e-02
5.623413251903000e-02
5.623413251903000e-02

257
5.623413251903000e-02
5.623413251903000e-02
5.623413251903000e-02
5.623413251903000e-02

258
5.623413251903000e-02
5.623413251903000e-02
5.623413251903000e-02
5.623413251903000e-02

259
5.623413251903000e-02
5.623413251903000e-02
5.623413251903000e-02
5.623413251903000e-02

260
5.623413251903000e-02
5.623413251903000e-02
5.623413251903000e-02
5.623413251903000e-02

261
5.623413251903000e-02
5.623413251903000e-02
5.623413251903000e-02
5.623413251903000e-02

262
5.623413251903000e-02
5.623413251903000e-02
5.623413251903000e-02
5.623413251903000e-02

263
5.623413251903000e-02
5.623413251903000e-02
5.623413251903000e-02
5.623413251903000e-02

264
5.623413251903000e-02
5.623413251903000e-02
5.623413251903000e-02
5.623413251903000e-02

265
5.623413251903000e-02
5.623413251903000e-02
5.623413251903000e-02
5.623413251903000e-02

266
5.623413251903000e-02
5.623413251903000e-02
5.623413251903000e-02
5.623413251903000e-02

267
5.623413251903000e-02
5.623413251903000e-02
5.623413251903000e-02
5.623413251903000e-02

268
5.623413251903000e-02
5.623413251903000e-02
5.623413251903000e-02
5.623413251903000e-02

269
5.623413251903000e-02
5.623413251903000e-02
5.623413251903000e-02
5.623413251903000e-02

270
5.623413251903000e-02
5.623413251903000e-02
5.623413251903000e-02
5.623413251903000e-02

271
5.623413251903000e-02
5.623413251903000e-02
5.623413251903000e-02
5.623413251903000e-02

272
5.623413251903000e-02
5.623413251903000e-02
5.623413251903000e-02
5.623413251903000e-02

273
5.623413251903000e-02
5.623413251903000e-02
5.623413251903000e-02
5.623413251903000e-02

274
5.623413251903000e-02
5.623413251903000e-02
5.623413251903000e-02
5.623413251903000e-02

275
5.623413251903000e-02
5.623413251903000e-02
5.623413251903000e-02
5.623413251903000e-02

276
5.623413251903000e-02
5.623413251903000e-02
5.623413251903000e-02
5.623413251903000e-02

277
5.623413251903000e-02
5.623413251903000e-02
5.623413251903000e-02
5.623413251903000e-02

278
5.623413251903000e-02
5.623413251903000e-02
5.623413251903000e-02
5.623413251903000e-02

279
5.623413251903000e-02
5.623413251903000e-02
5.623413251903000e-02
5.623413251903000e-02

280
5.623413251903000e-02
5.623413251903000e-02
5.623413251903000e-02
5.623413251903000e-02

281
5.623413251903000e-02
5.623413251903000e-02
5.623413251903000e-02
5.623413251903000e-02

282
5.623413251903000e-02
5.623413251903000e-02
5.623413251903000e-02
5.623413251903000e-02

283
5.623413251903000e-02
5.623413251903000e-02
5.623413251903000e-02
5.623413251903000e-02

284
5.623413251903000e-02
5.623413251903000e-02
5.623413251903000e-02
5.623413251903000e-02

285
5.623413251903000e-02
5.623413251903000e-02
5.623413251903000e-02
5.623413251903000e-02

286
5.623413251903000e-02
5.623413251903000e-02
5.623413251903000e-02
5.623413251903000e-02

287
5.623413251903000e-02
5.623413251903000e-02
5.623413251903000e-02
5.623413251903000e-02

288
5.623413251903000e-02
5.623413251903000e-02
5.623413251903000e-02
5.623413251903000e-02

289
5.623413251903000e-02
5.623413251903000e-02
5.623413251903000e-02
5.623413251903000e-02

290
5.623413251903000e-02
5.623413251903000e-02
5.623413251903000e-02
5.623413251903000e-02

291
5.623413251903000e-02
5.623413251903000e-02
5.623413251903000e-02
5.623413251903000e-02

292
5.623413251903000e-02
5.623413251903000e-02
5.623413251903000e-02
5.623413251903000e-02

293
5.623413251903000e-02
5.623413251903000e-02
5.623413251903000e-02
5.623413251903000e-02

294
5.623413251903000e-02
5.623413251903000e-02
5.623413251903000e-02
5.623413251903000e-02

295
5.623413251903000e-02
5.623413251903000e-02
5.623413251903000e-02
5.623413251903000e-02

296
5.623413251903000e-02
5.623413251903000e-02
5.623413251903000e-02
5.623413251903000e-02

297
5.623413251903000e-02
5.623413251903000e-02
5.623413251903000e-02
5.623413251903000e-02

298
5.623413251903000e-02
5.623413251903000e-02
5.623413251903000e-02
5.623413251903000e-02

299
5.623413251903000e-02
5.623413251903000e-02
5.623413251903000e-02
5.623413251903000e-02

300
5.623413251903000e-02
5.623413251903000e-02
5.623413251903000e-02
5.623413251903000e-02

301
5.623413251903000e-02
5.623413251903000e-02
5.623413251903000e-02
5.623413251903000e-02

302
5.623413251903000e-02
5.623413251903000e-02
5.623413251903000e-02
5.623413251903000e-02

303
5.623413251903000e-02
5.623413251903000e-02
5.623413251903000e-02
5.623413251903000e-02

304
5.623413251903000e-02
5.623413251903000e-02
5.623413251903000e-02
5.623413251903000e-02

305
5.623413251903000e-02
5.623413251903000e-02
5.623413251903000e-02
5.623413251903000e-02

306
5.623413251903000e-02
5.623413251903000e-02
5.623413251903000e-02
5.623413251903000e-02

307
5.623413251903000e-02
5.623413251903000e-02
5.623413251903000e-02
5.623413251903000e-02

308
5.623413251903000e-02
5.623413251903000e-02
5.623413251903000e-02
5.623413251903000e-02

309
5.623413251903000e-02
5.623413251903000e-02
5.623413251903000e-02
5.623413251903000e-02

310
5.623413251903000e-02
5.623413251903000e-02
5.623413251903008e-02
5.623413251903013e-02

311
5.623413251902930e-02
5.623413251903054e-02
5.623413251902869e-02
5.623413251901946e-02

312
5.623413251905358e-02
5.623413251902856e-02
5.623413251903164e-02
5.623413251946113e-02

313
5.623413251837507e-02
5.623413251884741e-02
5.623413251959476e-02
5.623413250506088e-02

314
5.623413253649302e-02
5.623413252790476e-02
5.623413249300772e-02
5.623413292723831e-02

315
5.623413206662822e-02
5.623413221400475e-02
5.623413339852922e-02
5.623412127273961e-02

316
5.623414399297374e-02
5.623414170471852e-02
5.623410625293043e-02
5.623443073365916e-02

317
5.623384625633062e-02
5.623387465283865e-02
5.623486624730185e-02
5.622643501097863e-02

318
5.624120817852231e-02
5.624100502555812e-02
5.621468485596535e-02
5.642902795121601e-02

319
5.607504555605529e-02
5.602679312603228e-02
5.684209443358895e-02
5.144330421947640e-02

