#Cell  Group   Direction 
# Element_0
# Element_1
# Element_2
# Element_3
# Element_4
    0  0  0
1.819026038702463e-01
1.771282006347626e-01
1.700765796806020e-01
1.631033838132694e-01
1.584081623102913e-01

    0  0  1
1.729958079914313e+00
1.721691066300197e+00
1.709384182774732e+00
1.696814410990672e+00
1.688063664950259e+00

    1  0  0
1.560067618309504e-01
1.513310307256723e-01
1.444388919572020e-01
1.373993003752962e-01
1.325262068832216e-01

    1  0  1
1.683541366783384e+00
1.674559845216814e+00
1.661095453573239e+00
1.647217360718807e+00
1.637473809812771e+00

    2  0  0
1.300756475575679e-01
1.253521787438984e-01
1.184780991661210e-01
1.115095023973725e-01
1.066961194518410e-01

    2  0  1
1.632410594691965e+00
1.622293745288323e+00
1.606969045689323e+00
1.590954589749245e+00
1.579570404256821e+00

    3  0  0
1.042509917066345e-01
9.950179479004133e-02
9.265296950146065e-02
8.586138253356390e-02
8.121522250205654e-02

    3  0  1
1.573607005565833e+00
1.561594774382176e+00
1.543108156254623e+00
1.523403191918884e+00
1.509143437008439e+00

    4  0  0
7.887231632400270e-02
7.427362526134644e-02
6.742326732233755e-02
6.058164948953299e-02
5.616298740770921e-02

    4  0  1
1.501586457678959e+00
1.486172149348501e+00
1.461956889404611e+00
1.435452610319834e+00
1.415790589947711e+00

    5  0  0
5.398982216973813e-02
4.959006374017593e-02
4.294369045153816e-02
3.640918505956506e-02
3.221660070325737e-02

    5  0  1
1.405197098537649e+00
1.383223486668355e+00
1.347623474986545e+00
1.307050055165390e+00
1.275792379139428e+00

    6  0  0
3.006599153388222e-02
2.603067258739997e-02
2.039377763564035e-02
1.495710466579186e-02
1.144893483036498e-02

    6  0  1
1.258408679399640e+00
1.221857726718241e+00
1.158271647294423e+00
1.081040849211486e+00
1.016729507148472e+00

    7  0  0
9.787176988613290e-03
6.489814419348229e-03
2.452372031948655e-03
1.702471506852544e-04
9.057733663917384e-05

    7  0  1
9.796842982760957e-01
8.765262928290465e-01
7.200188435334124e-01
9.652382358687708e-02
-2.354184454935070e-02

    8  0  0
1.494743959592782e-04
1.066523651773680e-07
1.433662497679313e-05
2.278567262406140e-06
6.389092467245453e-06

    8  0  1
4.269177329038502e-02
-5.792421238754613e-06
2.539245800790052e-04
-1.526461653054113e-05
-5.581258941804817e-05

    9  0  0
5.991694959748890e-06
4.739099149218849e-06
5.133680256960126e-06
4.922973808837445e-06
5.037410793016244e-06

    9  0  1
1.065992397204467e-04
-1.816582737160377e-05
1.721837432302379e-05
-1.883637249012093e-06
8.295511089939899e-06

   10  0  0
5.008663973511867e-06
4.997541087999123e-06
5.001227904158513e-06
4.999282713967680e-06
5.000346505014782e-06

   10  0  1
5.849255436576813e-06
4.767556619240558e-06
5.115438606803625e-06
4.932887716309757e-06
5.031759135156847e-06

   11  0  0
5.000079393113873e-06
4.999977451820228e-06
5.000011257048260e-06
4.999993423615633e-06
5.000003175427447e-06

   11  0  1
5.007971033538781e-06
4.997814614811374e-06
5.001084716720569e-06
4.999369213022755e-06
5.000298408227598e-06

   12  0  0
5.000000729366522e-06
4.999999792854453e-06
5.000000103411808e-06
4.999999939587191e-06
5.000000029153755e-06

   12  0  1
5.000074965784927e-06
4.999979446785907e-06
5.000010201508136e-06
4.999994067619316e-06
5.000002806263374e-06

   13  0  0
5.000000006714818e-06
4.999999998091218e-06
5.000000000949595e-06
4.999999999443989e-06
5.000000000258961e-06

   13  0  1
5.000000705248415e-06
4.999999806637324e-06
5.000000095972504e-06
4.999999944187183e-06
5.000000026399308e-06

   14  0  0
5.000000000044179e-06
5.000000000020206e-06
4.999999999937867e-06
5.000000000133412e-06
4.999999999480092e-06

   14  0  1
5.000000006622922e-06
4.999999998197233e-06
5.000000000870673e-06
4.999999999534017e-06
5.000000000032433e-06

   15  0  0
4.999999998953768e-06
5.000000002603851e-06
4.999999995433802e-06
5.000000009259285e-06
4.999999965592207e-06

   15  0  1
4.999999999537762e-06
5.000000001201286e-06
4.999999997891637e-06
5.000000004244483e-06
4.999999984989665e-06

   16  0  0
4.999999935176053e-06
5.000000164879142e-06
4.999999710598570e-06
5.000000587568127e-06
4.999997813865389e-06

   16  0  1
4.999999964892581e-06
5.000000082848730e-06
4.999999856216841e-06
5.000000289070068e-06
4.999998979027447e-06

   17  0  0
4.999996214182931e-06
5.000009901370528e-06
4.999982573913708e-06
5.000035412864393e-06
4.999867987616457e-06

   17  0  1
4.999997738921577e-06
5.000005415305393e-06
4.999990588656668e-06
5.000018928724630e-06
4.999933124821636e-06

   18  0  0
4.999797224502119e-06
5.000553313089557e-06
4.999022409561822e-06
5.001989636234178e-06
4.992567401142537e-06

   18  0  1
4.999862342691652e-06
5.000336597746037e-06
4.999413905603684e-06
5.001179566736974e-06
4.995832404130545e-06

   19  0  0
4.990499551898356e-06
5.027914229880932e-06
4.950625819964041e-06
5.101742235792076e-06
4.630641909716898e-06

   19  0  1
4.992248390479465e-06
5.019579314148392e-06
4.965946105943337e-06
5.069111320713165e-06
4.761236419405071e-06

