#Cell  Group   Direction 
# Element_0
# Element_1
# Element_2
# Element_3
# Element_4
    0  0  0
1.822081204767005e-01
1.819134280094346e-01
1.814818045331615e-01
1.810501179950448e-01
1.807553108509172e-01

    0  0  1
1.731920090499277e+00
1.731407525022127e+00
1.730656223185432e+00
1.729904068108108e+00
1.729389943861390e+00

    1  0  0
1.806048703869801e-01
1.803100583507744e-01
1.798783349297925e-01
1.794465876470276e-01
1.791517248054831e-01

    1  0  1
1.729127435051795e+00
1.728612704303887e+00
1.727858210723831e+00
1.727102845772971e+00
1.726586515794136e+00

    2  0  0
1.790012449757738e-01
1.787063238258126e-01
1.782743614392062e-01
1.778423032905599e-01
1.775472173958773e-01

    2  0  1
1.726322876589642e+00
1.725805920565133e+00
1.725048150842663e+00
1.724289485985511e+00
1.723770892007818e+00

    3  0  0
1.773966285704337e-01
1.771015186158423e-01
1.766693674123195e-01
1.762372358240894e-01
1.759421500648842e-01

    3  0  1
1.723506095200540e+00
1.722986864714086e+00
1.722225743444644e+00
1.721463703732544e+00
1.720942790625187e+00

    4  0  0
1.757915685746300e-01
1.754964708885748e-01
1.750642815618090e-01
1.746319932401228e-01
1.743367225685694e-01

    4  0  1
1.720676805928864e+00
1.720155237641777e+00
1.719390676588165e+00
1.718625170275667e+00
1.718101875188813e+00

    5  0  0
1.741860264431895e-01
1.738906758000690e-01
1.734581059550987e-01
1.730255035825690e-01
1.727300910011903e-01

    5  0  1
1.717834670497365e+00
1.717310708978684e+00
1.716542616624041e+00
1.715773563710430e+00
1.715247840309664e+00

    6  0  0
1.725793484799800e-01
1.722839567420542e-01
1.718514047385094e-01
1.714188368133831e-01
1.711234080166039e-01

    6  0  1
1.714979392374937e+00
1.714452978600842e+00
1.713681275294509e+00
1.712908578191136e+00
1.712380344714335e+00

    7  0  0
1.709726359173867e-01
1.706771317517664e-01
1.702442939626367e-01
1.698113341375287e-01
1.695156096850743e-01

    7  0  1
1.712110614249985e+00
1.711581665141051e+00
1.710806255019723e+00
1.710029798188006e+00
1.709499045525418e+00

    8  0  0
1.693646868083524e-01
1.690689356547684e-01
1.686358342529425e-01
1.682027438505951e-01
1.679070013382023e-01

    8  0  1
1.709228031621739e+00
1.708696500905833e+00
1.707917260030377e+00
1.707136974342152e+00
1.706603528170232e+00

    9  0  0
1.677560851960420e-01
1.674603337540438e-01
1.670271959349757e-01
1.665939714243960e-01
1.662980667238810e-01

    9  0  1
1.706331124260030e+00
1.705796932988049e+00
1.705013774148787e+00
1.704229541841170e+00
1.703693383987334e+00

   10  0  0
1.661470484253780e-01
1.658510663759156e-01
1.654175657543323e-01
1.649840192336744e-01
1.646879532014473e-01

   10  0  1
1.703419591558933e+00
1.702882668200917e+00
1.702095486316943e+00
1.701307194957610e+00
1.700768250239541e+00

   11  0  0
1.645368731415309e-01
1.642408148909297e-01
1.638072782503170e-01
1.633737222550750e-01
1.630776212009341e-01

   11  0  1
1.700493032562528e+00
1.699953303506168e+00
1.699161985393872e+00
1.698369535324596e+00
1.697827731427381e+00

   12  0  0
1.629265071129583e-01
1.626303383559666e-01
1.621965405556744e-01
1.617626449719022e-01
1.614663104685816e-01

   12  0  1
1.697551046786124e+00
1.697008435769924e+00
1.696212865849632e+00
1.695416132893587e+00
1.694871386939999e+00

   13  0  0
1.613150893339298e-01
1.610187522762850e-01
1.605848398663664e-01
1.601509944659993e-01
1.598547650384900e-01

   13  0  1
1.694593194569412e+00
1.694047614140590e+00
1.693247672268676e+00
1.692446533217518e+00
1.691898758000500e+00

   14  0  0
1.597036072867745e-01
1.594073925371056e-01
1.589735881620307e-01
1.585396968369349e-01
1.582433315718897e-01

   14  0  1
1.691619013901847e+00
1.691070382914326e+00
1.690265945317419e+00
1.689460275276257e+00
1.688909385964168e+00

   15  0  0
1.580920767001065e-01
1.577956290975351e-01
1.573614477276887e-01
1.569272309634389e-01
1.566307191754814e-01

   15  0  1
1.688628046723781e+00
1.688076277495168e+00
1.687267214540435e+00
1.686456884129519e+00
1.685902792125343e+00

   16  0  0
1.564794168717318e-01
1.561829313959168e-01
1.557487882272569e-01
1.553146419933073e-01
1.550181413640833e-01

   16  0  1
1.685619812220824e+00
1.685064814999695e+00
1.684250996201521e+00
1.683435873018699e+00
1.682878487296158e+00

   17  0  0
1.548668234013449e-01
1.545702529691899e-01
1.541358530492359e-01
1.537013307882026e-01
1.534045514712860e-01

   17  0  1
1.682593819615344e+00
1.682035496843596e+00
1.681216779963749e+00
1.680396722731383e+00
1.679835947171607e+00

   18  0  0
1.532530969457330e-01
1.529562911295580e-01
1.525216646624558e-01
1.520870780736849e-01
1.517903319081539e-01

   18  0  1
1.679549542764784e+00
1.678987803747860e+00
1.678164044787682e+00
1.677338904016516e+00
1.676774632801465e+00

   19  0  0
1.516389087119411e-01
1.513421731407897e-01
1.509076087133011e-01
1.504729657012984e-01
1.501760939923806e-01

   19  0  1
1.676486437683522e+00
1.675921177081491e+00
1.675092231305548e+00
1.674261865305833e+00
1.673694001652327e+00

   20  0  0
1.500245830842399e-01
1.497276394245760e-01
1.492927465034702e-01
1.488578440134437e-01
1.485608868110270e-01

   20  0  1
1.673403965370125e+00
1.672835080259086e+00
1.672000793213846e+00
1.671165044095548e+00
1.670593478392268e+00

   21  0  0
1.484093659100973e-01
1.481124716724941e-01
1.476777777009383e-01
1.472431348917691e-01
1.469463221866744e-01

   21  0  1
1.670301544694047e+00
1.669728927305194e+00
1.668889139237081e+00
1.668047845405487e+00
1.667472467487965e+00

   22  0  0
1.467948514053764e-01
1.464979903949531e-01
1.460631789961727e-01
1.456282559934652e-01
1.453312097734212e-01

   22  0  1
1.667178580040099e+00
1.666602118703381e+00
1.665756664093412e+00
1.664909658125555e+00
1.664330353043296e+00

   23  0  0
1.451796220419583e-01
1.448825608632858e-01
1.444475779305262e-01
1.440126573778293e-01
1.437156955141773e-01

   23  0  1
1.664034453283685e+00
1.663454031843817e+00
1.662602738791433e+00
1.661749847401359e+00
1.661166495755337e+00

   24  0  0
1.435641648307153e-01
1.432672213066750e-01
1.428323515021753e-01
1.423973942164214e-01
1.421003006329701e-01

   24  0  1
1.660868522693015e+00
1.660284020813905e+00
1.659426711780982e+00
1.658567756042268e+00
1.657980236528322e+00

   25  0  0
1.419486737406371e-01
1.416514972282744e-01
1.412162509679704e-01
1.407809793569718e-01
1.404837591398244e-01

   25  0  1
1.657680128399500e+00
1.657091427534538e+00
1.656227920138498e+00
1.655362711795184e+00
1.654770890096835e+00

   26  0  0
1.403321007242458e-01
1.400349297419704e-01
1.395998145963358e-01
1.391647354189121e-01
1.388676195344238e-01

   26  0  1
1.654468576020717e+00
1.653875529621966e+00
1.653005621272798e+00
1.652133962958587e+00
1.651537709838442e+00

   27  0  0
1.387159929851633e-01
1.384188267226344e-01
1.379835711010374e-01
1.375482108730696e-01
1.372508719934508e-01

   27  0  1
1.651233126072141e+00
1.650635616912121e+00
1.649759121884673e+00
1.648880817708792e+00
1.648279990251678e+00

   28  0  0
1.370991379614092e-01
1.368017974778188e-01
1.363664344482770e-01
1.359311812162471e-01
1.356340249484340e-01

   28  0  1
1.647973061218018e+00
1.647370937526241e+00
1.646487637052507e+00
1.645602470900389e+00
1.644996924878081e+00

   29  0  0
1.354824058484222e-01
1.351853093410785e-01
1.347502583025335e-01
1.343151553599387e-01
1.340179714343954e-01

   29  0  1
1.644687577610103e+00
1.644080694173717e+00
1.643190373771660e+00
1.642298128632888e+00
1.641687714229107e+00

   30  0  0
1.338662997021037e-01
1.335690339137651e-01
1.331336526492211e-01
1.326982438144970e-01
1.324009337432644e-01

   30  0  1
1.641375871749250e+00
1.640764076833321e+00
1.639866512373931e+00
1.638966961700987e+00
1.638351523011334e+00

   31  0  0
1.322492318446984e-01
1.319519824228348e-01
1.315167737369790e-01
1.310816287095900e-01
1.307844819347469e-01

   31  0  1
1.638037105375244e+00
1.637420241349647e+00
1.636515199985737e+00
1.635608108317657e+00
1.634987483311042e+00

   32  0  0
1.306328439097482e-01
1.303356613645895e-01
1.299003938369601e-01
1.294650295889296e-01
1.291676890021861e-01

   32  0  1
1.634670407435048e+00
1.634048310505865e+00
1.633135550273786e+00
1.632220672814317e+00
1.631594692995095e+00

   33  0  0
1.290159538888343e-01
1.287186105349657e-01
1.282832399622685e-01
1.278479769024457e-01
1.275508154802557e-01

   33  0  1
1.631274872463558e+00
1.630647372362619e+00
1.629726641679045e+00
1.628803723754867e+00
1.628172213694654e+00

   34  0  0
1.273991955899975e-01
1.271021038234629e-01
1.266670800517906e-01
1.262320348287276e-01
1.259349087230439e-01

   34  0  1
1.627849558508405e+00
1.627216477971133e+00
1.626287514685641e+00
1.625356290887448e+00
1.624719067242195e+00

   35  0  0
1.257832721589477e-01
1.254860868491924e-01
1.250508476124003e-01
1.246156076469114e-01
1.243184279209823e-01

   35  0  1
1.624393482731445e+00
1.623754635070165e+00
1.622817157948877e+00
1.621877349640592e+00
1.621234224240808e+00

   36  0  0
1.241667983221917e-01
1.238697029833183e-01
1.234347516153679e-01
1.229998993085141e-01
1.227029678128941e-01

   36  0  1
1.620905616350143e+00
1.620260819498388e+00
1.619314572825205e+00
1.618365914490114e+00
1.617716695801624e+00

   37  0  0
1.225514428924969e-01
1.222544859917401e-01
1.218195502958151e-01
1.213845114315403e-01
1.210873867602038e-01

   37  0  1
1.617384962013559e+00
1.616734008411687e+00
1.615778671696736e+00
1.614820844570748e+00
1.614165322595712e+00

   38  0  0
1.209357603070134e-01
1.206386274309931e-01
1.202035611686963e-01
1.197685997129906e-01
1.194716433492331e-01

   38  0  1
1.613830359937152e+00
1.613173052882641e+00
1.612208349541674e+00
1.611241070104657e+00
1.610579039723897e+00

   39  0  0
1.193201281420681e-01
1.190232416780138e-01
1.185885206542193e-01
1.181537826170842e-01
1.178568693030983e-01

   39  0  1
1.610240738453533e+00
1.609576856248387e+00
1.608602449995483e+00
1.607625377715127e+00
1.606956610523010e+00

   40  0  0
1.177053421031751e-01
1.174083720966830e-01
1.169734501752848e-01
1.165385338449809e-01
1.162415831649413e-01

   40  0  1
1.606614856008919e+00
1.605944174833876e+00
1.604959735818390e+00
1.603972536492135e+00
1.603296799608452e+00

   41  0  0
1.160900742915793e-01
1.157932269374294e-01
1.153586748442482e-01
1.149242764549817e-01
1.146276893082433e-01

   41  0  1
1.602951471022829e+00
1.602273753470646e+00
1.601278923833936e+00
1.600281247602906e+00
1.599598304920720e+00

   42  0  0
1.144763509140553e-01
1.141797787778337e-01
1.137454437125929e-01
1.133110341085742e-01
1.130143477529981e-01

   42  0  1
1.599249282957593e+00
1.598564294755334e+00
1.597558734866712e+00
1.596550228123460e+00
1.595859831299975e+00

   43  0  0
1.128629474273238e-01
1.125662620201167e-01
1.121318659871179e-01
1.116976013151992e-01
1.114011424866810e-01

   43  0  1
1.595506988138848e+00
1.594814470973734e+00
1.593797816793281e+00
1.592778114096438e+00
1.592080008908981e+00

   44  0  0
1.112498874574825e-01
1.109535240734979e-01
1.105195949693825e-01
1.100856698691035e-01
1.097893179108362e-01

   44  0  1
1.591723211710240e+00
1.591022914984938e+00
1.589994762241372e+00
1.588963452925862e+00
1.588257363039352e+00

   45  0  0
1.096380790270352e-01
1.093416760030556e-01
1.089075863430942e-01
1.084735009120608e-01
1.081771182013409e-01

   45  0  1
1.587896473489725e+00
1.587188112230648e+00
1.586148074782492e+00
1.585104770562097e+00
1.584390421907332e+00

   46  0  0
1.080258993048250e-01
1.077296220049192e-01
1.072959172656762e-01
1.068623933726184e-01
1.065664254556562e-01

   46  0  1
1.584025295524161e+00
1.583308597534543e+00
1.582256236939838e+00
1.581200493338774e+00
1.580477586834028e+00

   47  0  0
1.064154104022729e-01
1.061194863608489e-01
1.056861273901774e-01
1.052527118528821e-01
1.049567059242445e-01

   47  0  1
1.580108073828024e+00
1.579382736797296e+00
1.578317624090724e+00
1.577249006743886e+00
1.576517238891173e+00

   48  0  0
1.048056522996134e-01
1.045096449945462e-01
1.040762465511149e-01
1.036429975706472e-01
1.033472502515840e-01

   48  0  1
1.576143182145708e+00
1.575408896711414e+00
1.574330575119205e+00
1.573248621904307e+00
1.572507674121627e+00

   49  0  0
1.031963666673742e-01
1.029007499054111e-01
1.024679624979129e-01
1.020352335165050e-01
1.017397238152548e-01

   49  0  1
1.572128910060453e+00
1.571385353894612e+00
1.570293347146342e+00
1.569197576299283e+00
1.568447116376012e+00

   50  0  0
1.015889204168123e-01
1.012933795362601e-01
1.008605669084329e-01
1.004277677389823e-01
1.001322650890665e-01

   50  0  1
1.568063474422246e+00
1.567310311442247e+00
1.566204122709803e+00
1.565094031721941e+00
1.564333713167377e+00

   51  0  0
9.998149697176337e-02
9.968610717337383e-02
9.925371764337980e-02
9.882153428326496e-02
9.852650030250898e-02

   51  0  1
1.563945015442877e+00
1.563181895134523e+00
1.562061006148596e+00
1.560936070941894e+00
1.560165532466051e+00

   52  0  0
9.837596798997843e-02
9.808100417564820e-02
9.764908753219223e-02
9.721715944066013e-02
9.692219419003213e-02

   52  0  1
1.559771593533497e+00
1.558998150456763e+00
1.557862021092860e+00
1.556721695930395e+00
1.555940561629191e+00

   53  0  0
9.677167842591727e-02
9.647673743517841e-02
9.604492673577339e-02
9.561329905620569e-02
9.531868254815541e-02

   53  0  1
1.555541188812946e+00
1.554757043879943e+00
1.553605120450824e+00
1.552448842309302e+00
1.551656718184525e+00

   54  0  0
9.516838460271920e-02
9.487393447746033e-02
9.444289903445116e-02
9.401196776706011e-02
9.371770373383430e-02

   54  0  1
1.551251703975328e+00
1.550456444623676e+00
1.549288094868924e+00
1.548115234868630e+00
1.547311697690813e+00

   55  0  0
9.356754010843361e-02
9.327325724119470e-02
9.284229322047514e-02
9.241134856151884e-02
9.211711826489631e-02

   55  0  1
1.546900832322324e+00
1.546094051204290e+00
1.544908686506802e+00
1.543718640197126e+00
1.542903267395815e+00

   56  0  0
9.196700278813742e-02
9.167289959235875e-02
9.124241808171182e-02
9.081217641304354e-02
9.051848945093782e-02

   56  0  1
1.542486331185280e+00
1.541667591560665e+00
1.540464566150312e+00
1.539256680788935e+00
1.538429022472466e+00

   57  0  0
9.036865137652728e-02
9.007505952080508e-02
8.964516917153756e-02
8.921526551437085e-02
8.892166721223392e-02

   57  0  1
1.538005784322401e+00
1.537174630580208e+00
1.535953270287542e+00
1.534726863889039e+00
1.533886449712299e+00

   58  0  0
8.877184247554579e-02
8.847824038661184e-02
8.804836295596812e-02
8.761866132774979e-02
8.732537869328262e-02

   58  0  1
1.533456668021286e+00
1.532612623884188e+00
1.531372224169984e+00
1.530126583867105e+00
1.529272922202985e+00

   59  0  0
8.717577346616637e-02
8.688271179760458e-02
8.645379901513296e-02
8.602509987562422e-02
8.573241573569060e-02

   59  0  1
1.528836344531712e+00
1.527978912302458e+00
1.526718737796823e+00
1.525453120078466e+00
1.524585698867772e+00

   60  0  0
8.558307291296813e-02
8.529042114057112e-02
8.486188732845754e-02
8.443341095939004e-02
8.414088560987230e-02

   60  0  1
1.524142063573707e+00
1.523270726432189e+00
1.521990027313022e+00
1.520703654039978e+00
1.519821925807184e+00

   61  0  0
8.399164531729393e-02
8.369926881995786e-02
8.327134799749916e-02
8.284371738284106e-02
8.255184925506913e-02

   61  0  1
1.519370949468373e+00
1.518485148565949e+00
1.517183080563139e+00
1.515875120778254e+00
1.514978516517022e+00

   62  0  0
8.240295015741698e-02
8.211121826725146e-02
8.168409014024595e-02
8.125697716865060e-02
8.096528956461632e-02

   62  0  1
1.514519906276206e+00
1.513619063680912e+00
1.512294770817382e+00
1.510964349312720e+00
1.510052276207432e+00

   63  0  0
8.081643887564006e-02
8.052474290646722e-02
8.009765082379572e-02
7.967074158977570e-02
7.937938155997773e-02

   63  0  1
1.509585726781411e+00
1.508669236518122e+00
1.507321805027517e+00
1.505968009133801e+00
1.505039837643695e+00

   64  0  0
7.923076536045784e-02
7.893966100815979e-02
7.851366728661743e-02
7.808795487068608e-02
7.779734850757215e-02

   64  0  1
1.504565031293944e+00
1.503632276041113e+00
1.502260812263212e+00
1.500882726114429e+00
1.499937817526527e+00

   65  0  0
7.764907737950437e-02
7.735854581094170e-02
7.693315534426416e-02
7.650785406702949e-02
7.621750824724587e-02

   65  0  1
1.499454424142309e+00
1.498504747212817e+00
1.497108297128430e+00
1.495704932257034e+00
1.494742591015373e+00

   66  0  0
7.606938330447617e-02
7.577919908859482e-02
7.535451538878192e-02
7.493017499193103e-02
7.464059857482616e-02

   66  0  1
1.494250251063627e+00
1.493282942618309e+00
1.491860433635962e+00
1.490430733370845e+00
1.489450239223293e+00

   67  0  0
7.449288525583855e-02
7.420351124460207e-02
7.377991050318730e-02
7.335639396317438e-02
7.306718553552327e-02

   67  0  1
1.488948581266639e+00
1.487962906871854e+00
1.486513251615937e+00
1.485056099922956e+00
1.484056693650303e+00

   68  0  0
7.291960404512944e-02
7.263039809951548e-02
7.220695469684721e-02
7.178370227730142e-02
7.149485261361060e-02

   68  0  1
1.483545329687056e+00
1.482540522834650e+00
1.481062587335131e+00
1.479576831063374e+00
1.478557698345416e+00

   69  0  0
7.134752257862639e-02
7.105895397167362e-02
7.063672196062160e-02
7.021484581854427e-02
6.992690805114854e-02

   69  0  1
1.478036211643550e+00
1.477011457413015e+00
1.475504033100397e+00
1.473988465214497e+00
1.472948779400017e+00

   70  0  0
6.978001242482577e-02
6.949220195025102e-02
6.907084582566179e-02
6.864962103395691e-02
6.836207444241832e-02

   70  0  1
1.472416740690691e+00
1.471371183427455e+00
1.469833001631377e+00
1.468286317911888e+00
1.467225188360424e+00

   71  0  0
6.821538251615344e-02
6.792801501371902e-02
6.750748302055228e-02
6.708734882887536e-02
6.680069124285458e-02

   71  0  1
1.466682142680255e+00
1.465614885884972e+00
1.464044619462069e+00
1.462465473657375e+00
1.461381948123930e+00

   72  0  0
6.665448446639607e-02
6.636810030205864e-02
6.594896441608636e-02
6.553000097191002e-02
6.524393891377789e-02

   72  0  1
1.460827407175449e+00
1.459737493372843e+00
1.458133720461886e+00
1.456520685924030e+00
1.455413792519549e+00

   73  0  0
6.509797159599975e-02
6.481194083341230e-02
6.439316863852398e-02
6.397460343585151e-02
6.368896439020739e-02

   73  0  1
1.454847249634401e+00
1.453733668204973e+00
1.452094863269272e+00
1.450446395463686e+00
1.449315082069055e+00

   74  0  0
6.354327889578500e-02
6.325794856801199e-02
6.284050761209675e-02
6.242349184219981e-02
6.213891766644330e-02

   74  0  1
1.448736007959170e+00
1.447597723444402e+00
1.445922381094757e+00
1.444236941726896e+00
1.443080127243040e+00

   75  0  0
6.199375480029133e-02
6.170937249667780e-02
6.129310910322823e-02
6.087704386285257e-02
6.059304272965614e-02

   75  0  1
1.442487960743355e+00
1.441323861018367e+00
1.439610361549237e+00
1.437886271814182e+00
1.436702775172390e+00

   76  0  0
6.044816316820625e-02
6.016435079273291e-02
5.974904412424318e-02
5.933418229010865e-02
5.905117335016399e-02

   76  0  1
1.436096905805438e+00
1.434905782708737e+00
1.433152300122166e+00
1.431387749227551e+00
1.430176333934725e+00

   77  0  0
5.890684757130597e-02
5.862419219594116e-02
5.821061699449372e-02
5.779732106738066e-02
5.751517744815862e-02

   77  0  1
1.429556120592550e+00
1.428336705965741e+00
1.426541326345022e+00
1.424734374697596e+00
1.423493724293074e+00

   78  0  0
5.737122379003116e-02
5.708916286712880e-02
5.667625910780459e-02
5.626362559934881e-02
5.598207614092508e-02

   78  0  1
1.422858503878667e+00
1.421609495252535e+00
1.419770321047242e+00
1.417919027631873e+00
1.416647776755268e+00

   79  0  0
5.583849127804458e-02
5.555730328277107e-02
5.514599873029769e-02
5.473522386584017e-02
5.445498563640034e-02

   79  0  1
1.415996840106490e+00
1.414716833821233e+00
1.412831817686639e+00
1.410934060171421e+00
1.409630711760586e+00

   80  0  0
5.431205839193329e-02
5.403210511150988e-02
5.362241949232632e-02
5.321299401137111e-02
5.293352992422243e-02

   80  0  1
1.408963286452093e+00
1.407650750321247e+00
1.405717577462216e+00
1.403771052835759e+00
1.402434044079896e+00

   81  0  0
5.279096258043884e-02
5.251167086357567e-02
5.210296706749477e-02
5.169471770455199e-02
5.141625568921394e-02

   81  0  1
1.401749317697061e+00
1.400402643135916e+00
1.398418884674550e+00
1.396421136763238e+00
1.395048785112689e+00

   82  0  0
5.127426854403917e-02
5.099623962619057e-02
5.058956272838346e-02
5.018331949280232e-02
4.990607218718675e-02

   82  0  1
1.394345911637759e+00
1.392963440684955e+00
1.390926718932948e+00
1.388875253320872e+00
1.387465773859532e+00

   83  0  0
4.976463590378256e-02
4.948753912767052e-02
4.908196531823326e-02
4.867672368006121e-02
4.840025440530202e-02

   83  0  1
1.386743821431189e+00
1.385323698788033e+00
1.383231210013627e+00
1.381123237022326e+00
1.379674732959002e+00

   84  0  0
4.825926887418469e-02
4.798318946658515e-02
4.757939720580601e-02
4.717618439376199e-02
4.690115287993416e-02

   84  0  1
1.378932715462768e+00
1.377472988612021e+00
1.375321783130915e+00
1.373154316567971e+00
1.371664742029495e+00

   85  0  0
4.676090326864349e-02
4.648623834696248e-02
4.608440232452531e-02
4.568295532114338e-02
4.540901311134559e-02

   85  0  1
1.370901629307685e+00
1.369400277354051e+00
1.367187450470645e+00
1.364957443334924e+00
1.363424615922142e+00

   86  0  0
4.526928547363468e-02
4.499559925668360e-02
4.459519516961340e-02
4.419534753832081e-02
4.392268524921120e-02

   86  0  1
1.362639269490773e+00
1.361094023420429e+00
1.358816148533974e+00
1.356520183110787e+00
1.354941784998626e+00

   87  0  0
4.378367892589069e-02
4.351154149106811e-02
4.311362799091016e-02
4.271633262628115e-02
4.244530333833508e-02

   87  0  1
1.354133003530670e+00
1.352541480905179e+00
1.350195008389340e+00
1.347829418356670e+00
1.346202882408124e+00

   88  0  0
4.230707048734135e-02
4.203630404875242e-02
4.164006906389520e-02
4.124416872232887e-02
4.097404342871672e-02

   88  0  1
1.345369358203949e+00
1.343728987742696e+00
1.341310089344117e+00
1.338871018298240e+00
1.337193664971818e+00

   89  0  0
4.083628629760332e-02
4.056652653597637e-02
4.017205541843283e-02
3.977834230745479e-02
3.950993489764261e-02

   89  0  1
1.336333995247207e+00
1.334641989404266e+00
1.332146448894571e+00
1.329629617708940e+00
1.327898531251141e+00

   90  0  0
3.937310429010719e-02
3.910520724468215e-02
3.871340743044549e-02
3.832210929444260e-02
3.805515237493612e-02

   90  0  1
1.327011244284011e+00
1.325264699060073e+00
1.322688325633196e+00
1.320089337849985e+00
1.318301364442015e+00

   91  0  0
3.791900492037890e-02
3.765236048110578e-02
3.726232435017715e-02
3.687292582493315e-02
3.660746871956323e-02

   91  0  1
1.317384812120950e+00
1.315580446806419e+00
1.312918281826814e+00
1.310232171561662e+00
1.308383925977000e+00

   92  0  0
3.647216804637384e-02
3.620735562220401e-02
3.582031432501207e-02
3.543405055939530e-02
3.517063710510223e-02

   92  0  1
1.307436352250890e+00
1.305570682552439e+00
1.302817522159702e+00
1.300038907178637e+00
1.298126613437555e+00

   93  0  0
3.503631838878445e-02
3.477327980429626e-02
3.438850791601707e-02
3.400424056586067e-02
3.374214490100087e-02

   93  0  1
1.297146092987960e+00
1.295215321438933e+00
1.292365503621649e+00
1.289488658541925e+00
1.287508347687404e+00

   94  0  0
3.360850853201956e-02
3.334686309704781e-02
3.296435579567882e-02
3.258272204644271e-02
3.232265863611040e-02

   94  0  1
1.286492805657504e+00
1.284492798480857e+00
1.281540143540288e+00
1.278558667966267e+00
1.276505879106925e+00

   95  0  0
3.219012351116936e-02
3.193074331646010e-02
3.155167395631490e-02
3.117338808585176e-02
3.091542050380801e-02

   95  0  1
1.275453036303197e+00
1.273379288161484e+00
1.270317064729056e+00
1.267224135370574e+00
1.265094093920263e+00

   96  0  0
3.078387658007234e-02
3.052626327891326e-02
3.014946804328544e-02
2.977336084761497e-02
2.951704548891372e-02

   96  0  1
1.264001448150912e+00
1.261848985921245e+00
1.258669650773552e+00
1.255457583814434e+00
1.253245026664908e+00

   97  0  0
2.938643810116832e-02
2.913087666491372e-02
2.875752439839675e-02
2.838514477598784e-02
2.813135331673684e-02

   97  0  1
1.252109906924925e+00
1.249873449721250e+00
1.246569324296370e+00
1.243230046129129e+00
1.240929162789194e+00

   98  0  0
2.800199400789297e-02
2.774876780451503e-02
2.737856966210191e-02
2.700907770968792e-02
2.675716755612515e-02

   98  0  1
1.239748534154714e+00
1.237422015340664e+00
1.233983910415144e+00
1.230508123003975e+00
1.228112576290060e+00

   99  0  0
2.662875776318232e-02
2.637740899937357e-02
2.601007265705657e-02
2.564370451056506e-02
2.539413287843798e-02

   99  0  1
1.226883142677557e+00
1.224460008923441e+00
1.220878084270417e+00
1.217255614343988e+00
1.214758158956295e+00

  100  0  0
2.526698562007388e-02
2.501824606578363e-02
2.465498979214900e-02
2.429277870669379e-02
2.404590948478230e-02

  100  0  1
1.213476205803696e+00
1.210949106385234e+00
1.207212354287437e+00
1.203431923703025e+00
1.200824814445997e+00

  101  0  0
2.392006591578641e-02
2.367370762760054e-02
2.331361799561620e-02
2.295449181861723e-02
2.270989776354608e-02

  101  0  1
1.199486289708258e+00
1.196847120542588e+00
1.192943350068096e+00
1.188992342175990e+00
1.186266574563110e+00

  102  0  0
2.258529353350850e-02
2.234153595190815e-02
2.198564057834463e-02
2.163104639295387e-02
2.138965130332845e-02

  102  0  1
1.184866852386687e+00
1.182106448330171e+00
1.178021906288742e+00
1.173886180164252e+00
1.171032023693429e+00

  103  0  0
2.126669223578095e-02
2.102614071489993e-02
2.067473058750265e-02
2.032425697672667e-02
2.008547097329428e-02

  103  0  1
1.169566011024888e+00
1.166674174578838e+00
1.162393485574999e+00
1.158057108272133e+00
1.155063160144734e+00

  104  0  0
1.996380276037694e-02
1.972573081579099e-02
1.937796795402714e-02
1.903132208835302e-02
1.879535940447803e-02

  104  0  1
1.153524982055169e+00
1.150490052033921e+00
1.145995672006578e+00
1.141440513739203e+00
1.138294268491087e+00

  105  0  0
1.867522980001776e-02
1.844042468781600e-02
1.809799589322580e-02
1.775707061157765e-02
1.752494110032046e-02

  105  0  1
1.136677381182625e+00
1.133486236736861e+00
1.128758321898252e+00
1.123963785594778e+00
1.120650450629458e+00

  106  0  0
1.740667739261083e-02
1.717527492837825e-02
1.683732837766003e-02
1.650056746987393e-02
1.627134423717851e-02

  106  0  1
1.118947181547161e+00
1.115584582714572e+00
1.110599872837982e+00
1.105542018983892e+00
1.102045143428302e+00

  107  0  0
1.615462432866787e-02
1.592642082236754e-02
1.559360877177971e-02
1.526249331293075e-02
1.503733678078205e-02

  107  0  1
1.100247003229370e+00
1.096695887424243e+00
1.091429079228262e+00
1.086081090754260e+00
1.082381250824709e+00

  108  0  0
1.492271785239591e-02
1.469862917725810e-02
1.437174995157144e-02
1.404641327799167e-02
1.382512850794221e-02

  108  0  1
1.080478021223727e+00
1.076717928276045e+00
1.071137724266783e+00
1.065467324086868e+00
1.061541965677657e+00

  109  0  0
1.371246058480769e-02
1.349211539701880e-02
1.317046561675766e-02
1.285023246998647e-02
1.263260074047913e-02

  109  0  1
1.059521824798348e+00
1.055529070286592e+00
1.049599393538187e+00
1.043568625256680e+00
1.039390512634742e+00

  110  0  0
1.252192139242795e-02
1.230579505148809e-02
1.199104536902140e-02
1.167815909817697e-02
1.146545032817954e-02

  110  0  1
1.037239360291685e+00
1.032985680316875e+00
1.026663511383327e+00
1.020227353485488e+00
1.015764873603151e+00

  111  0  0
1.135721396937515e-02
1.114573446004004e-02
1.083751270927266e-02
1.053100518232899e-02
1.032266389101012e-02

  111  0  1
1.013466012597974e+00
1.008917726624426e+00
1.002151453298163e+00
9.952554300968908e-01
9.904690688477925e-01

  112  0  0
1.021668127421405e-02
1.000973148172436e-02
9.708649029735422e-03
9.409924035091961e-03
9.207142610343198e-03

  112  0  1
9.880018386982813e-01
9.831174971265999e-01
9.758429546930270e-01
9.684197649761607e-01
9.632623170429045e-01

  113  0  0
9.104024770820110e-03
8.902676338709111e-03
8.609830877584764e-03
8.319555305542651e-03
8.122735478597027e-03

  113  0  1
9.606020648033509e-01
9.553316673775846e-01
9.474731428609630e-01
9.394410687584696e-01
9.338524775174063e-01

  114  0  0
8.022652583621948e-03
7.827136211048136e-03
7.542298982079686e-03
7.259554024362963e-03
7.068021012100169e-03

  114  0  1
9.309673318866550e-01
9.252462352720803e-01
9.167030865961431e-01
9.079553451968544e-01
9.018593720019935e-01

  115  0  0
6.970817307307470e-03
6.781362471044512e-03
6.506267205247879e-03
6.234018240930036e-03
6.049850151094082e-03

  115  0  1
8.987088338905825e-01
8.924547511266914e-01
8.830985778977155e-01
8.734965554323043e-01
8.667910089704447e-01

  116  0  0
5.956418163134282e-03
5.774316344419461e-03
5.509871105037988e-03
5.247934521094014e-03
5.070578926370100e-03

  116  0  1
8.633209634524763e-01
8.564237946261883e-01
8.460805043496987e-01
8.354364517489469e-01
8.279859620752190e-01

  117  0  0
4.980646795192332e-03
4.805731613236772e-03
4.552607760238270e-03
4.302651697171375e-03
4.133567154182514e-03

  117  0  1
8.241245480365816e-01
8.164363919792965e-01
8.048752159810253e-01
7.929323447263437e-01
7.845432803118243e-01

  118  0  0
4.047905582036368e-03
3.881458433676471e-03
3.641551817096719e-03
3.406051637959052e-03
3.247233927236294e-03

  118  0  1
7.801859851382819e-01
7.714905472758775e-01
7.583638679655124e-01
7.447361967263765e-01
7.351218535664646e-01

  119  0  0
3.166683270754773e-03
3.010132635191110e-03
2.784533815813968e-03
2.563476330484067e-03
2.414789507806008e-03

  119  0  1
7.301127535301556e-01
7.200850626659721e-01
7.048629199092179e-01
6.889465706136539e-01
6.776408093522157e-01

  120  0  0
2.339762111366093e-03
2.194825922847096e-03
1.986915117666029e-03
1.784184073781366e-03
1.649512689985989e-03

  120  0  1
6.717247115433248e-01
6.598284780840414e-01
6.416060512877134e-01
6.223476280749420e-01
6.085334595776034e-01

  121  0  0
1.582243708891663e-03
1.452342668367667e-03
1.266919311316028e-03
1.087797632010563e-03
9.695570292904262e-04

  121  0  1
6.012605125792508e-01
5.864449485168750e-01
5.635471853978603e-01
5.387976311322367e-01
5.206106524299459e-01

  122  0  0
9.105689978637498e-04
7.979067035117096e-04
6.405472765501281e-04
4.926291705518054e-04
3.964273888964103e-04

  122  0  1
5.107471112389038e-01
4.915262841428522e-01
4.587104914880764e-01
4.229799268932590e-01
3.969178905165370e-01

  123  0  0
3.496734712671705e-04
2.661636425814370e-04
1.556935290123621e-04
6.319275220264962e-05
2.168865497405797e-05

  123  0  1
3.863854254298794e-01
3.386243616283448e-01
2.945564060403813e-01
2.080374818792622e-01
8.564115743332830e-02

  124  0  0
1.077710454460370e-05
4.045161970140781e-06
5.566548983589685e-06
4.730505856465803e-06
4.929193616546600e-06

  124  0  1
1.558297057469559e-02
-8.411403220800472e-04
5.364800235803823e-04
-1.722010971111784e-04
-2.625928519946889e-04

  125  0  0
5.214332745097962e-06
4.952240585136157e-06
5.024075214139779e-06
4.987917829723931e-06
4.999329261371656e-06

  125  0  1
3.572507738565356e-04
-5.416969231053674e-05
3.207958801934824e-05
-6.177046959101648e-06
-3.042741934183968e-06

  126  0  0
5.007419908255727e-06
4.998323042254015e-06
5.000840571715009e-06
4.999576315983581e-06
4.999981797031246e-06

  126  0  1
1.796167194945712e-05
2.682354812943072e-06
6.046599752299362e-06
4.563513583507004e-06
4.698904624125879e-06

  127  0  0
5.000256526979525e-06
4.999941587527702e-06
5.000029251030397e-06
4.999985213202055e-06
4.999999478015228e-06

  127  0  1
5.494588297880884e-06
4.911053359994634e-06
5.040121062624546e-06
4.983243501385842e-06
4.988503433020847e-06

  128  0  0
5.000008900732834e-06
4.999997955576726e-06
5.000001022715289e-06
4.999999481330775e-06
4.999999985970316e-06

  128  0  1
5.018954847643986e-06
4.996584735190302e-06
5.001539430319394e-06
4.999357101039586e-06
4.999558243317217e-06

  129  0  0
5.000000310406212e-06
4.999999927979892e-06
5.000000035979441e-06
4.999999981685938e-06
4.999999999665331e-06

  129  0  1
5.000728129344522e-06
4.999868788105584e-06
5.000059103236937e-06
4.999975344597700e-06
4.999982948989566e-06

  130  0  0
5.000000010893689e-06
4.999999997441844e-06
5.000000001273559e-06
4.999999999346759e-06
4.999999999992423e-06

  130  0  1
5.000028011267903e-06
4.999994958672042e-06
5.000002269303972e-06
4.999999055196998e-06
4.999999339768274e-06

  131  0  0
5.000000000383658e-06
4.999999999906723e-06
5.000000000043837e-06
4.999999999974876e-06
4.999999999998267e-06

  131  0  1
5.000001078397183e-06
4.999999806384644e-06
5.000000087095579e-06
4.999999963832478e-06
4.999999974382023e-06

  132  0  0
5.000000000012018e-06
4.999999999994944e-06
4.999999999999898e-06
4.999999999997409e-06
4.999999999998260e-06

  132  0  1
5.000000041520568e-06
4.999999992568438e-06
5.000000003338517e-06
4.999999998615711e-06
4.999999999003358e-06

  133  0  0
4.999999999998742e-06
4.999999999998129e-06
4.999999999998311e-06
4.999999999998216e-06
4.999999999998259e-06

  133  0  1
5.000000001596396e-06
4.999999999713459e-06
5.000000000126216e-06
4.999999999945485e-06
4.999999999959606e-06

  134  0  0
4.999999999998280e-06
4.999999999998245e-06
4.999999999998256e-06
4.999999999998250e-06
4.999999999998256e-06

  134  0  1
5.000000000059717e-06
4.999999999987356e-06
5.000000000003145e-06
4.999999999996241e-06
4.999999999996758e-06

  135  0  0
4.999999999998262e-06
4.999999999998252e-06
4.999999999998254e-06
4.999999999998251e-06
4.999999999998248e-06

  135  0  1
5.000000000000620e-06
4.999999999997840e-06
4.999999999998438e-06
4.999999999998176e-06
4.999999999998198e-06

  136  0  0
4.999999999998256e-06
4.999999999998248e-06
4.999999999998253e-06
4.999999999998255e-06
4.999999999998254e-06

  136  0  1
4.999999999998350e-06
4.999999999998238e-06
4.999999999998259e-06
4.999999999998250e-06
4.999999999998259e-06

  137  0  0
4.999999999998254e-06
4.999999999998245e-06
4.999999999998256e-06
4.999999999998250e-06
4.999999999998255e-06

  137  0  1
4.999999999998260e-06
4.999999999998254e-06
4.999999999998252e-06
4.999999999998253e-06
4.999999999998257e-06

  138  0  0
4.999999999998251e-06
4.999999999998252e-06
4.999999999998256e-06
4.999999999998254e-06
4.999999999998252e-06

  138  0  1
4.999999999998257e-06
4.999999999998251e-06
4.999999999998254e-06
4.999999999998251e-06
4.999999999998258e-06

  139  0  0
4.999999999998250e-06
4.999999999998250e-06
4.999999999998256e-06
4.999999999998249e-06
4.999999999998252e-06

  139  0  1
4.999999999998261e-06
4.999999999998253e-06
4.999999999998256e-06
4.999999999998254e-06
4.999999999998255e-06

  140  0  0
4.999999999998256e-06
4.999999999998250e-06
4.999999999998256e-06
4.999999999998251e-06
4.999999999998251e-06

  140  0  1
4.999999999998255e-06
4.999999999998249e-06
4.999999999998254e-06
4.999999999998255e-06
4.999999999998261e-06

  141  0  0
4.999999999998255e-06
4.999999999998249e-06
4.999999999998257e-06
4.999999999998252e-06
4.999999999998249e-06

  141  0  1
4.999999999998258e-06
4.999999999998251e-06
4.999999999998255e-06
4.999999999998252e-06
4.999999999998256e-06

  142  0  0
4.999999999998251e-06
4.999999999998249e-06
4.999999999998254e-06
4.999999999998252e-06
4.999999999998254e-06

  142  0  1
4.999999999998255e-06
4.999999999998253e-06
4.999999999998255e-06
4.999999999998254e-06
4.999999999998260e-06

  143  0  0
4.999999999998251e-06
4.999999999998248e-06
4.999999999998256e-06
4.999999999998250e-06
4.999999999998250e-06

  143  0  1
4.999999999998256e-06
4.999999999998254e-06
4.999999999998256e-06
4.999999999998252e-06
4.999999999998253e-06

  144  0  0
4.999999999998254e-06
4.999999999998248e-06
4.999999999998256e-06
4.999999999998251e-06
4.999999999998252e-06

  144  0  1
4.999999999998258e-06
4.999999999998252e-06
4.999999999998254e-06
4.999999999998254e-06
4.999999999998256e-06

  145  0  0
4.999999999998254e-06
4.999999999998247e-06
4.999999999998256e-06
4.999999999998252e-06
4.999999999998251e-06

  145  0  1
4.999999999998257e-06
4.999999999998251e-06
4.999999999998254e-06
4.999999999998252e-06
4.999999999998258e-06

  146  0  0
4.999999999998258e-06
4.999999999998249e-06
4.999999999998254e-06
4.999999999998252e-06
4.999999999998254e-06

  146  0  1
4.999999999998256e-06
4.999999999998253e-06
4.999999999998256e-06
4.999999999998251e-06
4.999999999998260e-06

  147  0  0
4.999999999998257e-06
4.999999999998248e-06
4.999999999998253e-06
4.999999999998251e-06
4.999999999998251e-06

  147  0  1
4.999999999998256e-06
4.999999999998253e-06
4.999999999998256e-06
4.999999999998253e-06
4.999999999998259e-06

  148  0  0
4.999999999998253e-06
4.999999999998245e-06
4.999999999998258e-06
4.999999999998254e-06
4.999999999998256e-06

  148  0  1
4.999999999998255e-06
4.999999999998254e-06
4.999999999998256e-06
4.999999999998254e-06
4.999999999998255e-06

  149  0  0
4.999999999998256e-06
4.999999999998250e-06
4.999999999998253e-06
4.999999999998254e-06
4.999999999998255e-06

  149  0  1
4.999999999998256e-06
4.999999999998253e-06
4.999999999998258e-06
4.999999999998255e-06
4.999999999998256e-06

  150  0  0
4.999999999998251e-06
4.999999999998251e-06
4.999999999998254e-06
4.999999999998248e-06
4.999999999998255e-06

  150  0  1
4.999999999998255e-06
4.999999999998254e-06
4.999999999998253e-06
4.999999999998253e-06
4.999999999998257e-06

  151  0  0
4.999999999998255e-06
4.999999999998250e-06
4.999999999998256e-06
4.999999999998253e-06
4.999999999998256e-06

  151  0  1
4.999999999998256e-06
4.999999999998251e-06
4.999999999998254e-06
4.999999999998254e-06
4.999999999998255e-06

  152  0  0
4.999999999998253e-06
4.999999999998253e-06
4.999999999998259e-06
4.999999999998250e-06
4.999999999998256e-06

  152  0  1
4.999999999998257e-06
4.999999999998251e-06
4.999999999998254e-06
4.999999999998254e-06
4.999999999998261e-06

  153  0  0
4.999999999998253e-06
4.999999999998249e-06
4.999999999998253e-06
4.999999999998255e-06
4.999999999998255e-06

  153  0  1
4.999999999998260e-06
4.999999999998258e-06
4.999999999998256e-06
4.999999999998255e-06
4.999999999998255e-06

  154  0  0
4.999999999998254e-06
4.999999999998252e-06
4.999999999998254e-06
4.999999999998254e-06
4.999999999998256e-06

  154  0  1
4.999999999998258e-06
4.999999999998252e-06
4.999999999998258e-06
4.999999999998251e-06
4.999999999998259e-06

  155  0  0
4.999999999998252e-06
4.999999999998251e-06
4.999999999998259e-06
4.999999999998249e-06
4.999999999998256e-06

  155  0  1
4.999999999998256e-06
4.999999999998255e-06
4.999999999998253e-06
4.999999999998256e-06
4.999999999998258e-06

  156  0  0
4.999999999998256e-06
4.999999999998250e-06
4.999999999998254e-06
4.999999999998251e-06
4.999999999998253e-06

  156  0  1
4.999999999998256e-06
4.999999999998251e-06
4.999999999998254e-06
4.999999999998252e-06
4.999999999998259e-06

  157  0  0
4.999999999998255e-06
4.999999999998248e-06
4.999999999998256e-06
4.999999999998250e-06
4.999999999998256e-06

  157  0  1
4.999999999998260e-06
4.999999999998252e-06
4.999999999998256e-06
4.999999999998256e-06
4.999999999998259e-06

  158  0  0
4.999999999998258e-06
4.999999999998250e-06
4.999999999998255e-06
4.999999999998253e-06
4.999999999998250e-06

  158  0  1
4.999999999998258e-06
4.999999999998256e-06
4.999999999998254e-06
4.999999999998252e-06
4.999999999998261e-06

  159  0  0
4.999999999998253e-06
4.999999999998251e-06
4.999999999998255e-06
4.999999999998250e-06
4.999999999998254e-06

  159  0  1
4.999999999998257e-06
4.999999999998255e-06
4.999999999998256e-06
4.999999999998253e-06
4.999999999998261e-06

  160  0  0
4.999999999998254e-06
4.999999999998246e-06
4.999999999998255e-06
4.999999999998252e-06
4.999999999998253e-06

  160  0  1
4.999999999998256e-06
4.999999999998250e-06
4.999999999998254e-06
4.999999999998257e-06
4.999999999998256e-06

  161  0  0
4.999999999998252e-06
4.999999999998250e-06
4.999999999998258e-06
4.999999999998255e-06
4.999999999998255e-06

  161  0  1
4.999999999998254e-06
4.999999999998251e-06
4.999999999998255e-06
4.999999999998256e-06
4.999999999998258e-06

  162  0  0
4.999999999998252e-06
4.999999999998250e-06
4.999999999998256e-06
4.999999999998251e-06
4.999999999998255e-06

  162  0  1
4.999999999998257e-06
4.999999999998256e-06
4.999999999998252e-06
4.999999999998255e-06
4.999999999998254e-06

  163  0  0
4.999999999998255e-06
4.999999999998248e-06
4.999999999998256e-06
4.999999999998253e-06
4.999999999998251e-06

  163  0  1
4.999999999998255e-06
4.999999999998251e-06
4.999999999998256e-06
4.999999999998252e-06
4.999999999998258e-06

  164  0  0
4.999999999998252e-06
4.999999999998249e-06
4.999999999998256e-06
4.999999999998251e-06
4.999999999998253e-06

  164  0  1
4.999999999998257e-06
4.999999999998256e-06
4.999999999998253e-06
4.999999999998252e-06
4.999999999998261e-06

  165  0  0
4.999999999998250e-06
4.999999999998250e-06
4.999999999998255e-06
4.999999999998253e-06
4.999999999998253e-06

  165  0  1
4.999999999998257e-06
4.999999999998256e-06
4.999999999998253e-06
4.999999999998256e-06
4.999999999998258e-06

  166  0  0
4.999999999998254e-06
4.999999999998247e-06
4.999999999998253e-06
4.999999999998250e-06
4.999999999998256e-06

  166  0  1
4.999999999998256e-06
4.999999999998257e-06
4.999999999998252e-06
4.999999999998255e-06
4.999999999998258e-06

  167  0  0
4.999999999998254e-06
4.999999999998250e-06
4.999999999998253e-06
4.999999999998253e-06
4.999999999998253e-06

  167  0  1
4.999999999998257e-06
4.999999999998254e-06
4.999999999998254e-06
4.999999999998253e-06
4.999999999998259e-06

  168  0  0
4.999999999998259e-06
4.999999999998250e-06
4.999999999998254e-06
4.999999999998254e-06
4.999999999998252e-06

  168  0  1
4.999999999998257e-06
4.999999999998255e-06
4.999999999998253e-06
4.999999999998255e-06
4.999999999998259e-06

  169  0  0
4.999999999998253e-06
4.999999999998251e-06
4.999999999998255e-06
4.999999999998255e-06
4.999999999998255e-06

  169  0  1
4.999999999998258e-06
4.999999999998252e-06
4.999999999998256e-06
4.999999999998254e-06
4.999999999998257e-06

  170  0  0
4.999999999998253e-06
4.999999999998245e-06
4.999999999998253e-06
4.999999999998252e-06
4.999999999998256e-06

  170  0  1
4.999999999998256e-06
4.999999999998251e-06
4.999999999998253e-06
4.999999999998253e-06
4.999999999998256e-06

  171  0  0
4.999999999998256e-06
4.999999999998248e-06
4.999999999998252e-06
4.999999999998254e-06
4.999999999998252e-06

  171  0  1
4.999999999998256e-06
4.999999999998257e-06
4.999999999998254e-06
4.999999999998254e-06
4.999999999998260e-06

  172  0  0
4.999999999998256e-06
4.999999999998250e-06
4.999999999998256e-06
4.999999999998251e-06
4.999999999998254e-06

  172  0  1
4.999999999998257e-06
4.999999999998251e-06
4.999999999998254e-06
4.999999999998254e-06
4.999999999998260e-06

  173  0  0
4.999999999998250e-06
4.999999999998246e-06
4.999999999998255e-06
4.999999999998250e-06
4.999999999998254e-06

  173  0  1
4.999999999998258e-06
4.999999999998254e-06
4.999999999998251e-06
4.999999999998253e-06
4.999999999998256e-06

  174  0  0
4.999999999998252e-06
4.999999999998253e-06
4.999999999998253e-06
4.999999999998255e-06
4.999999999998253e-06

  174  0  1
4.999999999998260e-06
4.999999999998255e-06
4.999999999998257e-06
4.999999999998253e-06
4.999999999998259e-06

  175  0  0
4.999999999998249e-06
4.999999999998250e-06
4.999999999998255e-06
4.999999999998249e-06
4.999999999998256e-06

  175  0  1
4.999999999998255e-06
4.999999999998256e-06
4.999999999998253e-06
4.999999999998252e-06
4.999999999998255e-06

  176  0  0
4.999999999998255e-06
4.999999999998247e-06
4.999999999998257e-06
4.999999999998253e-06
4.999999999998250e-06

  176  0  1
4.999999999998258e-06
4.999999999998250e-06
4.999999999998256e-06
4.999999999998255e-06
4.999999999998258e-06

  177  0  0
4.999999999998254e-06
4.999999999998250e-06
4.999999999998256e-06
4.999999999998252e-06
4.999999999998253e-06

  177  0  1
4.999999999998257e-06
4.999999999998251e-06
4.999999999998256e-06
4.999999999998252e-06
4.999999999998255e-06

  178  0  0
4.999999999998251e-06
4.999999999998249e-06
4.999999999998256e-06
4.999999999998254e-06
4.999999999998253e-06

  178  0  1
4.999999999998258e-06
4.999999999998256e-06
4.999999999998255e-06
4.999999999998251e-06
4.999999999998261e-06

  179  0  0
4.999999999998251e-06
4.999999999998250e-06
4.999999999998255e-06
4.999999999998255e-06
4.999999999998256e-06

  179  0  1
4.999999999998256e-06
4.999999999998256e-06
4.999999999998252e-06
4.999999999998256e-06
4.999999999998257e-06

  180  0  0
4.999999999998256e-06
4.999999999998250e-06
4.999999999998254e-06
4.999999999998251e-06
4.999999999998254e-06

  180  0  1
4.999999999998259e-06
4.999999999998252e-06
4.999999999998257e-06
4.999999999998254e-06
4.999999999998256e-06

  181  0  0
4.999999999998252e-06
4.999999999998253e-06
4.999999999998258e-06
4.999999999998253e-06
4.999999999998254e-06

  181  0  1
4.999999999998256e-06
4.999999999998252e-06
4.999999999998254e-06
4.999999999998252e-06
4.999999999998258e-06

  182  0  0
4.999999999998253e-06
4.999999999998248e-06
4.999999999998256e-06
4.999999999998252e-06
4.999999999998255e-06

  182  0  1
4.999999999998260e-06
4.999999999998255e-06
4.999999999998256e-06
4.999999999998255e-06
4.999999999998253e-06

  183  0  0
4.999999999998250e-06
4.999999999998250e-06
4.999999999998256e-06
4.999999999998251e-06
4.999999999998250e-06

  183  0  1
4.999999999998257e-06
4.999999999998252e-06
4.999999999998256e-06
4.999999999998252e-06
4.999999999998257e-06

  184  0  0
4.999999999998255e-06
4.999999999998249e-06
4.999999999998253e-06
4.999999999998253e-06
4.999999999998254e-06

  184  0  1
4.999999999998257e-06
4.999999999998255e-06
4.999999999998253e-06
4.999999999998253e-06
4.999999999998261e-06

  185  0  0
4.999999999998257e-06
4.999999999998248e-06
4.999999999998254e-06
4.999999999998253e-06
4.999999999998250e-06

  185  0  1
4.999999999998257e-06
4.999999999998251e-06
4.999999999998255e-06
4.999999999998254e-06
4.999999999998260e-06

  186  0  0
4.999999999998255e-06
4.999999999998251e-06
4.999999999998252e-06
4.999999999998252e-06
4.999999999998252e-06

  186  0  1
4.999999999998255e-06
4.999999999998256e-06
4.999999999998255e-06
4.999999999998255e-06
4.999999999998260e-06

  187  0  0
4.999999999998253e-06
4.999999999998250e-06
4.999999999998254e-06
4.999999999998252e-06
4.999999999998254e-06

  187  0  1
4.999999999998256e-06
4.999999999998250e-06
4.999999999998253e-06
4.999999999998255e-06
4.999999999998260e-06

  188  0  0
4.999999999998255e-06
4.999999999998250e-06
4.999999999998253e-06
4.999999999998250e-06
4.999999999998254e-06

  188  0  1
4.999999999998256e-06
4.999999999998256e-06
4.999999999998254e-06
4.999999999998256e-06
4.999999999998255e-06

  189  0  0
4.999999999998250e-06
4.999999999998249e-06
4.999999999998257e-06
4.999999999998250e-06
4.999999999998256e-06

  189  0  1
4.999999999998253e-06
4.999999999998251e-06
4.999999999998256e-06
4.999999999998253e-06
4.999999999998258e-06

  190  0  0
4.999999999998250e-06
4.999999999998249e-06
4.999999999998254e-06
4.999999999998251e-06
4.999999999998249e-06

  190  0  1
4.999999999998255e-06
4.999999999998254e-06
4.999999999998254e-06
4.999999999998253e-06
4.999999999998259e-06

  191  0  0
4.999999999998252e-06
4.999999999998250e-06
4.999999999998254e-06
4.999999999998255e-06
4.999999999998255e-06

  191  0  1
4.999999999998256e-06
4.999999999998258e-06
4.999999999998253e-06
4.999999999998255e-06
4.999999999998259e-06

  192  0  0
4.999999999998256e-06
4.999999999998248e-06
4.999999999998256e-06
4.999999999998253e-06
4.999999999998248e-06

  192  0  1
4.999999999998258e-06
4.999999999998252e-06
4.999999999998255e-06
4.999999999998256e-06
4.999999999998258e-06

  193  0  0
4.999999999998252e-06
4.999999999998249e-06
4.999999999998257e-06
4.999999999998250e-06
4.999999999998253e-06

  193  0  1
4.999999999998258e-06
4.999999999998251e-06
4.999999999998251e-06
4.999999999998254e-06
4.999999999998261e-06

  194  0  0
4.999999999998250e-06
4.999999999998250e-06
4.999999999998254e-06
4.999999999998253e-06
4.999999999998254e-06

  194  0  1
4.999999999998255e-06
4.999999999998252e-06
4.999999999998255e-06
4.999999999998254e-06
4.999999999998257e-06

  195  0  0
4.999999999998255e-06
4.999999999998249e-06
4.999999999998256e-06
4.999999999998251e-06
4.999999999998255e-06

  195  0  1
4.999999999998253e-06
4.999999999998256e-06
4.999999999998255e-06
4.999999999998255e-06
4.999999999998256e-06

  196  0  0
4.999999999998254e-06
4.999999999998253e-06
4.999999999998254e-06
4.999999999998251e-06
4.999999999998249e-06

  196  0  1
4.999999999998258e-06
4.999999999998253e-06
4.999999999998255e-06
4.999999999998252e-06
4.999999999998256e-06

  197  0  0
4.999999999998252e-06
4.999999999998246e-06
4.999999999998257e-06
4.999999999998250e-06
4.999999999998256e-06

  197  0  1
4.999999999998257e-06
4.999999999998253e-06
4.999999999998251e-06
4.999999999998257e-06
4.999999999998259e-06

  198  0  0
4.999999999998249e-06
4.999999999998249e-06
4.999999999998257e-06
4.999999999998247e-06
4.999999999998255e-06

  198  0  1
4.999999999998257e-06
4.999999999998251e-06
4.999999999998255e-06
4.999999999998255e-06
4.999999999998258e-06

  199  0  0
4.999999999998259e-06
4.999999999998248e-06
4.999999999998255e-06
4.999999999998253e-06
4.999999999998256e-06

  199  0  1
4.999999999998256e-06
4.999999999998251e-06
4.999999999998253e-06
4.999999999998252e-06
4.999999999998259e-06

  200  0  0
4.999999999998256e-06
4.999999999998250e-06
4.999999999998257e-06
4.999999999998250e-06
4.999999999998256e-06

  200  0  1
4.999999999998256e-06
4.999999999998256e-06
4.999999999998253e-06
4.999999999998254e-06
4.999999999998256e-06

  201  0  0
4.999999999998255e-06
4.999999999998247e-06
4.999999999998254e-06
4.999999999998251e-06
4.999999999998256e-06

  201  0  1
4.999999999998257e-06
4.999999999998252e-06
4.999999999998253e-06
4.999999999998255e-06
4.999999999998257e-06

  202  0  0
4.999999999998256e-06
4.999999999998251e-06
4.999999999998254e-06
4.999999999998249e-06
4.999999999998255e-06

  202  0  1
4.999999999998256e-06
4.999999999998257e-06
4.999999999998254e-06
4.999999999998252e-06
4.999999999998258e-06

  203  0  0
4.999999999998254e-06
4.999999999998249e-06
4.999999999998255e-06
4.999999999998254e-06
4.999999999998254e-06

  203  0  1
4.999999999998256e-06
4.999999999998254e-06
4.999999999998256e-06
4.999999999998253e-06
4.999999999998256e-06

  204  0  0
4.999999999998255e-06
4.999999999998251e-06
4.999999999998252e-06
4.999999999998250e-06
4.999999999998254e-06

  204  0  1
4.999999999998257e-06
4.999999999998251e-06
4.999999999998255e-06
4.999999999998253e-06
4.999999999998256e-06

  205  0  0
4.999999999998252e-06
4.999999999998250e-06
4.999999999998256e-06
4.999999999998252e-06
4.999999999998255e-06

  205  0  1
4.999999999998256e-06
4.999999999998256e-06
4.999999999998255e-06
4.999999999998253e-06
4.999999999998256e-06

  206  0  0
4.999999999998254e-06
4.999999999998245e-06
4.999999999998258e-06
4.999999999998252e-06
4.999999999998253e-06

  206  0  1
4.999999999998256e-06
4.999999999998252e-06
4.999999999998257e-06
4.999999999998251e-06
4.999999999998255e-06

  207  0  0
4.999999999998259e-06
4.999999999998247e-06
4.999999999998256e-06
4.999999999998255e-06
4.999999999998256e-06

  207  0  1
4.999999999998258e-06
4.999999999998252e-06
4.999999999998255e-06
4.999999999998250e-06
4.999999999998261e-06

  208  0  0
4.999999999998256e-06
4.999999999998249e-06
4.999999999998252e-06
4.999999999998252e-06
4.999999999998253e-06

  208  0  1
4.999999999998259e-06
4.999999999998252e-06
4.999999999998257e-06
4.999999999998253e-06
4.999999999998257e-06

  209  0  0
4.999999999998253e-06
4.999999999998249e-06
4.999999999998257e-06
4.999999999998252e-06
4.999999999998251e-06

  209  0  1
4.999999999998260e-06
4.999999999998250e-06
4.999999999998254e-06
4.999999999998254e-06
4.999999999998256e-06

  210  0  0
4.999999999998255e-06
4.999999999998248e-06
4.999999999998256e-06
4.999999999998253e-06
4.999999999998255e-06

  210  0  1
4.999999999998258e-06
4.999999999998251e-06
4.999999999998255e-06
4.999999999998255e-06
4.999999999998259e-06

  211  0  0
4.999999999998254e-06
4.999999999998246e-06
4.999999999998254e-06
4.999999999998249e-06
4.999999999998253e-06

  211  0  1
4.999999999998255e-06
4.999999999998258e-06
4.999999999998250e-06
4.999999999998256e-06
4.999999999998258e-06

  212  0  0
4.999999999998254e-06
4.999999999998244e-06
4.999999999998255e-06
4.999999999998252e-06
4.999999999998252e-06

  212  0  1
4.999999999998259e-06
4.999999999998256e-06
4.999999999998252e-06
4.999999999998254e-06
4.999999999998259e-06

  213  0  0
4.999999999998255e-06
4.999999999998245e-06
4.999999999998254e-06
4.999999999998255e-06
4.999999999998256e-06

  213  0  1
4.999999999998256e-06
4.999999999998253e-06
4.999999999998256e-06
4.999999999998253e-06
4.999999999998261e-06

  214  0  0
4.999999999998253e-06
4.999999999998252e-06
4.999999999998257e-06
4.999999999998256e-06
4.999999999998253e-06

  214  0  1
4.999999999998259e-06
4.999999999998256e-06
4.999999999998254e-06
4.999999999998256e-06
4.999999999998257e-06

  215  0  0
4.999999999998254e-06
4.999999999998255e-06
4.999999999998253e-06
4.999999999998253e-06
4.999999999998250e-06

  215  0  1
4.999999999998258e-06
4.999999999998255e-06
4.999999999998253e-06
4.999999999998255e-06
4.999999999998261e-06

  216  0  0
4.999999999998250e-06
4.999999999998250e-06
4.999999999998254e-06
4.999999999998251e-06
4.999999999998255e-06

  216  0  1
4.999999999998256e-06
4.999999999998256e-06
4.999999999998254e-06
4.999999999998253e-06
4.999999999998257e-06

  217  0  0
4.999999999998249e-06
4.999999999998249e-06
4.999999999998257e-06
4.999999999998250e-06
4.999999999998258e-06

  217  0  1
4.999999999998258e-06
4.999999999998252e-06
4.999999999998255e-06
4.999999999998252e-06
4.999999999998259e-06

  218  0  0
4.999999999998256e-06
4.999999999998248e-06
4.999999999998253e-06
4.999999999998252e-06
4.999999999998254e-06

  218  0  1
4.999999999998259e-06
4.999999999998253e-06
4.999999999998253e-06
4.999999999998256e-06
4.999999999998259e-06

  219  0  0
4.999999999998256e-06
4.999999999998251e-06
4.999999999998252e-06
4.999999999998252e-06
4.999999999998253e-06

  219  0  1
4.999999999998257e-06
4.999999999998251e-06
4.999999999998253e-06
4.999999999998254e-06
4.999999999998256e-06

  220  0  0
4.999999999998253e-06
4.999999999998250e-06
4.999999999998256e-06
4.999999999998249e-06
4.999999999998255e-06

  220  0  1
4.999999999998256e-06
4.999999999998251e-06
4.999999999998254e-06
4.999999999998253e-06
4.999999999998260e-06

  221  0  0
4.999999999998255e-06
4.999999999998245e-06
4.999999999998254e-06
4.999999999998251e-06
4.999999999998250e-06

  221  0  1
4.999999999998256e-06
4.999999999998251e-06
4.999999999998256e-06
4.999999999998255e-06
4.999999999998259e-06

  222  0  0
4.999999999998251e-06
4.999999999998250e-06
4.999999999998259e-06
4.999999999998247e-06
4.999999999998257e-06

  222  0  1
4.999999999998257e-06
4.999999999998251e-06
4.999999999998255e-06
4.999999999998254e-06
4.999999999998257e-06

  223  0  0
4.999999999998253e-06
4.999999999998249e-06
4.999999999998252e-06
4.999999999998254e-06
4.999999999998255e-06

  223  0  1
4.999999999998258e-06
4.999999999998251e-06
4.999999999998251e-06
4.999999999998255e-06
4.999999999998261e-06

  224  0  0
4.999999999998254e-06
4.999999999998250e-06
4.999999999998252e-06
4.999999999998250e-06
4.999999999998254e-06

  224  0  1
4.999999999998256e-06
4.999999999998251e-06
4.999999999998254e-06
4.999999999998256e-06
4.999999999998257e-06

  225  0  0
4.999999999998256e-06
4.999999999998248e-06
4.999999999998256e-06
4.999999999998253e-06
4.999999999998250e-06

  225  0  1
4.999999999998257e-06
4.999999999998254e-06
4.999999999998252e-06
4.999999999998256e-06
4.999999999998259e-06

  226  0  0
4.999999999998258e-06
4.999999999998249e-06
4.999999999998252e-06
4.999999999998253e-06
4.999999999998252e-06

  226  0  1
4.999999999998256e-06
4.999999999998254e-06
4.999999999998255e-06
4.999999999998250e-06
4.999999999998259e-06

  227  0  0
4.999999999998256e-06
4.999999999998250e-06
4.999999999998252e-06
4.999999999998253e-06
4.999999999998254e-06

  227  0  1
4.999999999998258e-06
4.999999999998252e-06
4.999999999998253e-06
4.999999999998252e-06
4.999999999998258e-06

  228  0  0
4.999999999998252e-06
4.999999999998251e-06
4.999999999998253e-06
4.999999999998252e-06
4.999999999998256e-06

  228  0  1
4.999999999998256e-06
4.999999999998253e-06
4.999999999998255e-06
4.999999999998254e-06
4.999999999998256e-06

  229  0  0
4.999999999998256e-06
4.999999999998248e-06
4.999999999998254e-06
4.999999999998255e-06
4.999999999998250e-06

  229  0  1
4.999999999998254e-06
4.999999999998251e-06
4.999999999998252e-06
4.999999999998256e-06
4.999999999998259e-06

  230  0  0
4.999999999998255e-06
4.999999999998250e-06
4.999999999998253e-06
4.999999999998249e-06
4.999999999998253e-06

  230  0  1
4.999999999998257e-06
4.999999999998256e-06
4.999999999998252e-06
4.999999999998252e-06
4.999999999998260e-06

  231  0  0
4.999999999998251e-06
4.999999999998250e-06
4.999999999998256e-06
4.999999999998254e-06
4.999999999998255e-06

  231  0  1
4.999999999998257e-06
4.999999999998253e-06
4.999999999998255e-06
4.999999999998250e-06
4.999999999998256e-06

  232  0  0
4.999999999998251e-06
4.999999999998251e-06
4.999999999998253e-06
4.999999999998254e-06
4.999999999998254e-06

  232  0  1
4.999999999998258e-06
4.999999999998252e-06
4.999999999998256e-06
4.999999999998251e-06
4.999999999998255e-06

  233  0  0
4.999999999998254e-06
4.999999999998250e-06
4.999999999998255e-06
4.999999999998255e-06
4.999999999998252e-06

  233  0  1
4.999999999998256e-06
4.999999999998256e-06
4.999999999998255e-06
4.999999999998256e-06
4.999999999998258e-06

  234  0  0
4.999999999998253e-06
4.999999999998249e-06
4.999999999998256e-06
4.999999999998253e-06
4.999999999998256e-06

  234  0  1
4.999999999998257e-06
4.999999999998254e-06
4.999999999998253e-06
4.999999999998253e-06
4.999999999998256e-06

  235  0  0
4.999999999998252e-06
4.999999999998250e-06
4.999999999998257e-06
4.999999999998253e-06
4.999999999998254e-06

  235  0  1
4.999999999998257e-06
4.999999999998250e-06
4.999999999998257e-06
4.999999999998254e-06
4.999999999998256e-06

  236  0  0
4.999999999998253e-06
4.999999999998248e-06
4.999999999998259e-06
4.999999999998251e-06
4.999999999998256e-06

  236  0  1
4.999999999998258e-06
4.999999999998253e-06
4.999999999998252e-06
4.999999999998254e-06
4.999999999998258e-06

  237  0  0
4.999999999998251e-06
4.999999999998249e-06
4.999999999998256e-06
4.999999999998250e-06
4.999999999998250e-06

  237  0  1
4.999999999998256e-06
4.999999999998253e-06
4.999999999998256e-06
4.999999999998256e-06
4.999999999998257e-06

  238  0  0
4.999999999998255e-06
4.999999999998250e-06
4.999999999998252e-06
4.999999999998248e-06
4.999999999998253e-06

  238  0  1
4.999999999998257e-06
4.999999999998250e-06
4.999999999998255e-06
4.999999999998251e-06
4.999999999998259e-06

  239  0  0
4.999999999998254e-06
4.999999999998252e-06
4.999999999998256e-06
4.999999999998250e-06
4.999999999998253e-06

  239  0  1
4.999999999998256e-06
4.999999999998250e-06
4.999999999998254e-06
4.999999999998255e-06
4.999999999998260e-06

  240  0  0
4.999999999998252e-06
4.999999999998249e-06
4.999999999998256e-06
4.999999999998251e-06
4.999999999998256e-06

  240  0  1
4.999999999998256e-06
4.999999999998256e-06
4.999999999998253e-06
4.999999999998253e-06
4.999999999998259e-06

  241  0  0
4.999999999998254e-06
4.999999999998251e-06
4.999999999998256e-06
4.999999999998252e-06
4.999999999998255e-06

  241  0  1
4.999999999998256e-06
4.999999999998252e-06
4.999999999998257e-06
4.999999999998253e-06
4.999999999998257e-06

  242  0  0
4.999999999998251e-06
4.999999999998250e-06
4.999999999998256e-06
4.999999999998251e-06
4.999999999998254e-06

  242  0  1
4.999999999998256e-06
4.999999999998250e-06
4.999999999998255e-06
4.999999999998251e-06
4.999999999998256e-06

  243  0  0
4.999999999998250e-06
4.999999999998249e-06
4.999999999998256e-06
4.999999999998254e-06
4.999999999998256e-06

  243  0  1
4.999999999998256e-06
4.999999999998250e-06
4.999999999998256e-06
4.999999999998254e-06
4.999999999998261e-06

  244  0  0
4.999999999998254e-06
4.999999999998246e-06
4.999999999998253e-06
4.999999999998251e-06
4.999999999998255e-06

  244  0  1
4.999999999998260e-06
4.999999999998250e-06
4.999999999998253e-06
4.999999999998253e-06
4.999999999998261e-06

  245  0  0
4.999999999998253e-06
4.999999999998250e-06
4.999999999998256e-06
4.999999999998251e-06
4.999999999998253e-06

  245  0  1
4.999999999998256e-06
4.999999999998256e-06
4.999999999998256e-06
4.999999999998256e-06
4.999999999998256e-06

  246  0  0
4.999999999998253e-06
4.999999999998250e-06
4.999999999998252e-06
4.999999999998252e-06
4.999999999998250e-06

  246  0  1
4.999999999998260e-06
4.999999999998256e-06
4.999999999998254e-06
4.999999999998254e-06
4.999999999998258e-06

  247  0  0
4.999999999998256e-06
4.999999999998245e-06
4.999999999998254e-06
4.999999999998253e-06
4.999999999998250e-06

  247  0  1
4.999999999998258e-06
4.999999999998252e-06
4.999999999998256e-06
4.999999999998256e-06
4.999999999998258e-06

  248  0  0
4.999999999998251e-06
4.999999999998249e-06
4.999999999998253e-06
4.999999999998251e-06
4.999999999998250e-06

  248  0  1
4.999999999998257e-06
4.999999999998253e-06
4.999999999998256e-06
4.999999999998252e-06
4.999999999998253e-06

  249  0  0
4.999999999998254e-06
4.999999999998249e-06
4.999999999998256e-06
4.999999999998251e-06
4.999999999998254e-06

  249  0  1
4.999999999998257e-06
4.999999999998256e-06
4.999999999998250e-06
4.999999999998256e-06
4.999999999998258e-06

  250  0  0
4.999999999998254e-06
4.999999999998248e-06
4.999999999998252e-06
4.999999999998251e-06
4.999999999998253e-06

  250  0  1
4.999999999998258e-06
4.999999999998252e-06
4.999999999998254e-06
4.999999999998254e-06
4.999999999998256e-06

  251  0  0
4.999999999998253e-06
4.999999999998250e-06
4.999999999998256e-06
4.999999999998252e-06
4.999999999998253e-06

  251  0  1
4.999999999998256e-06
4.999999999998252e-06
4.999999999998258e-06
4.999999999998253e-06
4.999999999998254e-06

  252  0  0
4.999999999998251e-06
4.999999999998251e-06
4.999999999998256e-06
4.999999999998253e-06
4.999999999998255e-06

  252  0  1
4.999999999998256e-06
4.999999999998257e-06
4.999999999998255e-06
4.999999999998252e-06
4.999999999998261e-06

  253  0  0
4.999999999998250e-06
4.999999999998251e-06
4.999999999998257e-06
4.999999999998254e-06
4.999999999998256e-06

  253  0  1
4.999999999998256e-06
4.999999999998256e-06
4.999999999998255e-06
4.999999999998252e-06
4.999999999998259e-06

  254  0  0
4.999999999998252e-06
4.999999999998245e-06
4.999999999998254e-06
4.999999999998255e-06
4.999999999998253e-06

  254  0  1
4.999999999998259e-06
4.999999999998256e-06
4.999999999998253e-06
4.999999999998256e-06
4.999999999998261e-06

  255  0  0
4.999999999998253e-06
4.999999999998250e-06
4.999999999998252e-06
4.999999999998252e-06
4.999999999998255e-06

  255  0  1
4.999999999998255e-06
4.999999999998257e-06
4.999999999998251e-06
4.999999999998253e-06
4.999999999998255e-06

  256  0  0
4.999999999998251e-06
4.999999999998248e-06
4.999999999998257e-06
4.999999999998254e-06
4.999999999998251e-06

  256  0  1
4.999999999998256e-06
4.999999999998257e-06
4.999999999998256e-06
4.999999999998252e-06
4.999999999998255e-06

  257  0  0
4.999999999998253e-06
4.999999999998248e-06
4.999999999998253e-06
4.999999999998250e-06
4.999999999998253e-06

  257  0  1
4.999999999998259e-06
4.999999999998254e-06
4.999999999998251e-06
4.999999999998252e-06
4.999999999998261e-06

  258  0  0
4.999999999998254e-06
4.999999999998250e-06
4.999999999998255e-06
4.999999999998255e-06
4.999999999998254e-06

  258  0  1
4.999999999998258e-06
4.999999999998256e-06
4.999999999998251e-06
4.999999999998252e-06
4.999999999998255e-06

  259  0  0
4.999999999998258e-06
4.999999999998247e-06
4.999999999998253e-06
4.999999999998250e-06
4.999999999998251e-06

  259  0  1
4.999999999998256e-06
4.999999999998256e-06
4.999999999998253e-06
4.999999999998255e-06
4.999999999998258e-06

  260  0  0
4.999999999998254e-06
4.999999999998251e-06
4.999999999998253e-06
4.999999999998248e-06
4.999999999998253e-06

  260  0  1
4.999999999998257e-06
4.999999999998254e-06
4.999999999998253e-06
4.999999999998256e-06
4.999999999998259e-06

  261  0  0
4.999999999998252e-06
4.999999999998250e-06
4.999999999998256e-06
4.999999999998251e-06
4.999999999998254e-06

  261  0  1
4.999999999998254e-06
4.999999999998255e-06
4.999999999998254e-06
4.999999999998253e-06
4.999999999998256e-06

  262  0  0
4.999999999998252e-06
4.999999999998250e-06
4.999999999998256e-06
4.999999999998250e-06
4.999999999998253e-06

  262  0  1
4.999999999998257e-06
4.999999999998251e-06
4.999999999998256e-06
4.999999999998255e-06
4.999999999998257e-06

  263  0  0
4.999999999998251e-06
4.999999999998248e-06
4.999999999998256e-06
4.999999999998255e-06
4.999999999998258e-06

  263  0  1
4.999999999998255e-06
4.999999999998253e-06
4.999999999998254e-06
4.999999999998253e-06
4.999999999998256e-06

  264  0  0
4.999999999998256e-06
4.999999999998248e-06
4.999999999998253e-06
4.999999999998253e-06
4.999999999998248e-06

  264  0  1
4.999999999998256e-06
4.999999999998254e-06
4.999999999998254e-06
4.999999999998253e-06
4.999999999998259e-06

  265  0  0
4.999999999998254e-06
4.999999999998247e-06
4.999999999998256e-06
4.999999999998253e-06
4.999999999998254e-06

  265  0  1
4.999999999998256e-06
4.999999999998255e-06
4.999999999998255e-06
4.999999999998255e-06
4.999999999998256e-06

  266  0  0
4.999999999998254e-06
4.999999999998252e-06
4.999999999998254e-06
4.999999999998250e-06
4.999999999998254e-06

  266  0  1
4.999999999998253e-06
4.999999999998251e-06
4.999999999998255e-06
4.999999999998252e-06
4.999999999998259e-06

  267  0  0
4.999999999998253e-06
4.999999999998250e-06
4.999999999998253e-06
4.999999999998250e-06
4.999999999998255e-06

  267  0  1
4.999999999998258e-06
4.999999999998252e-06
4.999999999998254e-06
4.999999999998257e-06
4.999999999998257e-06

  268  0  0
4.999999999998252e-06
4.999999999998249e-06
4.999999999998255e-06
4.999999999998254e-06
4.999999999998251e-06

  268  0  1
4.999999999998256e-06
4.999999999998253e-06
4.999999999998253e-06
4.999999999998253e-06
4.999999999998261e-06

  269  0  0
4.999999999998256e-06
4.999999999998245e-06
4.999999999998254e-06
4.999999999998251e-06
4.999999999998250e-06

  269  0  1
4.999999999998255e-06
4.999999999998251e-06
4.999999999998256e-06
4.999999999998252e-06
4.999999999998257e-06

  270  0  0
4.999999999998255e-06
4.999999999998249e-06
4.999999999998254e-06
4.999999999998251e-06
4.999999999998253e-06

  270  0  1
4.999999999998256e-06
4.999999999998254e-06
4.999999999998256e-06
4.999999999998254e-06
4.999999999998257e-06

  271  0  0
4.999999999998252e-06
4.999999999998250e-06
4.999999999998254e-06
4.999999999998251e-06
4.999999999998254e-06

  271  0  1
4.999999999998256e-06
4.999999999998250e-06
4.999999999998255e-06
4.999999999998252e-06
4.999999999998257e-06

  272  0  0
4.999999999998252e-06
4.999999999998251e-06
4.999999999998255e-06
4.999999999998250e-06
4.999999999998256e-06

  272  0  1
4.999999999998255e-06
4.999999999998257e-06
4.999999999998252e-06
4.999999999998256e-06
4.999999999998258e-06

  273  0  0
4.999999999998251e-06
4.999999999998249e-06
4.999999999998257e-06
4.999999999998253e-06
4.999999999998254e-06

  273  0  1
4.999999999998258e-06
4.999999999998257e-06
4.999999999998252e-06
4.999999999998257e-06
4.999999999998259e-06

  274  0  0
4.999999999998252e-06
4.999999999998249e-06
4.999999999998255e-06
4.999999999998251e-06
4.999999999998253e-06

  274  0  1
4.999999999998258e-06
4.999999999998252e-06
4.999999999998253e-06
4.999999999998252e-06
4.999999999998260e-06

  275  0  0
4.999999999998252e-06
4.999999999998250e-06
4.999999999998260e-06
4.999999999998249e-06
4.999999999998255e-06

  275  0  1
4.999999999998259e-06
4.999999999998256e-06
4.999999999998252e-06
4.999999999998255e-06
4.999999999998257e-06

  276  0  0
4.999999999998258e-06
4.999999999998250e-06
4.999999999998254e-06
4.999999999998251e-06
4.999999999998252e-06

  276  0  1
4.999999999998255e-06
4.999999999998256e-06
4.999999999998254e-06
4.999999999998252e-06
4.999999999998261e-06

  277  0  0
4.999999999998255e-06
4.999999999998250e-06
4.999999999998254e-06
4.999999999998249e-06
4.999999999998251e-06

  277  0  1
4.999999999998256e-06
4.999999999998255e-06
4.999999999998254e-06
4.999999999998254e-06
4.999999999998260e-06

  278  0  0
4.999999999998256e-06
4.999999999998250e-06
4.999999999998258e-06
4.999999999998250e-06
4.999999999998251e-06

  278  0  1
4.999999999998256e-06
4.999999999998254e-06
4.999999999998251e-06
4.999999999998255e-06
4.999999999998256e-06

  279  0  0
4.999999999998253e-06
4.999999999998249e-06
4.999999999998254e-06
4.999999999998255e-06
4.999999999998253e-06

  279  0  1
4.999999999998254e-06
4.999999999998254e-06
4.999999999998256e-06
4.999999999998250e-06
4.999999999998258e-06

  280  0  0
4.999999999998254e-06
4.999999999998247e-06
4.999999999998256e-06
4.999999999998253e-06
4.999999999998251e-06

  280  0  1
4.999999999998256e-06
4.999999999998252e-06
4.999999999998256e-06
4.999999999998253e-06
4.999999999998260e-06

  281  0  0
4.999999999998250e-06
4.999999999998253e-06
4.999999999998256e-06
4.999999999998250e-06
4.999999999998256e-06

  281  0  1
4.999999999998254e-06
4.999999999998257e-06
4.999999999998254e-06
4.999999999998252e-06
4.999999999998259e-06

  282  0  0
4.999999999998253e-06
4.999999999998245e-06
4.999999999998253e-06
4.999999999998250e-06
4.999999999998253e-06

  282  0  1
4.999999999998256e-06
4.999999999998257e-06
4.999999999998256e-06
4.999999999998250e-06
4.999999999998261e-06

  283  0  0
4.999999999998255e-06
4.999999999998249e-06
4.999999999998253e-06
4.999999999998253e-06
4.999999999998255e-06

  283  0  1
4.999999999998256e-06
4.999999999998254e-06
4.999999999998257e-06
4.999999999998252e-06
4.999999999998259e-06

  284  0  0
4.999999999998256e-06
4.999999999998247e-06
4.999999999998253e-06
4.999999999998253e-06
4.999999999998251e-06

  284  0  1
4.999999999998255e-06
4.999999999998257e-06
4.999999999998255e-06
4.999999999998254e-06
4.999999999998259e-06

  285  0  0
4.999999999998256e-06
4.999999999998249e-06
4.999999999998253e-06
4.999999999998254e-06
4.999999999998253e-06

  285  0  1
4.999999999998256e-06
4.999999999998259e-06
4.999999999998258e-06
4.999999999998250e-06
4.999999999998252e-06

  286  0  0
4.999999999998252e-06
4.999999999998250e-06
4.999999999998254e-06
4.999999999998252e-06
4.999999999998253e-06

  286  0  1
4.999999999998260e-06
4.999999999998252e-06
4.999999999998251e-06
4.999999999998256e-06
4.999999999998260e-06

  287  0  0
4.999999999998253e-06
4.999999999998251e-06
4.999999999998258e-06
4.999999999998256e-06
4.999999999998254e-06

  287  0  1
4.999999999998256e-06
4.999999999998256e-06
4.999999999998254e-06
4.999999999998254e-06
4.999999999998258e-06

  288  0  0
4.999999999998250e-06
4.999999999998247e-06
4.999999999998257e-06
4.999999999998254e-06
4.999999999998251e-06

  288  0  1
4.999999999998257e-06
4.999999999998251e-06
4.999999999998255e-06
4.999999999998255e-06
4.999999999998256e-06

  289  0  0
4.999999999998255e-06
4.999999999998245e-06
4.999999999998253e-06
4.999999999998248e-06
4.999999999998253e-06

  289  0  1
4.999999999998261e-06
4.999999999998251e-06
4.999999999998258e-06
4.999999999998253e-06
4.999999999998255e-06

  290  0  0
4.999999999998253e-06
4.999999999998252e-06
4.999999999998256e-06
4.999999999998253e-06
4.999999999998255e-06

  290  0  1
4.999999999998257e-06
4.999999999998254e-06
4.999999999998251e-06
4.999999999998254e-06
4.999999999998256e-06

  291  0  0
4.999999999998254e-06
4.999999999998250e-06
4.999999999998257e-06
4.999999999998252e-06
4.999999999998255e-06

  291  0  1
4.999999999998260e-06
4.999999999998253e-06
4.999999999998255e-06
4.999999999998255e-06
4.999999999998258e-06

  292  0  0
4.999999999998250e-06
4.999999999998249e-06
4.999999999998256e-06
4.999999999998250e-06
4.999999999998256e-06

  292  0  1
4.999999999998256e-06
4.999999999998249e-06
4.999999999998257e-06
4.999999999998253e-06
4.999999999998258e-06

  293  0  0
4.999999999998254e-06
4.999999999998249e-06
4.999999999998252e-06
4.999999999998250e-06
4.999999999998254e-06

  293  0  1
4.999999999998257e-06
4.999999999998253e-06
4.999999999998256e-06
4.999999999998252e-06
4.999999999998260e-06

  294  0  0
4.999999999998250e-06
4.999999999998255e-06
4.999999999998259e-06
4.999999999998253e-06
4.999999999998252e-06

  294  0  1
4.999999999998260e-06
4.999999999998252e-06
4.999999999998256e-06
4.999999999998253e-06
4.999999999998256e-06

  295  0  0
4.999999999998251e-06
4.999999999998250e-06
4.999999999998256e-06
4.999999999998252e-06
4.999999999998254e-06

  295  0  1
4.999999999998256e-06
4.999999999998253e-06
4.999999999998254e-06
4.999999999998254e-06
4.999999999998261e-06

  296  0  0
4.999999999998251e-06
4.999999999998249e-06
4.999999999998257e-06
4.999999999998253e-06
4.999999999998252e-06

  296  0  1
4.999999999998256e-06
4.999999999998256e-06
4.999999999998255e-06
4.999999999998254e-06
4.999999999998256e-06

  297  0  0
4.999999999998255e-06
4.999999999998249e-06
4.999999999998252e-06
4.999999999998252e-06
4.999999999998257e-06

  297  0  1
4.999999999998256e-06
4.999999999998256e-06
4.999999999998252e-06
4.999999999998254e-06
4.999999999998259e-06

  298  0  0
4.999999999998255e-06
4.999999999998252e-06
4.999999999998254e-06
4.999999999998250e-06
4.999999999998255e-06

  298  0  1
4.999999999998256e-06
4.999999999998252e-06
4.999999999998257e-06
4.999999999998251e-06
4.999999999998256e-06

  299  0  0
4.999999999998253e-06
4.999999999998250e-06
4.999999999998256e-06
4.999999999998254e-06
4.999999999998256e-06

  299  0  1
4.999999999998258e-06
4.999999999998253e-06
4.999999999998256e-06
4.999999999998254e-06
4.999999999998256e-06

  300  0  0
4.999999999998255e-06
4.999999999998247e-06
4.999999999998257e-06
4.999999999998254e-06
4.999999999998254e-06

  300  0  1
4.999999999998256e-06
4.999999999998256e-06
4.999999999998253e-06
4.999999999998254e-06
4.999999999998257e-06

  301  0  0
4.999999999998257e-06
4.999999999998247e-06
4.999999999998258e-06
4.999999999998251e-06
4.999999999998250e-06

  301  0  1
4.999999999998256e-06
4.999999999998251e-06
4.999999999998255e-06
4.999999999998254e-06
4.999999999998260e-06

  302  0  0
4.999999999998253e-06
4.999999999998251e-06
4.999999999998252e-06
4.999999999998253e-06
4.999999999998253e-06

  302  0  1
4.999999999998255e-06
4.999999999998254e-06
4.999999999998256e-06
4.999999999998252e-06
4.999999999998255e-06

  303  0  0
4.999999999998254e-06
4.999999999998248e-06
4.999999999998256e-06
4.999999999998253e-06
4.999999999998253e-06

  303  0  1
4.999999999998257e-06
4.999999999998253e-06
4.999999999998256e-06
4.999999999998254e-06
4.999999999998256e-06

  304  0  0
4.999999999998256e-06
4.999999999998250e-06
4.999999999998252e-06
4.999999999998249e-06
4.999999999998254e-06

  304  0  1
4.999999999998256e-06
4.999999999998250e-06
4.999999999998252e-06
4.999999999998254e-06
4.999999999998261e-06

  305  0  0
4.999999999998252e-06
4.999999999998250e-06
4.999999999998253e-06
4.999999999998253e-06
4.999999999998251e-06

  305  0  1
4.999999999998258e-06
4.999999999998254e-06
4.999999999998256e-06
4.999999999998255e-06
4.999999999998257e-06

  306  0  0
4.999999999998254e-06
4.999999999998250e-06
4.999999999998256e-06
4.999999999998253e-06
4.999999999998250e-06

  306  0  1
4.999999999998256e-06
4.999999999998250e-06
4.999999999998256e-06
4.999999999998255e-06
4.999999999998256e-06

  307  0  0
4.999999999998252e-06
4.999999999998250e-06
4.999999999998252e-06
4.999999999998250e-06
4.999999999998250e-06

  307  0  1
4.999999999998256e-06
4.999999999998257e-06
4.999999999998254e-06
4.999999999998252e-06
4.999999999998260e-06

  308  0  0
4.999999999998252e-06
4.999999999998251e-06
4.999999999998256e-06
4.999999999998254e-06
4.999999999998253e-06

  308  0  1
4.999999999998260e-06
4.999999999998256e-06
4.999999999998254e-06
4.999999999998256e-06
4.999999999998257e-06

  309  0  0
4.999999999998252e-06
4.999999999998248e-06
4.999999999998256e-06
4.999999999998253e-06
4.999999999998250e-06

  309  0  1
4.999999999998258e-06
4.999999999998253e-06
4.999999999998253e-06
4.999999999998256e-06
4.999999999998261e-06

  310  0  0
4.999999999998254e-06
4.999999999998250e-06
4.999999999998256e-06
4.999999999998252e-06
4.999999999998246e-06

  310  0  1
4.999999999998255e-06
4.999999999998254e-06
4.999999999998256e-06
4.999999999998252e-06
4.999999999998257e-06

  311  0  0
4.999999999998260e-06
4.999999999998261e-06
4.999999999998233e-06
4.999999999998319e-06
4.999999999998097e-06

  311  0  1
4.999999999998253e-06
4.999999999998251e-06
4.999999999998255e-06
4.999999999998246e-06
4.999999999998387e-06

  312  0  0
4.999999999998049e-06
4.999999999998448e-06
4.999999999997868e-06
4.999999999999695e-06
5.000000000000599e-06

  312  0  1
4.999999999998168e-06
4.999999999997942e-06
4.999999999998716e-06
4.999999999997566e-06
5.000000000003969e-06

  313  0  0
4.999999999982973e-06
5.000000000006824e-06
4.999999999994278e-06
5.000000000016940e-06
5.000000000355509e-06

  313  0  1
4.999999999995372e-06
4.999999999989429e-06
5.000000000017892e-06
4.999999999960647e-06
5.000000000228510e-06

  314  0  0
4.999999999186056e-06
5.000000000173943e-06
5.000000000281425e-06
4.999999999443424e-06
5.000000019081583e-06

  314  0  1
4.999999999922000e-06
4.999999999639627e-06
5.000000000758277e-06
4.999999998426340e-06
5.000000007586647e-06

  315  0  0
4.999999968447456e-06
5.000000000638176e-06
5.000000021656793e-06
4.999999940361964e-06
5.000000720421711e-06

  315  0  1
4.999999998974963e-06
4.999999987965787e-06
5.000000023983808e-06
4.999999944917367e-06
5.000000183083685e-06

  316  0  0
4.999999118401624e-06
4.999999803100512e-06
5.000000961184037e-06
4.999996782951788e-06
5.000018085981297e-06

  316  0  1
5.000000054256671e-06
4.999999698303580e-06
5.000000521594790e-06
4.999998466805694e-06
5.000000718347282e-06

  317  0  0
4.999992333854652e-06
4.999985094266307e-06
5.000029532337000e-06
4.999865667600298e-06
4.999966776822767e-06

  317  0  1
5.000006338185290e-06
4.999997927522060e-06
4.999997590842411e-06
4.999977116968833e-06
4.999710865156817e-06

  318  0  0
5.001219874066725e-06
4.999212694671908e-06
5.000342105798207e-06
4.995518390592914e-06
4.957397927334415e-06

  318  0  1
5.000426071028152e-06
5.000404171139649e-06
4.998797951005784e-06
5.000998086015676e-06
4.974350716280214e-06

  319  0  0
5.117646142417328e-06
4.977048163985814e-06
4.937627391997403e-06
5.058614385844461e-06
2.300248141883586e-06

  319  0  1
5.020103321701649e-06
5.044934097065887e-06
4.890831217818865e-06
5.182573862432458e-06
3.621046502875275e-06

