#Cell  Group   Direction 
# Element_0
# Element_1
# Element_2
    0  0  0
1.821954149555818e-01
1.813940369077144e-01
1.805924641172996e-01

    0  0  1
1.732050795719322e+00
1.730656096969314e+00
1.729258442047563e+00

    1  0  0
1.805924652676371e-01
1.797907042140877e-01
1.789887530473311e-01

    1  0  1
1.729258428656684e+00
1.727857816838181e+00
1.726454172528318e+00

    2  0  0
1.789887533704539e-01
1.781866132261750e-01
1.773842840794621e-01

    2  0  1
1.726454159361970e+00
1.725047483361668e+00
1.723637699065173e+00

    3  0  0
1.773842849449364e-01
1.765817743248485e-01
1.757790823407751e-01

    3  0  1
1.723637685247112e+00
1.722224792969909e+00
1.720808712203703e+00

    4  0  0
1.757790834451267e-01
1.749762130821257e-01
1.741731623626064e-01

    4  0  1
1.720808699099515e+00
1.719389429014660e+00
1.717966891366873e+00

    5  0  0
1.741731620052132e-01
1.733699336389971e-01
1.725665289187469e-01

    5  0  1
1.717966875258007e+00
1.716541067312748e+00
1.715111900790674e+00

    6  0  0
1.725665309796882e-01
1.717629613820689e-01
1.709592160157033e-01

    6  0  1
1.715111866451326e+00
1.713679366063775e+00
1.712243391916023e+00

    7  0  0
1.709592205854106e-01
1.701553158493596e-01
1.693512418148692e-01

    7  0  1
1.712243375994871e+00
1.710803941351914e+00
1.709360968094561e+00

    8  0  0
1.693512427491823e-01
1.685470086654502e-01
1.677426151826157e-01

    8  0  1
1.709360951654109e+00
1.707914440730126e+00
1.706464295846333e+00

    9  0  0
1.677426166959569e-01
1.669380677953437e-01
1.661333606060391e-01

    9  0  1
1.706464278804821e+00
1.705010500670985e+00
1.703552989497770e+00

   10  0  0
1.661333602698534e-01
1.653284972141439e-01
1.645234811295740e-01

   10  0  1
1.703552971812541e+00
1.702091728351006e+00
1.700626649166097e+00

   11  0  0
1.645234835061173e-01
1.637183268548293e-01
1.629130266818259e-01

   11  0  1
1.700626630844907e+00
1.699157716846916e+00
1.697684860427661e+00

   12  0  0
1.629130266685616e-01
1.621075803471059e-01
1.613019881500939e-01

   12  0  1
1.697684841468320e+00
1.696208043412193e+00
1.694727192575848e+00

   13  0  0
1.613019891053794e-01
1.604962630846174e-01
1.596904049177024e-01

   13  0  1
1.694727172823289e+00
1.693242270219078e+00
1.691753200146515e+00

   14  0  0
1.596904072144328e-01
1.588844225554483e-01
1.580783067385502e-01

   14  0  1
1.691753179674340e+00
1.690259943396913e+00
1.688762420703221e+00

   15  0  0
1.580783057168714e-01
1.572720583579330e-01
1.564656838575131e-01

   15  0  1
1.688762399520207e+00
1.687260591520922e+00
1.685754373938064e+00

   16  0  0
1.564656869232281e-01
1.556592027751230e-01
1.548526054420921e-01

   16  0  1
1.685754351899742e+00
1.684243726039772e+00
1.682728562683293e+00

   17  0  0
1.548526055560580e-01
1.540458904450304e-01
1.532390571299166e-01

   17  0  1
1.682728539831998e+00
1.681208840373682e+00
1.679684470793246e+00

   18  0  0
1.532390578809155e-01
1.524321206737489e-01
1.516250828943687e-01

   18  0  1
1.679684447052975e+00
1.678155408858311e+00
1.676621562963721e+00

   19  0  0
1.516250862555749e-01
1.508179564948669e-01
1.500107285907084e-01

   19  0  1
1.676621540643615e+00
1.675082885653888e+00
1.673539283405546e+00

   20  0  0
1.500107262296984e-01
1.492033943375868e-01
1.483959659417335e-01

   20  0  1
1.673539257890744e+00
1.671990708366587e+00
1.670437060284500e+00

   21  0  0
1.483959700258482e-01
1.475884702906952e-01
1.467808949948522e-01

   21  0  1
1.670437033808233e+00
1.668878288777338e+00
1.667314291469100e+00

   22  0  0
1.467808953095676e-01
1.459732362197223e-01
1.451654912999872e-01

   22  0  1
1.667314263994777e+00
1.665745016080562e+00
1.664170356361888e+00

   23  0  0
1.451654912636641e-01
1.443576760211886e-01
1.435497969968810e-01

   23  0  1
1.664170327848245e+00
1.662590258059658e+00
1.661004610891060e+00

   24  0  0
1.435498021167374e-01
1.427418744320815e-01
1.419338874761623e-01

   24  0  1
1.661004581294573e+00
1.659413358549616e+00
1.657816386548159e+00

   25  0  0
1.419338844214167e-01
1.411258272849202e-01
1.403177084294119e-01

   25  0  1
1.657816355836773e+00
1.656213636432087e+00
1.654604989405011e+00

   26  0  0
1.403177134240662e-01
1.395095677576184e-01
1.387013913608968e-01

   26  0  1
1.654604957511890e+00
1.652990384780912e+00
1.651369699144998e+00

   27  0  0
1.387013924476511e-01
1.378931740403115e-01
1.370849083596908e-01

   27  0  1
1.651369666029334e+00
1.649742869502453e+00
1.648109767712363e+00

   28  0  0
1.370849068534473e-01
1.362766084962436e-01
1.354682889012593e-01

   28  0  1
1.648109733335037e+00
1.646470328351362e+00
1.644824418403422e+00

   29  0  0
1.354682965646937e-01
1.346599817332016e-01
1.338516563364110e-01

   29  0  1
1.644824382689505e+00
1.643171969924470e+00
1.641512844679891e+00

   30  0  0
1.338516517218244e-01
1.330432934562870e-01
1.322349127132423e-01

   30  0  1
1.641512807583022e+00
1.639846972112167e+00
1.638174208642607e+00

   31  0  0
1.322349183642419e-01
1.314265624585441e-01
1.306182295145068e-01

   31  0  1
1.638174170103000e+00
1.636494480974627e+00
1.634807639936239e+00

   32  0  0
1.306182323888137e-01
1.298099098867529e-01
1.290015865853584e-01

   32  0  1
1.634807599891706e+00
1.633113609375252e+00
1.631412234285382e+00

   33  0  0
1.290015823990608e-01
1.281932668522955e-01
1.273849778522542e-01

   33  0  1
1.631412192670222e+00
1.629703435534189e+00
1.627987052026795e+00

   34  0  0
1.273849890455495e-01
1.265767708304255e-01
1.257686024482021e-01

   34  0  1
1.627987008771964e+00
1.626263001520861e+00
1.624531116566751e+00

   35  0  0
1.257685962198939e-01
1.249604387181822e-01
1.241523029866174e-01

   35  0  1
1.624531071599636e+00
1.622791311675310e+00
1.621043412760880e+00

   36  0  0
1.241523084062663e-01
1.233442553614629e-01
1.225362885534899e-01

   36  0  1
1.621043366004884e+00
1.619287330943466e+00
1.617522885205459e+00

   37  0  0
1.225362949442966e-01
1.217284058707065e-01
1.209205732822724e-01

   37  0  1
1.617522836580095e+00
1.615749983124722e+00
1.613968436441153e+00

   38  0  0
1.209205647500796e-01
1.201127820100590e-01
1.193050779582538e-01

   38  0  1
1.613968385861321e+00
1.612178149030226e+00
1.610378925059674e+00

   39  0  0
1.193050936155187e-01
1.184975410110991e-01
1.176901135143594e-01

   39  0  1
1.610378872435621e+00
1.608570664534780e+00
1.606753163705634e+00

   40  0  0
1.176901063197958e-01
1.168827434910292e-01
1.160754531292809e-01

   40  0  1
1.606753108943310e+00
1.604926318529145e+00
1.603089916974519e+00

   41  0  0
1.160754564196657e-01
1.152683105964736e-01
1.144613238747748e-01

   41  0  1
1.603089859974262e+00
1.601243850762710e+00
1.599387899180795e+00

   42  0  0
1.144613364103490e-01
1.136545152099823e-01
1.128478229844413e-01

   42  0  1
1.599387839816637e+00
1.597521949523913e+00
1.595645772161902e+00

   43  0  0
1.128478081049966e-01
1.120412085329003e-01
1.112347427002490e-01

   43  0  1
1.595645710449080e+00
1.593759249586607e+00
1.591862142255331e+00

   44  0  0
1.112347632039827e-01
1.104285446831354e-01
1.096225444299564e-01

   44  0  1
1.591862077877542e+00
1.589954328130964e+00
1.588035557996073e+00

   45  0  0
1.096225381892171e-01
1.088166720904632e-01
1.080109378450638e-01

   45  0  1
1.588035490918824e+00
1.586105704527049e+00
1.584164508012889e+00

   46  0  0
1.080109355603271e-01
1.072054067500739e-01
1.064001174356748e-01

   46  0  1
1.584164438102405e+00
1.582211835780432e+00
1.580247417153408e+00

   47  0  0
1.064001398687481e-01
1.055951320102533e-01
1.047903480916598e-01

   47  0  1
1.580247344268665e+00
1.578271113847890e+00
1.576282643680034e+00

   48  0  0
1.047903251472139e-01
1.039856790773123e-01
1.031812234764389e-01

   48  0  1
1.576282567672801e+00
1.574281862467790e+00
1.572268475930986e+00

   49  0  0
1.031812477414682e-01
1.023771484612890e-01
1.015733810494535e-01

   49  0  1
1.572268396611491e+00
1.570242333757576e+00
1.568203129004945e+00

   50  0  0
1.015733799029334e-01
1.007698427392553e-01
9.996651169252581e-02

   50  0  1
1.568203046264623e+00
1.566150704770318e+00
1.564084740736452e+00

   51  0  0
9.996649849757751e-02
9.916342647993164e-02
9.836067781640211e-02

   51  0  1
1.564084654364744e+00
1.562005073196918e+00
1.559911367796669e+00

   52  0  0
9.836071440206354e-02
9.755839785965215e-02
9.675643081066237e-02

   52  0  1
1.559911277600273e+00
1.557803453635865e+00
1.555680981569646e+00

   53  0  0
9.675639935805008e-02
9.595462213309103e-02
9.515309295263281e-02

   53  0  1
1.555680887368381e+00
1.553543773101304e+00
1.551391463633393e+00

   54  0  0
9.515311699349703e-02
9.435205838287240e-02
9.355146527233439e-02

   54  0  1
1.551391365167807e+00
1.549223866687760e+00
1.547040601118770e+00

   55  0  0
9.355147668032145e-02
9.275125315586186e-02
9.195133606675791e-02

   55  0  1
1.547040498176816e+00
1.544841472053502e+00
1.542626081067771e+00

   56  0  0
9.195130484460626e-02
9.115168608703854e-02
9.035247116982646e-02

   56  0  1
1.542625973363822e+00
1.540394224476541e+00
1.538145485626558e+00

   57  0  0
9.035252540291132e-02
8.955393184252800e-02
8.875585370530743e-02

   57  0  1
1.538145372930847e+00
1.535879651430749e+00
1.533596285968551e+00

   58  0  0
8.875581670881776e-02
8.795800092556898e-02
8.716049530594833e-02

   58  0  1
1.533596168036921e+00
1.531295166192162e+00
1.528975835773445e+00

   59  0  0
8.716051049977588e-02
8.636357987372240e-02
8.556726271884656e-02

   59  0  1
1.528975712259847e+00
1.526638061250184e+00
1.524281364748360e+00

   60  0  0
8.556729787316047e-02
8.477155370883702e-02
8.397625919915276e-02

   60  0  1
1.524281235327119e+00
1.521905501744048e+00
1.519509971555379e+00

   61  0  0
8.397620215690772e-02
8.318122605427032e-02
8.238672129385395e-02

   61  0  1
1.519509835872710e+00
1.517094517939407e+00
1.514658616049193e+00

   62  0  0
8.238679331985056e-02
8.159313288090000e-02
8.080020218214480e-02

   62  0  1
1.514658473745301e+00
1.512201997208579e+00
1.509724110993566e+00

   63  0  0
8.080016913596533e-02
8.000762182080970e-02
7.921546410038134e-02

   63  0  1
1.509723961548172e+00
1.507224675781293e+00
1.504703113657864e+00

   64  0  0
7.921545547793506e-02
7.842394413684277e-02
7.763319502267393e-02

   64  0  1
1.504702957024396e+00
1.502159128257187e+00
1.499592113363551e+00

   65  0  0
7.763326801213673e-02
7.684338213942568e-02
7.605415684092913e-02

   65  0  1
1.499591948541014e+00
1.497001758494479e+00
1.494387426339997e+00

   66  0  0
7.605406892750624e-02
7.526517083162923e-02
7.447679204886463e-02

   66  0  1
1.494387253037970e+00
1.491748790437345e+00
1.489085180810304e+00

   67  0  0
7.447687421325215e-02
7.368957526356179e-02
7.290326872923138e-02

   67  0  1
1.489084998510503e+00
1.486396254138689e+00
1.483681305820595e+00

   68  0  0
7.290325879876654e-02
7.211754931984611e-02
7.133235228067523e-02

   68  0  1
1.483681113856651e+00
1.480939974620620e+00
1.478171518581925e+00

   69  0  0
7.133229819365600e-02
7.054775662203049e-02
6.976410198368943e-02

   69  0  1
1.478171316323421e+00
1.475375557377015e+00
1.472551309444518e+00

   70  0  0
6.976422657670084e-02
6.898182704766928e-02
6.820039541531928e-02

   70  0  1
1.472551096227173e+00
1.469698373990727e+00
1.466815927296503e+00

   71  0  0
6.820028048712334e-02
6.741920564499590e-02
6.663868223468195e-02

   71  0  1
1.466815702231884e+00
1.463903546830891e+00
1.460960363433459e+00

   72  0  0
6.663875326107006e-02
6.585951194933388e-02
6.508155779441636e-02

   72  0  1
1.460960125667954e+00
1.457985931349584e+00
1.454979332449730e+00

   73  0  0
6.508160214477829e-02
6.430461313590156e-02
6.352834997515708e-02

   73  0  1
1.454979081590676e+00
1.451940094882855e+00
1.448867249180713e+00

   74  0  0
6.352822551981087e-02
6.275254463126849e-02
6.197782071038283e-02

   74  0  1
1.448866983412140e+00
1.445760297776634e+00
1.442618215061366e+00

   75  0  0
6.197800209832584e-02
6.120501536769835e-02
6.043342358554935e-02

   75  0  1
1.442617933667521e+00
1.439440474083972e+00
1.436225988673788e+00

   76  0  0
6.043330336732036e-02
5.966219052872937e-02
5.889167357907500e-02

   76  0  1
1.436225690405477e+00
1.432974200925014e+00
1.429683959899318e+00

   77  0  0
5.889169332354112e-02
5.812255546408710e-02
5.735499000617205e-02

   77  0  1
1.429683643466802e+00
1.426354674095831e+00
1.422985122869117e+00

   78  0  0
5.735512977566142e-02
5.658911837206396e-02
5.582420477636339e-02

   78  0  1
1.422984786762288e+00
1.419574678489577e+00
1.416122044679141e+00

   79  0  0
5.582399144590850e-02
5.505951727889859e-02
5.429598940830540e-02

   79  0  1
1.416121687202744e+00
1.412626554624479e+00
1.409086829912362e+00

   80  0  0
5.429621126860965e-02
5.353493276445459e-02
5.277559639807220e-02

   80  0  1
1.409086449302505e+00
1.405502161408998e+00
1.401871082051944e+00

   81  0  0
5.277552064785553e-02
5.201700207475474e-02
5.125920711495833e-02

   81  0  1
1.401870676391640e+00
1.398192836675088e+00
1.394465862243316e+00

   82  0  0
5.125911576658489e-02
5.050260500507593e-02
4.974787072176276e-02

   82  0  1
1.394465429157029e+00
1.390689353600128e+00
1.386861642364357e+00

   83  0  0
4.974814666779046e-02
4.899581829652769e-02
4.824519859839436e-02

   83  0  1
1.386861179428413e+00
1.382981869046925e+00
1.379048251061909e+00

   84  0  0
4.824490219686087e-02
4.749459419518633e-02
4.674514662571972e-02

   84  0  1
1.379047755493508e+00
1.375059869520988e+00
1.371014816870589e+00

   85  0  0
4.674535432731951e-02
4.599856711068660e-02
4.525434145854062e-02

   85  0  1
1.371014285529138e+00
1.366912109256680e+00
1.362749702263548e+00

   86  0  0
4.525439401229336e-02
4.451171373734632e-02
4.377009822532767e-02

   86  0  1
1.362749131650396e+00
1.358526540883965e+00
1.354240430536402e+00

   87  0  0
4.376982667275882e-02
4.302914881706429e-02
4.229028051640416e-02

   87  0  1
1.354239816664196e+00
1.349890237965276e+00
1.345473603259405e+00

   88  0  0
4.229070940766705e-02
4.155532637627764e-02
4.082256368444497e-02

   88  0  1
1.345472941629330e+00
1.340989307045378e+00
1.336434807096016e+00

   89  0  0
4.082224064503510e-02
4.008987967756832e-02
3.935829861223242e-02

   89  0  1
1.336434092611138e+00
1.331808788921842e+00
1.327108508594045e+00

   90  0  0
3.935838508222695e-02
3.862957072141606e-02
3.790388905198541e-02

   90  0  1
1.327107735389049e+00
1.322332546237445e+00
1.317477934076602e+00

   91  0  0
3.790418030092392e-02
3.718134042094699e-02
3.646030917553492e-02

   91  0  1
1.317477095494643e+00
1.312543135275913e+00
1.307524932999416e+00

   92  0  0
3.645980830410266e-02
3.573916226864765e-02
3.502012155969217e-02

   92  0  1
1.307524021150750e+00
1.302421660347068e+00
1.297229822739993e+00

   93  0  0
3.502065846506063e-02
3.430623226138289e-02
3.359563064428676e-02

   93  0  1
1.297228829135567e+00
1.291947606974128e+00
1.286571206662838e+00

   94  0  0
3.359541511058795e-02
3.288587265019733e-02
3.217724291413807e-02

   94  0  1
1.286570120832063e+00
1.281098645439356e+00
1.275525766751440e+00

   95  0  0
3.217705033652433e-02
3.147076386764423e-02
3.076793716963415e-02

   95  0  1
1.275524576621004e+00
1.269850410031908e+00
1.264068023133106e+00

   96  0  0
3.076857046742018e-02
3.007054632990450e-02
2.937569116232078e-02

   96  0  1
1.264066714622955e+00
1.258176237399654e+00
1.252170052389204e+00

   97  0  0
2.937498512400566e-02
2.868002478431999e-02
2.798627206975084e-02

   97  0  1
1.252168608868785e+00
1.246046862953045e+00
1.239801157739195e+00

   98  0  0
2.798676552497967e-02
2.729844024854845e-02
2.661529240517197e-02

   98  0  1
1.239799559098720e+00
1.233430062300825e+00
1.226927481264471e+00

   99  0  0
2.661540747278934e-02
2.593501687300253e-02
2.525626433558870e-02

   99  0  1
1.226925704613498e+00
1.220290230058102e+00
1.213511540406233e+00

  100  0  0
2.525562116042417e-02
2.457815143492221e-02
2.390400686816886e-02

  100  0  1
1.213509556929304e+00
1.206587871299991e+00
1.199511675997825e+00

  101  0  0
2.390500724035279e-02
2.323814920392172e-02
2.257658140053846e-02

  101  0  1
1.199509451200074e+00
1.192278999842273e+00
1.184881389801089e+00

  102  0  0
2.257583915115333e-02
2.191435018634885e-02
2.125376351633065e-02

  102  0  1
1.184878881546628e+00
1.177314408275580e+00
1.169568539621322e+00

  103  0  0
2.125392798539673e-02
2.059875468490306e-02
1.994994028717672e-02

  103  0  1
1.169565695600599e+00
1.161638778240511e+00
1.153514352999509e+00

  104  0  0
1.995066314088853e-02
1.930780029246989e-02
1.866842234408387e-02

  104  0  1
1.153511108222838e+00
1.145189585935682e+00
1.136652211544406e+00

  105  0  0
1.866723414207600e-02
1.802770294517464e-02
1.739082532533287e-02

  105  0  1
1.136648483748867e+00
1.127895748028154e+00
1.118906133529181e+00

  106  0  0
1.739204264742326e-02
1.676498719361928e-02
1.614609246805336e-02

  106  0  1
1.118901817449483e+00
1.109675917135198e+00
1.100188857130530e+00

  107  0  0
1.614569175081323e-02
1.552877282034170e-02
1.491323332812511e-02

  107  0  1
1.100183816686062e+00
1.090436322041174e+00
1.080399395503275e+00

  108  0  0
1.491266810043724e-02
1.430124246124595e-02
1.369674290139368e-02

  108  0  1
1.080393450808177e+00
1.070067989873595e+00
1.059419863897270e+00

  109  0  0
1.369830325894762e-02
1.310469575800216e-02
1.251818316105506e-02

  109  0  1
1.059412774266403e+00
1.048443112479247e+00
1.037111305702266e+00

  110  0  0
1.251658927426158e-02
1.192913313389993e-02
1.134350181684346e-02

  110  0  1
1.037102741852351e+00
1.025410234236831e+00
1.013308103124657e+00

  111  0  0
1.134449590778408e-02
1.077039294921542e-02
1.020775573282218e-02

  111  0  1
1.013297603215083e+00
1.000787732725170e+00
9.878103289664474e-01

  112  0  0
1.020829466932890e-02
9.652683658685705e-03
9.101008336403980e-03

  112  0  1
9.877972302383607e-01
9.743548102596806e-01
9.603730583254018e-01

  113  0  0
9.099343492928144e-03
8.549441748104385e-03
8.006250361412830e-03

  113  0  1
9.603563762456223e-01
9.458387438352414e-01
9.306910039759325e-01

  114  0  0
8.008635850268097e-03
7.482881029246057e-03
6.970297150885688e-03

  114  0  1
9.306692144360378e-01
9.148962781915824e-01
8.983757548911327e-01

  115  0  0
6.968870247936593e-03
6.457557721462676e-03
5.948589211405985e-03

  115  0  1
8.983464375659889e-01
8.810855028808773e-01
8.629205335551716e-01

  116  0  0
5.948610286199025e-03
5.451486922101402e-03
4.969436498757585e-03

  116  0  1
8.628794811264980e-01
8.438216765865506e-01
8.236439294237653e-01

  117  0  0
4.971654295054758e-03
4.507033742941664e-03
4.053562234353472e-03

  117  0  1
8.235835259867057e-01
8.023043399893518e-01
7.795932996300897e-01

  118  0  0
4.050766852832917e-03
3.598167874291855e-03
3.152804083022792e-03

  118  0  1
7.794981387693571e-01
7.553885841014907e-01
7.293680621128669e-01

  119  0  0
3.155618025335509e-03
2.736664369569851e-03
2.341549837370705e-03

  119  0  1
7.292034161113191e-01
7.013383388392296e-01
6.707620826783419e-01

  120  0  0
2.341665209670723e-03
1.959865217710617e-03
1.588170374257452e-03

  120  0  1
6.704395928482199e-01
6.373016824271603e-01
5.999197870426005e-01

  121  0  0
1.586269155354491e-03
1.229716011166903e-03
8.981427191510667e-04

  121  0  1
5.988699890507251e-01
5.581263171014132e-01
5.091440901263062e-01

  122  0  0
9.036224763699330e-04
6.168786240680794e-04
3.676553102327016e-04

  122  0  1
5.042221151638921e-01
4.498797548272896e-01
3.786849946880204e-01

  123  0  0
3.680689319480704e-04
1.573451595133570e-04
9.900778174647402e-07

  123  0  1
4.150128625291901e-01
2.611462588277753e-01
3.846838053723661e-02

  124  0  0
7.311210609277462e-06
5.010883205556930e-06
4.994053333181945e-06

  124  0  1
7.112735773456912e-03
1.784894500734428e-04
-1.369567239690163e-04

  125  0  0
4.995634400085558e-06
5.000002632335874e-06
4.999999998169163e-06

  125  0  1
-1.364008381534842e-05
4.563663667957653e-06
5.364570424508457e-06

  126  0  0
4.999999211162409e-06
4.999999949708951e-06
4.999999971306801e-06

  126  0  1
5.046027726488946e-06
5.001023964330287e-06
4.999135985379113e-06

  127  0  0
5.000000050521607e-06
5.000000000308707e-06
5.000000000189546e-06

  127  0  1
4.999896440951149e-06
4.999997834770549e-06
5.000001846586811e-06

  128  0  0
4.999999999668663e-06
4.999999999996655e-06
4.999999999997268e-06

  128  0  1
5.000000208258577e-06
5.000000004072430e-06
4.999999996490599e-06

  129  0  0
4.999999999999978e-06
4.999999999998258e-06
4.999999999998269e-06

  129  0  1
4.999999999625641e-06
4.999999999991312e-06
5.000000000004251e-06

  130  0  0
4.999999999998254e-06
4.999999999998254e-06
4.999999999998255e-06

  130  0  1
4.999999999998884e-06
4.999999999998267e-06
4.999999999998244e-06

  131  0  0
4.999999999998254e-06
4.999999999998254e-06
4.999999999998255e-06

  131  0  1
4.999999999998252e-06
4.999999999998254e-06
4.999999999998255e-06

  132  0  0
4.999999999998254e-06
4.999999999998254e-06
4.999999999998255e-06

  132  0  1
4.999999999998255e-06
4.999999999998254e-06
4.999999999998255e-06

  133  0  0
4.999999999998254e-06
4.999999999998254e-06
4.999999999998255e-06

  133  0  1
4.999999999998255e-06
4.999999999998254e-06
4.999999999998255e-06

  134  0  0
4.999999999998254e-06
4.999999999998254e-06
4.999999999998255e-06

  134  0  1
4.999999999998255e-06
4.999999999998254e-06
4.999999999998255e-06

  135  0  0
4.999999999998254e-06
4.999999999998254e-06
4.999999999998255e-06

  135  0  1
4.999999999998255e-06
4.999999999998254e-06
4.999999999998255e-06

  136  0  0
4.999999999998254e-06
4.999999999998254e-06
4.999999999998255e-06

  136  0  1
4.999999999998255e-06
4.999999999998254e-06
4.999999999998255e-06

  137  0  0
4.999999999998254e-06
4.999999999998254e-06
4.999999999998255e-06

  137  0  1
4.999999999998255e-06
4.999999999998254e-06
4.999999999998255e-06

  138  0  0
4.999999999998254e-06
4.999999999998254e-06
4.999999999998255e-06

  138  0  1
4.999999999998255e-06
4.999999999998254e-06
4.999999999998255e-06

  139  0  0
4.999999999998254e-06
4.999999999998254e-06
4.999999999998255e-06

  139  0  1
4.999999999998255e-06
4.999999999998254e-06
4.999999999998255e-06

  140  0  0
4.999999999998254e-06
4.999999999998254e-06
4.999999999998255e-06

  140  0  1
4.999999999998255e-06
4.999999999998254e-06
4.999999999998255e-06

  141  0  0
4.999999999998254e-06
4.999999999998254e-06
4.999999999998255e-06

  141  0  1
4.999999999998255e-06
4.999999999998254e-06
4.999999999998255e-06

  142  0  0
4.999999999998254e-06
4.999999999998254e-06
4.999999999998255e-06

  142  0  1
4.999999999998255e-06
4.999999999998254e-06
4.999999999998255e-06

  143  0  0
4.999999999998254e-06
4.999999999998254e-06
4.999999999998255e-06

  143  0  1
4.999999999998255e-06
4.999999999998254e-06
4.999999999998255e-06

  144  0  0
4.999999999998254e-06
4.999999999998254e-06
4.999999999998255e-06

  144  0  1
4.999999999998255e-06
4.999999999998254e-06
4.999999999998255e-06

  145  0  0
4.999999999998254e-06
4.999999999998254e-06
4.999999999998255e-06

  145  0  1
4.999999999998255e-06
4.999999999998254e-06
4.999999999998255e-06

  146  0  0
4.999999999998254e-06
4.999999999998254e-06
4.999999999998255e-06

  146  0  1
4.999999999998255e-06
4.999999999998254e-06
4.999999999998255e-06

  147  0  0
4.999999999998254e-06
4.999999999998254e-06
4.999999999998255e-06

  147  0  1
4.999999999998255e-06
4.999999999998254e-06
4.999999999998255e-06

  148  0  0
4.999999999998254e-06
4.999999999998254e-06
4.999999999998255e-06

  148  0  1
4.999999999998255e-06
4.999999999998254e-06
4.999999999998255e-06

  149  0  0
4.999999999998254e-06
4.999999999998254e-06
4.999999999998255e-06

  149  0  1
4.999999999998255e-06
4.999999999998254e-06
4.999999999998255e-06

  150  0  0
4.999999999998254e-06
4.999999999998254e-06
4.999999999998255e-06

  150  0  1
4.999999999998255e-06
4.999999999998254e-06
4.999999999998255e-06

  151  0  0
4.999999999998254e-06
4.999999999998254e-06
4.999999999998255e-06

  151  0  1
4.999999999998255e-06
4.999999999998254e-06
4.999999999998255e-06

  152  0  0
4.999999999998254e-06
4.999999999998254e-06
4.999999999998255e-06

  152  0  1
4.999999999998255e-06
4.999999999998254e-06
4.999999999998255e-06

  153  0  0
4.999999999998254e-06
4.999999999998254e-06
4.999999999998255e-06

  153  0  1
4.999999999998255e-06
4.999999999998254e-06
4.999999999998255e-06

  154  0  0
4.999999999998254e-06
4.999999999998254e-06
4.999999999998255e-06

  154  0  1
4.999999999998255e-06
4.999999999998254e-06
4.999999999998255e-06

  155  0  0
4.999999999998254e-06
4.999999999998254e-06
4.999999999998255e-06

  155  0  1
4.999999999998255e-06
4.999999999998254e-06
4.999999999998255e-06

  156  0  0
4.999999999998254e-06
4.999999999998254e-06
4.999999999998255e-06

  156  0  1
4.999999999998255e-06
4.999999999998254e-06
4.999999999998255e-06

  157  0  0
4.999999999998254e-06
4.999999999998254e-06
4.999999999998255e-06

  157  0  1
4.999999999998255e-06
4.999999999998254e-06
4.999999999998255e-06

  158  0  0
4.999999999998254e-06
4.999999999998254e-06
4.999999999998255e-06

  158  0  1
4.999999999998255e-06
4.999999999998254e-06
4.999999999998255e-06

  159  0  0
4.999999999998254e-06
4.999999999998254e-06
4.999999999998255e-06

  159  0  1
4.999999999998255e-06
4.999999999998254e-06
4.999999999998255e-06

  160  0  0
4.999999999998254e-06
4.999999999998254e-06
4.999999999998255e-06

  160  0  1
4.999999999998255e-06
4.999999999998254e-06
4.999999999998255e-06

  161  0  0
4.999999999998254e-06
4.999999999998254e-06
4.999999999998255e-06

  161  0  1
4.999999999998255e-06
4.999999999998254e-06
4.999999999998255e-06

  162  0  0
4.999999999998254e-06
4.999999999998254e-06
4.999999999998255e-06

  162  0  1
4.999999999998255e-06
4.999999999998254e-06
4.999999999998255e-06

  163  0  0
4.999999999998254e-06
4.999999999998254e-06
4.999999999998255e-06

  163  0  1
4.999999999998255e-06
4.999999999998254e-06
4.999999999998255e-06

  164  0  0
4.999999999998254e-06
4.999999999998254e-06
4.999999999998255e-06

  164  0  1
4.999999999998255e-06
4.999999999998254e-06
4.999999999998255e-06

  165  0  0
4.999999999998254e-06
4.999999999998254e-06
4.999999999998255e-06

  165  0  1
4.999999999998255e-06
4.999999999998254e-06
4.999999999998255e-06

  166  0  0
4.999999999998254e-06
4.999999999998254e-06
4.999999999998255e-06

  166  0  1
4.999999999998255e-06
4.999999999998254e-06
4.999999999998255e-06

  167  0  0
4.999999999998254e-06
4.999999999998254e-06
4.999999999998255e-06

  167  0  1
4.999999999998255e-06
4.999999999998254e-06
4.999999999998255e-06

  168  0  0
4.999999999998254e-06
4.999999999998254e-06
4.999999999998255e-06

  168  0  1
4.999999999998255e-06
4.999999999998254e-06
4.999999999998255e-06

  169  0  0
4.999999999998254e-06
4.999999999998254e-06
4.999999999998255e-06

  169  0  1
4.999999999998255e-06
4.999999999998254e-06
4.999999999998255e-06

  170  0  0
4.999999999998254e-06
4.999999999998254e-06
4.999999999998255e-06

  170  0  1
4.999999999998255e-06
4.999999999998254e-06
4.999999999998255e-06

  171  0  0
4.999999999998254e-06
4.999999999998254e-06
4.999999999998255e-06

  171  0  1
4.999999999998255e-06
4.999999999998254e-06
4.999999999998255e-06

  172  0  0
4.999999999998254e-06
4.999999999998254e-06
4.999999999998255e-06

  172  0  1
4.999999999998255e-06
4.999999999998254e-06
4.999999999998255e-06

  173  0  0
4.999999999998254e-06
4.999999999998254e-06
4.999999999998255e-06

  173  0  1
4.999999999998255e-06
4.999999999998254e-06
4.999999999998255e-06

  174  0  0
4.999999999998254e-06
4.999999999998254e-06
4.999999999998255e-06

  174  0  1
4.999999999998255e-06
4.999999999998254e-06
4.999999999998255e-06

  175  0  0
4.999999999998254e-06
4.999999999998254e-06
4.999999999998255e-06

  175  0  1
4.999999999998255e-06
4.999999999998254e-06
4.999999999998255e-06

  176  0  0
4.999999999998254e-06
4.999999999998254e-06
4.999999999998255e-06

  176  0  1
4.999999999998255e-06
4.999999999998254e-06
4.999999999998255e-06

  177  0  0
4.999999999998254e-06
4.999999999998254e-06
4.999999999998255e-06

  177  0  1
4.999999999998255e-06
4.999999999998254e-06
4.999999999998255e-06

  178  0  0
4.999999999998254e-06
4.999999999998254e-06
4.999999999998255e-06

  178  0  1
4.999999999998255e-06
4.999999999998254e-06
4.999999999998255e-06

  179  0  0
4.999999999998254e-06
4.999999999998254e-06
4.999999999998255e-06

  179  0  1
4.999999999998255e-06
4.999999999998254e-06
4.999999999998255e-06

  180  0  0
4.999999999998254e-06
4.999999999998254e-06
4.999999999998255e-06

  180  0  1
4.999999999998255e-06
4.999999999998254e-06
4.999999999998255e-06

  181  0  0
4.999999999998254e-06
4.999999999998254e-06
4.999999999998255e-06

  181  0  1
4.999999999998255e-06
4.999999999998254e-06
4.999999999998255e-06

  182  0  0
4.999999999998254e-06
4.999999999998254e-06
4.999999999998255e-06

  182  0  1
4.999999999998255e-06
4.999999999998254e-06
4.999999999998255e-06

  183  0  0
4.999999999998254e-06
4.999999999998254e-06
4.999999999998255e-06

  183  0  1
4.999999999998255e-06
4.999999999998254e-06
4.999999999998255e-06

  184  0  0
4.999999999998254e-06
4.999999999998254e-06
4.999999999998255e-06

  184  0  1
4.999999999998255e-06
4.999999999998254e-06
4.999999999998255e-06

  185  0  0
4.999999999998254e-06
4.999999999998254e-06
4.999999999998255e-06

  185  0  1
4.999999999998255e-06
4.999999999998254e-06
4.999999999998255e-06

  186  0  0
4.999999999998254e-06
4.999999999998254e-06
4.999999999998255e-06

  186  0  1
4.999999999998255e-06
4.999999999998254e-06
4.999999999998255e-06

  187  0  0
4.999999999998254e-06
4.999999999998254e-06
4.999999999998255e-06

  187  0  1
4.999999999998255e-06
4.999999999998254e-06
4.999999999998255e-06

  188  0  0
4.999999999998254e-06
4.999999999998254e-06
4.999999999998255e-06

  188  0  1
4.999999999998255e-06
4.999999999998254e-06
4.999999999998255e-06

  189  0  0
4.999999999998254e-06
4.999999999998254e-06
4.999999999998255e-06

  189  0  1
4.999999999998255e-06
4.999999999998254e-06
4.999999999998255e-06

  190  0  0
4.999999999998254e-06
4.999999999998254e-06
4.999999999998255e-06

  190  0  1
4.999999999998255e-06
4.999999999998254e-06
4.999999999998255e-06

  191  0  0
4.999999999998254e-06
4.999999999998254e-06
4.999999999998255e-06

  191  0  1
4.999999999998255e-06
4.999999999998254e-06
4.999999999998255e-06

  192  0  0
4.999999999998254e-06
4.999999999998254e-06
4.999999999998255e-06

  192  0  1
4.999999999998255e-06
4.999999999998254e-06
4.999999999998255e-06

  193  0  0
4.999999999998254e-06
4.999999999998254e-06
4.999999999998255e-06

  193  0  1
4.999999999998255e-06
4.999999999998254e-06
4.999999999998255e-06

  194  0  0
4.999999999998254e-06
4.999999999998254e-06
4.999999999998255e-06

  194  0  1
4.999999999998255e-06
4.999999999998254e-06
4.999999999998255e-06

  195  0  0
4.999999999998254e-06
4.999999999998254e-06
4.999999999998255e-06

  195  0  1
4.999999999998255e-06
4.999999999998254e-06
4.999999999998255e-06

  196  0  0
4.999999999998254e-06
4.999999999998254e-06
4.999999999998255e-06

  196  0  1
4.999999999998255e-06
4.999999999998254e-06
4.999999999998255e-06

  197  0  0
4.999999999998254e-06
4.999999999998254e-06
4.999999999998255e-06

  197  0  1
4.999999999998255e-06
4.999999999998254e-06
4.999999999998255e-06

  198  0  0
4.999999999998254e-06
4.999999999998254e-06
4.999999999998255e-06

  198  0  1
4.999999999998255e-06
4.999999999998254e-06
4.999999999998255e-06

  199  0  0
4.999999999998254e-06
4.999999999998254e-06
4.999999999998255e-06

  199  0  1
4.999999999998255e-06
4.999999999998254e-06
4.999999999998255e-06

  200  0  0
4.999999999998254e-06
4.999999999998254e-06
4.999999999998255e-06

  200  0  1
4.999999999998255e-06
4.999999999998254e-06
4.999999999998255e-06

  201  0  0
4.999999999998254e-06
4.999999999998254e-06
4.999999999998255e-06

  201  0  1
4.999999999998255e-06
4.999999999998254e-06
4.999999999998255e-06

  202  0  0
4.999999999998254e-06
4.999999999998254e-06
4.999999999998255e-06

  202  0  1
4.999999999998255e-06
4.999999999998254e-06
4.999999999998255e-06

  203  0  0
4.999999999998254e-06
4.999999999998254e-06
4.999999999998255e-06

  203  0  1
4.999999999998255e-06
4.999999999998254e-06
4.999999999998255e-06

  204  0  0
4.999999999998254e-06
4.999999999998254e-06
4.999999999998255e-06

  204  0  1
4.999999999998255e-06
4.999999999998254e-06
4.999999999998255e-06

  205  0  0
4.999999999998254e-06
4.999999999998254e-06
4.999999999998255e-06

  205  0  1
4.999999999998255e-06
4.999999999998254e-06
4.999999999998255e-06

  206  0  0
4.999999999998254e-06
4.999999999998254e-06
4.999999999998255e-06

  206  0  1
4.999999999998255e-06
4.999999999998254e-06
4.999999999998255e-06

  207  0  0
4.999999999998254e-06
4.999999999998254e-06
4.999999999998255e-06

  207  0  1
4.999999999998255e-06
4.999999999998254e-06
4.999999999998255e-06

  208  0  0
4.999999999998254e-06
4.999999999998254e-06
4.999999999998255e-06

  208  0  1
4.999999999998255e-06
4.999999999998254e-06
4.999999999998255e-06

  209  0  0
4.999999999998254e-06
4.999999999998254e-06
4.999999999998255e-06

  209  0  1
4.999999999998255e-06
4.999999999998254e-06
4.999999999998255e-06

  210  0  0
4.999999999998254e-06
4.999999999998254e-06
4.999999999998255e-06

  210  0  1
4.999999999998255e-06
4.999999999998254e-06
4.999999999998255e-06

  211  0  0
4.999999999998254e-06
4.999999999998254e-06
4.999999999998255e-06

  211  0  1
4.999999999998255e-06
4.999999999998254e-06
4.999999999998255e-06

  212  0  0
4.999999999998254e-06
4.999999999998254e-06
4.999999999998255e-06

  212  0  1
4.999999999998255e-06
4.999999999998254e-06
4.999999999998255e-06

  213  0  0
4.999999999998254e-06
4.999999999998254e-06
4.999999999998255e-06

  213  0  1
4.999999999998255e-06
4.999999999998254e-06
4.999999999998255e-06

  214  0  0
4.999999999998254e-06
4.999999999998254e-06
4.999999999998255e-06

  214  0  1
4.999999999998255e-06
4.999999999998254e-06
4.999999999998255e-06

  215  0  0
4.999999999998254e-06
4.999999999998254e-06
4.999999999998255e-06

  215  0  1
4.999999999998255e-06
4.999999999998254e-06
4.999999999998255e-06

  216  0  0
4.999999999998254e-06
4.999999999998254e-06
4.999999999998255e-06

  216  0  1
4.999999999998255e-06
4.999999999998254e-06
4.999999999998255e-06

  217  0  0
4.999999999998254e-06
4.999999999998254e-06
4.999999999998255e-06

  217  0  1
4.999999999998255e-06
4.999999999998254e-06
4.999999999998255e-06

  218  0  0
4.999999999998254e-06
4.999999999998254e-06
4.999999999998255e-06

  218  0  1
4.999999999998255e-06
4.999999999998254e-06
4.999999999998255e-06

  219  0  0
4.999999999998254e-06
4.999999999998254e-06
4.999999999998255e-06

  219  0  1
4.999999999998255e-06
4.999999999998254e-06
4.999999999998255e-06

  220  0  0
4.999999999998254e-06
4.999999999998254e-06
4.999999999998255e-06

  220  0  1
4.999999999998255e-06
4.999999999998254e-06
4.999999999998255e-06

  221  0  0
4.999999999998254e-06
4.999999999998254e-06
4.999999999998255e-06

  221  0  1
4.999999999998255e-06
4.999999999998254e-06
4.999999999998255e-06

  222  0  0
4.999999999998254e-06
4.999999999998254e-06
4.999999999998255e-06

  222  0  1
4.999999999998255e-06
4.999999999998254e-06
4.999999999998255e-06

  223  0  0
4.999999999998254e-06
4.999999999998254e-06
4.999999999998255e-06

  223  0  1
4.999999999998255e-06
4.999999999998254e-06
4.999999999998255e-06

  224  0  0
4.999999999998254e-06
4.999999999998254e-06
4.999999999998255e-06

  224  0  1
4.999999999998255e-06
4.999999999998254e-06
4.999999999998255e-06

  225  0  0
4.999999999998254e-06
4.999999999998254e-06
4.999999999998255e-06

  225  0  1
4.999999999998255e-06
4.999999999998254e-06
4.999999999998255e-06

  226  0  0
4.999999999998254e-06
4.999999999998254e-06
4.999999999998255e-06

  226  0  1
4.999999999998255e-06
4.999999999998254e-06
4.999999999998255e-06

  227  0  0
4.999999999998254e-06
4.999999999998254e-06
4.999999999998255e-06

  227  0  1
4.999999999998255e-06
4.999999999998254e-06
4.999999999998255e-06

  228  0  0
4.999999999998254e-06
4.999999999998254e-06
4.999999999998255e-06

  228  0  1
4.999999999998255e-06
4.999999999998254e-06
4.999999999998255e-06

  229  0  0
4.999999999998254e-06
4.999999999998254e-06
4.999999999998255e-06

  229  0  1
4.999999999998255e-06
4.999999999998254e-06
4.999999999998255e-06

  230  0  0
4.999999999998254e-06
4.999999999998254e-06
4.999999999998255e-06

  230  0  1
4.999999999998255e-06
4.999999999998254e-06
4.999999999998255e-06

  231  0  0
4.999999999998254e-06
4.999999999998254e-06
4.999999999998255e-06

  231  0  1
4.999999999998255e-06
4.999999999998254e-06
4.999999999998255e-06

  232  0  0
4.999999999998254e-06
4.999999999998254e-06
4.999999999998255e-06

  232  0  1
4.999999999998255e-06
4.999999999998254e-06
4.999999999998255e-06

  233  0  0
4.999999999998254e-06
4.999999999998254e-06
4.999999999998255e-06

  233  0  1
4.999999999998255e-06
4.999999999998254e-06
4.999999999998255e-06

  234  0  0
4.999999999998254e-06
4.999999999998254e-06
4.999999999998255e-06

  234  0  1
4.999999999998255e-06
4.999999999998254e-06
4.999999999998255e-06

  235  0  0
4.999999999998254e-06
4.999999999998254e-06
4.999999999998255e-06

  235  0  1
4.999999999998255e-06
4.999999999998254e-06
4.999999999998255e-06

  236  0  0
4.999999999998254e-06
4.999999999998254e-06
4.999999999998255e-06

  236  0  1
4.999999999998255e-06
4.999999999998254e-06
4.999999999998255e-06

  237  0  0
4.999999999998254e-06
4.999999999998254e-06
4.999999999998255e-06

  237  0  1
4.999999999998255e-06
4.999999999998254e-06
4.999999999998255e-06

  238  0  0
4.999999999998254e-06
4.999999999998254e-06
4.999999999998255e-06

  238  0  1
4.999999999998255e-06
4.999999999998254e-06
4.999999999998255e-06

  239  0  0
4.999999999998254e-06
4.999999999998254e-06
4.999999999998255e-06

  239  0  1
4.999999999998255e-06
4.999999999998254e-06
4.999999999998255e-06

  240  0  0
4.999999999998254e-06
4.999999999998254e-06
4.999999999998255e-06

  240  0  1
4.999999999998255e-06
4.999999999998254e-06
4.999999999998255e-06

  241  0  0
4.999999999998254e-06
4.999999999998254e-06
4.999999999998255e-06

  241  0  1
4.999999999998255e-06
4.999999999998254e-06
4.999999999998255e-06

  242  0  0
4.999999999998254e-06
4.999999999998254e-06
4.999999999998255e-06

  242  0  1
4.999999999998255e-06
4.999999999998254e-06
4.999999999998255e-06

  243  0  0
4.999999999998254e-06
4.999999999998254e-06
4.999999999998255e-06

  243  0  1
4.999999999998255e-06
4.999999999998254e-06
4.999999999998255e-06

  244  0  0
4.999999999998254e-06
4.999999999998254e-06
4.999999999998255e-06

  244  0  1
4.999999999998255e-06
4.999999999998254e-06
4.999999999998255e-06

  245  0  0
4.999999999998254e-06
4.999999999998254e-06
4.999999999998255e-06

  245  0  1
4.999999999998255e-06
4.999999999998254e-06
4.999999999998255e-06

  246  0  0
4.999999999998254e-06
4.999999999998254e-06
4.999999999998255e-06

  246  0  1
4.999999999998255e-06
4.999999999998254e-06
4.999999999998255e-06

  247  0  0
4.999999999998254e-06
4.999999999998254e-06
4.999999999998255e-06

  247  0  1
4.999999999998255e-06
4.999999999998254e-06
4.999999999998255e-06

  248  0  0
4.999999999998254e-06
4.999999999998254e-06
4.999999999998255e-06

  248  0  1
4.999999999998255e-06
4.999999999998254e-06
4.999999999998255e-06

  249  0  0
4.999999999998254e-06
4.999999999998254e-06
4.999999999998255e-06

  249  0  1
4.999999999998255e-06
4.999999999998254e-06
4.999999999998255e-06

  250  0  0
4.999999999998254e-06
4.999999999998254e-06
4.999999999998255e-06

  250  0  1
4.999999999998255e-06
4.999999999998254e-06
4.999999999998255e-06

  251  0  0
4.999999999998254e-06
4.999999999998254e-06
4.999999999998255e-06

  251  0  1
4.999999999998255e-06
4.999999999998254e-06
4.999999999998255e-06

  252  0  0
4.999999999998254e-06
4.999999999998254e-06
4.999999999998255e-06

  252  0  1
4.999999999998255e-06
4.999999999998254e-06
4.999999999998255e-06

  253  0  0
4.999999999998254e-06
4.999999999998254e-06
4.999999999998255e-06

  253  0  1
4.999999999998255e-06
4.999999999998254e-06
4.999999999998255e-06

  254  0  0
4.999999999998254e-06
4.999999999998254e-06
4.999999999998255e-06

  254  0  1
4.999999999998255e-06
4.999999999998254e-06
4.999999999998255e-06

  255  0  0
4.999999999998254e-06
4.999999999998254e-06
4.999999999998255e-06

  255  0  1
4.999999999998255e-06
4.999999999998254e-06
4.999999999998255e-06

  256  0  0
4.999999999998254e-06
4.999999999998254e-06
4.999999999998255e-06

  256  0  1
4.999999999998255e-06
4.999999999998254e-06
4.999999999998255e-06

  257  0  0
4.999999999998254e-06
4.999999999998254e-06
4.999999999998255e-06

  257  0  1
4.999999999998255e-06
4.999999999998254e-06
4.999999999998255e-06

  258  0  0
4.999999999998254e-06
4.999999999998254e-06
4.999999999998255e-06

  258  0  1
4.999999999998255e-06
4.999999999998254e-06
4.999999999998255e-06

  259  0  0
4.999999999998254e-06
4.999999999998254e-06
4.999999999998255e-06

  259  0  1
4.999999999998255e-06
4.999999999998254e-06
4.999999999998255e-06

  260  0  0
4.999999999998254e-06
4.999999999998254e-06
4.999999999998255e-06

  260  0  1
4.999999999998255e-06
4.999999999998254e-06
4.999999999998255e-06

  261  0  0
4.999999999998254e-06
4.999999999998254e-06
4.999999999998255e-06

  261  0  1
4.999999999998255e-06
4.999999999998254e-06
4.999999999998255e-06

  262  0  0
4.999999999998254e-06
4.999999999998254e-06
4.999999999998255e-06

  262  0  1
4.999999999998255e-06
4.999999999998254e-06
4.999999999998255e-06

  263  0  0
4.999999999998254e-06
4.999999999998254e-06
4.999999999998255e-06

  263  0  1
4.999999999998255e-06
4.999999999998254e-06
4.999999999998255e-06

  264  0  0
4.999999999998254e-06
4.999999999998254e-06
4.999999999998255e-06

  264  0  1
4.999999999998255e-06
4.999999999998254e-06
4.999999999998255e-06

  265  0  0
4.999999999998254e-06
4.999999999998254e-06
4.999999999998255e-06

  265  0  1
4.999999999998255e-06
4.999999999998254e-06
4.999999999998255e-06

  266  0  0
4.999999999998254e-06
4.999999999998254e-06
4.999999999998255e-06

  266  0  1
4.999999999998255e-06
4.999999999998254e-06
4.999999999998255e-06

  267  0  0
4.999999999998254e-06
4.999999999998254e-06
4.999999999998255e-06

  267  0  1
4.999999999998255e-06
4.999999999998254e-06
4.999999999998255e-06

  268  0  0
4.999999999998254e-06
4.999999999998254e-06
4.999999999998255e-06

  268  0  1
4.999999999998255e-06
4.999999999998254e-06
4.999999999998255e-06

  269  0  0
4.999999999998254e-06
4.999999999998254e-06
4.999999999998255e-06

  269  0  1
4.999999999998255e-06
4.999999999998254e-06
4.999999999998255e-06

  270  0  0
4.999999999998254e-06
4.999999999998254e-06
4.999999999998255e-06

  270  0  1
4.999999999998255e-06
4.999999999998254e-06
4.999999999998255e-06

  271  0  0
4.999999999998254e-06
4.999999999998254e-06
4.999999999998255e-06

  271  0  1
4.999999999998255e-06
4.999999999998254e-06
4.999999999998255e-06

  272  0  0
4.999999999998254e-06
4.999999999998254e-06
4.999999999998255e-06

  272  0  1
4.999999999998255e-06
4.999999999998254e-06
4.999999999998255e-06

  273  0  0
4.999999999998254e-06
4.999999999998254e-06
4.999999999998255e-06

  273  0  1
4.999999999998255e-06
4.999999999998254e-06
4.999999999998255e-06

  274  0  0
4.999999999998254e-06
4.999999999998254e-06
4.999999999998255e-06

  274  0  1
4.999999999998255e-06
4.999999999998254e-06
4.999999999998255e-06

  275  0  0
4.999999999998254e-06
4.999999999998254e-06
4.999999999998255e-06

  275  0  1
4.999999999998255e-06
4.999999999998254e-06
4.999999999998255e-06

  276  0  0
4.999999999998254e-06
4.999999999998254e-06
4.999999999998255e-06

  276  0  1
4.999999999998255e-06
4.999999999998254e-06
4.999999999998255e-06

  277  0  0
4.999999999998254e-06
4.999999999998254e-06
4.999999999998255e-06

  277  0  1
4.999999999998255e-06
4.999999999998254e-06
4.999999999998255e-06

  278  0  0
4.999999999998254e-06
4.999999999998254e-06
4.999999999998255e-06

  278  0  1
4.999999999998255e-06
4.999999999998254e-06
4.999999999998255e-06

  279  0  0
4.999999999998254e-06
4.999999999998254e-06
4.999999999998255e-06

  279  0  1
4.999999999998255e-06
4.999999999998254e-06
4.999999999998255e-06

  280  0  0
4.999999999998254e-06
4.999999999998254e-06
4.999999999998255e-06

  280  0  1
4.999999999998255e-06
4.999999999998254e-06
4.999999999998255e-06

  281  0  0
4.999999999998254e-06
4.999999999998254e-06
4.999999999998255e-06

  281  0  1
4.999999999998255e-06
4.999999999998254e-06
4.999999999998255e-06

  282  0  0
4.999999999998254e-06
4.999999999998254e-06
4.999999999998255e-06

  282  0  1
4.999999999998255e-06
4.999999999998254e-06
4.999999999998255e-06

  283  0  0
4.999999999998254e-06
4.999999999998254e-06
4.999999999998255e-06

  283  0  1
4.999999999998255e-06
4.999999999998254e-06
4.999999999998255e-06

  284  0  0
4.999999999998254e-06
4.999999999998254e-06
4.999999999998255e-06

  284  0  1
4.999999999998255e-06
4.999999999998254e-06
4.999999999998255e-06

  285  0  0
4.999999999998254e-06
4.999999999998254e-06
4.999999999998255e-06

  285  0  1
4.999999999998255e-06
4.999999999998254e-06
4.999999999998255e-06

  286  0  0
4.999999999998254e-06
4.999999999998254e-06
4.999999999998255e-06

  286  0  1
4.999999999998255e-06
4.999999999998254e-06
4.999999999998255e-06

  287  0  0
4.999999999998254e-06
4.999999999998254e-06
4.999999999998255e-06

  287  0  1
4.999999999998255e-06
4.999999999998254e-06
4.999999999998255e-06

  288  0  0
4.999999999998254e-06
4.999999999998254e-06
4.999999999998255e-06

  288  0  1
4.999999999998255e-06
4.999999999998254e-06
4.999999999998255e-06

  289  0  0
4.999999999998254e-06
4.999999999998254e-06
4.999999999998255e-06

  289  0  1
4.999999999998255e-06
4.999999999998254e-06
4.999999999998255e-06

  290  0  0
4.999999999998254e-06
4.999999999998254e-06
4.999999999998255e-06

  290  0  1
4.999999999998255e-06
4.999999999998254e-06
4.999999999998255e-06

  291  0  0
4.999999999998254e-06
4.999999999998254e-06
4.999999999998255e-06

  291  0  1
4.999999999998255e-06
4.999999999998254e-06
4.999999999998255e-06

  292  0  0
4.999999999998254e-06
4.999999999998254e-06
4.999999999998255e-06

  292  0  1
4.999999999998255e-06
4.999999999998254e-06
4.999999999998255e-06

  293  0  0
4.999999999998254e-06
4.999999999998254e-06
4.999999999998255e-06

  293  0  1
4.999999999998255e-06
4.999999999998254e-06
4.999999999998255e-06

  294  0  0
4.999999999998254e-06
4.999999999998254e-06
4.999999999998255e-06

  294  0  1
4.999999999998255e-06
4.999999999998254e-06
4.999999999998255e-06

  295  0  0
4.999999999998254e-06
4.999999999998254e-06
4.999999999998255e-06

  295  0  1
4.999999999998255e-06
4.999999999998254e-06
4.999999999998255e-06

  296  0  0
4.999999999998254e-06
4.999999999998254e-06
4.999999999998255e-06

  296  0  1
4.999999999998255e-06
4.999999999998254e-06
4.999999999998255e-06

  297  0  0
4.999999999998254e-06
4.999999999998254e-06
4.999999999998255e-06

  297  0  1
4.999999999998255e-06
4.999999999998254e-06
4.999999999998255e-06

  298  0  0
4.999999999998254e-06
4.999999999998254e-06
4.999999999998255e-06

  298  0  1
4.999999999998255e-06
4.999999999998254e-06
4.999999999998255e-06

  299  0  0
4.999999999998254e-06
4.999999999998254e-06
4.999999999998255e-06

  299  0  1
4.999999999998255e-06
4.999999999998254e-06
4.999999999998255e-06

  300  0  0
4.999999999998254e-06
4.999999999998254e-06
4.999999999998255e-06

  300  0  1
4.999999999998255e-06
4.999999999998254e-06
4.999999999998255e-06

  301  0  0
4.999999999998254e-06
4.999999999998254e-06
4.999999999998255e-06

  301  0  1
4.999999999998255e-06
4.999999999998254e-06
4.999999999998255e-06

  302  0  0
4.999999999998254e-06
4.999999999998254e-06
4.999999999998255e-06

  302  0  1
4.999999999998255e-06
4.999999999998254e-06
4.999999999998255e-06

  303  0  0
4.999999999998254e-06
4.999999999998254e-06
4.999999999998255e-06

  303  0  1
4.999999999998255e-06
4.999999999998254e-06
4.999999999998255e-06

  304  0  0
4.999999999998254e-06
4.999999999998254e-06
4.999999999998255e-06

  304  0  1
4.999999999998255e-06
4.999999999998254e-06
4.999999999998255e-06

  305  0  0
4.999999999998254e-06
4.999999999998254e-06
4.999999999998255e-06

  305  0  1
4.999999999998255e-06
4.999999999998254e-06
4.999999999998255e-06

  306  0  0
4.999999999998254e-06
4.999999999998254e-06
4.999999999998255e-06

  306  0  1
4.999999999998255e-06
4.999999999998254e-06
4.999999999998255e-06

  307  0  0
4.999999999998254e-06
4.999999999998254e-06
4.999999999998255e-06

  307  0  1
4.999999999998255e-06
4.999999999998254e-06
4.999999999998255e-06

  308  0  0
4.999999999998254e-06
4.999999999998254e-06
4.999999999998255e-06

  308  0  1
4.999999999998255e-06
4.999999999998254e-06
4.999999999998255e-06

  309  0  0
4.999999999998254e-06
4.999999999998254e-06
4.999999999998255e-06

  309  0  1
4.999999999998255e-06
4.999999999998254e-06
4.999999999998255e-06

  310  0  0
4.999999999998254e-06
4.999999999998254e-06
4.999999999998255e-06

  310  0  1
4.999999999998255e-06
4.999999999998254e-06
4.999999999998255e-06

  311  0  0
4.999999999998254e-06
4.999999999998254e-06
4.999999999998255e-06

  311  0  1
4.999999999998255e-06
4.999999999998254e-06
4.999999999998255e-06

  312  0  0
4.999999999998254e-06
4.999999999998254e-06
4.999999999998259e-06

  312  0  1
4.999999999998255e-06
4.999999999998254e-06
4.999999999998255e-06

  313  0  0
4.999999999998286e-06
4.999999999998213e-06
4.999999999997058e-06

  313  0  1
4.999999999998255e-06
4.999999999998254e-06
4.999999999998255e-06

  314  0  0
4.999999999991551e-06
5.000000000010421e-06
5.000000000271142e-06

  314  0  1
5.000000000001246e-06
4.999999999998074e-06
5.000000000097601e-06

  315  0  0
5.000000000974319e-06
4.999999998496389e-06
4.999999970159627e-06

  315  0  1
4.999999999942482e-06
4.999999999891060e-06
4.999999988290709e-06

  316  0  0
4.999999897701250e-06
5.000000160533528e-06
5.000003086635228e-06

  316  0  1
5.000000006516770e-06
5.000000012775187e-06
5.000001316408619e-06

  317  0  0
5.000009998919448e-06
4.999983878868015e-06
4.999702927277575e-06

  317  0  1
4.999999271062288e-06
4.999998537810854e-06
4.999860048934614e-06

  318  0  0
4.999110964239081e-06
5.001491574709861e-06
5.025931187577179e-06

  318  0  1
5.000076727905210e-06
5.000159299561097e-06
5.013811104228206e-06

  319  0  0
5.068645066290455e-06
4.878375074463255e-06
3.033248452993021e-06

  319  0  1
4.990639252333073e-06
4.985427664041768e-06
3.739990679347945e-06

