#Cell  Group   Direction 
# Element_0
# Element_1
# Element_2
    0  0  0
1.819143512238449e-01
1.812933703174733e-01
1.806727765248634e-01

    0  0  1
1.731736655443209e+00
1.730655972548968e+00
1.729573503639917e+00

    1  0  0
1.803117730611289e-01
1.796911654870084e-01
1.790700893790656e-01

    1  0  1
1.728942691959208e+00
1.727857403711653e+00
1.726770290229252e+00

    2  0  0
1.787082044836965e-01
1.780862475353396e-01
1.774641854884542e-01

    2  0  1
1.726136755808885e+00
1.725046751811838e+00
1.723954875929701e+00

    3  0  0
1.771024404239204e-01
1.764810724998737e-01
1.758598989092687e-01

    3  0  1
1.723318539914734e+00
1.722223660580062e+00
1.721126849887988e+00

    4  0  0
1.754981796893416e-01
1.748761654920195e-01
1.742535384732097e-01

    4  0  1
1.720487629804175e+00
1.719387764638209e+00
1.718285951546722e+00

    5  0  0
1.738910247758544e-01
1.732684008737695e-01
1.726461649656104e-01

    5  0  1
1.717643810902562e+00
1.716538890368494e+00
1.715431971926326e+00

    6  0  0
1.722843198989289e-01
1.716624019638905e-01
1.710401603579695e-01

    6  0  1
1.714786817115630e+00
1.713676650475295e+00
1.712564444513864e+00

    7  0  0
1.706775724968942e-01
1.700543049086861e-01
1.694307948550902e-01

    7  0  1
1.711916201622539e+00
1.710800691645850e+00
1.709683076630966e+00

    8  0  0
1.690681724102720e-01
1.684454266295989e-01
1.678230470010317e-01

    8  0  1
1.709031640819298e+00
1.707910594405557e+00
1.706787385097502e+00

    9  0  0
1.674607449305373e-01
1.668377059917829e-01
1.662139901898872e-01

    9  0  1
1.706132691715543e+00
1.705006031344261e+00
1.703877140765367e+00

   10  0  0
1.658507002542768e-01
1.652266661473490e-01
1.646029506049571e-01

   10  0  1
1.703219106372124e+00
1.702086649772935e+00
1.700951900570915e+00

   11  0  0
1.642403395006795e-01
1.636172593414173e-01
1.629940504089630e-01

   11  0  1
1.700290428244231e+00
1.699152009973190e+00
1.698011234947080e+00

   12  0  0
1.626309076745003e-01
1.620065372759004e-01
1.613817265438116e-01

   12  0  1
1.697346226155086e+00
1.696201686526394e+00
1.695054722923657e+00

   13  0  0
1.610182441562474e-01
1.603941119681906e-01
1.597705074956177e-01

   13  0  1
1.694386080840012e+00
1.693235244226759e+00
1.692081915966624e+00

   14  0  0
1.594076713088502e-01
1.587837720096565e-01
1.581592283984368e-01

   14  0  1
1.691409538089942e+00
1.690252227272813e+00
1.689092354016817e+00

   15  0  0
1.577953190964276e-01
1.571700846278900e-01
1.565450188817147e-01

   15  0  1
1.688416133542107e+00
1.687252166064992e+00
1.686085557157717e+00

   16  0  0
1.561816793828582e-01
1.555575501404134e-01
1.549335548713414e-01

   16  0  1
1.685405384076907e+00
1.684234571398638e+00
1.683061047538151e+00

   17  0  0
1.545700405555574e-01
1.539449042548829e-01
1.533191354193695e-01

   17  0  1
1.682376814379058e+00
1.681198954696759e+00
1.680018302317693e+00

   18  0  0
1.529549289529142e-01
1.523295811796219e-01
1.517048409216417e-01

   18  0  1
1.679329883457197e+00
1.678144768240990e+00
1.676956778177636e+00

   19  0  0
1.513415394504157e-01
1.507169779350976e-01
1.500919120244426e-01

   19  0  1
1.676264050032842e+00
1.675071464635627e+00
1.673875919840385e+00

   20  0  0
1.497275993136290e-01
1.491014978464208e-01
1.484753593412323e-01

   20  0  1
1.673178756401005e+00
1.671978480976285e+00
1.670775157070050e+00

   21  0  0
1.481114038797754e-01
1.474864588734026e-01
1.468619717403448e-01

   21  0  1
1.670073424650463e+00
1.668865228562621e+00
1.667653892512360e+00

   22  0  0
1.464983361244425e-01
1.458728786434464e-01
1.452465885261478e-01

   22  0  1
1.666947455158201e+00
1.665731095989963e+00
1.664511501163240e+00

   23  0  0
1.448818171480696e-01
1.442553924858167e-01
1.436294937321085e-01

   23  0  1
1.663800213139879e+00
1.662575446613291e+00
1.661347345395767e+00

   24  0  0
1.432657057934328e-01
1.426405596873702e-01
1.420152105065529e-01

   24  0  1
1.660631060307546e+00
1.659397628093358e+00
1.658160759369427e+00

   25  0  0
1.416507261446449e-01
1.410240873335128e-01
1.403970827583297e-01

   25  0  1
1.657439324919303e+00
1.656196960914318e+00
1.654951053168570e+00

   26  0  0
1.400324654176628e-01
1.394065129664811e-01
1.387812311557222e-01

   26  0  1
1.654224305246793e+00
1.652972718180408e+00
1.651717475564719e+00

   27  0  0
1.384173819771408e-01
1.377916578781703e-01
1.371651890101519e-01

   27  0  1
1.650985245982667e+00
1.649724158697427e+00
1.648459301155755e+00

   28  0  0
1.368001686909649e-01
1.361732099141444e-01
1.355466727501101e-01

   28  0  1
1.647721422618381e+00
1.646450536258346e+00
1.645175760187495e+00

   29  0  0
1.351826261291723e-01
1.345573022668243e-01
1.339321032549682e-01

   29  0  1
1.644432053826962e+00
1.643151057699486e+00
1.641866047978942e+00

   30  0  0
1.335677729800776e-01
1.329412028544191e-01
1.323139850744470e-01

   30  0  1
1.641116328313533e+00
1.639824900122469e+00
1.638529329969516e+00

   31  0  0
1.319490501140032e-01
1.313226500817083e-01
1.306971063154749e-01

   31  0  1
1.637773403092209e+00
1.636471212232745e+00
1.635164736259589e+00

   32  0  0
1.303333916808140e-01
1.297080456431675e-01
1.290820818059838e-01

   32  0  1
1.634402397141361e+00
1.633089070523052e+00
1.631771327280588e+00

   33  0  0
1.287171626206700e-01
1.280900807243352e-01
1.274630615274404e-01

   33  0  1
1.631002370413896e+00
1.629677562498921e+00
1.628348194415245e+00

   34  0  0
1.270987224738328e-01
1.264731951881475e-01
1.258482058802000e-01

   34  0  1
1.627572405674856e+00
1.626235742718668e+00
1.624894369361082e+00

   35  0  0
1.254842251261448e-01
1.248581637745124e-01
1.242312808465852e-01

   35  0  1
1.624111524091310e+00
1.622762615200323e+00
1.621408839850521e+00

   36  0  0
1.238662690080994e-01
1.232396828886267e-01
1.226139462111210e-01

   36  0  1
1.620618704425460e+00
1.619257143585591e+00
1.617890553113087e+00

   37  0  0
1.222503738461945e-01
1.216255725122506e-01
1.210005002173828e-01

   37  0  1
1.617092883478816e+00
1.615718247297803e+00
1.614338413302299e+00

   38  0  0
1.206360588702006e-01
1.200095189402263e-01
1.193826763347188e-01

   38  0  1
1.613532958223262e+00
1.612144807575147e+00
1.610751283476349e+00

   39  0  0
1.190183145580810e-01
1.183930044069505e-01
1.177686115463148e-01

   39  0  1
1.609937779652635e+00
1.608535657463575e+00
1.607127978920333e+00

   40  0  0
1.174052996054994e-01
1.167804156576177e-01
1.161546687485656e-01

   40  0  1
1.606306152505494e+00
1.604889583298701e+00
1.603467268767551e+00

   41  0  0
1.157900151101095e-01
1.151638161187856e-01
1.145382305246792e-01

   41  0  1
1.602636835313875e+00
1.601205329843665e+00
1.599767871269232e+00

   42  0  0
1.141749102455930e-01
1.135509394528246e-01
1.129272022527402e-01

   42  0  1
1.598928529432099e+00
1.597481543559732e+00
1.596028405864192e+00

   43  0  0
1.125636617060121e-01
1.119384116052272e-01
1.113124803889996e-01

   43  0  1
1.595179846808663e+00
1.593716864982575e+00
1.592247517942780e+00

   44  0  0
1.109483639725992e-01
1.103235784456414e-01
1.096999202575907e-01

   44  0  1
1.591389426273662e+00
1.589909886328967e+00
1.588423755998178e+00

   45  0  0
1.093374135227941e-01
1.087141492125064e-01
1.080902531591915e-01

   45  0  1
1.587555792263401e+00
1.586059112973355e+00
1.584555610783127e+00

   46  0  0
1.077264700365259e-01
1.071014270913456e-01
1.064765880325201e-01

   46  0  1
1.583677428888335e+00
1.582163004170883e+00
1.580641514663296e+00

   47  0  0
1.061136986493912e-01
1.054908743333029e-01
1.048688371497107e-01

   47  0  1
1.579752752087323e+00
1.578219952504446e+00
1.576679834954064e+00

   48  0  0
1.045065852408915e-01
1.038834207475580e-01
1.032593303536701e-01

   48  0  1
1.575780113513831e+00
1.574228279182010e+00
1.572668860696005e+00

   49  0  0
1.028959107551604e-01
1.022722316289578e-01
1.016496495057961e-01

   49  0  1
1.571757783503563e+00
1.570186223477429e+00
1.568606802666317e+00

   50  0  0
1.012881107363569e-01
1.006669276720501e-01
1.000456012125990e-01

   50  0  1
1.567683956370471e+00
1.566091950434726e+00
1.564491799895126e+00

   51  0  0
9.968327322113224e-02
9.906033833739465e-02
9.843708548568197e-02

   51  0  1
1.563556756970525e+00
1.561943562932040e+00
1.560321924004062e+00

   52  0  0
9.807491035567149e-02
9.745362378780607e-02
9.683360016696740e-02

   52  0  1
1.559374235745796e+00
1.557739071420251e+00
1.556095148841240e+00

   53  0  0
9.647297129639122e-02
9.585269883757781e-02
9.523153424753647e-02

   53  0  1
1.555134346176920e+00
1.553476396508540e+00
1.551809362142122e+00

   54  0  0
9.486945183461590e-02
9.424776019233458e-02
9.362683345884458e-02

   54  0  1
1.550834957323991e+00
1.549153370496135e+00
1.547462356996551e+00

   55  0  0
9.326643964010187e-02
9.264775643860790e-02
9.202961330991351e-02

   55  0  1
1.546473838004430e+00
1.544767723281381e+00
1.543051824736424e+00

   56  0  0
9.166934573103591e-02
9.104964693500958e-02
9.042916837510785e-02

   56  0  1
1.542048657236406e+00
1.540317083987640e+00
1.538575353593604e+00

   57  0  0
9.006821073603150e-02
8.944910404300359e-02
8.883147861989786e-02

   57  0  1
1.537556978995542e+00
1.535798974520322e+00
1.534030423187722e+00

   58  0  0
8.847273805345109e-02
8.785608479334382e-02
8.723893359581295e-02

   58  0  1
1.532996256767991e+00
1.531210807971497e+00
1.529414389047534e+00

   59  0  0
8.687897238681645e-02
8.626046577702254e-02
8.564215336826646e-02

   59  0  1
1.528363809463694e+00
1.526549817708823e+00
1.524724438595728e+00

   60  0  0
8.528321092651001e-02
8.466752810135919e-02
8.405309534440795e-02

   60  0  1
1.523656810375130e+00
1.521813182361435e+00
1.519957719515103e+00

   61  0  0
8.369544013014656e-02
8.308015737173485e-02
8.246388924498922e-02

   61  0  1
1.518872375178295e+00
1.516997941426344e+00
1.515111201515426e+00

   62  0  0
8.210489909317970e-02
8.148897304898953e-02
8.087437563243133e-02

   62  0  1
1.514007435372239e+00
1.512100968968209e+00
1.510181703409307e+00

   63  0  0
8.051778278012649e-02
7.990542268866645e-02
7.929329618745902e-02

   63  0  1
1.509058778672461e+00
1.507118993500381e+00
1.505165891667295e+00

   64  0  0
7.893631702896731e-02
7.832247080465192e-02
7.770817503225315e-02

   64  0  1
1.504023034269217e+00
1.502048580567932e+00
1.500060266815725e+00

   65  0  0
7.735121959705624e-02
7.673926144385451e-02
7.612906517957353e-02

   65  0  1
1.498896664121190e+00
1.496886124436221e+00
1.494861153790942e+00

   66  0  0
7.577448515864214e-02
7.516475486555044e-02
7.455426131324433e-02

   66  0  1
1.493675952079517e+00
1.491627837273607e+00
1.489564691838967e+00

   67  0  0
7.419823311499354e-02
7.358693119016219e-02
7.297642334032668e-02

   67  0  1
1.488356994751899e+00
1.486269738559268e+00
1.484166819806472e+00

   68  0  0
7.262232906300772e-02
7.201495019911747e-02
7.140871895084187e-02

   68  0  1
1.482935681864399e+00
1.480807635960308e+00
1.478663262844025e+00

   69  0  0
7.105556967059155e-02
7.044804016446940e-02
6.983960787052670e-02

   69  0  1
1.477407689946435e+00
1.475237119661873e+00
1.473049521958183e+00

   70  0  0
6.948551168297809e-02
6.887843726826205e-02
6.827322315615209e-02

   70  0  1
1.471768467629434e+00
1.469553545608668e+00
1.467320858293665e+00

   71  0  0
6.792212886907344e-02
6.731901178860948e-02
6.671584501334300e-02

   71  0  1
1.466013219511843e+00
1.463752019053290e+00
1.461472273958771e+00

   72  0  0
6.636396168501321e-02
6.575919356766986e-02
6.515444982338628e-02

   72  0  1
1.460136885108741e+00
1.457827373043161e+00
1.455498498488927e+00

   73  0  0
6.480346546757663e-02
6.420199947062677e-02
6.360252392068909e-02

   73  0  1
1.454134135871805e+00
1.451774174203738e+00
1.449393973668747e+00

   74  0  0
6.325401038093846e-02
6.265455699062349e-02
6.205417992760218e-02

   74  0  1
1.447999335031963e+00
1.445586640063297e+00
1.443152792228464e+00

   75  0  0
6.170415939656307e-02
6.110363504611557e-02
6.050451067222031e-02

   75  0  1
1.441726505568517e+00
1.439258685580161e+00
1.436768740842276e+00

   76  0  0
6.015732725208274e-02
5.956185262630217e-02
5.896750259748117e-02

   76  0  1
1.435309354497711e+00
1.432783869872410e+00
1.430235230688257e+00

   77  0  0
5.862107252728375e-02
5.802511651731223e-02
5.742834131927938e-02

   77  0  1
1.428741204338934e+00
1.426155365692657e+00
1.423545273574565e+00

   78  0  0
5.708129668330632e-02
5.648672844000318e-02
5.589450068636301e-02

   78  0  1
1.422014973731582e+00
1.419365911428324e+00
1.416691439472900e+00

   79  0  0
5.555104366307837e-02
5.496098803669341e-02
5.437079772188638e-02

   79  0  1
1.415123131410724e+00
1.412407819761987e+00
1.409665871292798e+00

   80  0  0
5.402645500796366e-02
5.343506013453650e-02
5.284427716643136e-02

   80  0  1
1.408057721792169e+00
1.405272944499878e+00
1.402460213878505e+00

   81  0  0
5.250184681395842e-02
5.191535012296906e-02
5.133111336920525e-02

   81  0  1
1.400810257812968e+00
1.397952574513191e+00
1.395065543223957e+00

   82  0  0
5.099131614016449e-02
5.040676226043704e-02
4.982121757020510e-02

   82  0  1
1.393371695388693e+00
1.390437455232103e+00
1.387472373032003e+00

   83  0  0
4.948000949960220e-02
4.889513746552749e-02
4.831232970362869e-02

   83  0  1
1.385732405028161e+00
1.382717700778763e+00
1.379670561475236e+00

   84  0  0
4.797491647554469e-02
4.739626876712680e-02
4.681874686349260e-02

   84  0  1
1.377882094526295e+00
1.374782759457878e+00
1.371649288902804e+00

   85  0  0
4.648197349587586e-02
4.590281538147802e-02
4.532316049062462e-02

   85  0  1
1.369809786086646e+00
1.366621340133851e+00
1.363396919451275e+00

   86  0  0
4.498646993436536e-02
4.441020137752589e-02
4.383689437365162e-02

   86  0  1
1.361503626570127e+00
1.358221277185408e+00
1.354900983158751e+00

   87  0  0
4.350456168800348e-02
4.293360108989888e-02
4.236244861759503e-02

   87  0  1
1.352950977910819e+00
1.349569570167207e+00
1.346148125657761e+00

   88  0  0
4.202914227183584e-02
4.145700705591161e-02
4.088590451650588e-02

   88  0  1
1.344138273917375e+00
1.340652309965400e+00
1.337124035505183e+00

   89  0  0
4.055527250851922e-02
3.998939808234441e-02
3.942620198196375e-02

   89  0  1
1.335050946435664e+00
1.331454471410106e+00
1.327813221977248e+00

   90  0  0
3.909869186567035e-02
3.853537753018747e-02
3.797125664793456e-02

   90  0  1
1.325673237719293e+00
1.321959790597017e+00
1.318198936214524e+00

   91  0  0
3.764272461152671e-02
3.708017975049419e-02
3.652041147875067e-02

   91  0  1
1.315988111923786e+00
1.312150769383237e+00
1.308263144898337e+00

   92  0  0
3.619674396336153e-02
3.564193894865172e-02
3.508849276883002e-02

   92  0  1
1.305977199127867e+00
1.302008415019415e+00
1.297986230415322e+00

   93  0  0
3.476568670539441e-02
3.421081799299899e-02
3.365588982895126e-02

   93  0  1
1.295620515168321e+00
1.291512096096924e+00
1.287346879241265e+00

   94  0  0
3.333404707101861e-02
3.278393743126512e-02
3.223757145053770e-02

   94  0  1
1.284896331102750e+00
1.280639354381487e+00
1.276321878990738e+00

   95  0  0
3.192107456997088e-02
3.137737509590865e-02
3.083353296047069e-02

   95  0  1
1.273780987664094e+00
1.269365708019258e+00
1.264885869795034e+00

   96  0  0
3.051618568285150e-02
2.997213865173144e-02
2.943004300728854e-02

   96  0  1
1.262248585699425e+00
1.257664321258840e+00
1.253011042817357e+00

   97  0  0
2.911690091019427e-02
2.858152416970724e-02
2.804931124416274e-02

   97  0  1
1.250270732110405e+00
1.245505749078442e+00
1.240666843883377e+00

   98  0  0
2.773974696719010e-02
2.720742069095285e-02
2.667452844014279e-02

   98  0  1
1.237816200731522e+00
1.232857563930547e+00
1.227819578743836e+00

   99  0  0
2.636457385456765e-02
2.583487198639901e-02
2.530912751982876e-02

   99  0  1
1.224850529000712e+00
1.219683926883131e+00
1.214431954258713e+00

  100  0  0
2.500570694864101e-02
2.448587501928482e-02
2.396758933384534e-02

  100  0  1
1.211335540482127e+00
1.205945077051426e+00
1.200462532544701e+00

  101  0  0
2.366520525472496e-02
2.314597411262667e-02
2.262746010679637e-02

  101  0  1
1.197228777111806e+00
1.191596723055304e+00
1.185865075972762e+00

  102  0  0
2.232750074114810e-02
2.181582193857920e-02
2.130885777779483e-02

  102  0  1
1.182482814690467e+00
1.176589303932191e+00
1.170587749818550e+00

  103  0  0
2.101539736105608e-02
2.051153969935716e-02
2.000791346342816e-02

  103  0  1
1.167044429852941e+00
1.160867091368304e+00
1.154572153340622e+00

  104  0  0
1.971433154013002e-02
1.921206201018186e-02
1.871302181152874e-02

  104  0  1
1.150853585989821e+00
1.144367092473925e+00
1.137752132910891e+00

  105  0  0
1.842567408287988e-02
1.793525259207789e-02
1.744867736120829e-02

  105  0  1
1.133842185230609e+00
1.127017705977931e+00
1.120052259894844e+00

  106  0  0
1.716569950677137e-02
1.667976083307288e-02
1.619420500961934e-02

  106  0  1
1.115932427446539e+00
1.108736824623285e+00
1.101385706246500e+00

  107  0  0
1.591247328259520e-02
1.543238080041187e-02
1.495776324232596e-02

  107  0  1
1.097034560689155e+00
1.089429187386732e+00
1.081651790116047e+00

  108  0  0
1.468477488794128e-02
1.421772119989425e-02
1.375279528082291e-02

  108  0  1
1.077044724813892e+00
1.068985231701645e+00
1.060734020454617e+00

  109  0  0
1.348178959396844e-02
1.301779363135886e-02
1.255610133077604e-02

  109  0  1
1.055841819478033e+00
1.047275795569231e+00
1.038494475743087e+00

  110  0  0
1.228994644956834e-02
1.183777219875992e-02
1.139220355391638e-02

  110  0  1
1.033282555908337e+00
1.024147072306524e+00
1.014768185561201e+00

  111  0  0
1.113512668748066e-02
1.069425791623733e-02
1.025447307909203e-02

  111  0  1
1.009195079232273e+00
9.994147045424662e-01
9.893566902762544e-01

  112  0  0
9.999033518959926e-03
9.563923173312791e-03
9.133863906367057e-03

  112  0  1
9.833719444458521e-01
9.728545264356260e-01
9.620170762154753e-01

  113  0  0
8.887429092563702e-03
8.469502692583624e-03
8.057967515899302e-03

  113  0  1
9.555584035899158e-01
9.441888815600030e-01
9.324462433182265e-01

  114  0  0
7.818986533601521e-03
7.409659289834989e-03
7.002753807529712e-03

  114  0  1
9.254351065232281e-01
9.130688526994085e-01
9.002604307224644e-01

  115  0  0
6.768828702502607e-03
6.372407475641503e-03
5.983454412820031e-03

  115  0  1
8.925955107672803e-01
8.790437350303304e-01
8.649578421432143e-01

  116  0  0
5.761899935802660e-03
5.386494360976537e-03
5.016230766331198e-03

  116  0  1
8.565044774835996e-01
8.415149580186185e-01
8.258652614393219e-01

  117  0  0
4.799924502562712e-03
4.433209935768841e-03
4.073838063937487e-03

  117  0  1
8.164395175542398e-01
7.996628222198353e-01
7.820442783959816e-01

  118  0  0
3.870052740058636e-03
3.526188680433958e-03
3.191961992036646e-03

  118  0  1
7.713816778371243e-01
7.523090781642510e-01
7.321172476566798e-01

  119  0  0
3.004209235111804e-03
2.686226980783247e-03
2.371843893764573e-03

  119  0  1
7.198152678322030e-01
6.976586803963502e-01
6.739222503414417e-01

  120  0  0
2.189198138471981e-03
1.889084650848392e-03
1.604899097730544e-03

  120  0  1
6.593139931668093e-01
6.327385948734943e-01
6.037160383635878e-01

  121  0  0
1.444884076981346e-03
1.181046893777262e-03
9.342422461653506e-04

  121  0  1
5.855394685650086e-01
5.519626751112927e-01
5.139294480062976e-01

  122  0  0
8.008237490302813e-04
5.804784463454562e-04
3.702413365324211e-04

  122  0  1
4.891337125246852e-01
4.421204573118795e-01
3.838071174116934e-01

  123  0  0
2.555149693538960e-04
1.089177569250422e-04
1.943579576100737e-05

  123  0  1
3.497617530787936e-01
2.468386909614146e-01
6.453644611966615e-02

  124  0  0
1.169721019007117e-06
6.243738967351130e-06
4.646415408188817e-06

  124  0  1
-6.260301497324448e-05
3.996476885796446e-04
-2.052095617119886e-05

  125  0  0
4.825717617452127e-06
5.047780236262020e-06
4.985511300503712e-06

  125  0  1
-9.591750343207120e-05
1.846853737263521e-05
8.390924475521071e-06

  126  0  0
4.991866879979655e-06
5.002281892662715e-06
4.999263851001154e-06

  126  0  1
-2.803694371423407e-06
6.059472495622193e-06
5.194579201265600e-06

  127  0  0
4.999652718115152e-06
5.000101828969892e-06
4.999963894445921e-06

  127  0  1
4.427386864997624e-06
5.084867899059154e-06
5.008387585515155e-06

  128  0  0
4.999987738509743e-06
5.000003958510742e-06
4.999998340800953e-06

  128  0  1
4.959508825211009e-06
5.006433047194662e-06
5.000229884605425e-06

  129  0  0
4.999999777904663e-06
5.000000107818073e-06
4.999999931820466e-06

  129  0  1
4.997242295741578e-06
5.000461537377243e-06
4.999995451385117e-06

  130  0  0
5.000000016825165e-06
4.999999998805541e-06
4.999999997807293e-06

  130  0  1
4.999818532267637e-06
5.000031591805031e-06
4.999998626677387e-06

  131  0  0
5.000000002741989e-06
4.999999999483415e-06
4.999999999979290e-06

  131  0  1
4.999988414093869e-06
5.000002079432014e-06
4.999999856588928e-06

  132  0  0
5.000000000260552e-06
4.999999999942249e-06
5.000000000003634e-06

  132  0  1
4.999999279432406e-06
5.000000132481590e-06
4.999999988229276e-06

  133  0  0
5.000000000019376e-06
4.999999999993499e-06
4.999999999998934e-06

  133  0  1
4.999999956191144e-06
5.000000008211020e-06
4.999999999138405e-06

  134  0  0
4.999999999999805e-06
4.999999999997896e-06
4.999999999998321e-06

  134  0  1
4.999999997387145e-06
5.000000000495682e-06
4.999999999939749e-06

  135  0  0
4.999999999998362e-06
4.999999999998231e-06
4.999999999998257e-06

  135  0  1
4.999999999845291e-06
5.000000000027789e-06
4.999999999994460e-06

  136  0  0
4.999999999998261e-06
4.999999999998254e-06
4.999999999998256e-06

  136  0  1
4.999999999989429e-06
4.999999999999982e-06
4.999999999998017e-06

  137  0  0
4.999999999998256e-06
4.999999999998254e-06
4.999999999998254e-06

  137  0  1
4.999999999997751e-06
4.999999999998352e-06
4.999999999998238e-06

  138  0  0
4.999999999998256e-06
4.999999999998254e-06
4.999999999998256e-06

  138  0  1
4.999999999998228e-06
4.999999999998258e-06
4.999999999998251e-06

  139  0  0
4.999999999998256e-06
4.999999999998253e-06
4.999999999998254e-06

  139  0  1
4.999999999998255e-06
4.999999999998256e-06
4.999999999998252e-06

  140  0  0
4.999999999998256e-06
4.999999999998253e-06
4.999999999998254e-06

  140  0  1
4.999999999998256e-06
4.999999999998253e-06
4.999999999998253e-06

  141  0  0
4.999999999998256e-06
4.999999999998254e-06
4.999999999998255e-06

  141  0  1
4.999999999998256e-06
4.999999999998253e-06
4.999999999998252e-06

  142  0  0
4.999999999998256e-06
4.999999999998253e-06
4.999999999998255e-06

  142  0  1
4.999999999998256e-06
4.999999999998253e-06
4.999999999998254e-06

  143  0  0
4.999999999998256e-06
4.999999999998255e-06
4.999999999998254e-06

  143  0  1
4.999999999998256e-06
4.999999999998253e-06
4.999999999998253e-06

  144  0  0
4.999999999998256e-06
4.999999999998255e-06
4.999999999998255e-06

  144  0  1
4.999999999998256e-06
4.999999999998253e-06
4.999999999998253e-06

  145  0  0
4.999999999998258e-06
4.999999999998254e-06
4.999999999998254e-06

  145  0  1
4.999999999998256e-06
4.999999999998253e-06
4.999999999998252e-06

  146  0  0
4.999999999998256e-06
4.999999999998255e-06
4.999999999998254e-06

  146  0  1
4.999999999998256e-06
4.999999999998253e-06
4.999999999998253e-06

  147  0  0
4.999999999998256e-06
4.999999999998255e-06
4.999999999998254e-06

  147  0  1
4.999999999998256e-06
4.999999999998253e-06
4.999999999998255e-06

  148  0  0
4.999999999998257e-06
4.999999999998253e-06
4.999999999998255e-06

  148  0  1
4.999999999998256e-06
4.999999999998253e-06
4.999999999998255e-06

  149  0  0
4.999999999998256e-06
4.999999999998253e-06
4.999999999998255e-06

  149  0  1
4.999999999998256e-06
4.999999999998253e-06
4.999999999998255e-06

  150  0  0
4.999999999998255e-06
4.999999999998253e-06
4.999999999998254e-06

  150  0  1
4.999999999998256e-06
4.999999999998253e-06
4.999999999998255e-06

  151  0  0
4.999999999998257e-06
4.999999999998254e-06
4.999999999998255e-06

  151  0  1
4.999999999998256e-06
4.999999999998253e-06
4.999999999998253e-06

  152  0  0
4.999999999998255e-06
4.999999999998255e-06
4.999999999998256e-06

  152  0  1
4.999999999998256e-06
4.999999999998253e-06
4.999999999998255e-06

  153  0  0
4.999999999998255e-06
4.999999999998255e-06
4.999999999998254e-06

  153  0  1
4.999999999998255e-06
4.999999999998253e-06
4.999999999998253e-06

  154  0  0
4.999999999998256e-06
4.999999999998254e-06
4.999999999998254e-06

  154  0  1
4.999999999998256e-06
4.999999999998253e-06
4.999999999998255e-06

  155  0  0
4.999999999998256e-06
4.999999999998254e-06
4.999999999998253e-06

  155  0  1
4.999999999998256e-06
4.999999999998253e-06
4.999999999998255e-06

  156  0  0
4.999999999998257e-06
4.999999999998253e-06
4.999999999998256e-06

  156  0  1
4.999999999998256e-06
4.999999999998253e-06
4.999999999998255e-06

  157  0  0
4.999999999998256e-06
4.999999999998253e-06
4.999999999998256e-06

  157  0  1
4.999999999998256e-06
4.999999999998253e-06
4.999999999998255e-06

  158  0  0
4.999999999998258e-06
4.999999999998253e-06
4.999999999998255e-06

  158  0  1
4.999999999998255e-06
4.999999999998253e-06
4.999999999998253e-06

  159  0  0
4.999999999998255e-06
4.999999999998256e-06
4.999999999998256e-06

  159  0  1
4.999999999998256e-06
4.999999999998253e-06
4.999999999998255e-06

  160  0  0
4.999999999998257e-06
4.999999999998253e-06
4.999999999998256e-06

  160  0  1
4.999999999998256e-06
4.999999999998253e-06
4.999999999998255e-06

  161  0  0
4.999999999998256e-06
4.999999999998255e-06
4.999999999998254e-06

  161  0  1
4.999999999998255e-06
4.999999999998253e-06
4.999999999998253e-06

  162  0  0
4.999999999998256e-06
4.999999999998256e-06
4.999999999998256e-06

  162  0  1
4.999999999998256e-06
4.999999999998253e-06
4.999999999998255e-06

  163  0  0
4.999999999998256e-06
4.999999999998255e-06
4.999999999998256e-06

  163  0  1
4.999999999998256e-06
4.999999999998253e-06
4.999999999998255e-06

  164  0  0
4.999999999998257e-06
4.999999999998253e-06
4.999999999998255e-06

  164  0  1
4.999999999998256e-06
4.999999999998253e-06
4.999999999998255e-06

  165  0  0
4.999999999998256e-06
4.999999999998254e-06
4.999999999998255e-06

  165  0  1
4.999999999998256e-06
4.999999999998253e-06
4.999999999998255e-06

  166  0  0
4.999999999998256e-06
4.999999999998255e-06
4.999999999998256e-06

  166  0  1
4.999999999998256e-06
4.999999999998253e-06
4.999999999998255e-06

  167  0  0
4.999999999998256e-06
4.999999999998255e-06
4.999999999998254e-06

  167  0  1
4.999999999998256e-06
4.999999999998253e-06
4.999999999998255e-06

  168  0  0
4.999999999998255e-06
4.999999999998253e-06
4.999999999998254e-06

  168  0  1
4.999999999998256e-06
4.999999999998253e-06
4.999999999998255e-06

  169  0  0
4.999999999998256e-06
4.999999999998254e-06
4.999999999998254e-06

  169  0  1
4.999999999998255e-06
4.999999999998253e-06
4.999999999998253e-06

  170  0  0
4.999999999998257e-06
4.999999999998253e-06
4.999999999998254e-06

  170  0  1
4.999999999998256e-06
4.999999999998253e-06
4.999999999998255e-06

  171  0  0
4.999999999998257e-06
4.999999999998253e-06
4.999999999998256e-06

  171  0  1
4.999999999998256e-06
4.999999999998253e-06
4.999999999998255e-06

  172  0  0
4.999999999998257e-06
4.999999999998252e-06
4.999999999998254e-06

  172  0  1
4.999999999998256e-06
4.999999999998253e-06
4.999999999998255e-06

  173  0  0
4.999999999998256e-06
4.999999999998252e-06
4.999999999998256e-06

  173  0  1
4.999999999998256e-06
4.999999999998253e-06
4.999999999998255e-06

  174  0  0
4.999999999998257e-06
4.999999999998253e-06
4.999999999998255e-06

  174  0  1
4.999999999998256e-06
4.999999999998253e-06
4.999999999998255e-06

  175  0  0
4.999999999998256e-06
4.999999999998255e-06
4.999999999998256e-06

  175  0  1
4.999999999998256e-06
4.999999999998253e-06
4.999999999998255e-06

  176  0  0
4.999999999998255e-06
4.999999999998254e-06
4.999999999998254e-06

  176  0  1
4.999999999998256e-06
4.999999999998253e-06
4.999999999998255e-06

  177  0  0
4.999999999998256e-06
4.999999999998255e-06
4.999999999998256e-06

  177  0  1
4.999999999998256e-06
4.999999999998253e-06
4.999999999998255e-06

  178  0  0
4.999999999998256e-06
4.999999999998254e-06
4.999999999998254e-06

  178  0  1
4.999999999998256e-06
4.999999999998253e-06
4.999999999998255e-06

  179  0  0
4.999999999998256e-06
4.999999999998254e-06
4.999999999998256e-06

  179  0  1
4.999999999998256e-06
4.999999999998253e-06
4.999999999998255e-06

  180  0  0
4.999999999998256e-06
4.999999999998253e-06
4.999999999998255e-06

  180  0  1
4.999999999998256e-06
4.999999999998253e-06
4.999999999998255e-06

  181  0  0
4.999999999998256e-06
4.999999999998253e-06
4.999999999998254e-06

  181  0  1
4.999999999998255e-06
4.999999999998253e-06
4.999999999998253e-06

  182  0  0
4.999999999998256e-06
4.999999999998253e-06
4.999999999998256e-06

  182  0  1
4.999999999998256e-06
4.999999999998253e-06
4.999999999998255e-06

  183  0  0
4.999999999998256e-06
4.999999999998255e-06
4.999999999998255e-06

  183  0  1
4.999999999998256e-06
4.999999999998253e-06
4.999999999998255e-06

  184  0  0
4.999999999998256e-06
4.999999999998254e-06
4.999999999998256e-06

  184  0  1
4.999999999998255e-06
4.999999999998253e-06
4.999999999998253e-06

  185  0  0
4.999999999998257e-06
4.999999999998253e-06
4.999999999998256e-06

  185  0  1
4.999999999998256e-06
4.999999999998253e-06
4.999999999998255e-06

  186  0  0
4.999999999998257e-06
4.999999999998253e-06
4.999999999998255e-06

  186  0  1
4.999999999998256e-06
4.999999999998253e-06
4.999999999998255e-06

  187  0  0
4.999999999998256e-06
4.999999999998254e-06
4.999999999998255e-06

  187  0  1
4.999999999998256e-06
4.999999999998253e-06
4.999999999998255e-06

  188  0  0
4.999999999998256e-06
4.999999999998254e-06
4.999999999998255e-06

  188  0  1
4.999999999998256e-06
4.999999999998253e-06
4.999999999998255e-06

  189  0  0
4.999999999998255e-06
4.999999999998254e-06
4.999999999998254e-06

  189  0  1
4.999999999998255e-06
4.999999999998253e-06
4.999999999998253e-06

  190  0  0
4.999999999998256e-06
4.999999999998254e-06
4.999999999998254e-06

  190  0  1
4.999999999998256e-06
4.999999999998253e-06
4.999999999998255e-06

  191  0  0
4.999999999998255e-06
4.999999999998254e-06
4.999999999998255e-06

  191  0  1
4.999999999998256e-06
4.999999999998253e-06
4.999999999998255e-06

  192  0  0
4.999999999998257e-06
4.999999999998254e-06
4.999999999998255e-06

  192  0  1
4.999999999998256e-06
4.999999999998253e-06
4.999999999998255e-06

  193  0  0
4.999999999998256e-06
4.999999999998256e-06
4.999999999998256e-06

  193  0  1
4.999999999998256e-06
4.999999999998253e-06
4.999999999998255e-06

  194  0  0
4.999999999998255e-06
4.999999999998255e-06
4.999999999998254e-06

  194  0  1
4.999999999998256e-06
4.999999999998253e-06
4.999999999998255e-06

  195  0  0
4.999999999998258e-06
4.999999999998253e-06
4.999999999998254e-06

  195  0  1
4.999999999998256e-06
4.999999999998253e-06
4.999999999998255e-06

  196  0  0
4.999999999998255e-06
4.999999999998253e-06
4.999999999998255e-06

  196  0  1
4.999999999998256e-06
4.999999999998253e-06
4.999999999998255e-06

  197  0  0
4.999999999998257e-06
4.999999999998253e-06
4.999999999998255e-06

  197  0  1
4.999999999998256e-06
4.999999999998253e-06
4.999999999998255e-06

  198  0  0
4.999999999998256e-06
4.999999999998253e-06
4.999999999998256e-06

  198  0  1
4.999999999998255e-06
4.999999999998253e-06
4.999999999998253e-06

  199  0  0
4.999999999998256e-06
4.999999999998253e-06
4.999999999998254e-06

  199  0  1
4.999999999998256e-06
4.999999999998253e-06
4.999999999998255e-06

  200  0  0
4.999999999998256e-06
4.999999999998255e-06
4.999999999998256e-06

  200  0  1
4.999999999998256e-06
4.999999999998253e-06
4.999999999998255e-06

  201  0  0
4.999999999998256e-06
4.999999999998255e-06
4.999999999998254e-06

  201  0  1
4.999999999998256e-06
4.999999999998253e-06
4.999999999998255e-06

  202  0  0
4.999999999998256e-06
4.999999999998256e-06
4.999999999998256e-06

  202  0  1
4.999999999998256e-06
4.999999999998253e-06
4.999999999998255e-06

  203  0  0
4.999999999998257e-06
4.999999999998254e-06
4.999999999998254e-06

  203  0  1
4.999999999998256e-06
4.999999999998253e-06
4.999999999998255e-06

  204  0  0
4.999999999998257e-06
4.999999999998252e-06
4.999999999998256e-06

  204  0  1
4.999999999998256e-06
4.999999999998253e-06
4.999999999998255e-06

  205  0  0
4.999999999998258e-06
4.999999999998253e-06
4.999999999998256e-06

  205  0  1
4.999999999998256e-06
4.999999999998253e-06
4.999999999998255e-06

  206  0  0
4.999999999998256e-06
4.999999999998254e-06
4.999999999998255e-06

  206  0  1
4.999999999998256e-06
4.999999999998253e-06
4.999999999998255e-06

  207  0  0
4.999999999998255e-06
4.999999999998253e-06
4.999999999998256e-06

  207  0  1
4.999999999998256e-06
4.999999999998253e-06
4.999999999998255e-06

  208  0  0
4.999999999998257e-06
4.999999999998255e-06
4.999999999998255e-06

  208  0  1
4.999999999998256e-06
4.999999999998253e-06
4.999999999998255e-06

  209  0  0
4.999999999998257e-06
4.999999999998254e-06
4.999999999998256e-06

  209  0  1
4.999999999998256e-06
4.999999999998253e-06
4.999999999998255e-06

  210  0  0
4.999999999998256e-06
4.999999999998253e-06
4.999999999998256e-06

  210  0  1
4.999999999998256e-06
4.999999999998253e-06
4.999999999998255e-06

  211  0  0
4.999999999998257e-06
4.999999999998253e-06
4.999999999998253e-06

  211  0  1
4.999999999998256e-06
4.999999999998253e-06
4.999999999998255e-06

  212  0  0
4.999999999998256e-06
4.999999999998255e-06
4.999999999998256e-06

  212  0  1
4.999999999998256e-06
4.999999999998253e-06
4.999999999998255e-06

  213  0  0
4.999999999998257e-06
4.999999999998255e-06
4.999999999998256e-06

  213  0  1
4.999999999998256e-06
4.999999999998253e-06
4.999999999998255e-06

  214  0  0
4.999999999998256e-06
4.999999999998255e-06
4.999999999998254e-06

  214  0  1
4.999999999998256e-06
4.999999999998253e-06
4.999999999998255e-06

  215  0  0
4.999999999998256e-06
4.999999999998255e-06
4.999999999998255e-06

  215  0  1
4.999999999998256e-06
4.999999999998253e-06
4.999999999998255e-06

  216  0  0
4.999999999998258e-06
4.999999999998253e-06
4.999999999998256e-06

  216  0  1
4.999999999998256e-06
4.999999999998253e-06
4.999999999998255e-06

  217  0  0
4.999999999998256e-06
4.999999999998254e-06
4.999999999998256e-06

  217  0  1
4.999999999998255e-06
4.999999999998253e-06
4.999999999998253e-06

  218  0  0
4.999999999998256e-06
4.999999999998254e-06
4.999999999998255e-06

  218  0  1
4.999999999998256e-06
4.999999999998253e-06
4.999999999998255e-06

  219  0  0
4.999999999998256e-06
4.999999999998253e-06
4.999999999998255e-06

  219  0  1
4.999999999998256e-06
4.999999999998253e-06
4.999999999998255e-06

  220  0  0
4.999999999998256e-06
4.999999999998254e-06
4.999999999998254e-06

  220  0  1
4.999999999998256e-06
4.999999999998253e-06
4.999999999998255e-06

  221  0  0
4.999999999998256e-06
4.999999999998253e-06
4.999999999998256e-06

  221  0  1
4.999999999998256e-06
4.999999999998253e-06
4.999999999998255e-06

  222  0  0
4.999999999998256e-06
4.999999999998253e-06
4.999999999998254e-06

  222  0  1
4.999999999998256e-06
4.999999999998253e-06
4.999999999998255e-06

  223  0  0
4.999999999998256e-06
4.999999999998253e-06
4.999999999998255e-06

  223  0  1
4.999999999998256e-06
4.999999999998253e-06
4.999999999998255e-06

  224  0  0
4.999999999998257e-06
4.999999999998254e-06
4.999999999998255e-06

  224  0  1
4.999999999998256e-06
4.999999999998253e-06
4.999999999998255e-06

  225  0  0
4.999999999998256e-06
4.999999999998254e-06
4.999999999998256e-06

  225  0  1
4.999999999998256e-06
4.999999999998253e-06
4.999999999998255e-06

  226  0  0
4.999999999998256e-06
4.999999999998253e-06
4.999999999998253e-06

  226  0  1
4.999999999998256e-06
4.999999999998253e-06
4.999999999998253e-06

  227  0  0
4.999999999998256e-06
4.999999999998253e-06
4.999999999998255e-06

  227  0  1
4.999999999998256e-06
4.999999999998253e-06
4.999999999998253e-06

  228  0  0
4.999999999998256e-06
4.999999999998253e-06
4.999999999998256e-06

  228  0  1
4.999999999998255e-06
4.999999999998253e-06
4.999999999998254e-06

  229  0  0
4.999999999998255e-06
4.999999999998254e-06
4.999999999998252e-06

  229  0  1
4.999999999998255e-06
4.999999999998253e-06
4.999999999998255e-06

  230  0  0
4.999999999998257e-06
4.999999999998253e-06
4.999999999998256e-06

  230  0  1
4.999999999998255e-06
4.999999999998253e-06
4.999999999998253e-06

  231  0  0
4.999999999998258e-06
4.999999999998253e-06
4.999999999998254e-06

  231  0  1
4.999999999998256e-06
4.999999999998253e-06
4.999999999998255e-06

  232  0  0
4.999999999998256e-06
4.999999999998254e-06
4.999999999998256e-06

  232  0  1
4.999999999998256e-06
4.999999999998253e-06
4.999999999998255e-06

  233  0  0
4.999999999998256e-06
4.999999999998254e-06
4.999999999998255e-06

  233  0  1
4.999999999998256e-06
4.999999999998253e-06
4.999999999998255e-06

  234  0  0
4.999999999998256e-06
4.999999999998254e-06
4.999999999998256e-06

  234  0  1
4.999999999998256e-06
4.999999999998253e-06
4.999999999998255e-06

  235  0  0
4.999999999998255e-06
4.999999999998254e-06
4.999999999998254e-06

  235  0  1
4.999999999998256e-06
4.999999999998253e-06
4.999999999998255e-06

  236  0  0
4.999999999998257e-06
4.999999999998253e-06
4.999999999998256e-06

  236  0  1
4.999999999998256e-06
4.999999999998253e-06
4.999999999998255e-06

  237  0  0
4.999999999998257e-06
4.999999999998254e-06
4.999999999998256e-06

  237  0  1
4.999999999998255e-06
4.999999999998253e-06
4.999999999998253e-06

  238  0  0
4.999999999998256e-06
4.999999999998253e-06
4.999999999998256e-06

  238  0  1
4.999999999998256e-06
4.999999999998253e-06
4.999999999998255e-06

  239  0  0
4.999999999998256e-06
4.999999999998254e-06
4.999999999998256e-06

  239  0  1
4.999999999998256e-06
4.999999999998253e-06
4.999999999998255e-06

  240  0  0
4.999999999998256e-06
4.999999999998254e-06
4.999999999998254e-06

  240  0  1
4.999999999998256e-06
4.999999999998253e-06
4.999999999998255e-06

  241  0  0
4.999999999998255e-06
4.999999999998254e-06
4.999999999998255e-06

  241  0  1
4.999999999998256e-06
4.999999999998253e-06
4.999999999998255e-06

  242  0  0
4.999999999998256e-06
4.999999999998253e-06
4.999999999998256e-06

  242  0  1
4.999999999998256e-06
4.999999999998253e-06
4.999999999998255e-06

  243  0  0
4.999999999998256e-06
4.999999999998253e-06
4.999999999998253e-06

  243  0  1
4.999999999998256e-06
4.999999999998253e-06
4.999999999998255e-06

  244  0  0
4.999999999998257e-06
4.999999999998254e-06
4.999999999998255e-06

  244  0  1
4.999999999998256e-06
4.999999999998253e-06
4.999999999998255e-06

  245  0  0
4.999999999998256e-06
4.999999999998254e-06
4.999999999998255e-06

  245  0  1
4.999999999998256e-06
4.999999999998253e-06
4.999999999998255e-06

  246  0  0
4.999999999998257e-06
4.999999999998253e-06
4.999999999998254e-06

  246  0  1
4.999999999998256e-06
4.999999999998253e-06
4.999999999998255e-06

  247  0  0
4.999999999998258e-06
4.999999999998253e-06
4.999999999998255e-06

  247  0  1
4.999999999998256e-06
4.999999999998253e-06
4.999999999998255e-06

  248  0  0
4.999999999998256e-06
4.999999999998254e-06
4.999999999998256e-06

  248  0  1
4.999999999998256e-06
4.999999999998253e-06
4.999999999998255e-06

  249  0  0
4.999999999998256e-06
4.999999999998256e-06
4.999999999998254e-06

  249  0  1
4.999999999998256e-06
4.999999999998253e-06
4.999999999998255e-06

  250  0  0
4.999999999998258e-06
4.999999999998253e-06
4.999999999998254e-06

  250  0  1
4.999999999998256e-06
4.999999999998253e-06
4.999999999998255e-06

  251  0  0
4.999999999998256e-06
4.999999999998253e-06
4.999999999998255e-06

  251  0  1
4.999999999998256e-06
4.999999999998253e-06
4.999999999998255e-06

  252  0  0
4.999999999998257e-06
4.999999999998253e-06
4.999999999998256e-06

  252  0  1
4.999999999998256e-06
4.999999999998253e-06
4.999999999998255e-06

  253  0  0
4.999999999998256e-06
4.999999999998254e-06
4.999999999998256e-06

  253  0  1
4.999999999998256e-06
4.999999999998253e-06
4.999999999998255e-06

  254  0  0
4.999999999998256e-06
4.999999999998253e-06
4.999999999998253e-06

  254  0  1
4.999999999998256e-06
4.999999999998253e-06
4.999999999998255e-06

  255  0  0
4.999999999998257e-06
4.999999999998254e-06
4.999999999998256e-06

  255  0  1
4.999999999998256e-06
4.999999999998253e-06
4.999999999998253e-06

  256  0  0
4.999999999998255e-06
4.999999999998253e-06
4.999999999998255e-06

  256  0  1
4.999999999998256e-06
4.999999999998253e-06
4.999999999998255e-06

  257  0  0
4.999999999998257e-06
4.999999999998253e-06
4.999999999998256e-06

  257  0  1
4.999999999998255e-06
4.999999999998253e-06
4.999999999998253e-06

  258  0  0
4.999999999998256e-06
4.999999999998254e-06
4.999999999998252e-06

  258  0  1
4.999999999998256e-06
4.999999999998253e-06
4.999999999998255e-06

  259  0  0
4.999999999998257e-06
4.999999999998254e-06
4.999999999998255e-06

  259  0  1
4.999999999998256e-06
4.999999999998253e-06
4.999999999998255e-06

  260  0  0
4.999999999998258e-06
4.999999999998253e-06
4.999999999998256e-06

  260  0  1
4.999999999998256e-06
4.999999999998253e-06
4.999999999998255e-06

  261  0  0
4.999999999998257e-06
4.999999999998254e-06
4.999999999998256e-06

  261  0  1
4.999999999998256e-06
4.999999999998253e-06
4.999999999998255e-06

  262  0  0
4.999999999998257e-06
4.999999999998253e-06
4.999999999998256e-06

  262  0  1
4.999999999998255e-06
4.999999999998253e-06
4.999999999998253e-06

  263  0  0
4.999999999998256e-06
4.999999999998255e-06
4.999999999998256e-06

  263  0  1
4.999999999998256e-06
4.999999999998253e-06
4.999999999998255e-06

  264  0  0
4.999999999998255e-06
4.999999999998254e-06
4.999999999998255e-06

  264  0  1
4.999999999998256e-06
4.999999999998253e-06
4.999999999998255e-06

  265  0  0
4.999999999998256e-06
4.999999999998254e-06
4.999999999998255e-06

  265  0  1
4.999999999998256e-06
4.999999999998253e-06
4.999999999998255e-06

  266  0  0
4.999999999998256e-06
4.999999999998256e-06
4.999999999998254e-06

  266  0  1
4.999999999998256e-06
4.999999999998253e-06
4.999999999998255e-06

  267  0  0
4.999999999998257e-06
4.999999999998254e-06
4.999999999998254e-06

  267  0  1
4.999999999998256e-06
4.999999999998253e-06
4.999999999998255e-06

  268  0  0
4.999999999998257e-06
4.999999999998253e-06
4.999999999998256e-06

  268  0  1
4.999999999998256e-06
4.999999999998253e-06
4.999999999998255e-06

  269  0  0
4.999999999998256e-06
4.999999999998254e-06
4.999999999998256e-06

  269  0  1
4.999999999998256e-06
4.999999999998253e-06
4.999999999998255e-06

  270  0  0
4.999999999998256e-06
4.999999999998254e-06
4.999999999998254e-06

  270  0  1
4.999999999998256e-06
4.999999999998253e-06
4.999999999998255e-06

  271  0  0
4.999999999998257e-06
4.999999999998253e-06
4.999999999998254e-06

  271  0  1
4.999999999998256e-06
4.999999999998253e-06
4.999999999998255e-06

  272  0  0
4.999999999998257e-06
4.999999999998253e-06
4.999999999998254e-06

  272  0  1
4.999999999998256e-06
4.999999999998253e-06
4.999999999998255e-06

  273  0  0
4.999999999998257e-06
4.999999999998253e-06
4.999999999998254e-06

  273  0  1
4.999999999998255e-06
4.999999999998253e-06
4.999999999998253e-06

  274  0  0
4.999999999998256e-06
4.999999999998253e-06
4.999999999998256e-06

  274  0  1
4.999999999998256e-06
4.999999999998253e-06
4.999999999998255e-06

  275  0  0
4.999999999998258e-06
4.999999999998252e-06
4.999999999998253e-06

  275  0  1
4.999999999998256e-06
4.999999999998253e-06
4.999999999998255e-06

  276  0  0
4.999999999998255e-06
4.999999999998253e-06
4.999999999998255e-06

  276  0  1
4.999999999998255e-06
4.999999999998253e-06
4.999999999998253e-06

  277  0  0
4.999999999998257e-06
4.999999999998253e-06
4.999999999998255e-06

  277  0  1
4.999999999998256e-06
4.999999999998253e-06
4.999999999998255e-06

  278  0  0
4.999999999998256e-06
4.999999999998253e-06
4.999999999998256e-06

  278  0  1
4.999999999998256e-06
4.999999999998253e-06
4.999999999998255e-06

  279  0  0
4.999999999998257e-06
4.999999999998253e-06
4.999999999998253e-06

  279  0  1
4.999999999998256e-06
4.999999999998253e-06
4.999999999998255e-06

  280  0  0
4.999999999998256e-06
4.999999999998253e-06
4.999999999998253e-06

  280  0  1
4.999999999998256e-06
4.999999999998253e-06
4.999999999998255e-06

  281  0  0
4.999999999998255e-06
4.999999999998254e-06
4.999999999998255e-06

  281  0  1
4.999999999998256e-06
4.999999999998253e-06
4.999999999998255e-06

  282  0  0
4.999999999998256e-06
4.999999999998254e-06
4.999999999998255e-06

  282  0  1
4.999999999998256e-06
4.999999999998253e-06
4.999999999998255e-06

  283  0  0
4.999999999998256e-06
4.999999999998254e-06
4.999999999998256e-06

  283  0  1
4.999999999998255e-06
4.999999999998253e-06
4.999999999998253e-06

  284  0  0
4.999999999998256e-06
4.999999999998253e-06
4.999999999998254e-06

  284  0  1
4.999999999998256e-06
4.999999999998253e-06
4.999999999998255e-06

  285  0  0
4.999999999998257e-06
4.999999999998253e-06
4.999999999998256e-06

  285  0  1
4.999999999998256e-06
4.999999999998253e-06
4.999999999998255e-06

  286  0  0
4.999999999998257e-06
4.999999999998254e-06
4.999999999998256e-06

  286  0  1
4.999999999998256e-06
4.999999999998253e-06
4.999999999998255e-06

  287  0  0
4.999999999998256e-06
4.999999999998254e-06
4.999999999998255e-06

  287  0  1
4.999999999998255e-06
4.999999999998253e-06
4.999999999998253e-06

  288  0  0
4.999999999998256e-06
4.999999999998254e-06
4.999999999998256e-06

  288  0  1
4.999999999998256e-06
4.999999999998253e-06
4.999999999998255e-06

  289  0  0
4.999999999998256e-06
4.999999999998254e-06
4.999999999998256e-06

  289  0  1
4.999999999998256e-06
4.999999999998253e-06
4.999999999998255e-06

  290  0  0
4.999999999998256e-06
4.999999999998256e-06
4.999999999998255e-06

  290  0  1
4.999999999998256e-06
4.999999999998253e-06
4.999999999998255e-06

  291  0  0
4.999999999998256e-06
4.999999999998255e-06
4.999999999998254e-06

  291  0  1
4.999999999998256e-06
4.999999999998253e-06
4.999999999998255e-06

  292  0  0
4.999999999998256e-06
4.999999999998253e-06
4.999999999998255e-06

  292  0  1
4.999999999998256e-06
4.999999999998253e-06
4.999999999998255e-06

  293  0  0
4.999999999998256e-06
4.999999999998255e-06
4.999999999998256e-06

  293  0  1
4.999999999998255e-06
4.999999999998253e-06
4.999999999998253e-06

  294  0  0
4.999999999998256e-06
4.999999999998256e-06
4.999999999998254e-06

  294  0  1
4.999999999998256e-06
4.999999999998253e-06
4.999999999998255e-06

  295  0  0
4.999999999998258e-06
4.999999999998255e-06
4.999999999998255e-06

  295  0  1
4.999999999998256e-06
4.999999999998253e-06
4.999999999998255e-06

  296  0  0
4.999999999998256e-06
4.999999999998255e-06
4.999999999998254e-06

  296  0  1
4.999999999998256e-06
4.999999999998253e-06
4.999999999998255e-06

  297  0  0
4.999999999998256e-06
4.999999999998255e-06
4.999999999998255e-06

  297  0  1
4.999999999998256e-06
4.999999999998253e-06
4.999999999998255e-06

  298  0  0
4.999999999998256e-06
4.999999999998255e-06
4.999999999998254e-06

  298  0  1
4.999999999998256e-06
4.999999999998253e-06
4.999999999998255e-06

  299  0  0
4.999999999998256e-06
4.999999999998255e-06
4.999999999998254e-06

  299  0  1
4.999999999998256e-06
4.999999999998253e-06
4.999999999998255e-06

  300  0  0
4.999999999998258e-06
4.999999999998252e-06
4.999999999998256e-06

  300  0  1
4.999999999998256e-06
4.999999999998253e-06
4.999999999998255e-06

  301  0  0
4.999999999998256e-06
4.999999999998253e-06
4.999999999998256e-06

  301  0  1
4.999999999998256e-06
4.999999999998253e-06
4.999999999998255e-06

  302  0  0
4.999999999998255e-06
4.999999999998255e-06
4.999999999998256e-06

  302  0  1
4.999999999998255e-06
4.999999999998253e-06
4.999999999998253e-06

  303  0  0
4.999999999998257e-06
4.999999999998253e-06
4.999999999998254e-06

  303  0  1
4.999999999998256e-06
4.999999999998253e-06
4.999999999998255e-06

  304  0  0
4.999999999998255e-06
4.999999999998254e-06
4.999999999998255e-06

  304  0  1
4.999999999998256e-06
4.999999999998253e-06
4.999999999998255e-06

  305  0  0
4.999999999998256e-06
4.999999999998254e-06
4.999999999998256e-06

  305  0  1
4.999999999998256e-06
4.999999999998253e-06
4.999999999998255e-06

  306  0  0
4.999999999998255e-06
4.999999999998254e-06
4.999999999998253e-06

  306  0  1
4.999999999998256e-06
4.999999999998253e-06
4.999999999998255e-06

  307  0  0
4.999999999998257e-06
4.999999999998256e-06
4.999999999998241e-06

  307  0  1
4.999999999998256e-06
4.999999999998253e-06
4.999999999998255e-06

  308  0  0
4.999999999998248e-06
4.999999999998298e-06
4.999999999998025e-06

  308  0  1
4.999999999998256e-06
4.999999999998253e-06
4.999999999998253e-06

  309  0  0
4.999999999998277e-06
4.999999999998699e-06
4.999999999991859e-06

  309  0  1
4.999999999998232e-06
4.999999999998333e-06
4.999999999995652e-06

  310  0  0
4.999999999999955e-06
5.000000000011717e-06
4.999999999903226e-06

  310  0  1
4.999999999996904e-06
5.000000000007111e-06
4.999999999958962e-06

  311  0  0
5.000000000023486e-06
5.000000000190273e-06
4.999999998632785e-06

  311  0  1
4.999999999976259e-06
5.000000000129699e-06
4.999999999418132e-06

  312  0  0
5.000000000385227e-06
5.000000002697251e-06
4.999999980529375e-06

  312  0  1
4.999999999678044e-06
5.000000001917778e-06
4.999999991489674e-06

  313  0  0
5.000000005962282e-06
5.000000037625644e-06
4.999999724213943e-06

  313  0  1
4.999999995437402e-06
5.000000027878079e-06
4.999999875843607e-06

  314  0  0
5.000000091321251e-06
5.000000519927304e-06
4.999996120652853e-06

  314  0  1
4.999999935594034e-06
5.000000402480246e-06
4.999998198448186e-06

  315  0  0
5.000001388850017e-06
5.000007114637303e-06
4.999945839689360e-06

  315  0  1
4.999999099303742e-06
5.000005772046217e-06
4.999974015792071e-06

  316  0  0
5.000020968507530e-06
5.000096323147624e-06
4.999249965700957e-06

  316  0  1
4.999987541187721e-06
5.000082182196043e-06
4.999627676567701e-06

  317  0  0
5.000313901450651e-06
5.001289693032419e-06
4.989707904221239e-06

  317  0  1
4.999829728721931e-06
5.001161181994093e-06
4.994704267687908e-06

  318  0  0
5.004614592597390e-06
5.017212942798612e-06
4.861041372381124e-06

  318  0  1
4.997685796335837e-06
5.016334412734183e-06
4.925517469652730e-06

  319  0  0
5.059198474947853e-06
5.257519143874014e-06
3.319059595780366e-06

  319  0  1
4.965080913664676e-06
5.241578855013584e-06
4.012888820801217e-06

