#Cell 
# Element_0
# Element_1
# Element_2
# Element_3
0
1.164491933401416e+00
1.163456275088314e+00
1.161790231905725e+00
1.160721970623361e+00

1
1.160729538238285e+00
1.159654956897035e+00
1.157903375495116e+00
1.156794992927636e+00

2
1.156804084034616e+00
1.155672545536108e+00
1.153826447960709e+00
1.152661511971446e+00

3
1.152660005244112e+00
1.151483200745796e+00
1.149528044957899e+00
1.148309140648535e+00

4
1.148292496815351e+00
1.147071297293521e+00
1.145003211452314e+00
1.143734533695342e+00

5
1.143735113449100e+00
1.142344654082496e+00
1.140157894564338e+00
1.138765962543137e+00

6
1.138768618351077e+00
1.137354537076223e+00
1.135014610863770e+00
1.133534167779401e+00

7
1.133537142561039e+00
1.132023397539031e+00
1.129525456527966e+00
1.127950342067236e+00

8
1.127952263921803e+00
1.126325782148242e+00
1.123613950885987e+00
1.121925259065014e+00

9
1.121952202521190e+00
1.120195982275485e+00
1.117297041444558e+00
1.115440483014562e+00

10
1.115421912304579e+00
1.113534190271610e+00
1.110407018811302e+00
1.108430662095678e+00

11
1.108419864692600e+00
1.106367541444913e+00
1.102971759841585e+00
1.100818521570565e+00

12
1.100805801654137e+00
1.098594802698788e+00
1.094940212167260e+00
1.092600797799008e+00

13
1.092610389609738e+00
1.090118011040051e+00
1.086030608512178e+00
1.083487424356076e+00

14
1.083466770494314e+00
1.080810471696948e+00
1.076357889541676e+00
1.073513085142108e+00

15
1.073518651363319e+00
1.070581125181210e+00
1.065693128420828e+00
1.062542202326183e+00

16
1.062554167659666e+00
1.059308871684598e+00
1.053905965263146e+00
1.050456157741237e+00

17
1.050498845718955e+00
1.046868305413296e+00
1.040751684464670e+00
1.036939909090405e+00

18
1.036977867781950e+00
1.032930868943559e+00
1.026196852268199e+00
1.021838440429494e+00

19
1.021836205231367e+00
1.017361188342941e+00
1.009819238360635e+00
1.004952486386681e+00

20
1.004976171054384e+00
9.998499590097960e-01
9.913296179523980e-01
9.858634082294291e-01

21
9.860594149653783e-01
9.801191617425347e-01
9.703250702282361e-01
9.640245881603354e-01

22
9.640639953869737e-01
9.574644314255890e-01
9.463005070680248e-01
9.391134218816476e-01

23
9.391163246030695e-01
9.315373197488461e-01
9.184846712334483e-01
9.101206229564365e-01

24
9.101440200981582e-01
9.013177568556551e-01
8.861272854262514e-01
8.763992656565118e-01

25
8.761083625137817e-01
8.657754945524475e-01
8.476755792887281e-01
8.360372394138027e-01

26
8.355460932562724e-01
8.231111857692763e-01
8.012185188027512e-01
7.866977973535556e-01

27
7.868508043431046e-01
7.711872668163856e-01
7.435095678240717e-01
7.253375053619104e-01

28
7.245607627552385e-01
7.057900138481727e-01
6.724026837594670e-01
6.483562283890071e-01

29
6.587339678130554e-01
6.144500353219499e-01
5.557295353493663e-01
5.149207861005780e-01

30
5.130298336210428e-01
4.664281751927924e-01
3.382260063370689e-01
1.792285449984114e-01

31
1.279298357416196e-01
6.083627130050318e-02
5.447857209161885e-02
5.875772776877611e-02

32
5.646373483947176e-02
5.623685226023144e-02
5.623312974946338e-02
5.623561160027727e-02

33
5.623425807277202e-02
5.623413400015709e-02
5.623413197315907e-02
5.623413332344165e-02

34
5.623413258800778e-02
5.623413251984832e-02
5.623413251872857e-02
5.623413251947363e-02

35
5.623413251906858e-02
5.623413251903047e-02
5.623413251902983e-02
5.623413251903024e-02

36
5.623413251903003e-02
5.623413251903000e-02
5.623413251903000e-02
5.623413251903000e-02

37
5.623413251903000e-02
5.623413251903000e-02
5.623413251903000e-02
5.623413251903000e-02

38
5.623413251903000e-02
5.623413251903000e-02
5.623413251903000e-02
5.623413251903000e-02

39
5.623413251903000e-02
5.623413251903000e-02
5.623413251903000e-02
5.623413251903000e-02

40
5.623413251903000e-02
5.623413251903000e-02
5.623413251903000e-02
5.623413251903000e-02

41
5.623413251903000e-02
5.623413251903000e-02
5.623413251903000e-02
5.623413251903000e-02

42
5.623413251903000e-02
5.623413251903000e-02
5.623413251903000e-02
5.623413251903000e-02

43
5.623413251903000e-02
5.623413251903000e-02
5.623413251903000e-02
5.623413251903000e-02

44
5.623413251903000e-02
5.623413251903000e-02
5.623413251903000e-02
5.623413251903000e-02

45
5.623413251903000e-02
5.623413251903000e-02
5.623413251903000e-02
5.623413251903000e-02

46
5.623413251903000e-02
5.623413251903000e-02
5.623413251903000e-02
5.623413251903000e-02

47
5.623413251903000e-02
5.623413251903000e-02
5.623413251903000e-02
5.623413251903000e-02

48
5.623413251903000e-02
5.623413251903000e-02
5.623413251903000e-02
5.623413251903000e-02

49
5.623413251903000e-02
5.623413251903000e-02
5.623413251903000e-02
5.623413251903000e-02

50
5.623413251903000e-02
5.623413251903000e-02
5.623413251903000e-02
5.623413251903000e-02

51
5.623413251903000e-02
5.623413251903000e-02
5.623413251903000e-02
5.623413251903000e-02

52
5.623413251903000e-02
5.623413251903000e-02
5.623413251903000e-02
5.623413251903000e-02

53
5.623413251903000e-02
5.623413251903000e-02
5.623413251903000e-02
5.623413251903000e-02

54
5.623413251903000e-02
5.623413251903000e-02
5.623413251903000e-02
5.623413251903000e-02

55
5.623413251903000e-02
5.623413251903000e-02
5.623413251903000e-02
5.623413251903000e-02

56
5.623413251903000e-02
5.623413251903000e-02
5.623413251903000e-02
5.623413251903000e-02

57
5.623413251903000e-02
5.623413251903000e-02
5.623413251903000e-02
5.623413251903000e-02

58
5.623413251903000e-02
5.623413251903000e-02
5.623413251903000e-02
5.623413251903000e-02

59
5.623413251903000e-02
5.623413251903000e-02
5.623413251903000e-02
5.623413251903000e-02

60
5.623413251903000e-02
5.623413251903000e-02
5.623413251903000e-02
5.623413251903000e-02

61
5.623413251903000e-02
5.623413251903000e-02
5.623413251903000e-02
5.623413251903000e-02

62
5.623413251903000e-02
5.623413251903000e-02
5.623413251903000e-02
5.623413251903000e-02

63
5.623413251903000e-02
5.623413251903000e-02
5.623413251903000e-02
5.623413251903000e-02

64
5.623413251903000e-02
5.623413251903000e-02
5.623413251903000e-02
5.623413251903000e-02

65
5.623413251903000e-02
5.623413251903000e-02
5.623413251903000e-02
5.623413251903000e-02

66
5.623413251903000e-02
5.623413251903000e-02
5.623413251903000e-02
5.623413251903000e-02

67
5.623413251903000e-02
5.623413251903000e-02
5.623413251903000e-02
5.623413251903000e-02

68
5.623413251903000e-02
5.623413251903000e-02
5.623413251903000e-02
5.623413251903000e-02

69
5.623413251903000e-02
5.623413251903000e-02
5.623413251903000e-02
5.623413251903000e-02

70
5.623413251903000e-02
5.623413251903000e-02
5.623413251903000e-02
5.623413251903000e-02

71
5.623413251903000e-02
5.623413251903000e-02
5.623413251903000e-02
5.623413251903000e-02

72
5.623413251903000e-02
5.623413251903000e-02
5.623413251903000e-02
5.623413251903000e-02

73
5.623413251903000e-02
5.623413251903000e-02
5.623413251903000e-02
5.623413251903000e-02

74
5.623413251903000e-02
5.623413251903000e-02
5.623413251903000e-02
5.623413251903000e-02

75
5.623413251903000e-02
5.623413251903000e-02
5.623413251903000e-02
5.623413251901716e-02

76
5.623413251896785e-02
5.623413251907768e-02
5.623413251889375e-02
5.623413250952539e-02

77
5.623413247692793e-02
5.623413255191696e-02
5.623413242473167e-02
5.623412599919634e-02

78
5.623410659460852e-02
5.623415326053723e-02
5.623407250995420e-02
5.623003835224111e-02

79
5.622038708162262e-02
5.624560156610385e-02
5.620043914625415e-02
5.381837676045790e-02

