#Cell    Group    L_mom 
# Element_0
# Element_1
    0  0  0
1.914256245521254e+00
1.913158263773340e+00

    1  0  0
1.913158606868372e+00
1.912059843847726e+00

    2  0  0
1.912060189304902e+00
1.910960640741082e+00

    3  0  0
1.910960988590651e+00
1.909860650155242e+00

    4  0  0
1.909861000422777e+00
1.908759867746383e+00

    5  0  0
1.908760220455056e+00
1.907658289127792e+00

    6  0  0
1.907658644300375e+00
1.906555909871902e+00

    7  0  0
1.906556267531104e+00
1.905452725510524e+00

    8  0  0
1.905453085679107e+00
1.904348731534752e+00

    9  0  0
1.904349094235589e+00
1.903243923394728e+00

   10  0  0
1.903244288650846e+00
1.902138296499380e+00

   11  0  0
1.902138664333969e+00
1.901031846216088e+00

   12  0  0
1.901032216652524e+00
1.899924567870357e+00

   13  0  0
1.899924940932206e+00
1.898816456745442e+00

   14  0  0
1.898816832456476e+00
1.897707508081997e+00

   15  0  0
1.897707886466188e+00
1.896597717077667e+00

   16  0  0
1.896598098159207e+00
1.895487078886720e+00

   17  0  0
1.895487462690010e+00
1.894375588619635e+00

   18  0  0
1.894375975169305e+00
1.893263241342712e+00

   19  0  0
1.893263630663607e+00
1.892150032077641e+00

   20  0  0
1.892150424194839e+00
1.891035955801111e+00

   21  0  0
1.891036350739918e+00
1.889921007444370e+00

   22  0  0
1.889921405230327e+00
1.888805181892808e+00

   23  0  0
1.888805582551692e+00
1.887688473985521e+00

   24  0  0
1.887688877543342e+00
1.886570878514872e+00

   25  0  0
1.886571284997893e+00
1.885452390226063e+00

   26  0  0
1.885452799660782e+00
1.884333003816674e+00

   27  0  0
1.884333416229838e+00
1.883212713936216e+00

   28  0  0
1.883213129354822e+00
1.882091515185678e+00

   29  0  0
1.882091933636978e+00
1.880969402117067e+00

   30  0  0
1.880969823628563e+00
1.879846369232935e+00

   31  0  0
1.879846793832389e+00
1.878722410985917e+00

   32  0  0
1.878722838701352e+00
1.877597521778249e+00

   33  0  0
1.877597952637947e+00
1.876471695961295e+00

   34  0  0
1.876472129993805e+00
1.875344927835054e+00

   35  0  0
1.875345365069194e+00
1.874217211647675e+00

   36  0  0
1.874217652112532e+00
1.873088541594956e+00

   37  0  0
1.873088985319891e+00
1.871958911819851e+00

   38  0  0
1.871959358834500e+00
1.870828316411961e+00

   39  0  0
1.870828766746238e+00
1.869696749407022e+00

   40  0  0
1.869697203091125e+00
1.868564204786396e+00

   41  0  0
1.868564661850804e+00
1.867430676476540e+00

   42  0  0
1.867431136952018e+00
1.866296158348488e+00

   43  0  0
1.866296622266093e+00
1.865160644217316e+00

   44  0  0
1.865161111608395e+00
1.864024127841607e+00

   45  0  0
1.864024598737804e+00
1.862886602922907e+00

   46  0  0
1.862887077356163e+00
1.861748063105181e+00

   47  0  0
1.861748541107738e+00
1.860608501974253e+00

   48  0  0
1.860608983578656e+00
1.859467913057254e+00

   49  0  0
1.859468398296357e+00
1.858326289822055e+00

   50  0  0
1.858326778729020e+00
1.857183625676695e+00

   51  0  0
1.857184118284997e+00
1.856039913968808e+00

   52  0  0
1.856040410312237e+00
1.854895147985036e+00

   53  0  0
1.854895648097706e+00
1.853749320950446e+00

   54  0  0
1.853749824866788e+00
1.852602426027933e+00

   55  0  0
1.852602933782706e+00
1.851454456317622e+00

   56  0  0
1.851454967945917e+00
1.850305404856254e+00

   57  0  0
1.850305920393490e+00
1.849155264616580e+00

   58  0  0
1.849155784098516e+00
1.848004028506742e+00

   59  0  0
1.848004551969474e+00
1.846851689369640e+00

   60  0  0
1.846852216849606e+00
1.845698239982302e+00

   61  0  0
1.845698771516291e+00
1.844543673055247e+00

   62  0  0
1.844544208680399e+00
1.843387981231835e+00

   63  0  0
1.843388520985640e+00
1.842231157087607e+00

   64  0  0
1.842231701007916e+00
1.841073193129634e+00

   65  0  0
1.841073741254661e+00
1.839914081795842e+00

   66  0  0
1.839914634164167e+00
1.838753815454339e+00

   67  0  0
1.838754372104913e+00
1.837592386402732e+00

   68  0  0
1.837592947374877e+00
1.836429786867428e+00

   69  0  0
1.836430352200850e+00
1.835266009002946e+00

   70  0  0
1.835266578737731e+00
1.834101044891203e+00

   71  0  0
1.834101619067822e+00
1.832934886540798e+00

   72  0  0
1.832935465200117e+00
1.831767525886295e+00

   73  0  0
1.831768109069576e+00
1.830598954787494e+00

   74  0  0
1.830599542536396e+00
1.829429165028682e+00

   75  0  0
1.829429757385272e+00
1.828258148317893e+00

   76  0  0
1.828258745324645e+00
1.827085896286149e+00

   77  0  0
1.827086497985952e+00
1.825912400486695e+00

   78  0  0
1.825913006922856e+00
1.824737652394230e+00

   79  0  0
1.824738263610479e+00
1.823561643404123e+00

   80  0  0
1.823562259444617e+00
1.822384364831622e+00

   81  0  0
1.822384985740951e+00
1.821205807911051e+00

   82  0  0
1.821206433734243e+00
1.820025963795008e+00

   83  0  0
1.820026594577532e+00
1.818844823553541e+00

   84  0  0
1.818845459341314e+00
1.817662378173327e+00

   85  0  0
1.817663019012717e+00
1.816478618556827e+00

   86  0  0
1.816479264494663e+00
1.815293535521456e+00

   87  0  0
1.815294186605024e+00
1.814107119798706e+00

   88  0  0
1.814107776075760e+00
1.812919362033294e+00

   89  0  0
1.812920023552066e+00
1.811730252782285e+00

   90  0  0
1.811730919591479e+00
1.810539782514206e+00

   91  0  0
1.810540454663013e+00
1.809347941608151e+00

   92  0  0
1.809348619146249e+00
1.808154720352869e+00

   93  0  0
1.808155403330432e+00
1.806960108945858e+00

   94  0  0
1.806960797413559e+00
1.805764097492429e+00

   95  0  0
1.805764791501447e+00
1.804566676004775e+00

   96  0  0
1.804567375606801e+00
1.803367834401020e+00

   97  0  0
1.803368539648262e+00
1.802167562504255e+00

   98  0  0
1.802168273449447e+00
1.800965850041575e+00

   99  0  0
1.800966566737977e+00
1.799762686643091e+00

  100  0  0
1.799763409144500e+00
1.798558061840934e+00

  101  0  0
1.798558790201690e+00
1.797351965068260e+00

  102  0  0
1.797352699343250e+00
1.796144385658219e+00

  103  0  0
1.796145125902888e+00
1.794935312842934e+00

  104  0  0
1.794936059113282e+00
1.793724735752452e+00

  105  0  0
1.793725488105052e+00
1.792512643413702e+00

  106  0  0
1.792513401905700e+00
1.791299024749414e+00

  107  0  0
1.791299789438538e+00
1.790083868577049e+00

  108  0  0
1.790084639521616e+00
1.788867163607698e+00

  109  0  0
1.788867940866617e+00
1.787648898444982e+00

  110  0  0
1.787649682077769e+00
1.786429061583935e+00

  111  0  0
1.786429851650711e+00
1.785207641409860e+00

  112  0  0
1.785208437971366e+00
1.783984626197193e+00

  113  0  0
1.783985429314792e+00
1.782760004108338e+00

  114  0  0
1.782760813844027e+00
1.781533763192494e+00

  115  0  0
1.781534579608907e+00
1.780305891384463e+00

  116  0  0
1.780306714544885e+00
1.779076376503451e+00

  117  0  0
1.779077206471818e+00
1.777845206251844e+00

  118  0  0
1.777846043092756e+00
1.776612368213980e+00

  119  0  0
1.776613211992708e+00
1.775377849854895e+00

  120  0  0
1.775378700637390e+00
1.774141638519063e+00

  121  0  0
1.774142496371963e+00
1.772903721429115e+00

  122  0  0
1.772904586419752e+00
1.771664085684539e+00

  123  0  0
1.771664957880954e+00
1.770422718260378e+00

  124  0  0
1.770423597731319e+00
1.769179606005894e+00

  125  0  0
1.769180492820835e+00
1.767934735643222e+00

  126  0  0
1.767935629872367e+00
1.766688093766019e+00

  127  0  0
1.766688995480312e+00
1.765439666838070e+00

  128  0  0
1.765440576109204e+00
1.764189441191904e+00

  129  0  0
1.764190358092327e+00
1.762937403027374e+00

  130  0  0
1.762938327630308e+00
1.761683538410230e+00

  131  0  0
1.761684470789672e+00
1.760427833270659e+00

  132  0  0
1.760428773501393e+00
1.759170273401828e+00

  133  0  0
1.759171221559435e+00
1.757910844458390e+00

  134  0  0
1.757911800619258e+00
1.756649531954980e+00

  135  0  0
1.756650496196318e+00
1.755386321264689e+00

  136  0  0
1.755387293664530e+00
1.754121197617516e+00

  137  0  0
1.754122178254734e+00
1.752854146098805e+00

  138  0  0
1.752855135053123e+00
1.751585151647660e+00

  139  0  0
1.751586148999661e+00
1.750314199055336e+00

  140  0  0
1.750315204886473e+00
1.749041272963611e+00

  141  0  0
1.749042287356224e+00
1.747766357863145e+00

  142  0  0
1.747767380900465e+00
1.746489438091799e+00

  143  0  0
1.746490469857962e+00
1.745210497832948e+00

  144  0  0
1.745211538413009e+00
1.743929521113768e+00

  145  0  0
1.743930570593711e+00
1.742646491803497e+00

  146  0  0
1.742647550270247e+00
1.741361393611673e+00

  147  0  0
1.741362461153109e+00
1.740074210086353e+00

  148  0  0
1.740075286791322e+00
1.738784924612309e+00

  149  0  0
1.738786010570636e+00
1.737493520409188e+00

  150  0  0
1.737494615711691e+00
1.736199980529663e+00

  151  0  0
1.736201085268165e+00
1.734904287857550e+00

  152  0  0
1.734905402124892e+00
1.733606425105897e+00

  153  0  0
1.733607548995952e+00
1.732306374815063e+00

  154  0  0
1.732307508422753e+00
1.731004119350749e+00

  155  0  0
1.731005262772055e+00
1.729699640902021e+00

  156  0  0
1.729700794233997e+00
1.728392921479290e+00

  157  0  0
1.728394084820080e+00
1.727083942912279e+00

  158  0  0
1.727085116361131e+00
1.725772686847954e+00

  159  0  0
1.725773870505236e+00
1.724459134748426e+00

  160  0  0
1.724460328715638e+00
1.723143267888830e+00

  161  0  0
1.723144472268624e+00
1.721825067355166e+00

  162  0  0
1.721826282251356e+00
1.720504514042121e+00

  163  0  0
1.720505739559707e+00
1.719181588650854e+00

  164  0  0
1.719182824896028e+00
1.717856271686740e+00

  165  0  0
1.717857518766915e+00
1.716528543457112e+00

  166  0  0
1.716529801480924e+00
1.715198384068933e+00

  167  0  0
1.715199653146274e+00
1.713865773426471e+00

  168  0  0
1.713867053668493e+00
1.712530691228912e+00

  169  0  0
1.712531982748054e+00
1.711193116967962e+00

  170  0  0
1.711194419877962e+00
1.709853029925397e+00

  171  0  0
1.709854344341317e+00
1.708510409170597e+00

  172  0  0
1.708511735208830e+00
1.707165233558019e+00

  173  0  0
1.707166571336323e+00
1.705817481724660e+00

  174  0  0
1.705818831362166e+00
1.704467132087472e+00

  175  0  0
1.704468493704707e+00
1.703114162840729e+00

  176  0  0
1.703115536559639e+00
1.701758551953383e+00

  177  0  0
1.701759937897346e+00
1.700400277166347e+00

  178  0  0
1.700401675460202e+00
1.699039315989775e+00

  179  0  0
1.699040726759843e+00
1.697675645700275e+00

  180  0  0
1.697677069074368e+00
1.696309243338086e+00

  181  0  0
1.696310679445545e+00
1.694940085704229e+00

  182  0  0
1.694941534675935e+00
1.693568149357594e+00

  183  0  0
1.693569611325994e+00
1.692193410612004e+00

  184  0  0
1.692194885711139e+00
1.690815845533218e+00

  185  0  0
1.690817333898738e+00
1.689435429935904e+00

  186  0  0
1.689436931705096e+00
1.688052139380555e+00

  187  0  0
1.688053654692370e+00
1.686665949170372e+00

  188  0  0
1.686667478165442e+00
1.685276834348083e+00

  189  0  0
1.685278377168756e+00
1.683884769692731e+00

  190  0  0
1.683886326483087e+00
1.682489729716399e+00

  191  0  0
1.682491300622284e+00
1.681091688660900e+00

  192  0  0
1.681093273829946e+00
1.679690620494404e+00

  193  0  0
1.679692220076061e+00
1.678286498908018e+00

  194  0  0
1.678288113053581e+00
1.676879297312317e+00

  195  0  0
1.676880926174950e+00
1.675468988833815e+00

  196  0  0
1.675470632568584e+00
1.674055546311387e+00

  197  0  0
1.674057205075286e+00
1.672638942292634e+00

  198  0  0
1.672640616244618e+00
1.671219149030191e+00

  199  0  0
1.671220838331205e+00
1.669796138477979e+00

  200  0  0
1.669797843290987e+00
1.668369882287398e+00

  201  0  0
1.668371602777415e+00
1.666940351803453e+00

  202  0  0
1.666942088137577e+00
1.665507518060835e+00

  203  0  0
1.665509270408284e+00
1.664071351779926e+00

  204  0  0
1.664073120312064e+00
1.662631823362746e+00

  205  0  0
1.662633608253120e+00
1.661188902888834e+00

  206  0  0
1.661190704313211e+00
1.659742560111066e+00

  207  0  0
1.659744378247464e+00
1.658292764451402e+00

  208  0  0
1.658294599480129e+00
1.656839484996575e+00

  209  0  0
1.656841337100264e+00
1.655382690493691e+00

  210  0  0
1.655384559857336e+00
1.653922349345779e+00

  211  0  0
1.653924236156778e+00
1.652458429607258e+00

  212  0  0
1.652460334055446e+00
1.650990898979326e+00

  213  0  0
1.650992821257014e+00
1.649519724805281e+00

  214  0  0
1.649521665107307e+00
1.648044874065772e+00

  215  0  0
1.648046832589527e+00
1.646566313373954e+00

  216  0  0
1.646568290319434e+00
1.645084008970574e+00

  217  0  0
1.645086004540421e+00
1.643597926718978e+00

  218  0  0
1.643599941118521e+00
1.642108032100027e+00

  219  0  0
1.642110065537329e+00
1.640614290206933e+00

  220  0  0
1.640616342892834e+00
1.639116665740008e+00

  221  0  0
1.639118737888174e+00
1.637615123001326e+00

  222  0  0
1.637617214828294e+00
1.636109625889285e+00

  223  0  0
1.636111737614514e+00
1.634600137893102e+00

  224  0  0
1.634602269739020e+00
1.633086622087179e+00

  225  0  0
1.633088774279234e+00
1.631569041125408e+00

  226  0  0
1.631571213892117e+00
1.630047357235345e+00

  227  0  0
1.630049550808351e+00
1.628521532212315e+00

  228  0  0
1.628523746826438e+00
1.626991527413396e+00

  229  0  0
1.626993763306686e+00
1.625457303751304e+00

  230  0  0
1.625459561165096e+00
1.623918821688170e+00

  231  0  0
1.623921100867149e+00
1.622376041229216e+00

  232  0  0
1.622378342421465e+00
1.620828921916308e+00

  233  0  0
1.620831245373373e+00
1.619277422821408e+00

  234  0  0
1.619279768798356e+00
1.617721502539902e+00

  235  0  0
1.617723871295384e+00
1.616161119183811e+00

  236  0  0
1.616163510980128e+00
1.614596230374890e+00

  237  0  0
1.614598645478050e+00
1.613026793237585e+00

  238  0  0
1.613029231917378e+00
1.611452764391890e+00

  239  0  0
1.611455226921952e+00
1.609874099946055e+00

  240  0  0
1.609876586603933e+00
1.608290755489163e+00

  241  0  0
1.608293266556389e+00
1.606702686083587e+00

  242  0  0
1.606705221845751e+00
1.605109846257297e+00

  243  0  0
1.605112407004119e+00
1.603512189996030e+00

  244  0  0
1.603514776021437e+00
1.601909670735323e+00

  245  0  0
1.601912282337521e+00
1.600302241352386e+00

  246  0  0
1.600304878833944e+00
1.598689854157834e+00

  247  0  0
1.598692517825760e+00
1.597072460887268e+00

  248  0  0
1.597075151053095e+00
1.595450012692690e+00

  249  0  0
1.595452729672561e+00
1.593822460133767e+00

  250  0  0
1.593825204248515e+00
1.592189753168924e+00

  251  0  0
1.592192524744165e+00
1.590551841146270e+00

  252  0  0
1.590554640512491e+00
1.588908672794360e+00

  253  0  0
1.588911500287009e+00
1.587260196212764e+00

  254  0  0
1.587263052172351e+00
1.585606358862482e+00

  255  0  0
1.585609243634667e+00
1.583947107556147e+00

  256  0  0
1.583950021491844e+00
1.582282388448060e+00

  257  0  0
1.582285331903537e+00
1.580612147024030e+00

  258  0  0
1.580615120361007e+00
1.578936328090996e+00

  259  0  0
1.578939331676760e+00
1.577254875766485e+00

  260  0  0
1.577257909973994e+00
1.575567733467825e+00

  261  0  0
1.575570798675814e+00
1.573874843901166e+00

  262  0  0
1.573877940494266e+00
1.572176149050291e+00

  263  0  0
1.572179277419143e+00
1.570471590165181e+00

  264  0  0
1.570474750706559e+00
1.568761107750381e+00

  265  0  0
1.568764300867308e+00
1.567044641553107e+00

  266  0  0
1.567047867654981e+00
1.565322130551138e+00

  267  0  0
1.565325390053864e+00
1.563593512940441e+00

  268  0  0
1.563596806266557e+00
1.561858726122569e+00

  269  0  0
1.561862053701383e+00
1.560117706691781e+00

  270  0  0
1.560121068959508e+00
1.558370390421914e+00

  271  0  0
1.558373787821817e+00
1.556616712252980e+00

  272  0  0
1.556620145235512e+00
1.554856606277481e+00

  273  0  0
1.554860075300438e+00
1.553090005726455e+00

  274  0  0
1.553093511255125e+00
1.551316842955219e+00

  275  0  0
1.551320385462539e+00
1.549537049428821e+00

  276  0  0
1.549540629395533e+00
1.547750555707181e+00

  277  0  0
1.547754173622000e+00
1.545957291429927e+00

  278  0  0
1.545960947789707e+00
1.544157185300904e+00

  279  0  0
1.544160880610810e+00
1.542350165072353e+00

  280  0  0
1.542353899846039e+00
1.540536157528755e+00

  281  0  0
1.540539932288548e+00
1.538715088470328e+00

  282  0  0
1.538718903747406e+00
1.536886882696167e+00

  283  0  0
1.536890739030757e+00
1.535051463987017e+00

  284  0  0
1.535055361928587e+00
1.533208755087673e+00

  285  0  0
1.533212695195140e+00
1.531358677689003e+00

  286  0  0
1.531362660530929e+00
1.529501152409554e+00

  287  0  0
1.529505178564368e+00
1.527636098776774e+00

  288  0  0
1.527640168832985e+00
1.525763435207811e+00

  289  0  0
1.525767549764232e+00
1.523883078989875e+00

  290  0  0
1.523887238655854e+00
1.521994946260175e+00

  291  0  0
1.521999151655832e+00
1.520098951985394e+00

  292  0  0
1.520103203741858e+00
1.518195009940699e+00

  293  0  0
1.518199308700367e+00
1.516283032688284e+00

  294  0  0
1.516287379105069e+00
1.514362931555411e+00

  295  0  0
1.514367326295010e+00
1.512434616611953e+00

  296  0  0
1.512439060352113e+00
1.510497996647420e+00

  297  0  0
1.510502490078221e+00
1.508552979147454e+00

  298  0  0
1.508557522971596e+00
1.506599470269765e+00

  299  0  0
1.506604065202857e+00
1.504637374819515e+00

  300  0  0
1.504642021590384e+00
1.502666596224124e+00

  301  0  0
1.502671295575120e+00
1.500687036507467e+00

  302  0  0
1.500691789194792e+00
1.498698596263470e+00

  303  0  0
1.498703403057496e+00
1.496701174629068e+00

  304  0  0
1.496706036314691e+00
1.494694669256522e+00

  305  0  0
1.494699586633499e+00
1.492678976285051e+00

  306  0  0
1.492683950168368e+00
1.490653990311794e+00

  307  0  0
1.490659021532031e+00
1.488619604362050e+00

  308  0  0
1.488624693765765e+00
1.486575709858793e+00

  309  0  0
1.486580858308915e+00
1.484522196591435e+00

  310  0  0
1.484527404967670e+00
1.482458952683814e+00

  311  0  0
1.482464221883059e+00
1.480385864561384e+00

  312  0  0
1.480391195498158e+00
1.478302816917582e+00

  313  0  0
1.478308210524471e+00
1.476209692679347e+00

  314  0  0
1.476215149907458e+00
1.474106372971765e+00

  315  0  0
1.474111894791197e+00
1.471992737081811e+00

  316  0  0
1.471998324482143e+00
1.469868662421172e+00

  317  0  0
1.469874316411961e+00
1.467734024488097e+00

  318  0  0
1.467739746099394e+00
1.465588696828272e+00

  319  0  0
1.465594487111160e+00
1.463432550994666e+00

  320  0  0
1.463438411021800e+00
1.461265456506323e+00

  321  0  0
1.461271387372511e+00
1.459087280806088e+00

  322  0  0
1.459093283628863e+00
1.456897889217179e+00

  323  0  0
1.456903965137411e+00
1.454697144898633e+00

  324  0  0
1.454703295081156e+00
1.452484908799539e+00

  325  0  0
1.452491134433787e+00
1.450261039612039e+00

  326  0  0
1.450267341912724e+00
1.448025393723063e+00

  327  0  0
1.448031773930853e+00
1.445777825164730e+00

  328  0  0
1.445784284546966e+00
1.443518185563407e+00

  329  0  0
1.443524725414838e+00
1.441246324087346e+00

  330  0  0
1.441252945730886e+00
1.438962087392867e+00

  331  0  0
1.438968792180387e+00
1.436665319569052e+00

  332  0  0
1.436672108882187e+00
1.434355862080864e+00

  333  0  0
1.434362737331860e+00
1.432033553710664e+00

  334  0  0
1.432040516343241e+00
1.429698230498069e+00

  335  0  0
1.429705281988330e+00
1.427349725678075e+00

  336  0  0
1.427356867535433e+00
1.424987869617406e+00

  337  0  0
1.424995103385548e+00
1.422612489749011e+00

  338  0  0
1.422619817006905e+00
1.420223410504654e+00

  339  0  0
1.420230832867575e+00
1.417820453245513e+00

  340  0  0
1.417827972366121e+00
1.415403436190733e+00

  341  0  0
1.415411053760191e+00
1.412972174343865e+00

  342  0  0
1.412979892092973e+00
1.410526479417071e+00

  343  0  0
1.410534299117479e+00
1.408066159753075e+00

  344  0  0
1.408074083218515e+00
1.405591020244728e+00

  345  0  0
1.405599049332293e+00
1.403100862252112e+00

  346  0  0
1.403108998863602e+00
1.400595483517114e+00

  347  0  0
1.400603729600407e+00
1.398074678075329e+00

  348  0  0
1.398083035625824e+00
1.395538236165235e+00

  349  0  0
1.395546707227344e+00
1.392985944134510e+00

  350  0  0
1.392994530803200e+00
1.390417584343391e+00

  351  0  0
1.390426288765801e+00
1.387832935064957e+00

  352  0  0
1.387841759442062e+00
1.385231770382205e+00

  353  0  0
1.385240716970558e+00
1.382613860081827e+00

  354  0  0
1.382622931195365e+00
1.379978969544513e+00

  355  0  0
1.379988167556431e+00
1.377326859631672e+00

  356  0  0
1.377336186976386e+00
1.374657286568429e+00

  357  0  0
1.374666745743600e+00
1.371970001822712e+00

  358  0  0
1.371979595391368e+00
1.369264751980321e+00

  359  0  0
1.369274482573056e+00
1.366541278615765e+00

  360  0  0
1.366551148933036e+00
1.363799318158731e+00

  361  0  0
1.363809330973251e+00
1.361038601755980e+00

  362  0  0
1.361048759915204e+00
1.358258855128482e+00

  363  0  0
1.358269161557207e+00
1.355459798423600e+00

  364  0  0
1.355470256126669e+00
1.352641146062090e+00

  365  0  0
1.352651758127220e+00
1.349802606579720e+00

  366  0  0
1.349813376180445e+00
1.346943882463258e+00

  367  0  0
1.346954812862008e+00
1.344064669980592e+00

  368  0  0
1.344075764531898e+00
1.341164659004706e+00

  369  0  0
1.341175921158561e+00
1.338243532831279e+00

  370  0  0
1.338254966136637e+00
1.335300967989572e+00

  371  0  0
1.335312576098012e+00
1.332336634046341e+00

  372  0  0
1.332348420715891e+00
1.329350193402443e+00

  373  0  0
1.329362162501594e+00
1.326341301081797e+00

  374  0  0
1.326353456593682e+00
1.323309604512352e+00

  375  0  0
1.323321950539139e+00
1.320254743298702e+00

  376  0  0
1.320267284066182e+00
1.317176348985924e+00

  377  0  0
1.317189088848324e+00
1.314074044814267e+00

  378  0  0
1.314086988259286e+00
1.310947445464212e+00

  379  0  0
1.310960597118308e+00
1.307796156791474e+00

  380  0  0
1.307809521425404e+00
1.304619775551432e+00

  381  0  0
1.304633358086062e+00
1.301417889112491e+00

  382  0  0
1.301431694624908e+00
1.298190075157818e+00

  383  0  0
1.298204108887723e+00
1.294935901374858e+00

  384  0  0
1.294950168731311e+00
1.291654925132050e+00

  385  0  0
1.291669431700531e+00
1.288346693142061e+00

  386  0  0
1.288361444691918e+00
1.285010741110858e+00

  387  0  0
1.285025743603126e+00
1.281646593371895e+00

  388  0  0
1.281661852967531e+00
1.278253762504625e+00

  389  0  0
1.278269285573176e+00
1.274831748936508e+00

  390  0  0
1.274847542065250e+00
1.271380040527671e+00

  391  0  0
1.271396110531224e+00
1.267898112137224e+00

  392  0  0
1.267914466067715e+00
1.264385425170308e+00

  393  0  0
1.264402070328068e+00
1.260841427104767e+00

  394  0  0
1.260858371049640e+00
1.257265550996350e+00

  395  0  0
1.257282801559630e+00
1.253657214961222e+00

  396  0  0
1.253674780258267e+00
1.250015821634515e+00

  397  0  0
1.250033710078084e+00
1.246340757603553e+00

  398  0  0
1.246358977917915e+00
1.242631392814284e+00

  399  0  0
1.242649954050150e+00
1.238887079949375e+00

  400  0  0
1.238905991499718e+00
1.235107153776283e+00

  401  0  0
1.235126425393103e+00
1.231290930463538e+00

  402  0  0
1.231310572275626e+00
1.227437706863316e+00

  403  0  0
1.227457729395124e+00
1.223546759758257e+00

  404  0  0
1.223567173949914e+00
1.219617345070336e+00

  405  0  0
1.219638162298927e+00
1.215648697029431e+00

  406  0  0
1.215669929131612e+00
1.211640027299048e+00

  407  0  0
1.211661686595106e+00
1.207590524056507e+00

  408  0  0
1.207612623375977e+00
1.203499351024628e+00

  409  0  0
1.203521903733580e+00
1.199365646451809e+00

  410  0  0
1.199388666481948e+00
1.195188522037068e+00

  411  0  0
1.195212023916772e+00
1.190967061796408e+00

  412  0  0
1.190991060683872e+00
1.186700320866545e+00

  413  0  0
1.186724832585203e+00
1.182387324241741e+00

  414  0  0
1.182412365318140e+00
1.178027065439125e+00

  415  0  0
1.178052653143461e+00
1.173618505087497e+00

  416  0  0
1.173644657477052e+00
1.169160569434224e+00

  417  0  0
1.169187305399918e+00
1.164652148764344e+00

  418  0  0
1.164679488080696e+00
1.160092095725511e+00

  419  0  0
1.160120059104304e+00
1.155479223551882e+00

  420  0  0
1.155507832699845e+00
1.150812304179375e+00

  421  0  0
1.150841581860265e+00
1.146090066244145e+00

  422  0  0
1.146120036345601e+00
1.141311192955312e+00

  423  0  0
1.141341880560949e+00
1.136474319832188e+00

  424  0  0
1.136505751299401e+00
1.131578032295361e+00

  425  0  0
1.131610235339397e+00
1.126620863099959e+00

  426  0  0
1.126653866884834e+00
1.121601289598318e+00

  427  0  0
1.121635124835284e+00
1.116517730818063e+00

  428  0  0
1.116552429872337e+00
1.111368544340183e+00

  429  0  0
1.111404141346803e+00
1.106152022960226e+00

  430  0  0
1.106188553949930e+00
1.100866391113927e+00

  431  0  0
1.100903894150128e+00
1.095509801046760e+00

  432  0  0
1.095548316374775e+00
1.090080328704708e+00

  433  0  0
1.090119898914542e+00
1.084575969321146e+00

  434  0  0
1.084616639525331e+00
1.078994632672033e+00

  435  0  0
1.079036450700164e+00
1.073334137968551e+00

  436  0  0
1.073377154580417e+00
1.067592208352906e+00

  437  0  0
1.067636477472349e+00
1.061766464959099e+00

  438  0  0
1.061812043930992e+00
1.055854420496090e+00

  439  0  0
1.055901370369212e+00
1.049853472305770e+00

  440  0  0
1.049901858144681e+00
1.043760894842469e+00

  441  0  0
1.043810786071971e+00
1.037573831514262e+00

  442  0  0
1.037625302300522e+00
1.031289285818904e+00

  443  0  0
1.031342415491932e+00
1.024904111698764e+00

  444  0  0
1.024958985221639e+00
1.018415003029397e+00

  445  0  0
1.018471711520447e+00
1.011818482145138e+00

  446  0  0
1.011877123460278e+00
1.005110887292237e+00

  447  0  0
1.005171566675775e+00
9.982883588849989e-01

  448  0  0
9.983511896986231e-01
9.913468244230895e-01

  449  0  0
9.914119289643177e-01
9.842819819078775e-01

  450  0  0
9.843494923312096e-01
9.770892815721156e-01

  451  0  0
9.771593409283973e-01
9.697639057095492e-01

  452  0  0
9.698366691218497e-01
9.623007463585460e-01

  453  0  0
9.623763823561602e-01
9.546943805554851e-01

  454  0  0
9.547730725917249e-01
9.469390428282202e-01

  455  0  0
9.470209910125542e-01
9.390285945459762e-01

  456  0  0
9.391140176271018e-01
9.309564896776986e-01

  457  0  0
9.310456273214646e-01
9.227157364337066e-01

  458  0  0
9.228088518489254e-01
9.142988541727379e-01

  459  0  0
9.143962371491959e-01
9.056978248442847e-01

  460  0  0
9.057997952813136e-01
8.969040380998391e-01

  461  0  0
8.970109501214752e-01
8.879082290403266e-01

  462  0  0
8.880204758153688e-01
8.787004073627878e-01

  463  0  0
8.788184267763540e-01
8.692697764172590e-01

  464  0  0
8.693940577766742e-01
8.596046403718325e-01

  465  0  0
8.597357323763394e-01
8.496922972925972e-01

  466  0  0
8.498308175569752e-01
8.395189154530189e-01

  467  0  0
8.396655619545417e-01
8.290693895636524e-01

  468  0  0
8.292249544865816e-01
8.183271728168160e-01

  469  0  0
8.184925594082895e-01
8.072740796159382e-01

  470  0  0
8.074503228551486e-01
7.958900525287098e-01

  471  0  0
7.960783446671065e-01
7.841528852594719e-01

  472  0  0
7.843546076418891e-01
7.720378911287146e-01

  473  0  0
7.722546541959782e-01
7.595175034605391e-01

  474  0  0
7.597511975270522e-01
7.465607901016738e-01

  475  0  0
7.468136504953943e-01
7.331328585716258e-01

  476  0  0
7.334075501653298e-01
7.191941203871719e-01

  477  0  0
7.194938486889473e-01
7.046993719123982e-01

  478  0  0
7.050280311449495e-01
6.895966330187474e-01

  479  0  0
6.899590065581386e-01
6.738256612676394e-01

  480  0  0
6.742276973223138e-01
6.573160246841434e-01

  481  0  0
6.577652236674263e-01
6.399845644694955e-01

  482  0  0
6.404905384323207e-01
6.217319920718022e-01

  483  0  0
6.223072766677934e-01
6.024382225512658e-01

  484  0  0
6.030994812436838e-01
5.819559013700423e-01

  485  0  0
5.827259916488668e-01
5.601011994022779e-01

  486  0  0
5.610125183400793e-01
5.366393771330530e-01

  487  0  0
5.377372598425335e-01
5.112630173133483e-01

  488  0  0
5.126162950504241e-01
4.835669723670907e-01

  489  0  0
4.853109491414330e-01
4.529832639698241e-01

  490  0  0
4.553068657798527e-01
4.185726384042284e-01

  491  0  0
4.215694923298945e-01
3.791013666390843e-01

  492  0  0
3.841675702219212e-01
3.336180482129106e-01

  493  0  0
3.464127085069837e-01
2.746823033864046e-01

  494  0  0
2.892104029541477e-01
1.744297389018615e-01

  495  0  0
1.506360425573310e-01
4.658184198105918e-02

  496  0  0
1.769082336117336e-02
1.936619622442479e-03

  497  0  0
3.694365807373680e-04
4.257472105360805e-05

  498  0  0
1.584531977254811e-05
1.052756477245433e-05

  499  0  0
1.009458476642847e-05
1.000853545788425e-05

  500  0  0
1.000153035984524e-05
1.000013812575871e-05

  501  0  0
1.000002477127901e-05
1.000000223641197e-05

  502  0  0
1.000000040118174e-05
1.000000003622512e-05

  503  0  0
1.000000000649659e-05
1.000000000058355e-05

  504  0  0
1.000000000010184e-05
1.000000000000601e-05

  505  0  0
9.999999999998210e-06
9.999999999996662e-06

  506  0  0
9.999999999996536e-06
9.999999999996511e-06

  507  0  0
9.999999999996508e-06
9.999999999996508e-06

  508  0  0
9.999999999996508e-06
9.999999999996508e-06

  509  0  0
9.999999999996508e-06
9.999999999996508e-06

  510  0  0
9.999999999996508e-06
9.999999999996508e-06

  511  0  0
9.999999999996508e-06
9.999999999996508e-06

  512  0  0
9.999999999996508e-06
9.999999999996508e-06

  513  0  0
9.999999999996508e-06
9.999999999996508e-06

  514  0  0
9.999999999996508e-06
9.999999999996508e-06

  515  0  0
9.999999999996508e-06
9.999999999996508e-06

  516  0  0
9.999999999996508e-06
9.999999999996508e-06

  517  0  0
9.999999999996508e-06
9.999999999996508e-06

  518  0  0
9.999999999996508e-06
9.999999999996508e-06

  519  0  0
9.999999999996508e-06
9.999999999996508e-06

  520  0  0
9.999999999996508e-06
9.999999999996508e-06

  521  0  0
9.999999999996508e-06
9.999999999996508e-06

  522  0  0
9.999999999996508e-06
9.999999999996508e-06

  523  0  0
9.999999999996508e-06
9.999999999996508e-06

  524  0  0
9.999999999996508e-06
9.999999999996508e-06

  525  0  0
9.999999999996508e-06
9.999999999996508e-06

  526  0  0
9.999999999996508e-06
9.999999999996508e-06

  527  0  0
9.999999999996508e-06
9.999999999996508e-06

  528  0  0
9.999999999996508e-06
9.999999999996508e-06

  529  0  0
9.999999999996508e-06
9.999999999996508e-06

  530  0  0
9.999999999996508e-06
9.999999999996508e-06

  531  0  0
9.999999999996508e-06
9.999999999996508e-06

  532  0  0
9.999999999996508e-06
9.999999999996508e-06

  533  0  0
9.999999999996508e-06
9.999999999996508e-06

  534  0  0
9.999999999996508e-06
9.999999999996508e-06

  535  0  0
9.999999999996508e-06
9.999999999996508e-06

  536  0  0
9.999999999996508e-06
9.999999999996508e-06

  537  0  0
9.999999999996508e-06
9.999999999996508e-06

  538  0  0
9.999999999996508e-06
9.999999999996508e-06

  539  0  0
9.999999999996508e-06
9.999999999996508e-06

  540  0  0
9.999999999996508e-06
9.999999999996508e-06

  541  0  0
9.999999999996508e-06
9.999999999996508e-06

  542  0  0
9.999999999996508e-06
9.999999999996508e-06

  543  0  0
9.999999999996508e-06
9.999999999996508e-06

  544  0  0
9.999999999996508e-06
9.999999999996508e-06

  545  0  0
9.999999999996508e-06
9.999999999996508e-06

  546  0  0
9.999999999996508e-06
9.999999999996508e-06

  547  0  0
9.999999999996508e-06
9.999999999996508e-06

  548  0  0
9.999999999996508e-06
9.999999999996508e-06

  549  0  0
9.999999999996508e-06
9.999999999996508e-06

  550  0  0
9.999999999996508e-06
9.999999999996508e-06

  551  0  0
9.999999999996508e-06
9.999999999996508e-06

  552  0  0
9.999999999996508e-06
9.999999999996508e-06

  553  0  0
9.999999999996508e-06
9.999999999996508e-06

  554  0  0
9.999999999996508e-06
9.999999999996508e-06

  555  0  0
9.999999999996508e-06
9.999999999996508e-06

  556  0  0
9.999999999996508e-06
9.999999999996508e-06

  557  0  0
9.999999999996508e-06
9.999999999996508e-06

  558  0  0
9.999999999996508e-06
9.999999999996508e-06

  559  0  0
9.999999999996508e-06
9.999999999996508e-06

  560  0  0
9.999999999996508e-06
9.999999999996508e-06

  561  0  0
9.999999999996508e-06
9.999999999996508e-06

  562  0  0
9.999999999996508e-06
9.999999999996508e-06

  563  0  0
9.999999999996508e-06
9.999999999996508e-06

  564  0  0
9.999999999996508e-06
9.999999999996508e-06

  565  0  0
9.999999999996508e-06
9.999999999996508e-06

  566  0  0
9.999999999996508e-06
9.999999999996508e-06

  567  0  0
9.999999999996508e-06
9.999999999996508e-06

  568  0  0
9.999999999996508e-06
9.999999999996508e-06

  569  0  0
9.999999999996508e-06
9.999999999996508e-06

  570  0  0
9.999999999996508e-06
9.999999999996508e-06

  571  0  0
9.999999999996508e-06
9.999999999996508e-06

  572  0  0
9.999999999996508e-06
9.999999999996508e-06

  573  0  0
9.999999999996508e-06
9.999999999996508e-06

  574  0  0
9.999999999996508e-06
9.999999999996508e-06

  575  0  0
9.999999999996508e-06
9.999999999996508e-06

  576  0  0
9.999999999996508e-06
9.999999999996508e-06

  577  0  0
9.999999999996508e-06
9.999999999996508e-06

  578  0  0
9.999999999996508e-06
9.999999999996508e-06

  579  0  0
9.999999999996508e-06
9.999999999996508e-06

  580  0  0
9.999999999996508e-06
9.999999999996508e-06

  581  0  0
9.999999999996508e-06
9.999999999996508e-06

  582  0  0
9.999999999996508e-06
9.999999999996508e-06

  583  0  0
9.999999999996508e-06
9.999999999996508e-06

  584  0  0
9.999999999996508e-06
9.999999999996508e-06

  585  0  0
9.999999999996508e-06
9.999999999996508e-06

  586  0  0
9.999999999996508e-06
9.999999999996508e-06

  587  0  0
9.999999999996508e-06
9.999999999996508e-06

  588  0  0
9.999999999996508e-06
9.999999999996508e-06

  589  0  0
9.999999999996508e-06
9.999999999996508e-06

  590  0  0
9.999999999996508e-06
9.999999999996508e-06

  591  0  0
9.999999999996508e-06
9.999999999996508e-06

  592  0  0
9.999999999996508e-06
9.999999999996508e-06

  593  0  0
9.999999999996508e-06
9.999999999996508e-06

  594  0  0
9.999999999996508e-06
9.999999999996508e-06

  595  0  0
9.999999999996508e-06
9.999999999996508e-06

  596  0  0
9.999999999996508e-06
9.999999999996508e-06

  597  0  0
9.999999999996508e-06
9.999999999996508e-06

  598  0  0
9.999999999996508e-06
9.999999999996508e-06

  599  0  0
9.999999999996508e-06
9.999999999996508e-06

  600  0  0
9.999999999996508e-06
9.999999999996508e-06

  601  0  0
9.999999999996508e-06
9.999999999996508e-06

  602  0  0
9.999999999996508e-06
9.999999999996508e-06

  603  0  0
9.999999999996508e-06
9.999999999996508e-06

  604  0  0
9.999999999996508e-06
9.999999999996508e-06

  605  0  0
9.999999999996508e-06
9.999999999996508e-06

  606  0  0
9.999999999996508e-06
9.999999999996508e-06

  607  0  0
9.999999999996508e-06
9.999999999996508e-06

  608  0  0
9.999999999996508e-06
9.999999999996508e-06

  609  0  0
9.999999999996508e-06
9.999999999996508e-06

  610  0  0
9.999999999996508e-06
9.999999999996508e-06

  611  0  0
9.999999999996508e-06
9.999999999996508e-06

  612  0  0
9.999999999996508e-06
9.999999999996508e-06

  613  0  0
9.999999999996508e-06
9.999999999996508e-06

  614  0  0
9.999999999996508e-06
9.999999999996508e-06

  615  0  0
9.999999999996508e-06
9.999999999996508e-06

  616  0  0
9.999999999996508e-06
9.999999999996508e-06

  617  0  0
9.999999999996508e-06
9.999999999996508e-06

  618  0  0
9.999999999996508e-06
9.999999999996508e-06

  619  0  0
9.999999999996508e-06
9.999999999996508e-06

  620  0  0
9.999999999996508e-06
9.999999999996508e-06

  621  0  0
9.999999999996508e-06
9.999999999996508e-06

  622  0  0
9.999999999996508e-06
9.999999999996508e-06

  623  0  0
9.999999999996508e-06
9.999999999996508e-06

  624  0  0
9.999999999996508e-06
9.999999999996508e-06

  625  0  0
9.999999999996508e-06
9.999999999996508e-06

  626  0  0
9.999999999996508e-06
9.999999999996508e-06

  627  0  0
9.999999999996508e-06
9.999999999996508e-06

  628  0  0
9.999999999996508e-06
9.999999999996508e-06

  629  0  0
9.999999999996508e-06
9.999999999996508e-06

  630  0  0
9.999999999996508e-06
9.999999999996508e-06

  631  0  0
9.999999999996508e-06
9.999999999996508e-06

  632  0  0
9.999999999996508e-06
9.999999999996508e-06

  633  0  0
9.999999999996508e-06
9.999999999996508e-06

  634  0  0
9.999999999996508e-06
9.999999999996508e-06

  635  0  0
9.999999999996508e-06
9.999999999996508e-06

  636  0  0
9.999999999996508e-06
9.999999999996508e-06

  637  0  0
9.999999999996508e-06
9.999999999996508e-06

  638  0  0
9.999999999996508e-06
9.999999999996508e-06

  639  0  0
9.999999999996508e-06
9.999999999996508e-06

  640  0  0
9.999999999996508e-06
9.999999999996508e-06

  641  0  0
9.999999999996508e-06
9.999999999996508e-06

  642  0  0
9.999999999996508e-06
9.999999999996508e-06

  643  0  0
9.999999999996508e-06
9.999999999996508e-06

  644  0  0
9.999999999996508e-06
9.999999999996508e-06

  645  0  0
9.999999999996508e-06
9.999999999996508e-06

  646  0  0
9.999999999996508e-06
9.999999999996508e-06

  647  0  0
9.999999999996508e-06
9.999999999996508e-06

  648  0  0
9.999999999996508e-06
9.999999999996508e-06

  649  0  0
9.999999999996508e-06
9.999999999996508e-06

  650  0  0
9.999999999996508e-06
9.999999999996508e-06

  651  0  0
9.999999999996508e-06
9.999999999996508e-06

  652  0  0
9.999999999996508e-06
9.999999999996508e-06

  653  0  0
9.999999999996508e-06
9.999999999996508e-06

  654  0  0
9.999999999996508e-06
9.999999999996508e-06

  655  0  0
9.999999999996508e-06
9.999999999996508e-06

  656  0  0
9.999999999996508e-06
9.999999999996508e-06

  657  0  0
9.999999999996508e-06
9.999999999996508e-06

  658  0  0
9.999999999996508e-06
9.999999999996508e-06

  659  0  0
9.999999999996508e-06
9.999999999996508e-06

  660  0  0
9.999999999996508e-06
9.999999999996508e-06

  661  0  0
9.999999999996508e-06
9.999999999996508e-06

  662  0  0
9.999999999996508e-06
9.999999999996508e-06

  663  0  0
9.999999999996508e-06
9.999999999996508e-06

  664  0  0
9.999999999996508e-06
9.999999999996508e-06

  665  0  0
9.999999999996508e-06
9.999999999996508e-06

  666  0  0
9.999999999996508e-06
9.999999999996508e-06

  667  0  0
9.999999999996508e-06
9.999999999996508e-06

  668  0  0
9.999999999996508e-06
9.999999999996508e-06

  669  0  0
9.999999999996508e-06
9.999999999996508e-06

  670  0  0
9.999999999996508e-06
9.999999999996508e-06

  671  0  0
9.999999999996508e-06
9.999999999996508e-06

  672  0  0
9.999999999996508e-06
9.999999999996508e-06

  673  0  0
9.999999999996508e-06
9.999999999996508e-06

  674  0  0
9.999999999996508e-06
9.999999999996508e-06

  675  0  0
9.999999999996508e-06
9.999999999996508e-06

  676  0  0
9.999999999996508e-06
9.999999999996508e-06

  677  0  0
9.999999999996508e-06
9.999999999996508e-06

  678  0  0
9.999999999996508e-06
9.999999999996508e-06

  679  0  0
9.999999999996508e-06
9.999999999996508e-06

  680  0  0
9.999999999996508e-06
9.999999999996508e-06

  681  0  0
9.999999999996508e-06
9.999999999996508e-06

  682  0  0
9.999999999996508e-06
9.999999999996508e-06

  683  0  0
9.999999999996508e-06
9.999999999996508e-06

  684  0  0
9.999999999996508e-06
9.999999999996508e-06

  685  0  0
9.999999999996508e-06
9.999999999996508e-06

  686  0  0
9.999999999996508e-06
9.999999999996508e-06

  687  0  0
9.999999999996508e-06
9.999999999996508e-06

  688  0  0
9.999999999996508e-06
9.999999999996508e-06

  689  0  0
9.999999999996508e-06
9.999999999996508e-06

  690  0  0
9.999999999996508e-06
9.999999999996508e-06

  691  0  0
9.999999999996508e-06
9.999999999996508e-06

  692  0  0
9.999999999996508e-06
9.999999999996508e-06

  693  0  0
9.999999999996508e-06
9.999999999996508e-06

  694  0  0
9.999999999996508e-06
9.999999999996508e-06

  695  0  0
9.999999999996508e-06
9.999999999996508e-06

  696  0  0
9.999999999996508e-06
9.999999999996508e-06

  697  0  0
9.999999999996508e-06
9.999999999996508e-06

  698  0  0
9.999999999996508e-06
9.999999999996508e-06

  699  0  0
9.999999999996508e-06
9.999999999996508e-06

  700  0  0
9.999999999996508e-06
9.999999999996508e-06

  701  0  0
9.999999999996508e-06
9.999999999996508e-06

  702  0  0
9.999999999996508e-06
9.999999999996508e-06

  703  0  0
9.999999999996508e-06
9.999999999996508e-06

  704  0  0
9.999999999996508e-06
9.999999999996508e-06

  705  0  0
9.999999999996508e-06
9.999999999996508e-06

  706  0  0
9.999999999996508e-06
9.999999999996508e-06

  707  0  0
9.999999999996508e-06
9.999999999996508e-06

  708  0  0
9.999999999996508e-06
9.999999999996508e-06

  709  0  0
9.999999999996508e-06
9.999999999996508e-06

  710  0  0
9.999999999996508e-06
9.999999999996508e-06

  711  0  0
9.999999999996508e-06
9.999999999996508e-06

  712  0  0
9.999999999996508e-06
9.999999999996508e-06

  713  0  0
9.999999999996508e-06
9.999999999996508e-06

  714  0  0
9.999999999996508e-06
9.999999999996508e-06

  715  0  0
9.999999999996508e-06
9.999999999996508e-06

  716  0  0
9.999999999996508e-06
9.999999999996508e-06

  717  0  0
9.999999999996508e-06
9.999999999996508e-06

  718  0  0
9.999999999996508e-06
9.999999999996508e-06

  719  0  0
9.999999999996508e-06
9.999999999996508e-06

  720  0  0
9.999999999996508e-06
9.999999999996508e-06

  721  0  0
9.999999999996508e-06
9.999999999996508e-06

  722  0  0
9.999999999996508e-06
9.999999999996508e-06

  723  0  0
9.999999999996508e-06
9.999999999996508e-06

  724  0  0
9.999999999996508e-06
9.999999999996508e-06

  725  0  0
9.999999999996508e-06
9.999999999996508e-06

  726  0  0
9.999999999996508e-06
9.999999999996508e-06

  727  0  0
9.999999999996508e-06
9.999999999996508e-06

  728  0  0
9.999999999996508e-06
9.999999999996508e-06

  729  0  0
9.999999999996508e-06
9.999999999996508e-06

  730  0  0
9.999999999996508e-06
9.999999999996508e-06

  731  0  0
9.999999999996508e-06
9.999999999996508e-06

  732  0  0
9.999999999996508e-06
9.999999999996508e-06

  733  0  0
9.999999999996508e-06
9.999999999996508e-06

  734  0  0
9.999999999996508e-06
9.999999999996508e-06

  735  0  0
9.999999999996508e-06
9.999999999996508e-06

  736  0  0
9.999999999996508e-06
9.999999999996508e-06

  737  0  0
9.999999999996508e-06
9.999999999996508e-06

  738  0  0
9.999999999996508e-06
9.999999999996508e-06

  739  0  0
9.999999999996508e-06
9.999999999996508e-06

  740  0  0
9.999999999996508e-06
9.999999999996508e-06

  741  0  0
9.999999999996508e-06
9.999999999996508e-06

  742  0  0
9.999999999996508e-06
9.999999999996508e-06

  743  0  0
9.999999999996508e-06
9.999999999996508e-06

  744  0  0
9.999999999996508e-06
9.999999999996508e-06

  745  0  0
9.999999999996508e-06
9.999999999996508e-06

  746  0  0
9.999999999996508e-06
9.999999999996508e-06

  747  0  0
9.999999999996508e-06
9.999999999996508e-06

  748  0  0
9.999999999996508e-06
9.999999999996508e-06

  749  0  0
9.999999999996508e-06
9.999999999996508e-06

  750  0  0
9.999999999996508e-06
9.999999999996508e-06

  751  0  0
9.999999999996508e-06
9.999999999996508e-06

  752  0  0
9.999999999996508e-06
9.999999999996508e-06

  753  0  0
9.999999999996508e-06
9.999999999996508e-06

  754  0  0
9.999999999996508e-06
9.999999999996508e-06

  755  0  0
9.999999999996508e-06
9.999999999996508e-06

  756  0  0
9.999999999996508e-06
9.999999999996508e-06

  757  0  0
9.999999999996508e-06
9.999999999996508e-06

  758  0  0
9.999999999996508e-06
9.999999999996508e-06

  759  0  0
9.999999999996508e-06
9.999999999996508e-06

  760  0  0
9.999999999996508e-06
9.999999999996508e-06

  761  0  0
9.999999999996508e-06
9.999999999996508e-06

  762  0  0
9.999999999996508e-06
9.999999999996508e-06

  763  0  0
9.999999999996508e-06
9.999999999996508e-06

  764  0  0
9.999999999996508e-06
9.999999999996508e-06

  765  0  0
9.999999999996508e-06
9.999999999996508e-06

  766  0  0
9.999999999996508e-06
9.999999999996508e-06

  767  0  0
9.999999999996508e-06
9.999999999996508e-06

  768  0  0
9.999999999996508e-06
9.999999999996508e-06

  769  0  0
9.999999999996508e-06
9.999999999996508e-06

  770  0  0
9.999999999996508e-06
9.999999999996508e-06

  771  0  0
9.999999999996508e-06
9.999999999996508e-06

  772  0  0
9.999999999996508e-06
9.999999999996508e-06

  773  0  0
9.999999999996508e-06
9.999999999996508e-06

  774  0  0
9.999999999996508e-06
9.999999999996508e-06

  775  0  0
9.999999999996508e-06
9.999999999996508e-06

  776  0  0
9.999999999996508e-06
9.999999999996508e-06

  777  0  0
9.999999999996508e-06
9.999999999996508e-06

  778  0  0
9.999999999996508e-06
9.999999999996508e-06

  779  0  0
9.999999999996508e-06
9.999999999996508e-06

  780  0  0
9.999999999996508e-06
9.999999999996508e-06

  781  0  0
9.999999999996508e-06
9.999999999996508e-06

  782  0  0
9.999999999996508e-06
9.999999999996508e-06

  783  0  0
9.999999999996508e-06
9.999999999996508e-06

  784  0  0
9.999999999996508e-06
9.999999999996508e-06

  785  0  0
9.999999999996508e-06
9.999999999996508e-06

  786  0  0
9.999999999996508e-06
9.999999999996508e-06

  787  0  0
9.999999999996508e-06
9.999999999996508e-06

  788  0  0
9.999999999996508e-06
9.999999999996508e-06

  789  0  0
9.999999999996508e-06
9.999999999996508e-06

  790  0  0
9.999999999996508e-06
9.999999999996508e-06

  791  0  0
9.999999999996508e-06
9.999999999996508e-06

  792  0  0
9.999999999996508e-06
9.999999999996508e-06

  793  0  0
9.999999999996508e-06
9.999999999996508e-06

  794  0  0
9.999999999996508e-06
9.999999999996508e-06

  795  0  0
9.999999999996508e-06
9.999999999996508e-06

  796  0  0
9.999999999996508e-06
9.999999999996508e-06

  797  0  0
9.999999999996508e-06
9.999999999996508e-06

  798  0  0
9.999999999996508e-06
9.999999999996508e-06

  799  0  0
9.999999999996508e-06
9.999999999996508e-06

  800  0  0
9.999999999996508e-06
9.999999999996508e-06

  801  0  0
9.999999999996508e-06
9.999999999996508e-06

  802  0  0
9.999999999996508e-06
9.999999999996508e-06

  803  0  0
9.999999999996508e-06
9.999999999996508e-06

  804  0  0
9.999999999996508e-06
9.999999999996508e-06

  805  0  0
9.999999999996508e-06
9.999999999996508e-06

  806  0  0
9.999999999996508e-06
9.999999999996508e-06

  807  0  0
9.999999999996508e-06
9.999999999996508e-06

  808  0  0
9.999999999996508e-06
9.999999999996508e-06

  809  0  0
9.999999999996508e-06
9.999999999996508e-06

  810  0  0
9.999999999996508e-06
9.999999999996508e-06

  811  0  0
9.999999999996508e-06
9.999999999996508e-06

  812  0  0
9.999999999996508e-06
9.999999999996508e-06

  813  0  0
9.999999999996508e-06
9.999999999996508e-06

  814  0  0
9.999999999996508e-06
9.999999999996508e-06

  815  0  0
9.999999999996508e-06
9.999999999996508e-06

  816  0  0
9.999999999996508e-06
9.999999999996508e-06

  817  0  0
9.999999999996508e-06
9.999999999996508e-06

  818  0  0
9.999999999996508e-06
9.999999999996508e-06

  819  0  0
9.999999999996508e-06
9.999999999996508e-06

  820  0  0
9.999999999996508e-06
9.999999999996508e-06

  821  0  0
9.999999999996508e-06
9.999999999996508e-06

  822  0  0
9.999999999996508e-06
9.999999999996508e-06

  823  0  0
9.999999999996508e-06
9.999999999996508e-06

  824  0  0
9.999999999996508e-06
9.999999999996508e-06

  825  0  0
9.999999999996508e-06
9.999999999996508e-06

  826  0  0
9.999999999996508e-06
9.999999999996508e-06

  827  0  0
9.999999999996508e-06
9.999999999996508e-06

  828  0  0
9.999999999996508e-06
9.999999999996508e-06

  829  0  0
9.999999999996508e-06
9.999999999996508e-06

  830  0  0
9.999999999996508e-06
9.999999999996508e-06

  831  0  0
9.999999999996508e-06
9.999999999996508e-06

  832  0  0
9.999999999996508e-06
9.999999999996508e-06

  833  0  0
9.999999999996508e-06
9.999999999996508e-06

  834  0  0
9.999999999996508e-06
9.999999999996508e-06

  835  0  0
9.999999999996508e-06
9.999999999996508e-06

  836  0  0
9.999999999996508e-06
9.999999999996508e-06

  837  0  0
9.999999999996508e-06
9.999999999996508e-06

  838  0  0
9.999999999996508e-06
9.999999999996508e-06

  839  0  0
9.999999999996508e-06
9.999999999996508e-06

  840  0  0
9.999999999996508e-06
9.999999999996508e-06

  841  0  0
9.999999999996508e-06
9.999999999996508e-06

  842  0  0
9.999999999996508e-06
9.999999999996508e-06

  843  0  0
9.999999999996508e-06
9.999999999996508e-06

  844  0  0
9.999999999996508e-06
9.999999999996508e-06

  845  0  0
9.999999999996508e-06
9.999999999996508e-06

  846  0  0
9.999999999996508e-06
9.999999999996508e-06

  847  0  0
9.999999999996508e-06
9.999999999996508e-06

  848  0  0
9.999999999996508e-06
9.999999999996508e-06

  849  0  0
9.999999999996508e-06
9.999999999996508e-06

  850  0  0
9.999999999996508e-06
9.999999999996508e-06

  851  0  0
9.999999999996508e-06
9.999999999996508e-06

  852  0  0
9.999999999996508e-06
9.999999999996508e-06

  853  0  0
9.999999999996508e-06
9.999999999996508e-06

  854  0  0
9.999999999996508e-06
9.999999999996508e-06

  855  0  0
9.999999999996508e-06
9.999999999996508e-06

  856  0  0
9.999999999996508e-06
9.999999999996508e-06

  857  0  0
9.999999999996508e-06
9.999999999996508e-06

  858  0  0
9.999999999996508e-06
9.999999999996508e-06

  859  0  0
9.999999999996508e-06
9.999999999996508e-06

  860  0  0
9.999999999996508e-06
9.999999999996508e-06

  861  0  0
9.999999999996508e-06
9.999999999996508e-06

  862  0  0
9.999999999996508e-06
9.999999999996508e-06

  863  0  0
9.999999999996508e-06
9.999999999996508e-06

  864  0  0
9.999999999996508e-06
9.999999999996508e-06

  865  0  0
9.999999999996508e-06
9.999999999996508e-06

  866  0  0
9.999999999996508e-06
9.999999999996508e-06

  867  0  0
9.999999999996508e-06
9.999999999996508e-06

  868  0  0
9.999999999996508e-06
9.999999999996508e-06

  869  0  0
9.999999999996508e-06
9.999999999996508e-06

  870  0  0
9.999999999996508e-06
9.999999999996508e-06

  871  0  0
9.999999999996508e-06
9.999999999996508e-06

  872  0  0
9.999999999996508e-06
9.999999999996508e-06

  873  0  0
9.999999999996508e-06
9.999999999996508e-06

  874  0  0
9.999999999996508e-06
9.999999999996508e-06

  875  0  0
9.999999999996508e-06
9.999999999996508e-06

  876  0  0
9.999999999996508e-06
9.999999999996508e-06

  877  0  0
9.999999999996508e-06
9.999999999996508e-06

  878  0  0
9.999999999996508e-06
9.999999999996508e-06

  879  0  0
9.999999999996508e-06
9.999999999996508e-06

  880  0  0
9.999999999996508e-06
9.999999999996508e-06

  881  0  0
9.999999999996508e-06
9.999999999996508e-06

  882  0  0
9.999999999996508e-06
9.999999999996508e-06

  883  0  0
9.999999999996508e-06
9.999999999996508e-06

  884  0  0
9.999999999996508e-06
9.999999999996508e-06

  885  0  0
9.999999999996508e-06
9.999999999996508e-06

  886  0  0
9.999999999996508e-06
9.999999999996508e-06

  887  0  0
9.999999999996508e-06
9.999999999996508e-06

  888  0  0
9.999999999996508e-06
9.999999999996508e-06

  889  0  0
9.999999999996508e-06
9.999999999996508e-06

  890  0  0
9.999999999996508e-06
9.999999999996508e-06

  891  0  0
9.999999999996508e-06
9.999999999996508e-06

  892  0  0
9.999999999996508e-06
9.999999999996508e-06

  893  0  0
9.999999999996508e-06
9.999999999996508e-06

  894  0  0
9.999999999996508e-06
9.999999999996508e-06

  895  0  0
9.999999999996508e-06
9.999999999996508e-06

  896  0  0
9.999999999996508e-06
9.999999999996508e-06

  897  0  0
9.999999999996508e-06
9.999999999996508e-06

  898  0  0
9.999999999996508e-06
9.999999999996508e-06

  899  0  0
9.999999999996508e-06
9.999999999996508e-06

  900  0  0
9.999999999996508e-06
9.999999999996508e-06

  901  0  0
9.999999999996508e-06
9.999999999996508e-06

  902  0  0
9.999999999996508e-06
9.999999999996508e-06

  903  0  0
9.999999999996508e-06
9.999999999996508e-06

  904  0  0
9.999999999996508e-06
9.999999999996508e-06

  905  0  0
9.999999999996508e-06
9.999999999996508e-06

  906  0  0
9.999999999996508e-06
9.999999999996508e-06

  907  0  0
9.999999999996508e-06
9.999999999996508e-06

  908  0  0
9.999999999996508e-06
9.999999999996508e-06

  909  0  0
9.999999999996508e-06
9.999999999996508e-06

  910  0  0
9.999999999996508e-06
9.999999999996508e-06

  911  0  0
9.999999999996508e-06
9.999999999996508e-06

  912  0  0
9.999999999996508e-06
9.999999999996508e-06

  913  0  0
9.999999999996508e-06
9.999999999996508e-06

  914  0  0
9.999999999996508e-06
9.999999999996508e-06

  915  0  0
9.999999999996508e-06
9.999999999996508e-06

  916  0  0
9.999999999996508e-06
9.999999999996508e-06

  917  0  0
9.999999999996508e-06
9.999999999996508e-06

  918  0  0
9.999999999996508e-06
9.999999999996508e-06

  919  0  0
9.999999999996508e-06
9.999999999996508e-06

  920  0  0
9.999999999996508e-06
9.999999999996508e-06

  921  0  0
9.999999999996508e-06
9.999999999996508e-06

  922  0  0
9.999999999996508e-06
9.999999999996508e-06

  923  0  0
9.999999999996508e-06
9.999999999996508e-06

  924  0  0
9.999999999996508e-06
9.999999999996508e-06

  925  0  0
9.999999999996508e-06
9.999999999996508e-06

  926  0  0
9.999999999996508e-06
9.999999999996508e-06

  927  0  0
9.999999999996508e-06
9.999999999996508e-06

  928  0  0
9.999999999996508e-06
9.999999999996508e-06

  929  0  0
9.999999999996508e-06
9.999999999996508e-06

  930  0  0
9.999999999996508e-06
9.999999999996508e-06

  931  0  0
9.999999999996508e-06
9.999999999996508e-06

  932  0  0
9.999999999996508e-06
9.999999999996508e-06

  933  0  0
9.999999999996508e-06
9.999999999996508e-06

  934  0  0
9.999999999996508e-06
9.999999999996508e-06

  935  0  0
9.999999999996508e-06
9.999999999996508e-06

  936  0  0
9.999999999996508e-06
9.999999999996508e-06

  937  0  0
9.999999999996508e-06
9.999999999996508e-06

  938  0  0
9.999999999996508e-06
9.999999999996508e-06

  939  0  0
9.999999999996508e-06
9.999999999996508e-06

  940  0  0
9.999999999996508e-06
9.999999999996508e-06

  941  0  0
9.999999999996508e-06
9.999999999996508e-06

  942  0  0
9.999999999996508e-06
9.999999999996508e-06

  943  0  0
9.999999999996508e-06
9.999999999996508e-06

  944  0  0
9.999999999996508e-06
9.999999999996508e-06

  945  0  0
9.999999999996508e-06
9.999999999996508e-06

  946  0  0
9.999999999996508e-06
9.999999999996508e-06

  947  0  0
9.999999999996508e-06
9.999999999996508e-06

  948  0  0
9.999999999996508e-06
9.999999999996508e-06

  949  0  0
9.999999999996508e-06
9.999999999996508e-06

  950  0  0
9.999999999996508e-06
9.999999999996508e-06

  951  0  0
9.999999999996508e-06
9.999999999996508e-06

  952  0  0
9.999999999996508e-06
9.999999999996508e-06

  953  0  0
9.999999999996508e-06
9.999999999996508e-06

  954  0  0
9.999999999996508e-06
9.999999999996508e-06

  955  0  0
9.999999999996508e-06
9.999999999996508e-06

  956  0  0
9.999999999996508e-06
9.999999999996508e-06

  957  0  0
9.999999999996508e-06
9.999999999996508e-06

  958  0  0
9.999999999996508e-06
9.999999999996508e-06

  959  0  0
9.999999999996508e-06
9.999999999996508e-06

  960  0  0
9.999999999996508e-06
9.999999999996508e-06

  961  0  0
9.999999999996508e-06
9.999999999996508e-06

  962  0  0
9.999999999996508e-06
9.999999999996508e-06

  963  0  0
9.999999999996508e-06
9.999999999996508e-06

  964  0  0
9.999999999996508e-06
9.999999999996508e-06

  965  0  0
9.999999999996508e-06
9.999999999996508e-06

  966  0  0
9.999999999996508e-06
9.999999999996508e-06

  967  0  0
9.999999999996508e-06
9.999999999996508e-06

  968  0  0
9.999999999996508e-06
9.999999999996508e-06

  969  0  0
9.999999999996508e-06
9.999999999996508e-06

  970  0  0
9.999999999996508e-06
9.999999999996508e-06

  971  0  0
9.999999999996508e-06
9.999999999996508e-06

  972  0  0
9.999999999996508e-06
9.999999999996508e-06

  973  0  0
9.999999999996508e-06
9.999999999996508e-06

  974  0  0
9.999999999996508e-06
9.999999999996508e-06

  975  0  0
9.999999999996508e-06
9.999999999996508e-06

  976  0  0
9.999999999996508e-06
9.999999999996508e-06

  977  0  0
9.999999999996508e-06
9.999999999996508e-06

  978  0  0
9.999999999996508e-06
9.999999999996508e-06

  979  0  0
9.999999999996508e-06
9.999999999996508e-06

  980  0  0
9.999999999996508e-06
9.999999999996508e-06

  981  0  0
9.999999999996508e-06
9.999999999996508e-06

  982  0  0
9.999999999996508e-06
9.999999999996508e-06

  983  0  0
9.999999999996508e-06
9.999999999996508e-06

  984  0  0
9.999999999996508e-06
9.999999999996508e-06

  985  0  0
9.999999999996508e-06
9.999999999996508e-06

  986  0  0
9.999999999996508e-06
9.999999999996508e-06

  987  0  0
9.999999999996508e-06
9.999999999996508e-06

  988  0  0
9.999999999996508e-06
9.999999999996508e-06

  989  0  0
9.999999999996508e-06
9.999999999996508e-06

  990  0  0
9.999999999996508e-06
9.999999999996508e-06

  991  0  0
9.999999999996508e-06
9.999999999996508e-06

  992  0  0
9.999999999996508e-06
9.999999999996508e-06

  993  0  0
9.999999999996508e-06
9.999999999996508e-06

  994  0  0
9.999999999996508e-06
9.999999999996508e-06

  995  0  0
9.999999999996508e-06
9.999999999996508e-06

  996  0  0
9.999999999996508e-06
9.999999999996508e-06

  997  0  0
9.999999999996508e-06
9.999999999996508e-06

  998  0  0
9.999999999996508e-06
9.999999999996508e-06

  999  0  0
9.999999999996508e-06
9.999999999996508e-06

 1000  0  0
9.999999999996508e-06
9.999999999996508e-06

 1001  0  0
9.999999999996508e-06
9.999999999996508e-06

 1002  0  0
9.999999999996508e-06
9.999999999996508e-06

 1003  0  0
9.999999999996508e-06
9.999999999996508e-06

 1004  0  0
9.999999999996508e-06
9.999999999996508e-06

 1005  0  0
9.999999999996508e-06
9.999999999996508e-06

 1006  0  0
9.999999999996508e-06
9.999999999996508e-06

 1007  0  0
9.999999999996508e-06
9.999999999996508e-06

 1008  0  0
9.999999999996508e-06
9.999999999996508e-06

 1009  0  0
9.999999999996508e-06
9.999999999996508e-06

 1010  0  0
9.999999999996508e-06
9.999999999996508e-06

 1011  0  0
9.999999999996508e-06
9.999999999996508e-06

 1012  0  0
9.999999999996508e-06
9.999999999996508e-06

 1013  0  0
9.999999999996508e-06
9.999999999996508e-06

 1014  0  0
9.999999999996508e-06
9.999999999996508e-06

 1015  0  0
9.999999999996508e-06
9.999999999996508e-06

 1016  0  0
9.999999999996508e-06
9.999999999996508e-06

 1017  0  0
9.999999999996508e-06
9.999999999996508e-06

 1018  0  0
9.999999999996508e-06
9.999999999996508e-06

 1019  0  0
9.999999999996508e-06
9.999999999996508e-06

 1020  0  0
9.999999999996508e-06
9.999999999996508e-06

 1021  0  0
9.999999999996508e-06
9.999999999996508e-06

 1022  0  0
9.999999999996508e-06
9.999999999996508e-06

 1023  0  0
9.999999999996508e-06
9.999999999996508e-06

 1024  0  0
9.999999999996508e-06
9.999999999996508e-06

 1025  0  0
9.999999999996508e-06
9.999999999996508e-06

 1026  0  0
9.999999999996508e-06
9.999999999996508e-06

 1027  0  0
9.999999999996508e-06
9.999999999996508e-06

 1028  0  0
9.999999999996508e-06
9.999999999996508e-06

 1029  0  0
9.999999999996508e-06
9.999999999996508e-06

 1030  0  0
9.999999999996508e-06
9.999999999996508e-06

 1031  0  0
9.999999999996508e-06
9.999999999996508e-06

 1032  0  0
9.999999999996508e-06
9.999999999996508e-06

 1033  0  0
9.999999999996508e-06
9.999999999996508e-06

 1034  0  0
9.999999999996508e-06
9.999999999996508e-06

 1035  0  0
9.999999999996508e-06
9.999999999996508e-06

 1036  0  0
9.999999999996508e-06
9.999999999996508e-06

 1037  0  0
9.999999999996508e-06
9.999999999996508e-06

 1038  0  0
9.999999999996508e-06
9.999999999996508e-06

 1039  0  0
9.999999999996508e-06
9.999999999996508e-06

 1040  0  0
9.999999999996508e-06
9.999999999996508e-06

 1041  0  0
9.999999999996508e-06
9.999999999996508e-06

 1042  0  0
9.999999999996508e-06
9.999999999996508e-06

 1043  0  0
9.999999999996508e-06
9.999999999996508e-06

 1044  0  0
9.999999999996508e-06
9.999999999996508e-06

 1045  0  0
9.999999999996508e-06
9.999999999996508e-06

 1046  0  0
9.999999999996508e-06
9.999999999996508e-06

 1047  0  0
9.999999999996508e-06
9.999999999996508e-06

 1048  0  0
9.999999999996508e-06
9.999999999996508e-06

 1049  0  0
9.999999999996508e-06
9.999999999996508e-06

 1050  0  0
9.999999999996508e-06
9.999999999996508e-06

 1051  0  0
9.999999999996508e-06
9.999999999996508e-06

 1052  0  0
9.999999999996508e-06
9.999999999996508e-06

 1053  0  0
9.999999999996508e-06
9.999999999996508e-06

 1054  0  0
9.999999999996508e-06
9.999999999996508e-06

 1055  0  0
9.999999999996508e-06
9.999999999996508e-06

 1056  0  0
9.999999999996508e-06
9.999999999996508e-06

 1057  0  0
9.999999999996508e-06
9.999999999996508e-06

 1058  0  0
9.999999999996508e-06
9.999999999996508e-06

 1059  0  0
9.999999999996508e-06
9.999999999996508e-06

 1060  0  0
9.999999999996508e-06
9.999999999996508e-06

 1061  0  0
9.999999999996508e-06
9.999999999996508e-06

 1062  0  0
9.999999999996508e-06
9.999999999996508e-06

 1063  0  0
9.999999999996508e-06
9.999999999996508e-06

 1064  0  0
9.999999999996508e-06
9.999999999996508e-06

 1065  0  0
9.999999999996508e-06
9.999999999996508e-06

 1066  0  0
9.999999999996508e-06
9.999999999996508e-06

 1067  0  0
9.999999999996508e-06
9.999999999996508e-06

 1068  0  0
9.999999999996508e-06
9.999999999996508e-06

 1069  0  0
9.999999999996508e-06
9.999999999996508e-06

 1070  0  0
9.999999999996508e-06
9.999999999996508e-06

 1071  0  0
9.999999999996508e-06
9.999999999996508e-06

 1072  0  0
9.999999999996508e-06
9.999999999996508e-06

 1073  0  0
9.999999999996508e-06
9.999999999996508e-06

 1074  0  0
9.999999999996508e-06
9.999999999996508e-06

 1075  0  0
9.999999999996508e-06
9.999999999996508e-06

 1076  0  0
9.999999999996508e-06
9.999999999996508e-06

 1077  0  0
9.999999999996508e-06
9.999999999996508e-06

 1078  0  0
9.999999999996508e-06
9.999999999996508e-06

 1079  0  0
9.999999999996508e-06
9.999999999996508e-06

 1080  0  0
9.999999999996508e-06
9.999999999996508e-06

 1081  0  0
9.999999999996508e-06
9.999999999996508e-06

 1082  0  0
9.999999999996508e-06
9.999999999996508e-06

 1083  0  0
9.999999999996508e-06
9.999999999996508e-06

 1084  0  0
9.999999999996508e-06
9.999999999996508e-06

 1085  0  0
9.999999999996508e-06
9.999999999996508e-06

 1086  0  0
9.999999999996508e-06
9.999999999996508e-06

 1087  0  0
9.999999999996508e-06
9.999999999996508e-06

 1088  0  0
9.999999999996508e-06
9.999999999996508e-06

 1089  0  0
9.999999999996508e-06
9.999999999996508e-06

 1090  0  0
9.999999999996508e-06
9.999999999996508e-06

 1091  0  0
9.999999999996508e-06
9.999999999996508e-06

 1092  0  0
9.999999999996508e-06
9.999999999996508e-06

 1093  0  0
9.999999999996508e-06
9.999999999996508e-06

 1094  0  0
9.999999999996508e-06
9.999999999996508e-06

 1095  0  0
9.999999999996508e-06
9.999999999996508e-06

 1096  0  0
9.999999999996508e-06
9.999999999996508e-06

 1097  0  0
9.999999999996508e-06
9.999999999996508e-06

 1098  0  0
9.999999999996508e-06
9.999999999996508e-06

 1099  0  0
9.999999999996508e-06
9.999999999996508e-06

 1100  0  0
9.999999999996508e-06
9.999999999996508e-06

 1101  0  0
9.999999999996508e-06
9.999999999996508e-06

 1102  0  0
9.999999999996508e-06
9.999999999996508e-06

 1103  0  0
9.999999999996508e-06
9.999999999996508e-06

 1104  0  0
9.999999999996508e-06
9.999999999996508e-06

 1105  0  0
9.999999999996508e-06
9.999999999996508e-06

 1106  0  0
9.999999999996508e-06
9.999999999996508e-06

 1107  0  0
9.999999999996508e-06
9.999999999996508e-06

 1108  0  0
9.999999999996508e-06
9.999999999996508e-06

 1109  0  0
9.999999999996508e-06
9.999999999996508e-06

 1110  0  0
9.999999999996508e-06
9.999999999996508e-06

 1111  0  0
9.999999999996508e-06
9.999999999996508e-06

 1112  0  0
9.999999999996508e-06
9.999999999996508e-06

 1113  0  0
9.999999999996508e-06
9.999999999996508e-06

 1114  0  0
9.999999999996508e-06
9.999999999996508e-06

 1115  0  0
9.999999999996508e-06
9.999999999996508e-06

 1116  0  0
9.999999999996508e-06
9.999999999996508e-06

 1117  0  0
9.999999999996508e-06
9.999999999996508e-06

 1118  0  0
9.999999999996508e-06
9.999999999996508e-06

 1119  0  0
9.999999999996508e-06
9.999999999996508e-06

 1120  0  0
9.999999999996508e-06
9.999999999996508e-06

 1121  0  0
9.999999999996508e-06
9.999999999996508e-06

 1122  0  0
9.999999999996508e-06
9.999999999996508e-06

 1123  0  0
9.999999999996508e-06
9.999999999996508e-06

 1124  0  0
9.999999999996508e-06
9.999999999996508e-06

 1125  0  0
9.999999999996508e-06
9.999999999996508e-06

 1126  0  0
9.999999999996508e-06
9.999999999996508e-06

 1127  0  0
9.999999999996508e-06
9.999999999996508e-06

 1128  0  0
9.999999999996508e-06
9.999999999996508e-06

 1129  0  0
9.999999999996508e-06
9.999999999996508e-06

 1130  0  0
9.999999999996508e-06
9.999999999996508e-06

 1131  0  0
9.999999999996508e-06
9.999999999996508e-06

 1132  0  0
9.999999999996508e-06
9.999999999996508e-06

 1133  0  0
9.999999999996508e-06
9.999999999996508e-06

 1134  0  0
9.999999999996508e-06
9.999999999996508e-06

 1135  0  0
9.999999999996508e-06
9.999999999996508e-06

 1136  0  0
9.999999999996508e-06
9.999999999996508e-06

 1137  0  0
9.999999999996508e-06
9.999999999996508e-06

 1138  0  0
9.999999999996508e-06
9.999999999996508e-06

 1139  0  0
9.999999999996508e-06
9.999999999996508e-06

 1140  0  0
9.999999999996508e-06
9.999999999996508e-06

 1141  0  0
9.999999999996508e-06
9.999999999996508e-06

 1142  0  0
9.999999999996508e-06
9.999999999996508e-06

 1143  0  0
9.999999999996508e-06
9.999999999996508e-06

 1144  0  0
9.999999999996508e-06
9.999999999996508e-06

 1145  0  0
9.999999999996508e-06
9.999999999996508e-06

 1146  0  0
9.999999999996508e-06
9.999999999996508e-06

 1147  0  0
9.999999999996508e-06
9.999999999996508e-06

 1148  0  0
9.999999999996508e-06
9.999999999996508e-06

 1149  0  0
9.999999999996508e-06
9.999999999996508e-06

 1150  0  0
9.999999999996508e-06
9.999999999996508e-06

 1151  0  0
9.999999999996508e-06
9.999999999996508e-06

 1152  0  0
9.999999999996508e-06
9.999999999996508e-06

 1153  0  0
9.999999999996508e-06
9.999999999996508e-06

 1154  0  0
9.999999999996508e-06
9.999999999996508e-06

 1155  0  0
9.999999999996508e-06
9.999999999996508e-06

 1156  0  0
9.999999999996508e-06
9.999999999996508e-06

 1157  0  0
9.999999999996508e-06
9.999999999996508e-06

 1158  0  0
9.999999999996508e-06
9.999999999996508e-06

 1159  0  0
9.999999999996508e-06
9.999999999996508e-06

 1160  0  0
9.999999999996508e-06
9.999999999996508e-06

 1161  0  0
9.999999999996508e-06
9.999999999996508e-06

 1162  0  0
9.999999999996508e-06
9.999999999996508e-06

 1163  0  0
9.999999999996508e-06
9.999999999996508e-06

 1164  0  0
9.999999999996508e-06
9.999999999996508e-06

 1165  0  0
9.999999999996508e-06
9.999999999996508e-06

 1166  0  0
9.999999999996508e-06
9.999999999996508e-06

 1167  0  0
9.999999999996508e-06
9.999999999996508e-06

 1168  0  0
9.999999999996508e-06
9.999999999996508e-06

 1169  0  0
9.999999999996508e-06
9.999999999996508e-06

 1170  0  0
9.999999999996508e-06
9.999999999996508e-06

 1171  0  0
9.999999999996508e-06
9.999999999996508e-06

 1172  0  0
9.999999999996508e-06
9.999999999996508e-06

 1173  0  0
9.999999999996508e-06
9.999999999996508e-06

 1174  0  0
9.999999999996508e-06
9.999999999996508e-06

 1175  0  0
9.999999999996508e-06
9.999999999996508e-06

 1176  0  0
9.999999999996508e-06
9.999999999996508e-06

 1177  0  0
9.999999999996508e-06
9.999999999996508e-06

 1178  0  0
9.999999999996508e-06
9.999999999996508e-06

 1179  0  0
9.999999999996508e-06
9.999999999996508e-06

 1180  0  0
9.999999999996508e-06
9.999999999996508e-06

 1181  0  0
9.999999999996508e-06
9.999999999996508e-06

 1182  0  0
9.999999999996508e-06
9.999999999996508e-06

 1183  0  0
9.999999999996508e-06
9.999999999996508e-06

 1184  0  0
9.999999999996508e-06
9.999999999996508e-06

 1185  0  0
9.999999999996508e-06
9.999999999996508e-06

 1186  0  0
9.999999999996508e-06
9.999999999996508e-06

 1187  0  0
9.999999999996508e-06
9.999999999996508e-06

 1188  0  0
9.999999999996508e-06
9.999999999996508e-06

 1189  0  0
9.999999999996508e-06
9.999999999996508e-06

 1190  0  0
9.999999999996508e-06
9.999999999996508e-06

 1191  0  0
9.999999999996508e-06
9.999999999996508e-06

 1192  0  0
9.999999999996508e-06
9.999999999996508e-06

 1193  0  0
9.999999999996508e-06
9.999999999996508e-06

 1194  0  0
9.999999999996508e-06
9.999999999996508e-06

 1195  0  0
9.999999999996508e-06
9.999999999996508e-06

 1196  0  0
9.999999999996508e-06
9.999999999996508e-06

 1197  0  0
9.999999999996508e-06
9.999999999996508e-06

 1198  0  0
9.999999999996508e-06
9.999999999996508e-06

 1199  0  0
9.999999999996508e-06
9.999999999996508e-06

 1200  0  0
9.999999999996508e-06
9.999999999996508e-06

 1201  0  0
9.999999999996508e-06
9.999999999996508e-06

 1202  0  0
9.999999999996508e-06
9.999999999996508e-06

 1203  0  0
9.999999999996508e-06
9.999999999996508e-06

 1204  0  0
9.999999999996508e-06
9.999999999996508e-06

 1205  0  0
9.999999999996508e-06
9.999999999996508e-06

 1206  0  0
9.999999999996508e-06
9.999999999996508e-06

 1207  0  0
9.999999999996508e-06
9.999999999996508e-06

 1208  0  0
9.999999999996508e-06
9.999999999996508e-06

 1209  0  0
9.999999999996508e-06
9.999999999996508e-06

 1210  0  0
9.999999999996508e-06
9.999999999996508e-06

 1211  0  0
9.999999999996508e-06
9.999999999996508e-06

 1212  0  0
9.999999999996508e-06
9.999999999996508e-06

 1213  0  0
9.999999999996508e-06
9.999999999996508e-06

 1214  0  0
9.999999999996508e-06
9.999999999996508e-06

 1215  0  0
9.999999999996508e-06
9.999999999996508e-06

 1216  0  0
9.999999999996508e-06
9.999999999996508e-06

 1217  0  0
9.999999999996508e-06
9.999999999996508e-06

 1218  0  0
9.999999999996508e-06
9.999999999996508e-06

 1219  0  0
9.999999999996508e-06
9.999999999996508e-06

 1220  0  0
9.999999999996508e-06
9.999999999996508e-06

 1221  0  0
9.999999999996508e-06
9.999999999996508e-06

 1222  0  0
9.999999999996508e-06
9.999999999996508e-06

 1223  0  0
9.999999999996508e-06
9.999999999996508e-06

 1224  0  0
9.999999999996508e-06
9.999999999996508e-06

 1225  0  0
9.999999999996508e-06
9.999999999996508e-06

 1226  0  0
9.999999999996508e-06
9.999999999996508e-06

 1227  0  0
9.999999999996508e-06
9.999999999996508e-06

 1228  0  0
9.999999999996508e-06
9.999999999996508e-06

 1229  0  0
9.999999999996508e-06
9.999999999996508e-06

 1230  0  0
9.999999999996508e-06
9.999999999996508e-06

 1231  0  0
9.999999999996508e-06
9.999999999996508e-06

 1232  0  0
9.999999999996508e-06
9.999999999996508e-06

 1233  0  0
9.999999999996508e-06
9.999999999996508e-06

 1234  0  0
9.999999999996508e-06
9.999999999996508e-06

 1235  0  0
9.999999999996508e-06
9.999999999996508e-06

 1236  0  0
9.999999999996508e-06
9.999999999996508e-06

 1237  0  0
9.999999999996508e-06
9.999999999996508e-06

 1238  0  0
9.999999999996508e-06
9.999999999996508e-06

 1239  0  0
9.999999999996508e-06
9.999999999996508e-06

 1240  0  0
9.999999999996508e-06
9.999999999996508e-06

 1241  0  0
9.999999999996508e-06
9.999999999996508e-06

 1242  0  0
9.999999999996508e-06
9.999999999996508e-06

 1243  0  0
9.999999999996508e-06
9.999999999996508e-06

 1244  0  0
9.999999999996508e-06
9.999999999996508e-06

 1245  0  0
9.999999999996508e-06
9.999999999996508e-06

 1246  0  0
9.999999999996508e-06
9.999999999996508e-06

 1247  0  0
9.999999999996508e-06
9.999999999996508e-06

 1248  0  0
9.999999999996508e-06
9.999999999996508e-06

 1249  0  0
9.999999999996508e-06
9.999999999996508e-06

 1250  0  0
9.999999999996508e-06
9.999999999996508e-06

 1251  0  0
9.999999999996508e-06
9.999999999996508e-06

 1252  0  0
9.999999999996508e-06
9.999999999996508e-06

 1253  0  0
9.999999999996508e-06
9.999999999996508e-06

 1254  0  0
9.999999999996508e-06
9.999999999996508e-06

 1255  0  0
9.999999999996508e-06
9.999999999996508e-06

 1256  0  0
9.999999999996508e-06
9.999999999996508e-06

 1257  0  0
9.999999999996508e-06
9.999999999996508e-06

 1258  0  0
9.999999999996508e-06
9.999999999996508e-06

 1259  0  0
9.999999999996508e-06
9.999999999996508e-06

 1260  0  0
9.999999999996508e-06
9.999999999996508e-06

 1261  0  0
9.999999999996508e-06
9.999999999996508e-06

 1262  0  0
9.999999999996508e-06
9.999999999996508e-06

 1263  0  0
9.999999999996508e-06
9.999999999996508e-06

 1264  0  0
9.999999999996508e-06
9.999999999996508e-06

 1265  0  0
9.999999999996508e-06
9.999999999996508e-06

 1266  0  0
9.999999999996508e-06
9.999999999996508e-06

 1267  0  0
9.999999999996508e-06
9.999999999996508e-06

 1268  0  0
9.999999999996506e-06
9.999999999996496e-06

 1269  0  0
9.999999999996459e-06
9.999999999996086e-06

 1270  0  0
9.999999999995107e-06
9.999999999976856e-06

 1271  0  0
9.999999999943123e-06
9.999999999540275e-06

 1272  0  0
9.999999998845569e-06
9.999999990409992e-06

 1273  0  0
9.999999976526555e-06
9.999999805227460e-06

 1274  0  0
9.999999539369393e-06
9.999996193776766e-06

 1275  0  0
9.999991367185572e-06
9.999929065520260e-06

 1276  0  0
9.999847283589150e-06
9.998754762336938e-06

 1277  0  0
9.997494179932465e-06
9.979792448326708e-06

 1278  0  0
9.962942039380107e-06
9.705535248075990e-06

 1279  0  0
9.533421391468487e-06
6.195638780877083e-06

