#Cell  Group   Direction 
# Element_0
# Element_1
    0  0  0
1.809206016426331e-01
1.772163978827000e-01

    0  0  1
1.729701412514945e+00
1.723192532311740e+00

    1  0  0
1.745000225569793e-01
1.707892490629158e-01

    1  0  1
1.718420145419442e+00
1.711790552514305e+00

    2  0  0
1.680695086679457e-01
1.643532120636192e-01

    2  0  1
1.706928993030444e+00
1.700165290597544e+00

    3  0  0
1.616282102567770e-01
1.579050011165176e-01

    3  0  1
1.695204688067798e+00
1.688291457802141e+00

    4  0  0
1.551772407771566e-01
1.514514579515892e-01

    4  0  1
1.683220397819590e+00
1.676139800854299e+00

    5  0  0
1.487222601090757e-01
1.449925322115781e-01

    5  0  1
1.670945053083158e+00
1.663676331618554e+00

    6  0  0
1.422593301358141e-01
1.385262250310918e-01

    6  0  1
1.658342292396283e+00
1.650860537596956e+00

    7  0  0
1.357949528733121e-01
1.320642611231358e-01

    7  0  1
1.645369130945833e+00
1.637646996066973e+00

    8  0  0
1.293317171170861e-01
1.255965722261870e-01

    8  0  1
1.631977821535006e+00
1.623982892323557e+00

    9  0  0
1.228615323971206e-01
1.191281546603859e-01

    9  0  1
1.618111924535376e+00
1.609806314795480e+00

   10  0  0
1.164017047048099e-01
1.126769070054379e-01

   10  0  1
1.603705514076777e+00
1.595044661155730e+00

   11  0  0
1.099498871377445e-01
1.062228927241447e-01

   11  0  1
1.588680831402671e+00
1.579612634748121e+00

   12  0  0
1.035009736377546e-01
9.978854673956992e-02

   12  0  1
1.572947368010353e+00
1.563411278835402e+00

   13  0  0
9.708320211058871e-02
9.338451447585393e-02

   13  0  1
1.556399544467977e+00
1.546322429449313e+00

   14  0  0
9.067799119139115e-02
8.698222735453762e-02

   14  0  1
1.538909959087636e+00
1.528205045717422e+00

   15  0  0
8.429571229221272e-02
8.063405579479230e-02

   15  0  1
1.520327579022309e+00
1.508891137213004e+00

   16  0  0
7.796941107047496e-02
7.432184118334374e-02

   16  0  1
1.500471691074428e+00
1.488178301116947e+00

   17  0  0
7.165739668317818e-02
6.802731156891781e-02

   17  0  1
1.479123838625547e+00
1.465820645856020e+00

   18  0  0
6.540868832115589e-02
6.183874409416723e-02

   18  0  1
1.456017776082300e+00
1.441516391416649e+00

   19  0  0
5.924034910831673e-02
5.567912208682339e-02

   19  0  1
1.430825385281372e+00
1.414890765492958e+00

   20  0  0
5.309241901752303e-02
4.958325350979140e-02

   20  0  1
1.403137006370380e+00
1.385471281636983e+00

   21  0  0
4.708054296539711e-02
4.366116127993112e-02

   21  0  1
1.372434003885271e+00
1.352652421822802e+00

   22  0  0
4.116970989317598e-02
3.775702948087489e-02

   22  0  1
1.338046670178768e+00
1.315639290625845e+00

   23  0  0
3.531758313748296e-02
3.203006017053999e-02

   23  0  1
1.299086156499723e+00
1.273360622129943e+00

   24  0  0
2.972195030084828e-02
2.654978685861834e-02

   24  0  1
1.254348978575335e+00
1.224327294513316e+00

   25  0  0
2.424070964365880e-02
2.109639292842701e-02

   25  0  1
1.202135676859765e+00
1.166366472073966e+00

   26  0  0
1.893528384900680e-02
1.605295670847522e-02

   26  0  1
1.139938392644841e+00
1.096118666729678e+00

   27  0  0
1.408201447531260e-02
1.133977980779535e-02

   27  0  1
1.063808325113137e+00
1.007874062556870e+00

   28  0  0
9.389807786910061e-03
6.803234763833713e-03

   28  0  1
9.669089462924553e-01
8.906200479850156e-01

   29  0  0
5.239582464284225e-03
3.200992366053184e-03

   29  0  1
8.384965802455324e-01
7.164658163391766e-01

   30  0  0
2.054654050574672e-03
5.045841477096858e-04

   30  0  1
6.194818362358601e-01
3.054265459187002e-01

   31  0  0
9.583399299927807e-09
1.327426015806893e-05

   31  0  1
3.488526137377897e-05
-2.233018908203335e-03

   32  0  0
5.336771826903775e-06
4.919033911080953e-06

   32  0  1
-6.639180028562592e-05
2.140786539093234e-05

   33  0  0
4.993953032053598e-06
5.001518194600930e-06

   33  0  1
6.074706550572548e-06
4.735914714024969e-06

   34  0  0
5.000108376474366e-06
4.999972777962047e-06

   34  0  1
4.983289667715306e-06
5.004100841890092e-06

   35  0  0
4.999998091379844e-06
5.000000479850041e-06

   35  0  1
5.000259829987037e-06
4.999936240259984e-06

   36  0  0
5.000000033164196e-06
4.999999991653849e-06

   36  0  1
4.999995955937984e-06
5.000000992271088e-06

   37  0  0
4.999999999428095e-06
5.000000000141787e-06

   37  0  1
5.000000063007236e-06
4.999999984539383e-06

   38  0  0
5.000000000007960e-06
4.999999999995807e-06

   38  0  1
4.999999999015614e-06
5.000000000239318e-06

   39  0  0
4.999999999998091e-06
4.999999999998295e-06

   39  0  1
5.000000000013590e-06
4.999999999994492e-06

   40  0  0
4.999999999998250e-06
4.999999999998250e-06

   40  0  1
4.999999999998013e-06
4.999999999998309e-06

   41  0  0
4.999999999998245e-06
4.999999999998249e-06

   41  0  1
4.999999999998252e-06
4.999999999998250e-06

   42  0  0
4.999999999998245e-06
4.999999999998249e-06

   42  0  1
4.999999999998248e-06
4.999999999998247e-06

   43  0  0
4.999999999998245e-06
4.999999999998249e-06

   43  0  1
4.999999999998248e-06
4.999999999998247e-06

   44  0  0
4.999999999998245e-06
4.999999999998249e-06

   44  0  1
4.999999999998248e-06
4.999999999998247e-06

   45  0  0
4.999999999998245e-06
4.999999999998249e-06

   45  0  1
4.999999999998248e-06
4.999999999998247e-06

   46  0  0
4.999999999998245e-06
4.999999999998249e-06

   46  0  1
4.999999999998248e-06
4.999999999998247e-06

   47  0  0
4.999999999998245e-06
4.999999999998249e-06

   47  0  1
4.999999999998248e-06
4.999999999998247e-06

   48  0  0
4.999999999998245e-06
4.999999999998249e-06

   48  0  1
4.999999999998248e-06
4.999999999998247e-06

   49  0  0
4.999999999998245e-06
4.999999999998249e-06

   49  0  1
4.999999999998248e-06
4.999999999998247e-06

   50  0  0
4.999999999998245e-06
4.999999999998249e-06

   50  0  1
4.999999999998248e-06
4.999999999998247e-06

   51  0  0
4.999999999998245e-06
4.999999999998249e-06

   51  0  1
4.999999999998248e-06
4.999999999998247e-06

   52  0  0
4.999999999998245e-06
4.999999999998249e-06

   52  0  1
4.999999999998248e-06
4.999999999998247e-06

   53  0  0
4.999999999998245e-06
4.999999999998249e-06

   53  0  1
4.999999999998248e-06
4.999999999998247e-06

   54  0  0
4.999999999998245e-06
4.999999999998249e-06

   54  0  1
4.999999999998248e-06
4.999999999998247e-06

   55  0  0
4.999999999998245e-06
4.999999999998249e-06

   55  0  1
4.999999999998248e-06
4.999999999998247e-06

   56  0  0
4.999999999998245e-06
4.999999999998249e-06

   56  0  1
4.999999999998248e-06
4.999999999998247e-06

   57  0  0
4.999999999998245e-06
4.999999999998249e-06

   57  0  1
4.999999999998248e-06
4.999999999998247e-06

   58  0  0
4.999999999998245e-06
4.999999999998249e-06

   58  0  1
4.999999999998248e-06
4.999999999998247e-06

   59  0  0
4.999999999998245e-06
4.999999999998249e-06

   59  0  1
4.999999999998248e-06
4.999999999998247e-06

   60  0  0
4.999999999998245e-06
4.999999999998249e-06

   60  0  1
4.999999999998248e-06
4.999999999998247e-06

   61  0  0
4.999999999998245e-06
4.999999999998249e-06

   61  0  1
4.999999999998248e-06
4.999999999998247e-06

   62  0  0
4.999999999998245e-06
4.999999999998249e-06

   62  0  1
4.999999999998248e-06
4.999999999998247e-06

   63  0  0
4.999999999998245e-06
4.999999999998249e-06

   63  0  1
4.999999999998248e-06
4.999999999998247e-06

   64  0  0
4.999999999998245e-06
4.999999999998249e-06

   64  0  1
4.999999999998248e-06
4.999999999998247e-06

   65  0  0
4.999999999998245e-06
4.999999999998249e-06

   65  0  1
4.999999999998248e-06
4.999999999998247e-06

   66  0  0
4.999999999998245e-06
4.999999999998249e-06

   66  0  1
4.999999999998248e-06
4.999999999998247e-06

   67  0  0
4.999999999998245e-06
4.999999999998249e-06

   67  0  1
4.999999999998248e-06
4.999999999998247e-06

   68  0  0
4.999999999998245e-06
4.999999999998249e-06

   68  0  1
4.999999999998248e-06
4.999999999998247e-06

   69  0  0
4.999999999998245e-06
4.999999999998249e-06

   69  0  1
4.999999999998248e-06
4.999999999998247e-06

   70  0  0
4.999999999998249e-06
4.999999999998250e-06

   70  0  1
4.999999999998248e-06
4.999999999998247e-06

   71  0  0
4.999999999998265e-06
4.999999999998194e-06

   71  0  1
4.999999999998250e-06
4.999999999998251e-06

   72  0  0
4.999999999997402e-06
5.000000000002125e-06

   72  0  1
4.999999999997962e-06
4.999999999999673e-06

   73  0  0
5.000000000035965e-06
4.999999999836881e-06

   73  0  1
5.000000000013690e-06
4.999999999935412e-06

   74  0  0
4.999999998486779e-06
5.000000006487277e-06

   74  0  1
4.999999999344831e-06
5.000000002661452e-06

   75  0  0
5.000000058520556e-06
4.999999747614935e-06

   75  0  1
5.000000026914252e-06
4.999999890021753e-06

   76  0  0
4.999997829629561e-06
5.000009414810954e-06

   76  0  1
4.999998926728912e-06
5.000004399061113e-06

   77  0  0
5.000076061684919e-06
4.999667415339841e-06

   77  0  1
5.000041060930971e-06
4.999831005920515e-06

   78  0  0
4.997538749764557e-06
5.010899935402546e-06

   78  0  1
4.998514238321036e-06
5.006154283038946e-06

   79  0  0
5.071600713954486e-06
4.686104604152436e-06

   79  0  1
5.050210038567873e-06
4.794484842386425e-06

