#Cell    Group    L_mom 
# Element_0
# Element_1
    0  0  0
1.913321332637197e+00
1.910782616134362e+00

    1  0  0
1.908923366485726e+00
1.906377304992099e+00

    2  0  0
1.904512655159970e+00
1.901959076625197e+00

    3  0  0
1.900088916271584e+00
1.897527653901928e+00

    4  0  0
1.895651858263514e+00
1.893082734245307e+00

    5  0  0
1.891201175013792e+00
1.888624005079208e+00

    6  0  0
1.886736547653219e+00
1.884151140605424e+00

    7  0  0
1.882257644690326e+00
1.879663802096970e+00

    8  0  0
1.877764122047313e+00
1.875161638134009e+00

    9  0  0
1.873255623113620e+00
1.870644284692080e+00

   10  0  0
1.868731778359461e+00
1.866111364516966e+00

   11  0  0
1.864192204925343e+00
1.861562486681554e+00

   12  0  0
1.859636505850221e+00
1.856997245734469e+00

   13  0  0
1.855064269339355e+00
1.852415220888356e+00

   14  0  0
1.850475067974615e+00
1.847815975367822e+00

   15  0  0
1.845868458185461e+00
1.843199056017758e+00

   16  0  0
1.841243979883594e+00
1.838563992939741e+00

   17  0  0
1.836601156022296e+00
1.833910298941411e+00

   18  0  0
1.831939491955749e+00
1.829237468753719e+00

   19  0  0
1.827258474527512e+00
1.824544977974669e+00

   20  0  0
1.822557570967904e+00
1.819832282276472e+00

   21  0  0
1.817836228394672e+00
1.815098816367123e+00

   22  0  0
1.813093872730232e+00
1.810343993977481e+00

   23  0  0
1.808329909070100e+00
1.805567207900991e+00

   24  0  0
1.803543721037252e+00
1.800767828465760e+00

   25  0  0
1.798734668408790e+00
1.795945200271940e+00

   26  0  0
1.793902083988040e+00
1.791098639617395e+00

   27  0  0
1.789045272365282e+00
1.786227434989829e+00

   28  0  0
1.784163511445323e+00
1.781330849448109e+00

   29  0  0
1.779256054152644e+00
1.776408121105953e+00

   30  0  0
1.774322127313832e+00
1.771458460716905e+00

   31  0  0
1.769360928898874e+00
1.766481047527223e+00

   32  0  0
1.764371623755669e+00
1.761475026210092e+00

   33  0  0
1.759353341927736e+00
1.756439506362708e+00

   34  0  0
1.754305178524171e+00
1.751373562516265e+00

   35  0  0
1.749226193210359e+00
1.746276232969905e+00

   36  0  0
1.744115408324159e+00
1.741146517639188e+00

   37  0  0
1.738971807559776e+00
1.735983376848535e+00

   38  0  0
1.733794333717340e+00
1.730785728480786e+00

   39  0  0
1.728581886481341e+00
1.725552446351736e+00

   40  0  0
1.723333320547110e+00
1.720282357964842e+00

   41  0  0
1.718047443876831e+00
1.714974243809460e+00

   42  0  0
1.712723017461413e+00
1.709626836673502e+00

   43  0  0
1.707358752636705e+00
1.704238816756639e+00

   44  0  0
1.701953305003456e+00
1.698808804431248e+00

   45  0  0
1.696505268486141e+00
1.693335356714088e+00

   46  0  0
1.691013175049076e+00
1.687816970801478e+00

   47  0  0
1.685475499242877e+00
1.682252088541975e+00

   48  0  0
1.679890658490647e+00
1.676639091382589e+00

   49  0  0
1.674257005011336e+00
1.670976288768937e+00

   50  0  0
1.668572815215214e+00
1.665261910483893e+00

   51  0  0
1.662836284696651e+00
1.659494103981032e+00

   52  0  0
1.657045527320401e+00
1.653670935590391e+00

   53  0  0
1.651198575490917e+00
1.647790388273140e+00

   54  0  0
1.645293374867111e+00
1.641850354137592e+00

   55  0  0
1.639327778520781e+00
1.635848630631515e+00

   56  0  0
1.633299542701146e+00
1.629782914060204e+00

   57  0  0
1.627206318872225e+00
1.623650792339905e+00

   58  0  0
1.621045649766032e+00
1.617449743316147e+00

   59  0  0
1.614814964392455e+00
1.611177124352690e+00

   60  0  0
1.608511567082487e+00
1.604830165465726e+00

   61  0  0
1.602132635341059e+00
1.598405967246333e+00

   62  0  0
1.595675210253826e+00
1.591901484381156e+00

   63  0  0
1.589136184540399e+00
1.585313522900748e+00

   64  0  0
1.582512302171596e+00
1.578638733784475e+00

   65  0  0
1.575800140805954e+00
1.571873590165935e+00

   66  0  0
1.568996101859975e+00
1.565014392306640e+00

   67  0  0
1.562096410036679e+00
1.558057249539808e+00

   68  0  0
1.555097084319978e+00
1.550998055697116e+00

   69  0  0
1.547993936747832e+00
1.543832503687370e+00

   70  0  0
1.540782564257268e+00
1.536556043533107e+00

   71  0  0
1.533458306591897e+00
1.529163867037434e+00

   72  0  0
1.526016261338579e+00
1.521650926424204e+00

   73  0  0
1.518451254245089e+00
1.514011858861288e+00

   74  0  0
1.510757793567433e+00
1.506241003051015e+00

   75  0  0
1.502930105442338e+00
1.498332398088046e+00

   76  0  0
1.494962057940981e+00
1.490279670873878e+00

   77  0  0
1.486847134097607e+00
1.482076112106620e+00

   78  0  0
1.478578477708910e+00
1.473714609504140e+00

   79  0  0
1.470148748538599e+00
1.465187525268506e+00

   80  0  0
1.461550157395958e+00
1.456486847411818e+00

   81  0  0
1.452774478966504e+00
1.447603984163127e+00

   82  0  0
1.443812831480662e+00
1.438529706777542e+00

   83  0  0
1.434655830262519e+00
1.429254349008742e+00

   84  0  0
1.425293476098989e+00
1.419767382924680e+00

   85  0  0
1.415714903133402e+00
1.410057568198150e+00

   86  0  0
1.405908691825384e+00
1.400113073425903e+00

   87  0  0
1.395862485333361e+00
1.389920802067004e+00

   88  0  0
1.385562844214002e+00
1.379466942426094e+00

   89  0  0
1.374995682644576e+00
1.368736723239463e+00

   90  0  0
1.364145438460662e+00
1.357713621217021e+00

   91  0  0
1.352995314162347e+00
1.346380462577843e+00

   92  0  0
1.341527592723885e+00
1.334718336188400e+00

   93  0  0
1.329722275988142e+00
1.322706120414480e+00

   94  0  0
1.317558097359916e+00
1.310322050891019e+00

   95  0  0
1.305012166177508e+00
1.297541208399928e+00

   96  0  0
1.292058262052290e+00
1.284336252286030e+00

   97  0  0
1.278668976546917e+00
1.270678772888362e+00

   98  0  0
1.264813729496831e+00
1.256534983906437e+00

   99  0  0
1.250457465851761e+00
1.241868899767127e+00

  100  0  0
1.235563839913944e+00
1.226641820082596e+00

  101  0  0
1.220090369654377e+00
1.210806620259103e+00

  102  0  0
1.203989127107747e+00
1.194314659402911e+00

  103  0  0
1.187209796913333e+00
1.177110286956495e+00

  104  0  0
1.169690822534850e+00
1.159125826947802e+00

  105  0  0
1.151364556278667e+00
1.140292351447902e+00

  106  0  0
1.132156964344804e+00
1.120524820463559e+00

  107  0  0
1.111974745678553e+00
1.099722386166363e+00

  108  0  0
1.090717395465408e+00
1.077779618303025e+00

  109  0  0
1.068266990792100e+00
1.054557432179580e+00

  110  0  0
1.044473767106567e+00
1.029895880611814e+00

  111  0  0
1.019174987386691e+00
1.003614927118344e+00

  112  0  0
9.921635491867913e-01
9.754672838582995e-01

  113  0  0
9.631770658966136e-01
9.451690323705754e-01

  114  0  0
9.319133736183477e-01
9.123630676142995e-01

  115  0  0
8.979574491041263e-01
8.765474079722351e-01

  116  0  0
8.607720431236048e-01
8.371048935952260e-01

  117  0  0
8.196617922499346e-01
7.931497989494334e-01

  118  0  0
7.735904322217226e-01
7.433569771437898e-01

  119  0  0
7.210700320524877e-01
6.857653747788807e-01

  120  0  0
6.597637880453808e-01
6.169233622696336e-01

  121  0  0
5.855244398735912e-01
5.301323247430090e-01

  122  0  0
4.915575252987966e-01
4.077015052379430e-01

  123  0  0
3.364377452401862e-01
1.548287072654523e-01

  124  0  0
7.145423406370000e-04
-2.754406485846435e-03

  125  0  0
-3.364942228524022e-04
6.574608854953297e-05

  126  0  0
2.558005185433581e-05
6.995844294018796e-06

  127  0  0
9.250840538569266e-06
1.014382632481211e-05

  128  0  0
1.003543778236167e-05
9.993145026185436e-06

  129  0  0
9.998347655908424e-06
1.000032228436555e-05

  130  0  0
1.000007566927937e-05
9.999985092237522e-06

  131  0  0
9.999996611352018e-06
1.000000067596289e-05

  132  0  0
1.000000014743287e-05
9.999999970106052e-06

  133  0  0
9.999999993829439e-06
1.000000000127515e-05

  134  0  0
1.000000000023985e-05
9.999999999944324e-06

  135  0  0
9.999999999987819e-06
9.999999999998505e-06

  136  0  0
9.999999999996780e-06
9.999999999996440e-06

  137  0  0
9.999999999996503e-06
9.999999999996509e-06

  138  0  0
9.999999999996508e-06
9.999999999996509e-06

  139  0  0
9.999999999996509e-06
9.999999999996509e-06

  140  0  0
9.999999999996509e-06
9.999999999996509e-06

  141  0  0
9.999999999996509e-06
9.999999999996509e-06

  142  0  0
9.999999999996509e-06
9.999999999996509e-06

  143  0  0
9.999999999996509e-06
9.999999999996509e-06

  144  0  0
9.999999999996509e-06
9.999999999996509e-06

  145  0  0
9.999999999996509e-06
9.999999999996509e-06

  146  0  0
9.999999999996509e-06
9.999999999996509e-06

  147  0  0
9.999999999996509e-06
9.999999999996509e-06

  148  0  0
9.999999999996509e-06
9.999999999996509e-06

  149  0  0
9.999999999996509e-06
9.999999999996509e-06

  150  0  0
9.999999999996509e-06
9.999999999996509e-06

  151  0  0
9.999999999996509e-06
9.999999999996509e-06

  152  0  0
9.999999999996509e-06
9.999999999996509e-06

  153  0  0
9.999999999996509e-06
9.999999999996509e-06

  154  0  0
9.999999999996509e-06
9.999999999996509e-06

  155  0  0
9.999999999996509e-06
9.999999999996509e-06

  156  0  0
9.999999999996509e-06
9.999999999996509e-06

  157  0  0
9.999999999996509e-06
9.999999999996509e-06

  158  0  0
9.999999999996509e-06
9.999999999996509e-06

  159  0  0
9.999999999996509e-06
9.999999999996509e-06

  160  0  0
9.999999999996509e-06
9.999999999996509e-06

  161  0  0
9.999999999996509e-06
9.999999999996509e-06

  162  0  0
9.999999999996509e-06
9.999999999996509e-06

  163  0  0
9.999999999996509e-06
9.999999999996509e-06

  164  0  0
9.999999999996509e-06
9.999999999996509e-06

  165  0  0
9.999999999996509e-06
9.999999999996509e-06

  166  0  0
9.999999999996509e-06
9.999999999996509e-06

  167  0  0
9.999999999996509e-06
9.999999999996509e-06

  168  0  0
9.999999999996509e-06
9.999999999996509e-06

  169  0  0
9.999999999996509e-06
9.999999999996509e-06

  170  0  0
9.999999999996509e-06
9.999999999996509e-06

  171  0  0
9.999999999996509e-06
9.999999999996509e-06

  172  0  0
9.999999999996509e-06
9.999999999996509e-06

  173  0  0
9.999999999996509e-06
9.999999999996509e-06

  174  0  0
9.999999999996509e-06
9.999999999996509e-06

  175  0  0
9.999999999996509e-06
9.999999999996509e-06

  176  0  0
9.999999999996509e-06
9.999999999996509e-06

  177  0  0
9.999999999996509e-06
9.999999999996509e-06

  178  0  0
9.999999999996509e-06
9.999999999996509e-06

  179  0  0
9.999999999996509e-06
9.999999999996509e-06

  180  0  0
9.999999999996509e-06
9.999999999996509e-06

  181  0  0
9.999999999996509e-06
9.999999999996509e-06

  182  0  0
9.999999999996509e-06
9.999999999996509e-06

  183  0  0
9.999999999996509e-06
9.999999999996509e-06

  184  0  0
9.999999999996509e-06
9.999999999996509e-06

  185  0  0
9.999999999996509e-06
9.999999999996509e-06

  186  0  0
9.999999999996509e-06
9.999999999996509e-06

  187  0  0
9.999999999996509e-06
9.999999999996509e-06

  188  0  0
9.999999999996509e-06
9.999999999996509e-06

  189  0  0
9.999999999996509e-06
9.999999999996509e-06

  190  0  0
9.999999999996509e-06
9.999999999996509e-06

  191  0  0
9.999999999996509e-06
9.999999999996509e-06

  192  0  0
9.999999999996509e-06
9.999999999996509e-06

  193  0  0
9.999999999996509e-06
9.999999999996509e-06

  194  0  0
9.999999999996509e-06
9.999999999996509e-06

  195  0  0
9.999999999996509e-06
9.999999999996509e-06

  196  0  0
9.999999999996509e-06
9.999999999996509e-06

  197  0  0
9.999999999996509e-06
9.999999999996509e-06

  198  0  0
9.999999999996509e-06
9.999999999996509e-06

  199  0  0
9.999999999996509e-06
9.999999999996509e-06

  200  0  0
9.999999999996509e-06
9.999999999996509e-06

  201  0  0
9.999999999996509e-06
9.999999999996509e-06

  202  0  0
9.999999999996509e-06
9.999999999996509e-06

  203  0  0
9.999999999996509e-06
9.999999999996509e-06

  204  0  0
9.999999999996509e-06
9.999999999996509e-06

  205  0  0
9.999999999996509e-06
9.999999999996509e-06

  206  0  0
9.999999999996509e-06
9.999999999996509e-06

  207  0  0
9.999999999996509e-06
9.999999999996509e-06

  208  0  0
9.999999999996509e-06
9.999999999996509e-06

  209  0  0
9.999999999996509e-06
9.999999999996509e-06

  210  0  0
9.999999999996509e-06
9.999999999996509e-06

  211  0  0
9.999999999996509e-06
9.999999999996509e-06

  212  0  0
9.999999999996509e-06
9.999999999996509e-06

  213  0  0
9.999999999996509e-06
9.999999999996509e-06

  214  0  0
9.999999999996509e-06
9.999999999996509e-06

  215  0  0
9.999999999996509e-06
9.999999999996509e-06

  216  0  0
9.999999999996509e-06
9.999999999996509e-06

  217  0  0
9.999999999996509e-06
9.999999999996509e-06

  218  0  0
9.999999999996509e-06
9.999999999996509e-06

  219  0  0
9.999999999996509e-06
9.999999999996509e-06

  220  0  0
9.999999999996509e-06
9.999999999996509e-06

  221  0  0
9.999999999996509e-06
9.999999999996509e-06

  222  0  0
9.999999999996509e-06
9.999999999996509e-06

  223  0  0
9.999999999996509e-06
9.999999999996509e-06

  224  0  0
9.999999999996509e-06
9.999999999996509e-06

  225  0  0
9.999999999996509e-06
9.999999999996509e-06

  226  0  0
9.999999999996509e-06
9.999999999996509e-06

  227  0  0
9.999999999996509e-06
9.999999999996509e-06

  228  0  0
9.999999999996509e-06
9.999999999996509e-06

  229  0  0
9.999999999996509e-06
9.999999999996509e-06

  230  0  0
9.999999999996509e-06
9.999999999996509e-06

  231  0  0
9.999999999996509e-06
9.999999999996509e-06

  232  0  0
9.999999999996509e-06
9.999999999996509e-06

  233  0  0
9.999999999996509e-06
9.999999999996509e-06

  234  0  0
9.999999999996509e-06
9.999999999996509e-06

  235  0  0
9.999999999996509e-06
9.999999999996509e-06

  236  0  0
9.999999999996509e-06
9.999999999996509e-06

  237  0  0
9.999999999996509e-06
9.999999999996509e-06

  238  0  0
9.999999999996509e-06
9.999999999996509e-06

  239  0  0
9.999999999996509e-06
9.999999999996509e-06

  240  0  0
9.999999999996509e-06
9.999999999996509e-06

  241  0  0
9.999999999996509e-06
9.999999999996509e-06

  242  0  0
9.999999999996509e-06
9.999999999996509e-06

  243  0  0
9.999999999996509e-06
9.999999999996509e-06

  244  0  0
9.999999999996509e-06
9.999999999996509e-06

  245  0  0
9.999999999996509e-06
9.999999999996509e-06

  246  0  0
9.999999999996509e-06
9.999999999996509e-06

  247  0  0
9.999999999996509e-06
9.999999999996509e-06

  248  0  0
9.999999999996509e-06
9.999999999996509e-06

  249  0  0
9.999999999996509e-06
9.999999999996509e-06

  250  0  0
9.999999999996509e-06
9.999999999996509e-06

  251  0  0
9.999999999996509e-06
9.999999999996509e-06

  252  0  0
9.999999999996509e-06
9.999999999996509e-06

  253  0  0
9.999999999996509e-06
9.999999999996509e-06

  254  0  0
9.999999999996509e-06
9.999999999996509e-06

  255  0  0
9.999999999996509e-06
9.999999999996509e-06

  256  0  0
9.999999999996509e-06
9.999999999996509e-06

  257  0  0
9.999999999996509e-06
9.999999999996509e-06

  258  0  0
9.999999999996509e-06
9.999999999996509e-06

  259  0  0
9.999999999996509e-06
9.999999999996509e-06

  260  0  0
9.999999999996509e-06
9.999999999996509e-06

  261  0  0
9.999999999996509e-06
9.999999999996509e-06

  262  0  0
9.999999999996509e-06
9.999999999996509e-06

  263  0  0
9.999999999996509e-06
9.999999999996509e-06

  264  0  0
9.999999999996509e-06
9.999999999996509e-06

  265  0  0
9.999999999996509e-06
9.999999999996509e-06

  266  0  0
9.999999999996509e-06
9.999999999996509e-06

  267  0  0
9.999999999996509e-06
9.999999999996509e-06

  268  0  0
9.999999999996509e-06
9.999999999996509e-06

  269  0  0
9.999999999996509e-06
9.999999999996509e-06

  270  0  0
9.999999999996509e-06
9.999999999996509e-06

  271  0  0
9.999999999996509e-06
9.999999999996509e-06

  272  0  0
9.999999999996509e-06
9.999999999996509e-06

  273  0  0
9.999999999996509e-06
9.999999999996509e-06

  274  0  0
9.999999999996509e-06
9.999999999996509e-06

  275  0  0
9.999999999996509e-06
9.999999999996509e-06

  276  0  0
9.999999999996509e-06
9.999999999996509e-06

  277  0  0
9.999999999996509e-06
9.999999999996509e-06

  278  0  0
9.999999999996509e-06
9.999999999996509e-06

  279  0  0
9.999999999996509e-06
9.999999999996509e-06

  280  0  0
9.999999999996509e-06
9.999999999996509e-06

  281  0  0
9.999999999996509e-06
9.999999999996509e-06

  282  0  0
9.999999999996509e-06
9.999999999996509e-06

  283  0  0
9.999999999996509e-06
9.999999999996509e-06

  284  0  0
9.999999999996509e-06
9.999999999996509e-06

  285  0  0
9.999999999996509e-06
9.999999999996509e-06

  286  0  0
9.999999999996509e-06
9.999999999996509e-06

  287  0  0
9.999999999996509e-06
9.999999999996509e-06

  288  0  0
9.999999999996509e-06
9.999999999996509e-06

  289  0  0
9.999999999996509e-06
9.999999999996509e-06

  290  0  0
9.999999999996509e-06
9.999999999996509e-06

  291  0  0
9.999999999996509e-06
9.999999999996509e-06

  292  0  0
9.999999999996509e-06
9.999999999996509e-06

  293  0  0
9.999999999996509e-06
9.999999999996509e-06

  294  0  0
9.999999999996509e-06
9.999999999996509e-06

  295  0  0
9.999999999996509e-06
9.999999999996509e-06

  296  0  0
9.999999999996509e-06
9.999999999996509e-06

  297  0  0
9.999999999996509e-06
9.999999999996509e-06

  298  0  0
9.999999999996509e-06
9.999999999996509e-06

  299  0  0
9.999999999996509e-06
9.999999999996509e-06

  300  0  0
9.999999999996509e-06
9.999999999996509e-06

  301  0  0
9.999999999996509e-06
9.999999999996509e-06

  302  0  0
9.999999999996509e-06
9.999999999996509e-06

  303  0  0
9.999999999996509e-06
9.999999999996509e-06

  304  0  0
9.999999999996509e-06
9.999999999996509e-06

  305  0  0
9.999999999996509e-06
9.999999999996509e-06

  306  0  0
9.999999999996509e-06
9.999999999996509e-06

  307  0  0
9.999999999996513e-06
9.999999999996482e-06

  308  0  0
9.999999999996413e-06
9.999999999997035e-06

  309  0  0
9.999999999997824e-06
9.999999999980141e-06

  310  0  0
9.999999999959408e-06
1.000000000024069e-05

  311  0  0
1.000000000051502e-05
9.999999996654341e-06

  312  0  0
9.999999993078635e-06
1.000000004502429e-05

  313  0  0
1.000000009062353e-05
9.999999403495173e-06

  314  0  0
9.999998838300387e-06
1.000000774917472e-05

  315  0  0
1.000001450782567e-05
9.999901623924950e-06

  316  0  0
9.999824548492556e-06
1.000121473094333e-05

  317  0  0
1.000203833654992e-05
9.985512472914113e-06

  318  0  0
9.977765322019371e-06
1.016603768658651e-05

  319  0  0
1.024741161018749e-05
8.292917897375689e-06

