#Cell  Group   Direction 
# Element_0
# Element_1
# Element_2
# Element_3
# Element_4
    0  0  0
1.821944458514023e-01
1.819000146452690e-01
1.814688252773664e-01
1.810375749842499e-01
1.807430648881043e-01

    0  0  1
1.731920114788989e+00
1.731407518866078e+00
1.730656163639634e+00
1.729903976799561e+00
1.729389831158333e+00

    1  0  0
1.805927688733290e-01
1.802982310420585e-01
1.798668914494529e-01
1.794355319562337e-01
1.791409574801216e-01

    1  0  1
1.729127306660006e+00
1.728612549083447e+00
1.727858013763076e+00
1.727102608998649e+00
1.726586252953714e+00

    2  0  0
1.789906371343463e-01
1.786960592782672e-01
1.782646850427868e-01
1.778333153589291e-01
1.775387447810572e-01

    2  0  1
1.726322598493336e+00
1.725805628276661e+00
1.725047823180139e+00
1.724289143792878e+00
1.723770534150185e+00

    3  0  0
1.773884326115083e-01
1.770938742182579e-01
1.766625404117529e-01
1.762312237065692e-01
1.759366934370478e-01

    3  0  1
1.723505722124903e+00
1.722986459491776e+00
1.722225301699841e+00
1.721463214957204e+00
1.720942294466825e+00

    4  0  0
1.757863987883149e-01
1.754918898959371e-01
1.750606394397481e-01
1.746294188599272e-01
1.743349646054993e-01

    4  0  1
1.720676309598545e+00
1.720154711420391e+00
1.719390106316212e+00
1.718624561902426e+00
1.718101242782606e+00

    5  0  0
1.741847118740339e-01
1.738902771794794e-01
1.734591311027142e-01
1.730279989760792e-01
1.727335847783868e-01

    5  0  1
1.717834025905671e+00
1.717310037342635e+00
1.716541912580366e+00
1.715772811641785e+00
1.715247056521592e+00

    6  0  0
1.725833431045068e-01
1.722889131788193e-01
1.718577174848963e-01
1.714264529371866e-01
1.711318951039320e-01

    6  0  1
1.714978596079261e+00
1.714452153071819e+00
1.713680409240188e+00
1.712907670171652e+00
1.712379408121352e+00

    7  0  0
1.709815625200043e-01
1.706869135285530e-01
1.702552983636999e-01
1.698234898625317e-01
1.695284853480082e-01

    7  0  1
1.712109660426761e+00
1.711580693952770e+00
1.710805233117172e+00
1.710028749608671e+00
1.709497915535612e+00

    8  0  0
1.693779004601184e-01
1.690827103134039e-01
1.686501909215858e-01
1.682173499280600e-01
1.679215746036427e-01

    8  0  1
1.709226850051878e+00
1.708695298203228e+00
1.707916015410817e+00
1.707135707606213e+00
1.706602245119952e+00

    9  0  0
1.677705816111934e-01
1.674745641948171e-01
1.670407936671365e-01
1.666066937689026e-01
1.663100840087872e-01

    9  0  1
1.706329830674650e+00
1.705795612524485e+00
1.705012404955880e+00
1.704228125204510e+00
1.703691932021864e+00

   10  0  0
1.661586776309950e-01
1.658618885141730e-01
1.654271113473208e-01
1.649922020631746e-01
1.646951737983229e-01

   10  0  1
1.703418120074482e+00
1.702881161912856e+00
1.702093927785601e+00
1.701305590335803e+00
1.700766613997585e+00

   11  0  0
1.645436002828853e-01
1.642465784609513e-01
1.638116944253257e-01
1.633769513549916e-01
1.630801739162849e-01

   11  0  1
1.700491376890360e+00
1.699951618794851e+00
1.699160259564825e+00
1.698367771526978e+00
1.697825982581373e+00

   12  0  0
1.629287696447124e-01
1.626321637458228e-01
1.621980250236342e-01
1.617641237300785e-01
1.614679428690733e-01

   12  0  1
1.697549305303401e+00
1.697006656842737e+00
1.696211032075801e+00
1.695414243214517e+00
1.694869458834888e+00

   13  0  0
1.613168362983722e-01
1.610207715144782e-01
1.605873000364706e-01
1.601538483384098e-01
1.598578153208422e-01

   13  0  1
1.694591247232852e+00
1.694045628885043e+00
1.693245632499273e+00
1.692444436378503e+00
1.691896624503322e+00

   14  0  0
1.597067286601518e-01
1.594105893173436e-01
1.589767329666375e-01
1.585425891387459e-01
1.582459342920562e-01

   14  0  1
1.691616862206127e+00
1.691068191412354e+00
1.690263696011236e+00
1.689457968129233e+00
1.688907038811600e+00

   15  0  0
1.580944933117021e-01
1.577976045536945e-01
1.573625853408973e-01
1.569273044229685e-01
1.566299481217084e-01

   15  0  1
1.688625678982082e+00
1.688073868682132e+00
1.687264746040069e+00
1.686454355689381e+00
1.685900221834103e+00

   16  0  0
1.564781853055372e-01
1.561807549307264e-01
1.557451936252760e-01
1.553097008427301e-01
1.550123893437941e-01

   16  0  1
1.685617220287487e+00
1.685062180178552e+00
1.684248297870250e+00
1.683433111217918e+00
1.682875680920800e+00

   17  0  0
1.548607040788789e-01
1.545635211064751e-01
1.541284984274326e-01
1.536936607409474e-01
1.533968033461291e-01

   17  0  1
1.682590990469563e+00
1.682032627155956e+00
1.681213846458227e+00
1.680393722995088e+00
1.679832899341169e+00

   18  0  0
1.532453382018751e-01
1.529485426199974e-01
1.525139339280196e-01
1.520792785770197e-01
1.517824022319340e-01

   18  0  1
1.679546470731000e+00
1.678984688177761e+00
1.678160867995250e+00
1.677335665345161e+00
1.676771350990100e+00

   19  0  0
1.516308849308091e-01
1.513339121142496e-01
1.508989067120790e-01
1.504637706994272e-01
1.501665693638890e-01

   19  0  1
1.676483133735805e+00
1.675917830699778e+00
1.675088821483488e+00
1.674258388313564e+00
1.673690480902198e+00

   20  0  0
1.500148987416543e-01
1.497176686539418e-01
1.492824230261511e-01
1.488472370068805e-01
1.485501091667396e-01

   20  0  1
1.673400422577314e+00
1.672831492822056e+00
1.671997133657789e+00
1.671161309075038e+00
1.670589693928463e+00

   21  0  0
1.483985050280042e-01
1.481014500903572e-01
1.476665250848759e-01
1.472316639005649e-01
1.469347195934778e-01

   21  0  1
1.670297736110809e+00
1.669725072833584e+00
1.668885209595462e+00
1.668043836587462e+00
1.667468406589717e+00

   22  0  0
1.467831901376226e-01
1.464862349462082e-01
1.460513362249556e-01
1.456163699394173e-01
1.453192999499417e-01

   22  0  1
1.667174493895252e+00
1.666597982583081e+00
1.665752450903076e+00
1.664905366286793e+00
1.664326008718809e+00

   23  0  0
1.451676964107323e-01
1.448705893531550e-01
1.444354874000378e-01
1.440003833132642e-01
1.437032722434123e-01

   23  0  1
1.664030082909970e+00
1.663449608263650e+00
1.662598234797306e+00
1.661745261495429e+00
1.661161853721044e+00

   24  0  0
1.435516642936160e-01
1.432545785614196e-01
1.428195585511293e-01
1.423845577665257e-01
1.420875041515666e-01

   24  0  1
1.660863851906919e+00
1.660279293288560e+00
1.659421899692507e+00
1.658562857788795e+00
1.657975277279621e+00

   25  0  0
1.419359167128811e-01
1.416388469798324e-01
1.412037861190064e-01
1.407686735827283e-01
1.404715157716935e-01

   25  0  1
1.657675136906203e+00
1.657086370438256e+00
1.656222773301796e+00
1.655357477332464e+00
1.654765596594957e+00

   26  0  0
1.403198708887438e-01
1.400226880235775e-01
1.395874816073694e-01
1.391522701758584e-01
1.388550772619612e-01

   26  0  1
1.654463252631426e+00
1.653870149373328e+00
1.653000157700335e+00
1.652128415039521e+00
1.651532102479739e+00

   27  0  0
1.387034234979000e-01
1.384062383214121e-01
1.379710497558748e-01
1.375358559318698e-01
1.372386597849935e-01

   27  0  1
1.651227487945764e+00
1.650629919189492e+00
1.649753335482643e+00
1.648874943018409e+00
1.648274058095488e+00

   28  0  0
1.370869981688017e-01
1.367897832432326e-01
1.363545190167192e-01
1.359192235844069e-01
1.356219554660621e-01

   28  0  1
1.647967100051361e+00
1.647364915392201e+00
1.646481524084825e+00
1.645596262611803e+00
1.644990645282853e+00

   29  0  0
1.354702588665567e-01
1.351729811097754e-01
1.347376448380486e-01
1.343023045104600e-01
1.340050198306291e-01

   29  0  1
1.644681259137216e+00
1.644074296285269e+00
1.643183869976213e+00
1.642291524654733e+00
1.641681041903678e+00

   30  0  0
1.338533174781680e-01
1.335560337197061e-01
1.331206951195295e-01
1.326853520039730e-01
1.323880620264809e-01

   30  0  1
1.641369164113839e+00
1.640757297307586e+00
1.639859623673498e+00
1.638959969456131e+00
1.638344465090600e+00

   31  0  0
1.322363572052730e-01
1.319390691452107e-01
1.315037326221901e-01
1.310684087885768e-01
1.307711421784183e-01

   31  0  1
1.638030013397070e+00
1.637413085098805e+00
1.636507940662367e+00
1.635600749012438e+00
1.634980062576973e+00

   32  0  0
1.306194525959075e-01
1.303222001720066e-01
1.298869248496480e-01
1.294516642379940e-01
1.291544372532413e-01

   32  0  1
1.634662956633707e+00
1.634040802028261e+00
1.633127951347981e+00
1.632212987974573e+00
1.631586956786255e+00

   33  0  0
1.290027656176088e-01
1.287055434276518e-01
1.282702988194045e-01
1.278350525355332e-01
1.275378274114085e-01

   33  0  1
1.631267111851839e+00
1.630639566444732e+00
1.629718764726345e+00
1.628795790287003e+00
1.628164254203900e+00

   34  0  0
1.273861548579875e-01
1.270889304106143e-01
1.266536786586743e-01
1.262184169572471e-01
1.259211783331955e-01

   34  0  1
1.627841590141395e+00
1.627208487815348e+00
1.626279501513910e+00
1.625348319361039e+00
1.624711165787207e+00

   35  0  0
1.257694980706218e-01
1.254722634285341e-01
1.250370241187111e-01
1.246018058672150e-01
1.243046015366529e-01

   35  0  1
1.624385619001011e+00
1.623746885056300e+00
1.622809413192636e+00
1.621869640295311e+00
1.621226531805939e+00

   36  0  0
1.241529567682223e-01
1.238557971020852e-01
1.234206432125316e-01
1.229854748541042e-01
1.226883196256910e-01

   36  0  1
1.620897903897855e+00
1.620252987887510e+00
1.619306708194912e+00
1.618358185142108e+00
1.617709123574573e+00

   37  0  0
1.225366862688970e-01
1.222395596074643e-01
1.218045108537573e-01
1.213695282844141e-01
1.210725040595171e-01

   37  0  1
1.617377459069850e+00
1.616726674343603e+00
1.615771379937080e+00
1.614813534254042e+00
1.614157950338435e+00

   38  0  0
1.209209532405459e-01
1.206239659115093e-01
1.201890610672536e-01
1.197541585774995e-01
1.194571921705877e-01

   38  0  1
1.613822925615257e+00
1.613165503242399e+00
1.612200759722936e+00
1.611233495831443e+00
1.610571428617693e+00

   39  0  0
1.193056588913943e-01
1.190087131168360e-01
1.185738670425751e-01
1.181390094467217e-01
1.178420594374790e-01

   39  0  1
1.610233081824433e+00
1.609569086048864e+00
1.608594596097025e+00
1.607617543654861e+00
1.606948823318139e+00

   40  0  0
1.176905289476704e-01
1.173935896843829e-01
1.169588099888919e-01
1.165240976752373e-01
1.162272512102235e-01

   40  0  1
1.606607083246022e+00
1.605936520345633e+00
1.604952010718185e+00
1.603964698043571e+00
1.603288878426582e+00

   41  0  0
1.160757917773138e-01
1.157789940602225e-01
1.153444101391235e-01
1.149098768938261e-01
1.146131743788151e-01

   41  0  1
1.602943495149860e+00
1.602265667199386e+00
1.601270703362915e+00
1.600272897336360e+00
1.599589861471576e+00

   42  0  0
1.144617785589423e-01
1.141651147545606e-01
1.137307243654889e-01
1.132963726249687e-01
1.129997819808629e-01

   42  0  1
1.599240790833318e+00
1.598555695617055e+00
1.597549998089861e+00
1.596541357945430e+00
1.595850870602457e+00

   43  0  0
1.128484388691996e-01
1.125518691484153e-01
1.121175990635887e-01
1.116833521115986e-01
1.113868249421980e-01

   43  0  1
1.595497979319165e+00
1.594805372463802e+00
1.593788564085296e+00
1.592768703702362e+00
1.592070497436071e+00

   44  0  0
1.112355145518683e-01
1.109390104668181e-01
1.105048511521058e-01
1.100707441139802e-01
1.097743349877112e-01

   44  0  1
1.591713650391953e+00
1.591013255917556e+00
1.589984958851311e+00
1.588953507703009e+00
1.588247324200892e+00

   45  0  0
1.096230922867743e-01
1.093267349797711e-01
1.088928199514102e-01
1.084589840100377e-01
1.081627706141371e-01

   45  0  1
1.587886387031594e+00
1.587177938709713e+00
1.586137766145460e+00
1.585094325478148e+00
1.584379878346950e+00

   46  0  0
1.080116288726993e-01
1.077154677892894e-01
1.072818307375165e-01
1.068482515550438e-01
1.065521951575874e-01

   46  0  1
1.584014698938635e+00
1.583297901504855e+00
1.582245386563969e+00
1.581189493044288e+00
1.580466492061334e+00

   47  0  0
1.064011288112546e-01
1.061051072138815e-01
1.056716591935947e-01
1.052382615751616e-01
1.049423323525077e-01

   47  0  1
1.580096932372960e+00
1.579371509097944e+00
1.578306276927683e+00
1.577237540370613e+00
1.576505687427394e+00

   48  0  0
1.047913321902624e-01
1.044954443326293e-01
1.040622037302110e-01
1.036290294258364e-01
1.033332640209859e-01

   48  0  1
1.576131588349290e+00
1.575397216003320e+00
1.574318787940018e+00
1.573236718787419e+00
1.572495686652598e+00

   49  0  0
1.031823484421657e-01
1.028866325600022e-01
1.024536535927652e-01
1.020207461372852e-01
1.017251621327724e-01

   49  0  1
1.572116881722266e+00
1.571373246309417e+00
1.570281113346865e+00
1.569185207962951e+00
1.568434636384199e+00

   50  0  0
1.015743415128688e-01
1.012788045241057e-01
1.008460742787347e-01
1.004134087939445e-01
1.001179919997023e-01

   50  0  1
1.568050928376411e+00
1.567297649841805e+00
1.566191334013545e+00
1.565081125925932e+00
1.564320725705296e+00

   51  0  0
9.996725682536042e-02
9.967189525333682e-02
9.923943968859113e-02
9.880707671025155e-02
9.851188997009183e-02

   51  0  1
1.563931990370711e+00
1.563168805108856e+00
1.562047935537986e+00
1.560923100643252e+00
1.560152665408314e+00

   52  0  0
9.836127450203691e-02
9.806617047549766e-02
9.763418300009556e-02
9.720235931625748e-02
9.690751694063263e-02

   52  0  1
1.559758782534901e+00
1.558985549001764e+00
1.557849319475790e+00
1.556708842546097e+00
1.555927622375321e+00

   53  0  0
9.675709349286535e-02
9.646234069978273e-02
9.603078497170602e-02
9.559930686844773e-02
9.530469769553578e-02

   53  0  1
1.555528187965741e+00
1.554743932043555e+00
1.553591831057210e+00
1.552435384028427e+00
1.551643138415256e+00

   54  0  0
9.515437437995367e-02
9.485981447959010e-02
9.442852376105604e-02
9.399730804659093e-02
9.370288687010596e-02

   54  0  1
1.551238060034731e+00
1.550442678033608e+00
1.549274164908440e+00
1.548101125127914e+00
1.547297459809634e+00

   55  0  0
9.355266135872893e-02
9.325830898088146e-02
9.282735527949713e-02
9.239651936416018e-02
9.210238962438595e-02

   55  0  1
1.546886534753478e+00
1.546079603963227e+00
1.544894043781369e+00
1.543703761084978e+00
1.542888186265655e+00

   56  0  0
9.195232073604959e-02
9.165828199303692e-02
9.122780548641286e-02
9.079746484713551e-02
9.050367345820116e-02

   56  0  1
1.542471137820665e+00
1.541652199495330e+00
1.540448928236434e+00
1.539240808453249e+00
1.538412980398651e+00

   57  0  0
9.035377983635060e-02
9.006008819847568e-02
8.963011948742110e-02
8.920027616640139e-02
8.890681823429060e-02

   57  0  1
1.537989650429904e+00
1.537158312624429e+00
1.535936730606088e+00
1.534710127410252e+00
1.533869578546147e+00

   58  0  0
8.875709176159469e-02
8.846372367369157e-02
8.803422951130600e-02
8.760486773906553e-02
8.731174012880354e-02

   58  0  1
1.533439723868713e+00
1.532595560562613e+00
1.531354979850845e+00
1.530109166071382e+00
1.529255370288606e+00

   59  0  0
8.716218692722695e-02
8.686915827378976e-02
8.644017155962791e-02
8.601133241871467e-02
8.571856420895978e-02

   59  0  1
1.528818712379419e+00
1.527961139895685e+00
1.526700750103664e+00
1.525434856103179e+00
1.524567244951782e+00

   60  0  0
8.556918913901423e-02
8.527651201656374e-02
8.484803497921796e-02
8.441969986744573e-02
8.412728222949196e-02

   60  0  1
1.524123528939137e+00
1.523252042246299e+00
1.521971162572513e+00
1.520684620344332e+00
1.519802785462489e+00

   61  0  0
8.397808898216394e-02
8.368577827247259e-02
8.325784889223695e-02
8.283006923306731e-02
8.253804202157657e-02

   61  0  1
1.519351763622260e+00
1.518465838510877e+00
1.517163632681452e+00
1.515855531852536e+00
1.514958816694861e+00

   62  0  0
8.238904956681081e-02
8.209712975466543e-02
8.166977615399261e-02
8.124257320457384e-02
8.095092612565361e-02

   62  0  1
1.514500146293016e+00
1.513599212242491e+00
1.512274822310614e+00
1.510944426941631e+00
1.510032487345745e+00

   63  0  0
8.080212498269194e-02
8.051058684057542e-02
8.008378985027037e-02
7.965713454233853e-02
7.936589303974406e-02

   63  0  1
1.509566020410726e+00
1.508649950268859e+00
1.507303086265650e+00
1.505950490987767e+00
1.505022925143194e+00

   64  0  0
7.921737113710968e-02
7.892640955366031e-02
7.850050534181274e-02
7.807471679536897e-02
7.778407724716729e-02

   64  0  1
1.504548203019934e+00
1.503615229681022e+00
1.502243490903644e+00
1.500865200544643e+00
1.499920069474025e+00

   65  0  0
7.763579209796441e-02
7.734526999512889e-02
7.691996608810520e-02
7.649482968748950e-02
7.620462452346877e-02

   65  0  1
1.499436501658032e+00
1.498486466140649e+00
1.497089546706356e+00
1.495685778827641e+00
1.494723185042871e+00

   66  0  0
7.605657148133388e-02
7.576651649339809e-02
7.534195411435883e-02
7.491762121746365e-02
7.462798395182876e-02

   66  0  1
1.494230718226485e+00
1.493263159463981e+00
1.491840289541443e+00
1.490410198836272e+00
1.489429416993470e+00

   67  0  0
7.448022375825303e-02
7.419074646566989e-02
7.376701786629948e-02
7.334348751677712e-02
7.305438878207407e-02

   67  0  1
1.488927609224698e+00
1.487941588992056e+00
1.486491432822935e+00
1.485033831977968e+00
1.484034137758637e+00

   68  0  0
7.290690332088771e-02
7.261796746909743e-02
7.219506413528815e-02
7.177242163434930e-02
7.148396371771590e-02

   68  0  1
1.483522632301741e+00
1.482517535618106e+00
1.481039188696248e+00
1.479553011248317e+00
1.478533588622059e+00

   69  0  0
7.133681307657778e-02
7.104854818665535e-02
7.062664113573426e-02
7.020499319260284e-02
6.991721248354110e-02

   69  0  1
1.478011960933133e+00
1.476986867632214e+00
1.475478972515526e+00
1.473962838165306e+00
1.472922708257474e+00

   70  0  0
6.977040104412277e-02
6.948278332129747e-02
6.906180352445963e-02
6.864108625787005e-02
6.835395227654438e-02

   70  0  1
1.472390440853005e+00
1.471344478018150e+00
1.469805731161294e+00
1.468258485661196e+00
1.467196928195659e+00

   71  0  0
6.820748644426433e-02
6.792056856848762e-02
6.750067519952220e-02
6.708111187048964e-02
6.679479492576720e-02

   71  0  1
1.466653646906146e+00
1.465585959094601e+00
1.464015105335112e+00
1.462435422478444e+00
1.461351551249791e+00

   72  0  0
6.664875182642065e-02
6.636268138771445e-02
6.594406093357982e-02
6.552578937003940e-02
6.524035533200212e-02

   72  0  1
1.460796831201603e+00
1.459706572591938e+00
1.458102247662541e+00
1.456488671699984e+00
1.455381434711438e+00

   73  0  0
6.509476542503791e-02
6.480958794514205e-02
6.439229683778182e-02
6.397538875601673e-02
6.369090649049418e-02

   73  0  1
1.454814721596718e+00
1.453700816754481e+00
1.452061525220808e+00
1.450412576085056e+00
1.449280946152377e+00

   74  0  0
6.354580686831801e-02
6.326159255641241e-02
6.284569250795320e-02
6.243011422050958e-02
6.214648317991873e-02

   74  0  1
1.448701714141704e+00
1.447563121196171e+00
1.445887376887017e+00
1.444201513056542e+00
1.443044395382281e+00

   75  0  0
6.200179125620461e-02
6.171831805129364e-02
6.130334884086314e-02
6.088850627065985e-02
6.060526192163956e-02

   75  0  1
1.442452066077343e+00
1.441287680579161e+00
1.439573731275281e+00
1.437849242868321e+00
1.436665478106936e+00

   76  0  0
6.046073669765937e-02
6.017752042351792e-02
5.976277751738677e-02
5.934798469895253e-02
5.906467261020325e-02

   76  0  1
1.436059456541291e+00
1.434868105946845e+00
1.433114230077282e+00
1.431349341703190e+00
1.430137708560215e+00

   77  0  0
5.892008683559439e-02
5.863669815935343e-02
5.822162957857402e-02
5.780652598504100e-02
5.752306951843868e-02

   77  0  1
1.429517372971585e+00
1.428297777505227e+00
1.426502120206639e+00
1.424694755425593e+00
1.423453888205612e+00

   78  0  0
5.737843707882248e-02
5.709506185845648e-02
5.668036043071054e-02
5.626616293262073e-02
5.598367455763496e-02

   78  0  1
1.422818655106317e+00
1.421569753123382e+00
1.419731213083167e+00
1.417880791408028e+00
1.416610583689306e+00

   79  0  0
5.583964687542501e-02
5.555786232642311e-02
5.514615463759646e-02
5.473536222728817e-02
5.445527768916917e-02

   79  0  1
1.415960281162254e+00
1.414680649296936e+00
1.412794884346078e+00
1.410896473736913e+00
1.409592816621746e+00

   80  0  0
5.431250321828024e-02
5.403293240358949e-02
5.362394804418526e-02
5.321526918857545e-02
5.293627344307310e-02

   80  0  1
1.408925171604717e+00
1.407612087086880e+00
1.405678124339695e+00
1.403730529050004e+00
1.402392650013134e+00

   81  0  0
5.279389451070036e-02
5.251484552778553e-02
5.210608475928575e-02
5.169718904691126e-02
5.141793574749953e-02

   81  0  1
1.401707489943736e+00
1.400360027692530e+00
1.398375235584869e+00
1.396376502295507e+00
1.395003476063890e+00

   82  0  0
5.127544967982042e-02
5.099629689718968e-02
5.058782374429644e-02
5.017992436293262e-02
4.990180140208758e-02

   82  0  1
1.394300244847242e+00
1.392917078617789e+00
1.390879223219726e+00
1.388826636569500e+00
1.387416432084247e+00

   83  0  0
4.976003000222311e-02
4.948252350030551e-02
4.907690005765043e-02
4.867208561113887e-02
4.839601611212842e-02

   83  0  1
1.386694109948967e+00
1.385273260914302e+00
1.383179610231365e+00
1.381070463475538e+00
1.379621185597867e+00

   84  0  0
4.825523497088489e-02
4.797949958984652e-02
4.757597488321463e-02
4.717266174075600e-02
4.689735214548926e-02

   84  0  1
1.378878781801781e+00
1.377418307003760e+00
1.375265966058795e+00
1.373097342959865e+00
1.371606977940229e+00

   85  0  0
4.675691034250547e-02
4.648180378479305e-02
4.607930745420483e-02
4.567738510023631e-02
4.540331966760976e-02

   85  0  1
1.370843459309934e+00
1.369341304309578e+00
1.367127284900088e+00
1.364896089820054e+00
1.363362414033585e+00

   86  0  0
4.526359908967382e-02
4.499005516995255e-02
4.459007544168577e-02
4.419071021282771e-02
4.391826823087930e-02

   86  0  1
1.362576599203499e+00
1.361030474545745e+00
1.358751140120025e+00
1.356453723840360e+00
1.354874387164438e+00

   87  0  0
4.377932609171243e-02
4.350719231220369e-02
4.310903155025431e-02
4.271130554382129e-02
4.243998716977039e-02

   87  0  1
1.354065137121962e+00
1.352472720548003e+00
1.350124868665728e+00
1.347757945302686e+00
1.346130451744905e+00

   88  0  0
4.230163547889755e-02
4.203071123360776e-02
4.163446945662929e-02
4.123879440717863e-02
4.096888738283273e-02

   88  0  1
1.345296396148064e+00
1.343655017871689e+00
1.341234420901009e+00
1.338793677291735e+00
1.337115268771137e+00

   89  0  0
4.083125105135128e-02
4.056171145676617e-02
4.016744351491971e-02
3.977373018884126e-02
3.950522472961012e-02

   89  0  1
1.336255090426544e+00
1.334562070962214e+00
1.332065100267578e+00
1.329546746208951e+00
1.327814484383914e+00

   90  0  0
3.936832787062069e-02
3.910029549443666e-02
3.870834980912660e-02
3.831706112046619e-02
3.805024489408083e-02

   90  0  1
1.326926545069954e+00
1.325178636512888e+00
1.322600381275097e+00
1.319999660977380e+00
1.318210495163306e+00

   91  0  0
3.791420900173405e-02
3.764785735800138e-02
3.725836418375276e-02
3.686949217286686e-02
3.660427295084607e-02

   91  0  1
1.317293298525511e+00
1.315487693021093e+00
1.312823503385474e+00
1.310135416875875e+00
1.308285899357224e+00

   92  0  0
3.646904331221347e-02
3.620424994707232e-02
3.581699177408457e-02
3.543032711339417e-02
3.516662836532666e-02

   92  0  1
1.307337686580204e+00
1.305470812405035e+00
1.302715785046417e+00
1.299935386038889e+00
1.298021819327411e+00

   93  0  0
3.503218458284668e-02
3.476893845227771e-02
3.438401555733709e-02
3.399980605451015e-02
3.373785208339688e-02

   93  0  1
1.297040575424922e+00
1.295108570325462e+00
1.292256658278642e+00
1.289377675852227e+00
1.287395717442094e+00

   94  0  0
3.360432998743119e-02
3.334291774235806e-02
3.296070813823479e-02
3.257922354105695e-02
3.231915231171037e-02

   94  0  1
1.286379220538486e+00
1.284377409128919e+00
1.281422329758863e+00
1.278438649756797e+00
1.276384346885030e+00

   95  0  0
3.218658101975403e-02
3.192706056446818e-02
3.154770996756775e-02
3.116919627486171e-02
3.091119090840664e-02

   95  0  1
1.275330674739164e+00
1.273255494402711e+00
1.270190844396011e+00
1.267095447252564e+00
1.264963510541778e+00

   96  0  0
3.077970088227782e-02
3.052229169169548e-02
3.014596720563194e-02
2.977035663600020e-02
2.951427282468346e-02

   96  0  1
1.263869768020147e+00
1.261715207928559e+00
1.258533127762548e+00
1.255318378836658e+00
1.253103844182585e+00

   97  0  0
2.938372926915333e-02
2.912815289459909e-02
2.875448616228766e-02
2.838158835154920e-02
2.812743416452516e-02

   97  0  1
1.251967635935071e+00
1.249729045540679e+00
1.246422061242527e+00
1.243080000893707e+00
1.240777216768064e+00

   98  0  0
2.799790056287016e-02
2.774440956134677e-02
2.737402165961748e-02
2.700460104004040e-02
2.675290214898482e-02

   98  0  1
1.239595611509069e+00
1.237266944807304e+00
1.233825660016851e+00
1.230346913558020e+00
1.227949388452659e+00

   99  0  0
2.662464177456763e-02
2.637364110364310e-02
2.600689278000458e-02
2.564109117162507e-02
2.539181782391415e-02

   99  0  1
1.226718935888734e+00
1.224293868307240e+00
1.220709071213362e+00
1.217083599689941e+00
1.214584051102032e+00

  100  0  0
2.526477701506110e-02
2.501615671773185e-02
2.465286203739730e-02
2.429046033406035e-02
2.404349420317547e-02

  100  0  1
1.213301009491413e+00
1.210771584597753e+00
1.207030984399877e+00
1.203246852772334e+00
1.200637325506057e+00

  101  0  0
2.391764130574345e-02
2.367136683366182e-02
2.331155800062112e-02
2.295273273123030e-02
2.270829440671539e-02

  101  0  1
1.199297606817331e+00
1.196655909005274e+00
1.192748545130094e+00
1.188794262009157e+00
1.186066321764473e+00

  102  0  0
2.258374668782655e-02
2.234005593056700e-02
2.198409025472810e-02
2.162916542835637e-02
2.138740817469061e-02

  102  0  1
1.184665456571303e+00
1.181902743863709e+00
1.177814668551314e+00
1.173675703515941e+00
1.170819422326703e+00

  103  0  0
2.126424728669365e-02
2.102331056293294e-02
2.067151813810267e-02
2.032096384274970e-02
2.008227724246666e-02

  103  0  1
1.169352328574207e+00
1.166458450941287e+00
1.162174639083799e+00
1.157835585699181e+00
1.154840216417157e+00

  104  0  0
1.996069724338469e-02
1.972288299176060e-02
1.937562084091076e-02
1.902938760122591e-02
1.879347766019651e-02

  104  0  1
1.153301446089305e+00
1.150265357279114e+00
1.145769591443773e+00
1.141214935148740e+00
1.138070705319494e+00

  105  0  0
1.867324387002000e-02
1.843795355342223e-02
1.809485793577613e-02
1.775360824372463e-02
1.752108341147795e-02

  105  0  1
1.136454934631480e+00
1.133270589281118e+00
1.128542351666738e+00
1.123744460480123e+00
1.120428714924249e+00

  106  0  0
1.740282472496089e-02
1.717148107470981e-02
1.683380673392302e-02
1.649735345001589e-02
1.626834755990552e-02

  106  0  1
1.118723908280325e+00
1.115357369727490e+00
1.110367563568986e+00
1.105305133662459e+00
1.101805051239723e+00

  107  0  0
1.615171772954513e-02
1.592364916060941e-02
1.559085788860848e-02
1.525955910066160e-02
1.503425167235816e-02

  107  0  1
1.100005195197141e+00
1.096450614643658e+00
1.091178723109192e+00
1.085825725045732e+00
1.082122224642033e+00

  108  0  0
1.491957981154772e-02
1.469543598980518e-02
1.436859532098325e-02
1.404340075860737e-02
1.382223387324325e-02

  108  0  1
1.080216827276949e+00
1.076453203863272e+00
1.070866724600159e+00
1.065190045899311e+00
1.061259546928219e+00

  109  0  0
1.370970242360430e-02
1.348967754884882e-02
1.316868159178124e-02
1.284915738388299e-02
1.263188174580432e-02

  109  0  1
1.059236286692802e+00
1.055237651897116e+00
1.049300333499318e+00
1.043262828612846e+00
1.039080182935216e+00

  110  0  0
1.252130951067899e-02
1.230523503516180e-02
1.199035539826329e-02
1.167735712844903e-02
1.146471627086382e-02

  110  0  1
1.036926603995138e+00
1.032668466582859e+00
1.026338835442017e+00
1.019894388880854e+00
1.015424803182687e+00

  111  0  0
1.135656726393731e-02
1.114520623806207e-02
1.083715248931139e-02
1.053095413053852e-02
1.032299129344667e-02

  111  0  1
1.013121869230918e+00
1.008566503430087e+00
1.001791404090855e+00
9.948869017799712e-01
9.900947217690581e-01

  112  0  0
1.021722144253273e-02
1.001070312629876e-02
9.710004441740094e-03
9.411230590618307e-03
9.208291726936236e-03

  112  0  1
9.876245443509096e-01
9.827335529441791e-01
9.754482898110147e-01
9.680149421261700e-01
9.628511090856584e-01

  113  0  0
9.105104248590755e-03
8.903647918284562e-03
8.610497357302212e-03
8.319644068991943e-03
8.122423478669431e-03

  113  0  1
9.601875994701475e-01
9.549107888959167e-01
9.470424144401632e-01
9.390005300568574e-01
9.334040675443495e-01

  114  0  0
8.022257483409989e-03
7.826865098617439e-03
7.542784517335094e-03
7.261122933291480e-03
7.070283907329829e-03

  114  0  1
9.305141016393250e-01
9.247822770933556e-01
9.162251697440044e-01
9.074662563738393e-01
9.013627848309875e-01

  115  0  0
6.973375692020527e-03
6.784406919398268e-03
6.510034435948647e-03
6.238431685305984e-03
6.054394234993024e-03

  115  0  1
8.982080267117276e-01
8.919477805147423e-01
8.825794143929357e-01
8.729645134147755e-01
8.662480980687607e-01

  116  0  0
5.960944300389101e-03
5.778353238480098e-03
5.512551618534423e-03
5.249341508507054e-03
5.071654787526502e-03

  116  0  1
8.627713507729364e-01
8.558638159603350e-01
8.455113686099599e-01
8.348565846748583e-01
8.273982757374336e-01

  117  0  0
4.981690096930225e-03
4.806894881095020e-03
4.554176128761911e-03
4.304995520341282e-03
4.136894673047761e-03

  117  0  1
8.235343489838376e-01
8.158408108063178e-01
8.042783633955679e-01
7.923232633549018e-01
7.839251044643437e-01

  118  0  0
4.051687472655999e-03
3.886185362050957e-03
3.646915970571000e-03
3.410790220558251e-03
3.251238925330347e-03

  118  0  1
7.795658673227515e-01
7.708783508985053e-01
7.577587993276765e-01
7.440931032482790e-01
7.344422899213882e-01

  119  0  0
3.170476080503654e-03
3.013316097105879e-03
2.787322223287547e-03
2.567377034632921e-03
2.420326936711544e-03

  119  0  1
7.294251265074111e-01
7.194484389918112e-01
7.043389301567735e-01
6.882310780698656e-01
6.766694388094951e-01

  120  0  0
2.345951477552368e-03
2.201761399318387e-03
1.994826641147971e-03
1.793358417640975e-03
1.658878122660874e-03

  120  0  1
6.706667310795402e-01
6.587773135728595e-01
6.412551983930977e-01
6.222275552636782e-01
6.077761642205901e-01

  121  0  0
1.591178364110031e-03
1.460031682513771e-03
1.273958838042934e-03
1.096349549469092e-03
9.789338950067423e-04

  121  0  1
5.999235255142383e-01
5.839757482285288e-01
5.612140523990199e-01
5.401374403055264e-01
5.247306680985870e-01

  122  0  0
9.195352292044056e-04
8.040937888599406e-04
6.424470431703955e-04
4.951200591526744e-04
4.036970943761018e-04

  122  0  1
5.152357995444978e-01
4.935212426403120e-01
4.487738206082454e-01
4.150291853860300e-01
4.041002539516019e-01

  123  0  0
3.600100244425580e-04
2.753153735284890e-04
1.594015481090780e-04
7.049728262287581e-05
3.761991092219377e-05

  123  0  1
4.001128589254365e-01
3.826545197504477e-01
2.927738515523147e-01
1.499063926044435e-01
5.976893493345969e-02

  124  0  0
2.490275965183569e-05
9.327968115278140e-06
4.384614375261415e-06
5.445373911342297e-06
4.352568646382739e-06

  124  0  1
2.961510767644693e-02
3.357709717546160e-03
-2.228421831758775e-04
2.334304304729575e-04
-2.768442213945967e-04

  125  0  0
5.403350991358367e-06
4.918610666329968e-06
5.041921192535153e-06
4.979406061135597e-06
4.997530573287521e-06

  125  0  1
1.945088835682526e-04
-1.679252590189608e-05
1.520354522173875e-05
1.761261955240730e-06
-6.147768564663631e-07

  126  0  0
5.013503845987118e-06
4.997088777376493e-06
5.001467691790674e-06
4.999274198188262e-06
4.999930660020217e-06

  126  0  1
1.093607948627493e-05
4.199514234992510e-06
5.360222292991980e-06
4.881404838099941e-06
4.814197775480910e-06

  127  0  0
5.000459061039324e-06
4.999900840808306e-06
5.000049957890655e-06
4.999975290983304e-06
4.999997654771006e-06

  127  0  1
5.200626191413764e-06
4.972766311921381e-06
5.012243805158768e-06
4.995954788388321e-06
4.993726809461682e-06

  128  0  0
5.000015610569005e-06
4.999996628684919e-06
5.000001698557900e-06
4.999999159952507e-06
4.999999920146288e-06

  128  0  1
5.006793406372349e-06
4.999076554061205e-06
5.000415307424686e-06
4.999862461528757e-06
4.999788208275757e-06

  129  0  0
5.000000530722404e-06
4.999999885413726e-06
5.000000057732055e-06
4.999999971447526e-06
4.999999997279092e-06

  129  0  1
5.000229862860515e-06
4.999968718618214e-06
5.000014073804325e-06
4.999995328683889e-06
4.999992854978699e-06

  130  0  0
5.000000018036922e-06
4.999999996104868e-06
5.000000001960064e-06
4.999999999028173e-06
4.999999999905673e-06

  130  0  1
5.000007771035086e-06
4.999998941349456e-06
5.000000476480285e-06
4.999999841505691e-06
4.999999759149833e-06

  131  0  0
5.000000000611191e-06
4.999999999866006e-06
5.000000000064898e-06
4.999999999965302e-06
4.999999999995103e-06

  131  0  1
5.000000262481337e-06
4.999999964205369e-06
5.000000016114424e-06
4.999999994626396e-06
4.999999991886582e-06

  132  0  0
5.000000000019071e-06
4.999999999993765e-06
5.000000000000517e-06
4.999999999997134e-06
4.999999999998145e-06

  132  0  1
5.000000008855915e-06
4.999999998789312e-06
5.000000000542809e-06
4.999999999816379e-06
4.999999999725308e-06

  133  0  0
4.999999999998964e-06
4.999999999998103e-06
4.999999999998332e-06
4.999999999998211e-06
4.999999999998251e-06

  133  0  1
5.000000000296863e-06
4.999999999957470e-06
5.000000000016633e-06
4.999999999992100e-06
4.999999999989082e-06

  134  0  0
4.999999999998278e-06
4.999999999998249e-06
4.999999999998260e-06
4.999999999998252e-06
4.999999999998251e-06

  134  0  1
5.000000000008306e-06
4.999999999996881e-06
4.999999999998870e-06
4.999999999998047e-06
4.999999999997950e-06

  135  0  0
4.999999999998254e-06
4.999999999998251e-06
4.999999999998254e-06
4.999999999998251e-06
4.999999999998252e-06

  135  0  1
4.999999999998589e-06
4.999999999998206e-06
4.999999999998273e-06
4.999999999998247e-06
4.999999999998245e-06

  136  0  0
4.999999999998258e-06
4.999999999998251e-06
4.999999999998256e-06
4.999999999998253e-06
4.999999999998252e-06

  136  0  1
4.999999999998266e-06
4.999999999998252e-06
4.999999999998253e-06
4.999999999998255e-06
4.999999999998255e-06

  137  0  0
4.999999999998253e-06
4.999999999998253e-06
4.999999999998255e-06
4.999999999998252e-06
4.999999999998253e-06

  137  0  1
4.999999999998256e-06
4.999999999998253e-06
4.999999999998251e-06
4.999999999998254e-06
4.999999999998256e-06

  138  0  0
4.999999999998253e-06
4.999999999998251e-06
4.999999999998255e-06
4.999999999998251e-06
4.999999999998256e-06

  138  0  1
4.999999999998255e-06
4.999999999998254e-06
4.999999999998254e-06
4.999999999998254e-06
4.999999999998256e-06

  139  0  0
4.999999999998254e-06
4.999999999998250e-06
4.999999999998254e-06
4.999999999998252e-06
4.999999999998255e-06

  139  0  1
4.999999999998253e-06
4.999999999998255e-06
4.999999999998252e-06
4.999999999998254e-06
4.999999999998257e-06

  140  0  0
4.999999999998254e-06
4.999999999998253e-06
4.999999999998255e-06
4.999999999998252e-06
4.999999999998256e-06

  140  0  1
4.999999999998251e-06
4.999999999998252e-06
4.999999999998251e-06
4.999999999998255e-06
4.999999999998256e-06

  141  0  0
4.999999999998253e-06
4.999999999998252e-06
4.999999999998256e-06
4.999999999998252e-06
4.999999999998256e-06

  141  0  1
4.999999999998253e-06
4.999999999998253e-06
4.999999999998254e-06
4.999999999998254e-06
4.999999999998256e-06

  142  0  0
4.999999999998254e-06
4.999999999998252e-06
4.999999999998256e-06
4.999999999998253e-06
4.999999999998251e-06

  142  0  1
4.999999999998254e-06
4.999999999998255e-06
4.999999999998252e-06
4.999999999998255e-06
4.999999999998256e-06

  143  0  0
4.999999999998255e-06
4.999999999998252e-06
4.999999999998256e-06
4.999999999998252e-06
4.999999999998254e-06

  143  0  1
4.999999999998251e-06
4.999999999998254e-06
4.999999999998251e-06
4.999999999998255e-06
4.999999999998259e-06

  144  0  0
4.999999999998256e-06
4.999999999998252e-06
4.999999999998252e-06
4.999999999998253e-06
4.999999999998252e-06

  144  0  1
4.999999999998253e-06
4.999999999998255e-06
4.999999999998254e-06
4.999999999998255e-06
4.999999999998254e-06

  145  0  0
4.999999999998254e-06
4.999999999998251e-06
4.999999999998256e-06
4.999999999998250e-06
4.999999999998259e-06

  145  0  1
4.999999999998254e-06
4.999999999998253e-06
4.999999999998251e-06
4.999999999998255e-06
4.999999999998256e-06

  146  0  0
4.999999999998252e-06
4.999999999998250e-06
4.999999999998257e-06
4.999999999998251e-06
4.999999999998254e-06

  146  0  1
4.999999999998254e-06
4.999999999998253e-06
4.999999999998254e-06
4.999999999998254e-06
4.999999999998256e-06

  147  0  0
4.999999999998253e-06
4.999999999998251e-06
4.999999999998256e-06
4.999999999998252e-06
4.999999999998255e-06

  147  0  1
4.999999999998255e-06
4.999999999998254e-06
4.999999999998253e-06
4.999999999998256e-06
4.999999999998256e-06

  148  0  0
4.999999999998254e-06
4.999999999998252e-06
4.999999999998256e-06
4.999999999998251e-06
4.999999999998253e-06

  148  0  1
4.999999999998252e-06
4.999999999998252e-06
4.999999999998250e-06
4.999999999998254e-06
4.999999999998255e-06

  149  0  0
4.999999999998253e-06
4.999999999998251e-06
4.999999999998255e-06
4.999999999998251e-06
4.999999999998255e-06

  149  0  1
4.999999999998254e-06
4.999999999998252e-06
4.999999999998254e-06
4.999999999998255e-06
4.999999999998256e-06

  150  0  0
4.999999999998255e-06
4.999999999998253e-06
4.999999999998254e-06
4.999999999998253e-06
4.999999999998251e-06

  150  0  1
4.999999999998255e-06
4.999999999998254e-06
4.999999999998252e-06
4.999999999998255e-06
4.999999999998255e-06

  151  0  0
4.999999999998256e-06
4.999999999998252e-06
4.999999999998254e-06
4.999999999998253e-06
4.999999999998256e-06

  151  0  1
4.999999999998253e-06
4.999999999998253e-06
4.999999999998250e-06
4.999999999998254e-06
4.999999999998257e-06

  152  0  0
4.999999999998251e-06
4.999999999998251e-06
4.999999999998257e-06
4.999999999998252e-06
4.999999999998251e-06

  152  0  1
4.999999999998252e-06
4.999999999998254e-06
4.999999999998251e-06
4.999999999998255e-06
4.999999999998256e-06

  153  0  0
4.999999999998252e-06
4.999999999998252e-06
4.999999999998254e-06
4.999999999998253e-06
4.999999999998253e-06

  153  0  1
4.999999999998254e-06
4.999999999998253e-06
4.999999999998252e-06
4.999999999998254e-06
4.999999999998256e-06

  154  0  0
4.999999999998256e-06
4.999999999998253e-06
4.999999999998257e-06
4.999999999998251e-06
4.999999999998255e-06

  154  0  1
4.999999999998252e-06
4.999999999998254e-06
4.999999999998252e-06
4.999999999998255e-06
4.999999999998256e-06

  155  0  0
4.999999999998252e-06
4.999999999998253e-06
4.999999999998256e-06
4.999999999998250e-06
4.999999999998255e-06

  155  0  1
4.999999999998254e-06
4.999999999998254e-06
4.999999999998253e-06
4.999999999998255e-06
4.999999999998258e-06

  156  0  0
4.999999999998253e-06
4.999999999998250e-06
4.999999999998255e-06
4.999999999998253e-06
4.999999999998253e-06

  156  0  1
4.999999999998250e-06
4.999999999998255e-06
4.999999999998253e-06
4.999999999998255e-06
4.999999999998258e-06

  157  0  0
4.999999999998254e-06
4.999999999998253e-06
4.999999999998254e-06
4.999999999998250e-06
4.999999999998256e-06

  157  0  1
4.999999999998253e-06
4.999999999998254e-06
4.999999999998255e-06
4.999999999998254e-06
4.999999999998256e-06

  158  0  0
4.999999999998254e-06
4.999999999998250e-06
4.999999999998258e-06
4.999999999998253e-06
4.999999999998253e-06

  158  0  1
4.999999999998253e-06
4.999999999998254e-06
4.999999999998252e-06
4.999999999998252e-06
4.999999999998257e-06

  159  0  0
4.999999999998256e-06
4.999999999998250e-06
4.999999999998255e-06
4.999999999998251e-06
4.999999999998255e-06

  159  0  1
4.999999999998253e-06
4.999999999998253e-06
4.999999999998253e-06
4.999999999998254e-06
4.999999999998256e-06

  160  0  0
4.999999999998256e-06
4.999999999998251e-06
4.999999999998257e-06
4.999999999998251e-06
4.999999999998257e-06

  160  0  1
4.999999999998255e-06
4.999999999998254e-06
4.999999999998253e-06
4.999999999998256e-06
4.999999999998256e-06

  161  0  0
4.999999999998251e-06
4.999999999998251e-06
4.999999999998258e-06
4.999999999998251e-06
4.999999999998253e-06

  161  0  1
4.999999999998256e-06
4.999999999998252e-06
4.999999999998250e-06
4.999999999998256e-06
4.999999999998257e-06

  162  0  0
4.999999999998256e-06
4.999999999998252e-06
4.999999999998255e-06
4.999999999998253e-06
4.999999999998256e-06

  162  0  1
4.999999999998251e-06
4.999999999998256e-06
4.999999999998252e-06
4.999999999998256e-06
4.999999999998257e-06

  163  0  0
4.999999999998253e-06
4.999999999998252e-06
4.999999999998256e-06
4.999999999998249e-06
4.999999999998254e-06

  163  0  1
4.999999999998252e-06
4.999999999998255e-06
4.999999999998253e-06
4.999999999998255e-06
4.999999999998255e-06

  164  0  0
4.999999999998254e-06
4.999999999998252e-06
4.999999999998256e-06
4.999999999998251e-06
4.999999999998253e-06

  164  0  1
4.999999999998256e-06
4.999999999998254e-06
4.999999999998251e-06
4.999999999998254e-06
4.999999999998258e-06

  165  0  0
4.999999999998256e-06
4.999999999998252e-06
4.999999999998254e-06
4.999999999998251e-06
4.999999999998253e-06

  165  0  1
4.999999999998250e-06
4.999999999998254e-06
4.999999999998252e-06
4.999999999998254e-06
4.999999999998259e-06

  166  0  0
4.999999999998256e-06
4.999999999998253e-06
4.999999999998256e-06
4.999999999998253e-06
4.999999999998254e-06

  166  0  1
4.999999999998252e-06
4.999999999998255e-06
4.999999999998253e-06
4.999999999998255e-06
4.999999999998256e-06

  167  0  0
4.999999999998252e-06
4.999999999998253e-06
4.999999999998254e-06
4.999999999998252e-06
4.999999999998254e-06

  167  0  1
4.999999999998252e-06
4.999999999998255e-06
4.999999999998252e-06
4.999999999998255e-06
4.999999999998255e-06

  168  0  0
4.999999999998251e-06
4.999999999998252e-06
4.999999999998256e-06
4.999999999998250e-06
4.999999999998253e-06

  168  0  1
4.999999999998252e-06
4.999999999998254e-06
4.999999999998252e-06
4.999999999998254e-06
4.999999999998256e-06

  169  0  0
4.999999999998256e-06
4.999999999998253e-06
4.999999999998253e-06
4.999999999998251e-06
4.999999999998253e-06

  169  0  1
4.999999999998251e-06
4.999999999998256e-06
4.999999999998254e-06
4.999999999998255e-06
4.999999999998254e-06

  170  0  0
4.999999999998256e-06
4.999999999998249e-06
4.999999999998256e-06
4.999999999998252e-06
4.999999999998252e-06

  170  0  1
4.999999999998253e-06
4.999999999998254e-06
4.999999999998253e-06
4.999999999998255e-06
4.999999999998255e-06

  171  0  0
4.999999999998252e-06
4.999999999998252e-06
4.999999999998256e-06
4.999999999998250e-06
4.999999999998254e-06

  171  0  1
4.999999999998255e-06
4.999999999998255e-06
4.999999999998254e-06
4.999999999998255e-06
4.999999999998255e-06

  172  0  0
4.999999999998254e-06
4.999999999998254e-06
4.999999999998254e-06
4.999999999998253e-06
4.999999999998253e-06

  172  0  1
4.999999999998255e-06
4.999999999998254e-06
4.999999999998251e-06
4.999999999998256e-06
4.999999999998256e-06

  173  0  0
4.999999999998251e-06
4.999999999998253e-06
4.999999999998255e-06
4.999999999998252e-06
4.999999999998250e-06

  173  0  1
4.999999999998252e-06
4.999999999998256e-06
4.999999999998254e-06
4.999999999998255e-06
4.999999999998255e-06

  174  0  0
4.999999999998255e-06
4.999999999998252e-06
4.999999999998256e-06
4.999999999998252e-06
4.999999999998250e-06

  174  0  1
4.999999999998252e-06
4.999999999998253e-06
4.999999999998251e-06
4.999999999998256e-06
4.999999999998256e-06

  175  0  0
4.999999999998252e-06
4.999999999998252e-06
4.999999999998255e-06
4.999999999998251e-06
4.999999999998255e-06

  175  0  1
4.999999999998255e-06
4.999999999998253e-06
4.999999999998251e-06
4.999999999998255e-06
4.999999999998256e-06

  176  0  0
4.999999999998250e-06
4.999999999998253e-06
4.999999999998257e-06
4.999999999998251e-06
4.999999999998253e-06

  176  0  1
4.999999999998254e-06
4.999999999998253e-06
4.999999999998253e-06
4.999999999998253e-06
4.999999999998256e-06

  177  0  0
4.999999999998256e-06
4.999999999998251e-06
4.999999999998254e-06
4.999999999998253e-06
4.999999999998253e-06

  177  0  1
4.999999999998253e-06
4.999999999998251e-06
4.999999999998253e-06
4.999999999998253e-06
4.999999999998256e-06

  178  0  0
4.999999999998253e-06
4.999999999998250e-06
4.999999999998256e-06
4.999999999998253e-06
4.999999999998253e-06

  178  0  1
4.999999999998256e-06
4.999999999998255e-06
4.999999999998253e-06
4.999999999998256e-06
4.999999999998255e-06

  179  0  0
4.999999999998255e-06
4.999999999998251e-06
4.999999999998256e-06
4.999999999998252e-06
4.999999999998255e-06

  179  0  1
4.999999999998256e-06
4.999999999998253e-06
4.999999999998253e-06
4.999999999998256e-06
4.999999999998256e-06

  180  0  0
4.999999999998253e-06
4.999999999998253e-06
4.999999999998258e-06
4.999999999998251e-06
4.999999999998253e-06

  180  0  1
4.999999999998252e-06
4.999999999998255e-06
4.999999999998252e-06
4.999999999998256e-06
4.999999999998256e-06

  181  0  0
4.999999999998256e-06
4.999999999998252e-06
4.999999999998256e-06
4.999999999998254e-06
4.999999999998253e-06

  181  0  1
4.999999999998254e-06
4.999999999998252e-06
4.999999999998252e-06
4.999999999998254e-06
4.999999999998256e-06

  182  0  0
4.999999999998255e-06
4.999999999998251e-06
4.999999999998254e-06
4.999999999998252e-06
4.999999999998255e-06

  182  0  1
4.999999999998256e-06
4.999999999998254e-06
4.999999999998253e-06
4.999999999998253e-06
4.999999999998258e-06

  183  0  0
4.999999999998255e-06
4.999999999998252e-06
4.999999999998256e-06
4.999999999998250e-06
4.999999999998256e-06

  183  0  1
4.999999999998254e-06
4.999999999998252e-06
4.999999999998253e-06
4.999999999998255e-06
4.999999999998254e-06

  184  0  0
4.999999999998252e-06
4.999999999998251e-06
4.999999999998255e-06
4.999999999998253e-06
4.999999999998252e-06

  184  0  1
4.999999999998257e-06
4.999999999998253e-06
4.999999999998252e-06
4.999999999998254e-06
4.999999999998257e-06

  185  0  0
4.999999999998254e-06
4.999999999998250e-06
4.999999999998256e-06
4.999999999998255e-06
4.999999999998250e-06

  185  0  1
4.999999999998254e-06
4.999999999998253e-06
4.999999999998252e-06
4.999999999998254e-06
4.999999999998256e-06

  186  0  0
4.999999999998252e-06
4.999999999998250e-06
4.999999999998256e-06
4.999999999998251e-06
4.999999999998256e-06

  186  0  1
4.999999999998253e-06
4.999999999998253e-06
4.999999999998251e-06
4.999999999998254e-06
4.999999999998258e-06

  187  0  0
4.999999999998255e-06
4.999999999998251e-06
4.999999999998254e-06
4.999999999998254e-06
4.999999999998255e-06

  187  0  1
4.999999999998250e-06
4.999999999998254e-06
4.999999999998250e-06
4.999999999998255e-06
4.999999999998260e-06

  188  0  0
4.999999999998254e-06
4.999999999998250e-06
4.999999999998255e-06
4.999999999998250e-06
4.999999999998253e-06

  188  0  1
4.999999999998251e-06
4.999999999998254e-06
4.999999999998251e-06
4.999999999998255e-06
4.999999999998257e-06

  189  0  0
4.999999999998254e-06
4.999999999998251e-06
4.999999999998255e-06
4.999999999998251e-06
4.999999999998255e-06

  189  0  1
4.999999999998253e-06
4.999999999998253e-06
4.999999999998252e-06
4.999999999998255e-06
4.999999999998256e-06

  190  0  0
4.999999999998252e-06
4.999999999998250e-06
4.999999999998256e-06
4.999999999998251e-06
4.999999999998254e-06

  190  0  1
4.999999999998253e-06
4.999999999998254e-06
4.999999999998252e-06
4.999999999998253e-06
4.999999999998258e-06

  191  0  0
4.999999999998253e-06
4.999999999998253e-06
4.999999999998255e-06
4.999999999998251e-06
4.999999999998256e-06

  191  0  1
4.999999999998251e-06
4.999999999998254e-06
4.999999999998254e-06
4.999999999998253e-06
4.999999999998256e-06

  192  0  0
4.999999999998250e-06
4.999999999998252e-06
4.999999999998255e-06
4.999999999998252e-06
4.999999999998253e-06

  192  0  1
4.999999999998256e-06
4.999999999998252e-06
4.999999999998251e-06
4.999999999998256e-06
4.999999999998258e-06

  193  0  0
4.999999999998255e-06
4.999999999998252e-06
4.999999999998256e-06
4.999999999998254e-06
4.999999999998252e-06

  193  0  1
4.999999999998251e-06
4.999999999998253e-06
4.999999999998250e-06
4.999999999998256e-06
4.999999999998259e-06

  194  0  0
4.999999999998255e-06
4.999999999998251e-06
4.999999999998255e-06
4.999999999998251e-06
4.999999999998251e-06

  194  0  1
4.999999999998250e-06
4.999999999998253e-06
4.999999999998253e-06
4.999999999998256e-06
4.999999999998257e-06

  195  0  0
4.999999999998253e-06
4.999999999998252e-06
4.999999999998257e-06
4.999999999998250e-06
4.999999999998256e-06

  195  0  1
4.999999999998255e-06
4.999999999998253e-06
4.999999999998251e-06
4.999999999998253e-06
4.999999999998256e-06

  196  0  0
4.999999999998251e-06
4.999999999998251e-06
4.999999999998256e-06
4.999999999998253e-06
4.999999999998254e-06

  196  0  1
4.999999999998252e-06
4.999999999998255e-06
4.999999999998253e-06
4.999999999998256e-06
4.999999999998256e-06

  197  0  0
4.999999999998254e-06
4.999999999998252e-06
4.999999999998256e-06
4.999999999998253e-06
4.999999999998251e-06

  197  0  1
4.999999999998251e-06
4.999999999998253e-06
4.999999999998251e-06
4.999999999998255e-06
4.999999999998258e-06

  198  0  0
4.999999999998254e-06
4.999999999998254e-06
4.999999999998255e-06
4.999999999998253e-06
4.999999999998254e-06

  198  0  1
4.999999999998252e-06
4.999999999998254e-06
4.999999999998253e-06
4.999999999998256e-06
4.999999999998257e-06

  199  0  0
4.999999999998254e-06
4.999999999998253e-06
4.999999999998254e-06
4.999999999998253e-06
4.999999999998252e-06

  199  0  1
4.999999999998252e-06
4.999999999998255e-06
4.999999999998252e-06
4.999999999998255e-06
4.999999999998257e-06

  200  0  0
4.999999999998253e-06
4.999999999998252e-06
4.999999999998256e-06
4.999999999998253e-06
4.999999999998255e-06

  200  0  1
4.999999999998253e-06
4.999999999998256e-06
4.999999999998254e-06
4.999999999998254e-06
4.999999999998256e-06

  201  0  0
4.999999999998255e-06
4.999999999998250e-06
4.999999999998255e-06
4.999999999998254e-06
4.999999999998253e-06

  201  0  1
4.999999999998255e-06
4.999999999998252e-06
4.999999999998254e-06
4.999999999998253e-06
4.999999999998258e-06

  202  0  0
4.999999999998254e-06
4.999999999998251e-06
4.999999999998256e-06
4.999999999998252e-06
4.999999999998251e-06

  202  0  1
4.999999999998253e-06
4.999999999998254e-06
4.999999999998252e-06
4.999999999998256e-06
4.999999999998255e-06

  203  0  0
4.999999999998257e-06
4.999999999998252e-06
4.999999999998256e-06
4.999999999998251e-06
4.999999999998256e-06

  203  0  1
4.999999999998255e-06
4.999999999998253e-06
4.999999999998251e-06
4.999999999998255e-06
4.999999999998255e-06

  204  0  0
4.999999999998254e-06
4.999999999998251e-06
4.999999999998256e-06
4.999999999998251e-06
4.999999999998254e-06

  204  0  1
4.999999999998254e-06
4.999999999998254e-06
4.999999999998253e-06
4.999999999998254e-06
4.999999999998256e-06

  205  0  0
4.999999999998252e-06
4.999999999998252e-06
4.999999999998253e-06
4.999999999998253e-06
4.999999999998254e-06

  205  0  1
4.999999999998252e-06
4.999999999998254e-06
4.999999999998251e-06
4.999999999998255e-06
4.999999999998255e-06

  206  0  0
4.999999999998253e-06
4.999999999998253e-06
4.999999999998256e-06
4.999999999998252e-06
4.999999999998254e-06

  206  0  1
4.999999999998253e-06
4.999999999998254e-06
4.999999999998251e-06
4.999999999998255e-06
4.999999999998260e-06

  207  0  0
4.999999999998255e-06
4.999999999998251e-06
4.999999999998256e-06
4.999999999998252e-06
4.999999999998251e-06

  207  0  1
4.999999999998247e-06
4.999999999998255e-06
4.999999999998251e-06
4.999999999998256e-06
4.999999999998255e-06

  208  0  0
4.999999999998255e-06
4.999999999998252e-06
4.999999999998255e-06
4.999999999998250e-06
4.999999999998256e-06

  208  0  1
4.999999999998254e-06
4.999999999998253e-06
4.999999999998252e-06
4.999999999998253e-06
4.999999999998257e-06

  209  0  0
4.999999999998252e-06
4.999999999998250e-06
4.999999999998256e-06
4.999999999998252e-06
4.999999999998253e-06

  209  0  1
4.999999999998248e-06
4.999999999998255e-06
4.999999999998250e-06
4.999999999998253e-06
4.999999999998260e-06

  210  0  0
4.999999999998255e-06
4.999999999998251e-06
4.999999999998255e-06
4.999999999998252e-06
4.999999999998252e-06

  210  0  1
4.999999999998250e-06
4.999999999998255e-06
4.999999999998253e-06
4.999999999998254e-06
4.999999999998256e-06

  211  0  0
4.999999999998255e-06
4.999999999998252e-06
4.999999999998255e-06
4.999999999998253e-06
4.999999999998253e-06

  211  0  1
4.999999999998254e-06
4.999999999998254e-06
4.999999999998254e-06
4.999999999998256e-06
4.999999999998258e-06

  212  0  0
4.999999999998255e-06
4.999999999998251e-06
4.999999999998257e-06
4.999999999998253e-06
4.999999999998255e-06

  212  0  1
4.999999999998250e-06
4.999999999998255e-06
4.999999999998252e-06
4.999999999998255e-06
4.999999999998259e-06

  213  0  0
4.999999999998255e-06
4.999999999998252e-06
4.999999999998255e-06
4.999999999998253e-06
4.999999999998255e-06

  213  0  1
4.999999999998252e-06
4.999999999998253e-06
4.999999999998251e-06
4.999999999998256e-06
4.999999999998257e-06

  214  0  0
4.999999999998256e-06
4.999999999998252e-06
4.999999999998256e-06
4.999999999998251e-06
4.999999999998256e-06

  214  0  1
4.999999999998256e-06
4.999999999998252e-06
4.999999999998251e-06
4.999999999998254e-06
4.999999999998257e-06

  215  0  0
4.999999999998255e-06
4.999999999998250e-06
4.999999999998256e-06
4.999999999998252e-06
4.999999999998253e-06

  215  0  1
4.999999999998252e-06
4.999999999998256e-06
4.999999999998253e-06
4.999999999998255e-06
4.999999999998256e-06

  216  0  0
4.999999999998256e-06
4.999999999998252e-06
4.999999999998255e-06
4.999999999998251e-06
4.999999999998255e-06

  216  0  1
4.999999999998254e-06
4.999999999998255e-06
4.999999999998255e-06
4.999999999998254e-06
4.999999999998257e-06

  217  0  0
4.999999999998254e-06
4.999999999998252e-06
4.999999999998256e-06
4.999999999998253e-06
4.999999999998256e-06

  217  0  1
4.999999999998255e-06
4.999999999998255e-06
4.999999999998252e-06
4.999999999998253e-06
4.999999999998256e-06

  218  0  0
4.999999999998254e-06
4.999999999998252e-06
4.999999999998253e-06
4.999999999998252e-06
4.999999999998251e-06

  218  0  1
4.999999999998253e-06
4.999999999998254e-06
4.999999999998250e-06
4.999999999998254e-06
4.999999999998255e-06

  219  0  0
4.999999999998257e-06
4.999999999998250e-06
4.999999999998256e-06
4.999999999998253e-06
4.999999999998255e-06

  219  0  1
4.999999999998253e-06
4.999999999998254e-06
4.999999999998254e-06
4.999999999998253e-06
4.999999999998256e-06

  220  0  0
4.999999999998254e-06
4.999999999998252e-06
4.999999999998256e-06
4.999999999998250e-06
4.999999999998253e-06

  220  0  1
4.999999999998252e-06
4.999999999998254e-06
4.999999999998253e-06
4.999999999998254e-06
4.999999999998256e-06

  221  0  0
4.999999999998253e-06
4.999999999998252e-06
4.999999999998255e-06
4.999999999998252e-06
4.999999999998253e-06

  221  0  1
4.999999999998252e-06
4.999999999998253e-06
4.999999999998251e-06
4.999999999998252e-06
4.999999999998256e-06

  222  0  0
4.999999999998254e-06
4.999999999998253e-06
4.999999999998257e-06
4.999999999998251e-06
4.999999999998254e-06

  222  0  1
4.999999999998253e-06
4.999999999998254e-06
4.999999999998253e-06
4.999999999998255e-06
4.999999999998254e-06

  223  0  0
4.999999999998252e-06
4.999999999998253e-06
4.999999999998256e-06
4.999999999998252e-06
4.999999999998254e-06

  223  0  1
4.999999999998257e-06
4.999999999998252e-06
4.999999999998253e-06
4.999999999998254e-06
4.999999999998256e-06

  224  0  0
4.999999999998254e-06
4.999999999998251e-06
4.999999999998256e-06
4.999999999998253e-06
4.999999999998255e-06

  224  0  1
4.999999999998254e-06
4.999999999998251e-06
4.999999999998252e-06
4.999999999998254e-06
4.999999999998256e-06

  225  0  0
4.999999999998252e-06
4.999999999998250e-06
4.999999999998256e-06
4.999999999998252e-06
4.999999999998255e-06

  225  0  1
4.999999999998253e-06
4.999999999998255e-06
4.999999999998253e-06
4.999999999998255e-06
4.999999999998256e-06

  226  0  0
4.999999999998252e-06
4.999999999998253e-06
4.999999999998256e-06
4.999999999998251e-06
4.999999999998254e-06

  226  0  1
4.999999999998254e-06
4.999999999998253e-06
4.999999999998255e-06
4.999999999998255e-06
4.999999999998256e-06

  227  0  0
4.999999999998254e-06
4.999999999998253e-06
4.999999999998255e-06
4.999999999998252e-06
4.999999999998255e-06

  227  0  1
4.999999999998254e-06
4.999999999998254e-06
4.999999999998254e-06
4.999999999998255e-06
4.999999999998258e-06

  228  0  0
4.999999999998250e-06
4.999999999998250e-06
4.999999999998255e-06
4.999999999998250e-06
4.999999999998252e-06

  228  0  1
4.999999999998252e-06
4.999999999998255e-06
4.999999999998254e-06
4.999999999998253e-06
4.999999999998256e-06

  229  0  0
4.999999999998254e-06
4.999999999998251e-06
4.999999999998256e-06
4.999999999998252e-06
4.999999999998255e-06

  229  0  1
4.999999999998256e-06
4.999999999998253e-06
4.999999999998253e-06
4.999999999998255e-06
4.999999999998256e-06

  230  0  0
4.999999999998256e-06
4.999999999998252e-06
4.999999999998257e-06
4.999999999998250e-06
4.999999999998255e-06

  230  0  1
4.999999999998255e-06
4.999999999998255e-06
4.999999999998254e-06
4.999999999998254e-06
4.999999999998255e-06

  231  0  0
4.999999999998252e-06
4.999999999998250e-06
4.999999999998256e-06
4.999999999998251e-06
4.999999999998255e-06

  231  0  1
4.999999999998253e-06
4.999999999998255e-06
4.999999999998252e-06
4.999999999998255e-06
4.999999999998255e-06

  232  0  0
4.999999999998254e-06
4.999999999998250e-06
4.999999999998255e-06
4.999999999998252e-06
4.999999999998251e-06

  232  0  1
4.999999999998253e-06
4.999999999998255e-06
4.999999999998251e-06
4.999999999998255e-06
4.999999999998255e-06

  233  0  0
4.999999999998257e-06
4.999999999998252e-06
4.999999999998255e-06
4.999999999998253e-06
4.999999999998250e-06

  233  0  1
4.999999999998253e-06
4.999999999998254e-06
4.999999999998254e-06
4.999999999998254e-06
4.999999999998258e-06

  234  0  0
4.999999999998254e-06
4.999999999998255e-06
4.999999999998253e-06
4.999999999998251e-06
4.999999999998256e-06

  234  0  1
4.999999999998251e-06
4.999999999998254e-06
4.999999999998251e-06
4.999999999998255e-06
4.999999999998259e-06

  235  0  0
4.999999999998251e-06
4.999999999998252e-06
4.999999999998256e-06
4.999999999998250e-06
4.999999999998256e-06

  235  0  1
4.999999999998250e-06
4.999999999998253e-06
4.999999999998250e-06
4.999999999998254e-06
4.999999999998259e-06

  236  0  0
4.999999999998253e-06
4.999999999998252e-06
4.999999999998256e-06
4.999999999998251e-06
4.999999999998255e-06

  236  0  1
4.999999999998250e-06
4.999999999998255e-06
4.999999999998252e-06
4.999999999998254e-06
4.999999999998258e-06

  237  0  0
4.999999999998256e-06
4.999999999998252e-06
4.999999999998256e-06
4.999999999998251e-06
4.999999999998251e-06

  237  0  1
4.999999999998252e-06
4.999999999998254e-06
4.999999999998253e-06
4.999999999998254e-06
4.999999999998256e-06

  238  0  0
4.999999999998256e-06
4.999999999998251e-06
4.999999999998255e-06
4.999999999998250e-06
4.999999999998250e-06

  238  0  1
4.999999999998254e-06
4.999999999998252e-06
4.999999999998251e-06
4.999999999998252e-06
4.999999999998257e-06

  239  0  0
4.999999999998255e-06
4.999999999998253e-06
4.999999999998255e-06
4.999999999998250e-06
4.999999999998254e-06

  239  0  1
4.999999999998251e-06
4.999999999998255e-06
4.999999999998254e-06
4.999999999998254e-06
4.999999999998257e-06

  240  0  0
4.999999999998253e-06
4.999999999998254e-06
4.999999999998254e-06
4.999999999998250e-06
4.999999999998256e-06

  240  0  1
4.999999999998252e-06
4.999999999998254e-06
4.999999999998250e-06
4.999999999998255e-06
4.999999999998255e-06

  241  0  0
4.999999999998250e-06
4.999999999998251e-06
4.999999999998255e-06
4.999999999998250e-06
4.999999999998252e-06

  241  0  1
4.999999999998251e-06
4.999999999998256e-06
4.999999999998251e-06
4.999999999998255e-06
4.999999999998256e-06

  242  0  0
4.999999999998256e-06
4.999999999998251e-06
4.999999999998255e-06
4.999999999998255e-06
4.999999999998251e-06

  242  0  1
4.999999999998254e-06
4.999999999998254e-06
4.999999999998253e-06
4.999999999998254e-06
4.999999999998256e-06

  243  0  0
4.999999999998254e-06
4.999999999998250e-06
4.999999999998256e-06
4.999999999998253e-06
4.999999999998253e-06

  243  0  1
4.999999999998256e-06
4.999999999998255e-06
4.999999999998250e-06
4.999999999998254e-06
4.999999999998258e-06

  244  0  0
4.999999999998253e-06
4.999999999998250e-06
4.999999999998256e-06
4.999999999998254e-06
4.999999999998251e-06

  244  0  1
4.999999999998253e-06
4.999999999998253e-06
4.999999999998251e-06
4.999999999998255e-06
4.999999999998256e-06

  245  0  0
4.999999999998253e-06
4.999999999998252e-06
4.999999999998256e-06
4.999999999998251e-06
4.999999999998253e-06

  245  0  1
4.999999999998254e-06
4.999999999998254e-06
4.999999999998250e-06
4.999999999998254e-06
4.999999999998256e-06

  246  0  0
4.999999999998254e-06
4.999999999998252e-06
4.999999999998255e-06
4.999999999998252e-06
4.999999999998256e-06

  246  0  1
4.999999999998253e-06
4.999999999998254e-06
4.999999999998252e-06
4.999999999998255e-06
4.999999999998257e-06

  247  0  0
4.999999999998253e-06
4.999999999998251e-06
4.999999999998257e-06
4.999999999998250e-06
4.999999999998256e-06

  247  0  1
4.999999999998253e-06
4.999999999998253e-06
4.999999999998251e-06
4.999999999998254e-06
4.999999999998261e-06

  248  0  0
4.999999999998253e-06
4.999999999998250e-06
4.999999999998256e-06
4.999999999998253e-06
4.999999999998254e-06

  248  0  1
4.999999999998249e-06
4.999999999998254e-06
4.999999999998251e-06
4.999999999998252e-06
4.999999999998256e-06

  249  0  0
4.999999999998253e-06
4.999999999998252e-06
4.999999999998254e-06
4.999999999998252e-06
4.999999999998252e-06

  249  0  1
4.999999999998253e-06
4.999999999998254e-06
4.999999999998253e-06
4.999999999998253e-06
4.999999999998257e-06

  250  0  0
4.999999999998253e-06
4.999999999998253e-06
4.999999999998256e-06
4.999999999998250e-06
4.999999999998256e-06

  250  0  1
4.999999999998255e-06
4.999999999998252e-06
4.999999999998254e-06
4.999999999998255e-06
4.999999999998258e-06

  251  0  0
4.999999999998250e-06
4.999999999998252e-06
4.999999999998256e-06
4.999999999998251e-06
4.999999999998253e-06

  251  0  1
4.999999999998255e-06
4.999999999998256e-06
4.999999999998254e-06
4.999999999998254e-06
4.999999999998255e-06

  252  0  0
4.999999999998255e-06
4.999999999998252e-06
4.999999999998256e-06
4.999999999998255e-06
4.999999999998253e-06

  252  0  1
4.999999999998252e-06
4.999999999998255e-06
4.999999999998250e-06
4.999999999998255e-06
4.999999999998258e-06

  253  0  0
4.999999999998254e-06
4.999999999998251e-06
4.999999999998256e-06
4.999999999998250e-06
4.999999999998255e-06

  253  0  1
4.999999999998249e-06
4.999999999998254e-06
4.999999999998253e-06
4.999999999998254e-06
4.999999999998254e-06

  254  0  0
4.999999999998253e-06
4.999999999998252e-06
4.999999999998255e-06
4.999999999998253e-06
4.999999999998255e-06

  254  0  1
4.999999999998255e-06
4.999999999998256e-06
4.999999999998253e-06
4.999999999998255e-06
4.999999999998258e-06

  255  0  0
4.999999999998255e-06
4.999999999998252e-06
4.999999999998255e-06
4.999999999998252e-06
4.999999999998252e-06

  255  0  1
4.999999999998252e-06
4.999999999998253e-06
4.999999999998252e-06
4.999999999998254e-06
4.999999999998256e-06

  256  0  0
4.999999999998257e-06
4.999999999998251e-06
4.999999999998254e-06
4.999999999998251e-06
4.999999999998255e-06

  256  0  1
4.999999999998254e-06
4.999999999998253e-06
4.999999999998252e-06
4.999999999998255e-06
4.999999999998258e-06

  257  0  0
4.999999999998253e-06
4.999999999998250e-06
4.999999999998255e-06
4.999999999998250e-06
4.999999999998256e-06

  257  0  1
4.999999999998252e-06
4.999999999998252e-06
4.999999999998253e-06
4.999999999998254e-06
4.999999999998256e-06

  258  0  0
4.999999999998253e-06
4.999999999998251e-06
4.999999999998256e-06
4.999999999998253e-06
4.999999999998256e-06

  258  0  1
4.999999999998257e-06
4.999999999998252e-06
4.999999999998250e-06
4.999999999998255e-06
4.999999999998256e-06

  259  0  0
4.999999999998252e-06
4.999999999998254e-06
4.999999999998256e-06
4.999999999998250e-06
4.999999999998256e-06

  259  0  1
4.999999999998254e-06
4.999999999998254e-06
4.999999999998252e-06
4.999999999998254e-06
4.999999999998256e-06

  260  0  0
4.999999999998253e-06
4.999999999998250e-06
4.999999999998256e-06
4.999999999998252e-06
4.999999999998252e-06

  260  0  1
4.999999999998253e-06
4.999999999998254e-06
4.999999999998252e-06
4.999999999998253e-06
4.999999999998256e-06

  261  0  0
4.999999999998256e-06
4.999999999998251e-06
4.999999999998256e-06
4.999999999998252e-06
4.999999999998255e-06

  261  0  1
4.999999999998254e-06
4.999999999998253e-06
4.999999999998252e-06
4.999999999998256e-06
4.999999999998258e-06

  262  0  0
4.999999999998254e-06
4.999999999998251e-06
4.999999999998255e-06
4.999999999998250e-06
4.999999999998256e-06

  262  0  1
4.999999999998249e-06
4.999999999998255e-06
4.999999999998253e-06
4.999999999998255e-06
4.999999999998255e-06

  263  0  0
4.999999999998251e-06
4.999999999998254e-06
4.999999999998255e-06
4.999999999998250e-06
4.999999999998256e-06

  263  0  1
4.999999999998253e-06
4.999999999998254e-06
4.999999999998253e-06
4.999999999998255e-06
4.999999999998256e-06

  264  0  0
4.999999999998250e-06
4.999999999998251e-06
4.999999999998258e-06
4.999999999998252e-06
4.999999999998253e-06

  264  0  1
4.999999999998252e-06
4.999999999998255e-06
4.999999999998253e-06
4.999999999998252e-06
4.999999999998258e-06

  265  0  0
4.999999999998255e-06
4.999999999998250e-06
4.999999999998258e-06
4.999999999998253e-06
4.999999999998252e-06

  265  0  1
4.999999999998253e-06
4.999999999998255e-06
4.999999999998252e-06
4.999999999998256e-06
4.999999999998259e-06

  266  0  0
4.999999999998255e-06
4.999999999998253e-06
4.999999999998256e-06
4.999999999998253e-06
4.999999999998252e-06

  266  0  1
4.999999999998253e-06
4.999999999998254e-06
4.999999999998252e-06
4.999999999998255e-06
4.999999999998259e-06

  267  0  0
4.999999999998255e-06
4.999999999998250e-06
4.999999999998256e-06
4.999999999998251e-06
4.999999999998252e-06

  267  0  1
4.999999999998253e-06
4.999999999998254e-06
4.999999999998253e-06
4.999999999998251e-06
4.999999999998256e-06

  268  0  0
4.999999999998254e-06
4.999999999998251e-06
4.999999999998258e-06
4.999999999998251e-06
4.999999999998256e-06

  268  0  1
4.999999999998252e-06
4.999999999998254e-06
4.999999999998251e-06
4.999999999998255e-06
4.999999999998258e-06

  269  0  0
4.999999999998253e-06
4.999999999998253e-06
4.999999999998255e-06
4.999999999998253e-06
4.999999999998253e-06

  269  0  1
4.999999999998254e-06
4.999999999998254e-06
4.999999999998253e-06
4.999999999998253e-06
4.999999999998256e-06

  270  0  0
4.999999999998254e-06
4.999999999998251e-06
4.999999999998254e-06
4.999999999998251e-06
4.999999999998256e-06

  270  0  1
4.999999999998253e-06
4.999999999998254e-06
4.999999999998253e-06
4.999999999998254e-06
4.999999999998256e-06

  271  0  0
4.999999999998254e-06
4.999999999998252e-06
4.999999999998256e-06
4.999999999998250e-06
4.999999999998256e-06

  271  0  1
4.999999999998254e-06
4.999999999998256e-06
4.999999999998250e-06
4.999999999998255e-06
4.999999999998255e-06

  272  0  0
4.999999999998254e-06
4.999999999998250e-06
4.999999999998255e-06
4.999999999998252e-06
4.999999999998253e-06

  272  0  1
4.999999999998254e-06
4.999999999998255e-06
4.999999999998254e-06
4.999999999998254e-06
4.999999999998256e-06

  273  0  0
4.999999999998255e-06
4.999999999998251e-06
4.999999999998255e-06
4.999999999998250e-06
4.999999999998255e-06

  273  0  1
4.999999999998254e-06
4.999999999998256e-06
4.999999999998251e-06
4.999999999998254e-06
4.999999999998254e-06

  274  0  0
4.999999999998253e-06
4.999999999998252e-06
4.999999999998254e-06
4.999999999998252e-06
4.999999999998256e-06

  274  0  1
4.999999999998254e-06
4.999999999998253e-06
4.999999999998252e-06
4.999999999998254e-06
4.999999999998256e-06

  275  0  0
4.999999999998252e-06
4.999999999998251e-06
4.999999999998257e-06
4.999999999998252e-06
4.999999999998252e-06

  275  0  1
4.999999999998254e-06
4.999999999998253e-06
4.999999999998254e-06
4.999999999998254e-06
4.999999999998256e-06

  276  0  0
4.999999999998256e-06
4.999999999998252e-06
4.999999999998254e-06
4.999999999998254e-06
4.999999999998252e-06

  276  0  1
4.999999999998252e-06
4.999999999998254e-06
4.999999999998250e-06
4.999999999998256e-06
4.999999999998257e-06

  277  0  0
4.999999999998252e-06
4.999999999998252e-06
4.999999999998256e-06
4.999999999998252e-06
4.999999999998253e-06

  277  0  1
4.999999999998252e-06
4.999999999998253e-06
4.999999999998251e-06
4.999999999998254e-06
4.999999999998255e-06

  278  0  0
4.999999999998254e-06
4.999999999998252e-06
4.999999999998256e-06
4.999999999998252e-06
4.999999999998253e-06

  278  0  1
4.999999999998254e-06
4.999999999998255e-06
4.999999999998253e-06
4.999999999998255e-06
4.999999999998255e-06

  279  0  0
4.999999999998252e-06
4.999999999998253e-06
4.999999999998255e-06
4.999999999998254e-06
4.999999999998251e-06

  279  0  1
4.999999999998252e-06
4.999999999998254e-06
4.999999999998251e-06
4.999999999998254e-06
4.999999999998257e-06

  280  0  0
4.999999999998256e-06
4.999999999998251e-06
4.999999999998255e-06
4.999999999998254e-06
4.999999999998251e-06

  280  0  1
4.999999999998250e-06
4.999999999998254e-06
4.999999999998250e-06
4.999999999998255e-06
4.999999999998259e-06

  281  0  0
4.999999999998254e-06
4.999999999998250e-06
4.999999999998256e-06
4.999999999998251e-06
4.999999999998251e-06

  281  0  1
4.999999999998251e-06
4.999999999998255e-06
4.999999999998253e-06
4.999999999998254e-06
4.999999999998256e-06

  282  0  0
4.999999999998253e-06
4.999999999998250e-06
4.999999999998256e-06
4.999999999998253e-06
4.999999999998252e-06

  282  0  1
4.999999999998255e-06
4.999999999998255e-06
4.999999999998253e-06
4.999999999998254e-06
4.999999999998258e-06

  283  0  0
4.999999999998252e-06
4.999999999998253e-06
4.999999999998257e-06
4.999999999998250e-06
4.999999999998256e-06

  283  0  1
4.999999999998250e-06
4.999999999998254e-06
4.999999999998252e-06
4.999999999998255e-06
4.999999999998257e-06

  284  0  0
4.999999999998253e-06
4.999999999998250e-06
4.999999999998253e-06
4.999999999998251e-06
4.999999999998256e-06

  284  0  1
4.999999999998251e-06
4.999999999998254e-06
4.999999999998254e-06
4.999999999998254e-06
4.999999999998256e-06

  285  0  0
4.999999999998255e-06
4.999999999998252e-06
4.999999999998256e-06
4.999999999998250e-06
4.999999999998255e-06

  285  0  1
4.999999999998253e-06
4.999999999998254e-06
4.999999999998250e-06
4.999999999998254e-06
4.999999999998258e-06

  286  0  0
4.999999999998252e-06
4.999999999998251e-06
4.999999999998255e-06
4.999999999998251e-06
4.999999999998255e-06

  286  0  1
4.999999999998252e-06
4.999999999998254e-06
4.999999999998253e-06
4.999999999998254e-06
4.999999999998257e-06

  287  0  0
4.999999999998253e-06
4.999999999998251e-06
4.999999999998255e-06
4.999999999998253e-06
4.999999999998251e-06

  287  0  1
4.999999999998254e-06
4.999999999998255e-06
4.999999999998252e-06
4.999999999998254e-06
4.999999999998255e-06

  288  0  0
4.999999999998255e-06
4.999999999998251e-06
4.999999999998255e-06
4.999999999998254e-06
4.999999999998250e-06

  288  0  1
4.999999999998255e-06
4.999999999998253e-06
4.999999999998254e-06
4.999999999998253e-06
4.999999999998255e-06

  289  0  0
4.999999999998255e-06
4.999999999998252e-06
4.999999999998255e-06
4.999999999998253e-06
4.999999999998253e-06

  289  0  1
4.999999999998257e-06
4.999999999998254e-06
4.999999999998252e-06
4.999999999998255e-06
4.999999999998256e-06

  290  0  0
4.999999999998252e-06
4.999999999998252e-06
4.999999999998254e-06
4.999999999998251e-06
4.999999999998253e-06

  290  0  1
4.999999999998254e-06
4.999999999998254e-06
4.999999999998250e-06
4.999999999998255e-06
4.999999999998256e-06

  291  0  0
4.999999999998254e-06
4.999999999998252e-06
4.999999999998255e-06
4.999999999998251e-06
4.999999999998255e-06

  291  0  1
4.999999999998254e-06
4.999999999998255e-06
4.999999999998254e-06
4.999999999998254e-06
4.999999999998257e-06

  292  0  0
4.999999999998252e-06
4.999999999998252e-06
4.999999999998257e-06
4.999999999998251e-06
4.999999999998254e-06

  292  0  1
4.999999999998250e-06
4.999999999998254e-06
4.999999999998252e-06
4.999999999998254e-06
4.999999999998256e-06

  293  0  0
4.999999999998254e-06
4.999999999998253e-06
4.999999999998255e-06
4.999999999998252e-06
4.999999999998255e-06

  293  0  1
4.999999999998253e-06
4.999999999998253e-06
4.999999999998250e-06
4.999999999998256e-06
4.999999999998257e-06

  294  0  0
4.999999999998254e-06
4.999999999998252e-06
4.999999999998254e-06
4.999999999998251e-06
4.999999999998255e-06

  294  0  1
4.999999999998250e-06
4.999999999998255e-06
4.999999999998252e-06
4.999999999998255e-06
4.999999999998258e-06

  295  0  0
4.999999999998253e-06
4.999999999998251e-06
4.999999999998255e-06
4.999999999998254e-06
4.999999999998252e-06

  295  0  1
4.999999999998253e-06
4.999999999998255e-06
4.999999999998253e-06
4.999999999998254e-06
4.999999999998255e-06

  296  0  0
4.999999999998254e-06
4.999999999998252e-06
4.999999999998256e-06
4.999999999998253e-06
4.999999999998253e-06

  296  0  1
4.999999999998255e-06
4.999999999998254e-06
4.999999999998252e-06
4.999999999998256e-06
4.999999999998257e-06

  297  0  0
4.999999999998254e-06
4.999999999998251e-06
4.999999999998258e-06
4.999999999998253e-06
4.999999999998254e-06

  297  0  1
4.999999999998250e-06
4.999999999998253e-06
4.999999999998253e-06
4.999999999998254e-06
4.999999999998260e-06

  298  0  0
4.999999999998254e-06
4.999999999998253e-06
4.999999999998252e-06
4.999999999998253e-06
4.999999999998252e-06

  298  0  1
4.999999999998251e-06
4.999999999998255e-06
4.999999999998251e-06
4.999999999998256e-06
4.999999999998260e-06

  299  0  0
4.999999999998258e-06
4.999999999998252e-06
4.999999999998253e-06
4.999999999998251e-06
4.999999999998252e-06

  299  0  1
4.999999999998250e-06
4.999999999998252e-06
4.999999999998251e-06
4.999999999998255e-06
4.999999999998259e-06

  300  0  0
4.999999999998256e-06
4.999999999998253e-06
4.999999999998254e-06
4.999999999998252e-06
4.999999999998252e-06

  300  0  1
4.999999999998250e-06
4.999999999998253e-06
4.999999999998250e-06
4.999999999998255e-06
4.999999999998257e-06

  301  0  0
4.999999999998256e-06
4.999999999998253e-06
4.999999999998256e-06
4.999999999998250e-06
4.999999999998252e-06

  301  0  1
4.999999999998253e-06
4.999999999998252e-06
4.999999999998253e-06
4.999999999998255e-06
4.999999999998257e-06

  302  0  0
4.999999999998257e-06
4.999999999998250e-06
4.999999999998255e-06
4.999999999998252e-06
4.999999999998252e-06

  302  0  1
4.999999999998254e-06
4.999999999998253e-06
4.999999999998253e-06
4.999999999998254e-06
4.999999999998257e-06

  303  0  0
4.999999999998252e-06
4.999999999998252e-06
4.999999999998254e-06
4.999999999998253e-06
4.999999999998252e-06

  303  0  1
4.999999999998253e-06
4.999999999998255e-06
4.999999999998253e-06
4.999999999998254e-06
4.999999999998255e-06

  304  0  0
4.999999999998256e-06
4.999999999998251e-06
4.999999999998256e-06
4.999999999998254e-06
4.999999999998254e-06

  304  0  1
4.999999999998256e-06
4.999999999998252e-06
4.999999999998250e-06
4.999999999998254e-06
4.999999999998256e-06

  305  0  0
4.999999999998252e-06
4.999999999998253e-06
4.999999999998253e-06
4.999999999998253e-06
4.999999999998253e-06

  305  0  1
4.999999999998255e-06
4.999999999998254e-06
4.999999999998251e-06
4.999999999998254e-06
4.999999999998256e-06

  306  0  0
4.999999999998256e-06
4.999999999998253e-06
4.999999999998254e-06
4.999999999998253e-06
4.999999999998256e-06

  306  0  1
4.999999999998253e-06
4.999999999998255e-06
4.999999999998252e-06
4.999999999998254e-06
4.999999999998257e-06

  307  0  0
4.999999999998255e-06
4.999999999998251e-06
4.999999999998255e-06
4.999999999998253e-06
4.999999999998254e-06

  307  0  1
4.999999999998252e-06
4.999999999998252e-06
4.999999999998251e-06
4.999999999998255e-06
4.999999999998256e-06

  308  0  0
4.999999999998254e-06
4.999999999998253e-06
4.999999999998254e-06
4.999999999998251e-06
4.999999999998250e-06

  308  0  1
4.999999999998252e-06
4.999999999998254e-06
4.999999999998253e-06
4.999999999998254e-06
4.999999999998258e-06

  309  0  0
4.999999999998256e-06
4.999999999998252e-06
4.999999999998256e-06
4.999999999998252e-06
4.999999999998254e-06

  309  0  1
4.999999999998252e-06
4.999999999998254e-06
4.999999999998252e-06
4.999999999998256e-06
4.999999999998256e-06

  310  0  0
4.999999999998256e-06
4.999999999998253e-06
4.999999999998254e-06
4.999999999998256e-06
4.999999999998240e-06

  310  0  1
4.999999999998253e-06
4.999999999998256e-06
4.999999999998252e-06
4.999999999998255e-06
4.999999999998257e-06

  311  0  0
4.999999999998267e-06
4.999999999998264e-06
4.999999999998228e-06
4.999999999998322e-06
4.999999999998067e-06

  311  0  1
4.999999999998254e-06
4.999999999998253e-06
4.999999999998254e-06
4.999999999998254e-06
4.999999999998383e-06

  312  0  0
4.999999999998053e-06
4.999999999998472e-06
4.999999999997816e-06
4.999999999999696e-06
5.000000000000675e-06

  312  0  1
4.999999999998141e-06
4.999999999997965e-06
4.999999999998684e-06
4.999999999997541e-06
5.000000000004023e-06

  313  0  0
4.999999999982889e-06
5.000000000006815e-06
4.999999999994386e-06
5.000000000016743e-06
5.000000000356685e-06

  313  0  1
4.999999999995421e-06
4.999999999989327e-06
5.000000000018083e-06
4.999999999960369e-06
5.000000000229020e-06

  314  0  0
4.999999999184600e-06
5.000000000173513e-06
5.000000000283308e-06
4.999999999439337e-06
5.000000019098635e-06

  314  0  1
4.999999999922543e-06
4.999999999638082e-06
5.000000000760766e-06
4.999999998422559e-06
5.000000007590320e-06

  315  0  0
4.999999968436476e-06
5.000000000627500e-06
5.000000021683874e-06
4.999999940285785e-06
5.000000720502940e-06

  315  0  1
4.999999998981780e-06
4.999999987957046e-06
5.000000023994637e-06
4.999999944899619e-06
5.000000182963785e-06

  316  0  0
4.999999118712946e-06
4.999999802835950e-06
5.000000961397143e-06
4.999996781928138e-06
5.000018078924199e-06

  316  0  1
5.000000054300678e-06
4.999999698646143e-06
5.000000520881413e-06
4.999998467964616e-06
5.000000711244473e-06

  317  0  0
4.999992354311250e-06
4.999985089134466e-06
5.000029525693493e-06
4.999865676177491e-06
4.999966400866666e-06

  317  0  1
5.000006337007732e-06
4.999997945444763e-06
4.999997556918064e-06
4.999977177265237e-06
4.999710643432559e-06

  318  0  0
5.001220514076079e-06
4.999212697171266e-06
5.000341637574137e-06
4.995519986946393e-06
4.957388897783088e-06

  318  0  1
5.000425961241460e-06
5.000404722502612e-06
4.998796982375832e-06
5.001000078874174e-06
4.974347575541187e-06

  319  0  0
5.117650535133434e-06
4.977054500925923e-06
4.937615960101173e-06
5.058671065558364e-06
2.300319204446643e-06

  319  0  1
5.020096830763572e-06
5.044943038128264e-06
4.890821066067703e-06
5.182603318824746e-06
3.621162638585897e-06

