#Cell    Group    L_mom 
# Element_0
# Element_1
# Element_2
# Element_3
    0  0  0
1.914298784350391e+00
1.909444899879692e+00
1.901564324369665e+00
1.896670839850332e+00

    1  0  0
1.896670384221154e+00
1.891753291386819e+00
1.883750611653562e+00
1.878777560186783e+00

    2  0  0
1.878778928810198e+00
1.873792433747959e+00
1.865695575143971e+00
1.860673782221534e+00

    3  0  0
1.860672668456980e+00
1.855629933679283e+00
1.847420431816062e+00
1.842310657643253e+00

    4  0  0
1.842311301009421e+00
1.837175842825048e+00
1.828815712565307e+00
1.823621303879532e+00

    5  0  0
1.823621730422157e+00
1.818408488139151e+00
1.809928495396134e+00
1.804654853686670e+00

    6  0  0
1.804654097792489e+00
1.799347006496673e+00
1.790688324282732e+00
1.785290465507106e+00

    7  0  0
1.785291799022209e+00
1.779864091380146e+00
1.771021836482220e+00
1.765521969178011e+00

    8  0  0
1.765521735900272e+00
1.759988988674603e+00
1.750959350438361e+00
1.745321567784422e+00

    9  0  0
1.745321896584356e+00
1.739638792167952e+00
1.730348963051581e+00
1.724551243389511e+00

   10  0  0
1.724551891230072e+00
1.718715050844402e+00
1.709182966321350e+00
1.703233456614021e+00

   11  0  0
1.703232190075586e+00
1.697227191559112e+00
1.687386479982419e+00
1.681221598994268e+00

   12  0  0
1.681222474095675e+00
1.674995169010725e+00
1.664788555508650e+00
1.658402645466742e+00

   13  0  0
1.658403129312416e+00
1.651958065055081e+00
1.641386111803957e+00
1.634750977173660e+00

   14  0  0
1.634750278305234e+00
1.628028946897554e+00
1.616968610647454e+00
1.610016129113118e+00

   15  0  0
1.610017406802479e+00
1.602976677947137e+00
1.591395770020129e+00
1.584116307772458e+00

   16  0  0
1.584115150501854e+00
1.576726565448203e+00
1.564524861982333e+00
1.556818693826032e+00

   17  0  0
1.556820406080439e+00
1.548985441451787e+00
1.536022244138658e+00
1.527827292604009e+00

   18  0  0
1.527828641116562e+00
1.519495345160459e+00
1.505691870787542e+00
1.496944014236779e+00

   19  0  0
1.496941607347488e+00
1.488007113883392e+00
1.473139745453159e+00
1.463685155950484e+00

   20  0  0
1.463685504490330e+00
1.454012978759311e+00
1.437885609663135e+00
1.427611545072572e+00

   21  0  0
1.427612732090860e+00
1.417084501171032e+00
1.399452987275695e+00
1.388148680090615e+00

   22  0  0
1.388152027818164e+00
1.376525837820071e+00
1.356975127736069e+00
1.344394038894661e+00

   23  0  0
1.344396967321057e+00
1.331408703903535e+00
1.309494064412195e+00
1.295338890436730e+00

   24  0  0
1.295336195445169e+00
1.280632491333925e+00
1.255615623027428e+00
1.239326538347688e+00

   25  0  0
1.239335495295232e+00
1.222345001188238e+00
1.193214097846597e+00
1.174074801231394e+00

   26  0  0
1.174091983202749e+00
1.154004354150988e+00
1.119233422245037e+00
1.096096852130468e+00

   27  0  0
1.096122115587218e+00
1.071513800949215e+00
1.028270241554745e+00
9.989927087063001e-01

   28  0  0
9.990822094984960e-01
9.673098956452801e-01
9.101715966475095e-01
8.701398157597728e-01

   29  0  0
8.700000659595684e-01
8.255335451892932e-01
7.411205101984408e-01
6.741124673897454e-01

   30  0  0
6.028957271558633e-01
6.209227773146268e-01
3.900287601797727e-01
5.163907324368409e-02

   31  0  0
6.749651608295344e-03
8.420040885379865e-05
-1.718431513315702e-05
5.071132096072663e-05

   32  0  0
1.313709045214422e-05
1.003390424407923e-05
9.987450176008261e-06
1.001869083512180e-05

   33  0  0
1.000142372402591e-05
1.000001521568743e-05
9.999994366212016e-06
1.000000839679342e-05

   34  0  0
1.000000063384390e-05
1.000000000673090e-05
9.999999997503076e-06
1.000000000371287e-05

   35  0  0
1.000000000027685e-05
9.999999999999494e-06
9.999999999995405e-06
9.999999999998170e-06

   36  0  0
9.999999999996635e-06
9.999999999996508e-06
9.999999999996506e-06
9.999999999996511e-06

   37  0  0
9.999999999996506e-06
9.999999999996504e-06
9.999999999996506e-06
9.999999999996508e-06

   38  0  0
9.999999999996506e-06
9.999999999996504e-06
9.999999999996506e-06
9.999999999996508e-06

   39  0  0
9.999999999996506e-06
9.999999999996504e-06
9.999999999996506e-06
9.999999999996508e-06

   40  0  0
9.999999999996506e-06
9.999999999996504e-06
9.999999999996506e-06
9.999999999996508e-06

   41  0  0
9.999999999996506e-06
9.999999999996504e-06
9.999999999996506e-06
9.999999999996508e-06

   42  0  0
9.999999999996506e-06
9.999999999996504e-06
9.999999999996506e-06
9.999999999996508e-06

   43  0  0
9.999999999996506e-06
9.999999999996504e-06
9.999999999996506e-06
9.999999999996508e-06

   44  0  0
9.999999999996506e-06
9.999999999996504e-06
9.999999999996506e-06
9.999999999996508e-06

   45  0  0
9.999999999996506e-06
9.999999999996504e-06
9.999999999996506e-06
9.999999999996508e-06

   46  0  0
9.999999999996506e-06
9.999999999996504e-06
9.999999999996506e-06
9.999999999996508e-06

   47  0  0
9.999999999996506e-06
9.999999999996504e-06
9.999999999996506e-06
9.999999999996508e-06

   48  0  0
9.999999999996506e-06
9.999999999996504e-06
9.999999999996506e-06
9.999999999996508e-06

   49  0  0
9.999999999996506e-06
9.999999999996504e-06
9.999999999996506e-06
9.999999999996508e-06

   50  0  0
9.999999999996506e-06
9.999999999996504e-06
9.999999999996506e-06
9.999999999996508e-06

   51  0  0
9.999999999996506e-06
9.999999999996504e-06
9.999999999996506e-06
9.999999999996508e-06

   52  0  0
9.999999999996506e-06
9.999999999996504e-06
9.999999999996506e-06
9.999999999996508e-06

   53  0  0
9.999999999996506e-06
9.999999999996504e-06
9.999999999996506e-06
9.999999999996508e-06

   54  0  0
9.999999999996506e-06
9.999999999996504e-06
9.999999999996506e-06
9.999999999996508e-06

   55  0  0
9.999999999996506e-06
9.999999999996504e-06
9.999999999996506e-06
9.999999999996508e-06

   56  0  0
9.999999999996506e-06
9.999999999996504e-06
9.999999999996506e-06
9.999999999996508e-06

   57  0  0
9.999999999996506e-06
9.999999999996504e-06
9.999999999996506e-06
9.999999999996508e-06

   58  0  0
9.999999999996506e-06
9.999999999996504e-06
9.999999999996506e-06
9.999999999996508e-06

   59  0  0
9.999999999996506e-06
9.999999999996504e-06
9.999999999996506e-06
9.999999999996508e-06

   60  0  0
9.999999999996506e-06
9.999999999996504e-06
9.999999999996506e-06
9.999999999996508e-06

   61  0  0
9.999999999996506e-06
9.999999999996504e-06
9.999999999996506e-06
9.999999999996508e-06

   62  0  0
9.999999999996506e-06
9.999999999996504e-06
9.999999999996506e-06
9.999999999996508e-06

   63  0  0
9.999999999996506e-06
9.999999999996504e-06
9.999999999996506e-06
9.999999999996508e-06

   64  0  0
9.999999999996506e-06
9.999999999996504e-06
9.999999999996506e-06
9.999999999996508e-06

   65  0  0
9.999999999996506e-06
9.999999999996504e-06
9.999999999996506e-06
9.999999999996508e-06

   66  0  0
9.999999999996506e-06
9.999999999996504e-06
9.999999999996506e-06
9.999999999996508e-06

   67  0  0
9.999999999996506e-06
9.999999999996504e-06
9.999999999996506e-06
9.999999999996508e-06

   68  0  0
9.999999999996506e-06
9.999999999996504e-06
9.999999999996506e-06
9.999999999996508e-06

   69  0  0
9.999999999996506e-06
9.999999999996504e-06
9.999999999996506e-06
9.999999999996508e-06

   70  0  0
9.999999999996506e-06
9.999999999996504e-06
9.999999999996506e-06
9.999999999996508e-06

   71  0  0
9.999999999996506e-06
9.999999999996504e-06
9.999999999996506e-06
9.999999999996508e-06

   72  0  0
9.999999999996506e-06
9.999999999996504e-06
9.999999999996506e-06
9.999999999996508e-06

   73  0  0
9.999999999996506e-06
9.999999999996504e-06
9.999999999996506e-06
9.999999999996506e-06

   74  0  0
9.999999999996506e-06
9.999999999996504e-06
9.999999999996506e-06
9.999999999996499e-06

   75  0  0
9.999999999996462e-06
9.999999999996543e-06
9.999999999996416e-06
9.999999999980924e-06

   76  0  0
9.999999999926819e-06
1.000000000005093e-05
9.999999999840628e-06
9.999999989213976e-06

   77  0  0
9.999999956255891e-06
1.000000003483404e-05
9.999999899357604e-06
9.999993118808632e-06

   78  0  0
9.999975481924888e-06
1.000002014572295e-05
9.999941126584742e-06
9.996043576873167e-06

   79  0  0
9.988569094335182e-06
1.000995522878580e-05
9.970346543413931e-06
8.043816397139965e-06

