#Cell  Group   Direction 
# Element_0
# Element_1
# Element_2
# Element_3
    0  0  0
1.814849172438072e-01
1.798124662849274e-01
1.776353550456865e-01
1.759693459544941e-01

    0  0  1
1.731276345162749e+00
1.728361714414183e+00
1.724539296461288e+00
1.721594156408754e+00

    1  0  0
1.750818551761547e-01
1.734108274418230e-01
1.712155054824183e-01
1.695198044488361e-01

    1  0  1
1.720019028309584e+00
1.717052694394526e+00
1.713160438626081e+00
1.710159949578718e+00

    2  0  0
1.686148702774362e-01
1.669208308802990e-01
1.647218533283810e-01
1.630456811708673e-01

    2  0  1
1.708554739777626e+00
1.705530535301113e+00
1.701560654403020e+00
1.698498772528666e+00

    3  0  0
1.621530459217835e-01
1.604790629608814e-01
1.582930593999814e-01
1.566133431935899e-01

    3  0  1
1.696860111918663e+00
1.693771854685287e+00
1.689715579991022e+00
1.686585386341278e+00

    4  0  0
1.557157874057217e-01
1.540276082283384e-01
1.518223246031073e-01
1.501344333824892e-01

    4  0  1
1.684909545591714e+00
1.681749853522988e+00
1.677597099199965e+00
1.674390277836758e+00

    5  0  0
1.492364705788017e-01
1.475525038598730e-01
1.453576093891320e-01
1.436771422557611e-01

    5  0  1
1.672672667997121e+00
1.669432631395072e+00
1.665171701216983e+00
1.661878680023284e+00

    6  0  0
1.427827608699027e-01
1.411024582035600e-01
1.389030205784467e-01
1.372102091920646e-01

    6  0  1
1.660113599716431e+00
1.656782292702343e+00
1.652397356883963e+00
1.649006147115427e+00

    7  0  0
1.363077605269103e-01
1.346177089845531e-01
1.324188366515267e-01
1.307365028883472e-01

    7  0  1
1.647188007659573e+00
1.643754460414615e+00
1.639231648028518e+00
1.635730155171372e+00

    8  0  0
1.298392892527014e-01
1.281579160310444e-01
1.259667039279583e-01
1.242868255939335e-01

    8  0  1
1.633851206845329e+00
1.630300858559104e+00
1.625619439843603e+00
1.621991931763146e+00

    9  0  0
1.233885217709797e-01
1.216968274928468e-01
1.194857362731433e-01
1.177960653526369e-01

    9  0  1
1.620044446339401e+00
1.616362075944539e+00
1.611502086830462e+00
1.607731562711151e+00

   10  0  0
1.168997163221382e-01
1.152225931768792e-01
1.130417701953967e-01
1.113729315399231e-01

   10  0  1
1.605705357652377e+00
1.601871369510376e+00
1.596804811623461e+00
1.592870382098377e+00

   11  0  0
1.104836606670491e-01
1.088088611080490e-01
1.066126030002713e-01
1.049244062615556e-01

   11  0  1
1.590754970618006e+00
1.586748601479064e+00
1.581447086672715e+00
1.577324893182584e+00

   12  0  0
1.040290863084929e-01
1.023603671781228e-01
1.001948063584627e-01
9.853229073893045e-02

   12  0  1
1.575106717446686e+00
1.570902332852579e+00
1.565331689438911e+00
1.560994064649469e+00

   13  0  0
9.764181815833836e-02
9.597529549688665e-02
9.380897192890375e-02
9.215215691531735e-02

   13  0  1
1.558657614376100e+00
1.554224334879835e+00
1.548341678744419e+00
1.543754273889376e+00

   14  0  0
9.126382118665100e-02
8.959585612119138e-02
8.743725918130765e-02
8.581222628812217e-02

   14  0  1
1.541280724424561e+00
1.536582827370634e+00
1.530339236482624e+00
1.525462192996494e+00

   15  0  0
8.495394991049986e-02
8.333049380923006e-02
8.117533504616316e-02
7.949180950625373e-02

   15  0  1
1.522829350379273e+00
1.517822930016203e+00
1.511157669304882e+00
1.505942423778222e+00

   16  0  0
7.859579054296538e-02
7.692576735427856e-02
7.476794799682145e-02
7.312293913824312e-02

   16  0  1
1.503124065548408e+00
1.497757080543446e+00
1.490598093732299e+00
1.484985751643427e+00

   17  0  0
7.224322182314812e-02
7.059547234186085e-02
6.845749398332854e-02
6.683380267629770e-02

   17  0  1
1.481948739539997e+00
1.476159107271085e+00
1.468420539782140e+00
1.462340782081273e+00

   18  0  0
6.597162982892146e-02
6.435309890440856e-02
6.224250436584098e-02
6.062966212062671e-02

   18  0  1
1.459046086079008e+00
1.452755992912120e+00
1.444330631277949e+00
1.437695211593024e+00

   19  0  0
5.977564882453373e-02
5.817644276068208e-02
5.608932966433098e-02
5.448373333862822e-02

   19  0  1
1.434093150133212e+00
1.427204869585347e+00
1.417955782433895e+00
1.410652785899157e+00

   20  0  0
5.362920598506720e-02
5.203804641022636e-02
4.998472709009582e-02
4.842436685597631e-02

   20  0  1
1.406680855097970e+00
1.399072280538576e+00
1.388826451967351e+00
1.380714594238416e+00

   21  0  0
4.759288115383208e-02
4.604123150271736e-02
4.403099408243302e-02
4.249802160439094e-02

   21  0  1
1.376295212988156e+00
1.367812887947779e+00
1.356355589793955e+00
1.347255747588925e+00

   22  0  0
4.167882110899941e-02
4.014163909782121e-02
3.814945377261203e-02
3.664484768309068e-02

   22  0  1
1.342287420274531e+00
1.332729926308568e+00
1.319774528321280e+00
1.309447856338806e+00

   23  0  0
3.585183702412588e-02
3.437194385706313e-02
3.245103369150479e-02
3.098229056699425e-02

   23  0  1
1.303795373725021e+00
1.292894815617196e+00
1.278052116569731e+00
1.266169133934832e+00

   24  0  0
3.020229314059212e-02
2.875663631919256e-02
2.689754630395987e-02
2.547735875121344e-02

   24  0  1
1.259632168803060e+00
1.247052696034210e+00
1.229747805183517e+00
1.215993442689199e+00

   25  0  0
2.470791121860405e-02
2.327408063890770e-02
2.141854506764208e-02
2.003968073315667e-02

   25  0  1
1.208428112196860e+00
1.193544437745335e+00
1.173038332398220e+00
1.156412689447536e+00

   26  0  0
1.932494176004593e-02
1.800337729092129e-02
1.630736179048983e-02
1.502088501848360e-02

   26  0  1
1.147205951204242e+00
1.129216641999133e+00
1.104222527879539e+00
1.083756765483655e+00

   27  0  0
1.434514519939256e-02
1.309678839855552e-02
1.149834528835634e-02
1.028943374996110e-02

   27  0  1
1.072339602505610e+00
1.049850157161356e+00
1.018184208357084e+00
9.918597243509046e-01

   28  0  0
9.651308024984801e-03
8.487654699734202e-03
7.041674600349949e-03
5.989193006187542e-03

   28  0  1
9.770359098255127e-01
9.473691244145562e-01
9.047862995685847e-01
8.682873798270464e-01

   29  0  0
5.439383645475206e-03
4.444185320977469e-03
3.232464265769882e-03
2.378981188945771e-03

   29  0  1
8.472584656196144e-01
8.038082145369523e-01
7.386019073000714e-01
6.780063459912492e-01

   30  0  0
1.975701851007595e-03
1.219262786938680e-03
3.678493333346564e-04
2.997293592001519e-05

   30  0  1
6.293435017013255e-01
5.698235393949964e-01
3.880557177435969e-01
6.286535753927786e-02

   31  0  0
2.795708629708355e-06
8.533413523078963e-06
3.637538946457808e-06
6.135646694345376e-06

   31  0  1
-2.790714989055053e-03
1.641419942381926e-03
-3.911756044871580e-04
1.586258907801296e-04

   32  0  0
4.666993312818356e-06
5.098795509073318e-06
4.954617813513248e-06
5.015269240830842e-06

   32  0  1
1.360167592934269e-04
-3.095689527102648e-05
2.074638664041888e-05
5.454760045494270e-07

   33  0  0
5.010600442290311e-06
4.997069616209394e-06
5.001376741282243e-06
4.999538880144164e-06

   33  0  1
6.929400332070640e-07
6.064707919345862e-06
4.515313449909524e-06
5.140166207893631e-06

   34  0  0
4.999683156735019e-06
5.000087835490183e-06
4.999958725377925e-06
5.000013972905632e-06

   34  0  1
5.126330257393852e-06
4.968459642444964e-06
5.014402903630516e-06
4.995656179287737e-06

   35  0  0
5.000009336477377e-06
4.999997410239401e-06
5.000001217840903e-06
4.999999583978765e-06

   35  0  1
4.996423201376559e-06
5.000897426837814e-06
4.999588953834848e-06
5.000127676050340e-06

   36  0  0
4.999999728768584e-06
5.000000075273844e-06
4.999999964577206e-06
5.000000012194495e-06

   36  0  1
5.000098328663152e-06
4.999975235577709e-06
5.000011368179882e-06
4.999996392117801e-06

   37  0  0
5.000000007777461e-06
4.999999997838216e-06
5.000000001015228e-06
4.999999999645665e-06

   37  0  1
4.999997358346716e-06
5.000000667247575e-06
4.999999693169341e-06
5.000000098963384e-06

   38  0  0
4.999999999777674e-06
5.000000000059524e-06
4.999999999969395e-06
5.000000000008324e-06

   38  0  1
5.000000069686024e-06
4.999999982355412e-06
5.000000008122138e-06
4.999999997344889e-06

   39  0  0
5.000000000004453e-06
4.999999999996531e-06
4.999999999999060e-06
4.999999999997973e-06

   39  0  1
4.999999998186722e-06
5.000000000457736e-06
4.999999999786443e-06
5.000000000068135e-06

   40  0  0
4.999999999998083e-06
4.999999999998303e-06
4.999999999998232e-06
4.999999999998263e-06

   40  0  1
5.000000000044774e-06
4.999999999986437e-06
5.000000000003706e-06
4.999999999996441e-06

   41  0  0
4.999999999998261e-06
4.999999999998250e-06
4.999999999998255e-06
4.999999999998251e-06

   41  0  1
4.999999999997071e-06
4.999999999998553e-06
4.999999999998113e-06
4.999999999998301e-06

   42  0  0
4.999999999998254e-06
4.999999999998253e-06
4.999999999998255e-06
4.999999999998252e-06

   42  0  1
4.999999999998285e-06
4.999999999998247e-06
4.999999999998260e-06
4.999999999998256e-06

   43  0  0
4.999999999998256e-06
4.999999999998254e-06
4.999999999998254e-06
4.999999999998251e-06

   43  0  1
4.999999999998254e-06
4.999999999998256e-06
4.999999999998254e-06
4.999999999998255e-06

   44  0  0
4.999999999998254e-06
4.999999999998254e-06
4.999999999998254e-06
4.999999999998251e-06

   44  0  1
4.999999999998255e-06
4.999999999998255e-06
4.999999999998255e-06
4.999999999998257e-06

   45  0  0
4.999999999998256e-06
4.999999999998255e-06
4.999999999998255e-06
4.999999999998251e-06

   45  0  1
4.999999999998256e-06
4.999999999998255e-06
4.999999999998255e-06
4.999999999998257e-06

   46  0  0
4.999999999998255e-06
4.999999999998255e-06
4.999999999998255e-06
4.999999999998251e-06

   46  0  1
4.999999999998253e-06
4.999999999998255e-06
4.999999999998254e-06
4.999999999998257e-06

   47  0  0
4.999999999998256e-06
4.999999999998254e-06
4.999999999998255e-06
4.999999999998252e-06

   47  0  1
4.999999999998256e-06
4.999999999998255e-06
4.999999999998255e-06
4.999999999998257e-06

   48  0  0
4.999999999998256e-06
4.999999999998254e-06
4.999999999998255e-06
4.999999999998251e-06

   48  0  1
4.999999999998256e-06
4.999999999998255e-06
4.999999999998254e-06
4.999999999998257e-06

   49  0  0
4.999999999998256e-06
4.999999999998254e-06
4.999999999998254e-06
4.999999999998251e-06

   49  0  1
4.999999999998253e-06
4.999999999998256e-06
4.999999999998254e-06
4.999999999998256e-06

   50  0  0
4.999999999998254e-06
4.999999999998254e-06
4.999999999998254e-06
4.999999999998253e-06

   50  0  1
4.999999999998256e-06
4.999999999998255e-06
4.999999999998255e-06
4.999999999998257e-06

   51  0  0
4.999999999998256e-06
4.999999999998254e-06
4.999999999998254e-06
4.999999999998251e-06

   51  0  1
4.999999999998255e-06
4.999999999998255e-06
4.999999999998254e-06
4.999999999998255e-06

   52  0  0
4.999999999998255e-06
4.999999999998254e-06
4.999999999998255e-06
4.999999999998251e-06

   52  0  1
4.999999999998256e-06
4.999999999998255e-06
4.999999999998254e-06
4.999999999998257e-06

   53  0  0
4.999999999998254e-06
4.999999999998254e-06
4.999999999998254e-06
4.999999999998251e-06

   53  0  1
4.999999999998255e-06
4.999999999998255e-06
4.999999999998255e-06
4.999999999998257e-06

   54  0  0
4.999999999998254e-06
4.999999999998254e-06
4.999999999998254e-06
4.999999999998252e-06

   54  0  1
4.999999999998256e-06
4.999999999998255e-06
4.999999999998255e-06
4.999999999998257e-06

   55  0  0
4.999999999998254e-06
4.999999999998255e-06
4.999999999998254e-06
4.999999999998252e-06

   55  0  1
4.999999999998256e-06
4.999999999998255e-06
4.999999999998255e-06
4.999999999998257e-06

   56  0  0
4.999999999998255e-06
4.999999999998254e-06
4.999999999998255e-06
4.999999999998251e-06

   56  0  1
4.999999999998256e-06
4.999999999998255e-06
4.999999999998255e-06
4.999999999998257e-06

   57  0  0
4.999999999998255e-06
4.999999999998254e-06
4.999999999998254e-06
4.999999999998251e-06

   57  0  1
4.999999999998255e-06
4.999999999998255e-06
4.999999999998254e-06
4.999999999998257e-06

   58  0  0
4.999999999998254e-06
4.999999999998254e-06
4.999999999998254e-06
4.999999999998251e-06

   58  0  1
4.999999999998253e-06
4.999999999998256e-06
4.999999999998254e-06
4.999999999998256e-06

   59  0  0
4.999999999998255e-06
4.999999999998254e-06
4.999999999998254e-06
4.999999999998252e-06

   59  0  1
4.999999999998253e-06
4.999999999998256e-06
4.999999999998254e-06
4.999999999998256e-06

   60  0  0
4.999999999998256e-06
4.999999999998254e-06
4.999999999998255e-06
4.999999999998253e-06

   60  0  1
4.999999999998256e-06
4.999999999998255e-06
4.999999999998254e-06
4.999999999998257e-06

   61  0  0
4.999999999998254e-06
4.999999999998254e-06
4.999999999998255e-06
4.999999999998251e-06

   61  0  1
4.999999999998255e-06
4.999999999998255e-06
4.999999999998255e-06
4.999999999998257e-06

   62  0  0
4.999999999998255e-06
4.999999999998254e-06
4.999999999998254e-06
4.999999999998252e-06

   62  0  1
4.999999999998256e-06
4.999999999998255e-06
4.999999999998255e-06
4.999999999998257e-06

   63  0  0
4.999999999998254e-06
4.999999999998254e-06
4.999999999998255e-06
4.999999999998251e-06

   63  0  1
4.999999999998253e-06
4.999999999998255e-06
4.999999999998254e-06
4.999999999998257e-06

   64  0  0
4.999999999998254e-06
4.999999999998255e-06
4.999999999998255e-06
4.999999999998253e-06

   64  0  1
4.999999999998256e-06
4.999999999998255e-06
4.999999999998255e-06
4.999999999998257e-06

   65  0  0
4.999999999998255e-06
4.999999999998254e-06
4.999999999998254e-06
4.999999999998251e-06

   65  0  1
4.999999999998253e-06
4.999999999998256e-06
4.999999999998255e-06
4.999999999998256e-06

   66  0  0
4.999999999998256e-06
4.999999999998255e-06
4.999999999998255e-06
4.999999999998253e-06

   66  0  1
4.999999999998255e-06
4.999999999998255e-06
4.999999999998254e-06
4.999999999998257e-06

   67  0  0
4.999999999998256e-06
4.999999999998254e-06
4.999999999998254e-06
4.999999999998250e-06

   67  0  1
4.999999999998253e-06
4.999999999998256e-06
4.999999999998255e-06
4.999999999998257e-06

   68  0  0
4.999999999998256e-06
4.999999999998254e-06
4.999999999998255e-06
4.999999999998251e-06

   68  0  1
4.999999999998255e-06
4.999999999998255e-06
4.999999999998254e-06
4.999999999998257e-06

   69  0  0
4.999999999998256e-06
4.999999999998255e-06
4.999999999998255e-06
4.999999999998249e-06

   69  0  1
4.999999999998256e-06
4.999999999998255e-06
4.999999999998254e-06
4.999999999998257e-06

   70  0  0
4.999999999998252e-06
4.999999999998270e-06
4.999999999998222e-06
4.999999999998379e-06

   70  0  1
4.999999999998255e-06
4.999999999998254e-06
4.999999999998255e-06
4.999999999998255e-06

   71  0  0
4.999999999998344e-06
4.999999999997701e-06
4.999999999999626e-06
4.999999999992174e-06

   71  0  1
4.999999999998263e-06
4.999999999998076e-06
4.999999999998771e-06
4.999999999996051e-06

   72  0  0
4.999999999994634e-06
5.000000000016162e-06
4.999999999957711e-06
5.000000000167454e-06

   72  0  1
4.999999999995906e-06
5.000000000006436e-06
4.999999999980524e-06
5.000000000062820e-06

   73  0  0
5.000000000093299e-06
4.999999999516210e-06
5.000000001088299e-06
4.999999995436893e-06

   73  0  1
5.000000000065972e-06
4.999999999766359e-06
5.000000000497150e-06
4.999999998181190e-06

   74  0  0
4.999999997629087e-06
5.000000012644086e-06
4.999999971318692e-06
5.000000120433302e-06

   74  0  1
4.999999998155523e-06
5.000000006407242e-06
4.999999986195311e-06
5.000000050315655e-06

   75  0  0
5.000000056647552e-06
4.999999676768338e-06
5.000000735667064e-06
4.999996897461515e-06

   75  0  1
5.000000049010148e-06
4.999999826252453e-06
5.000000374666552e-06
4.999998632631059e-06

   76  0  0
4.999998720003342e-06
5.000008003105338e-06
4.999981703185790e-06
5.000077571632773e-06

   76  0  1
4.999998732134813e-06
5.000004603155305e-06
4.999990058239004e-06
5.000036333371373e-06

   77  0  0
5.000026600488361e-06
4.999809646632068e-06
5.000437766348594e-06
4.998131782421164e-06

   77  0  1
5.000031663747818e-06
4.999881430187831e-06
5.000256592984256e-06
4.999060695438514e-06

   78  0  0
4.999523060489671e-06
5.004291029743025e-06
4.990061638422618e-06
5.042968049395488e-06

   78  0  1
4.999246340126580e-06
5.002946229750060e-06
4.993612319994940e-06
5.023493663073286e-06

   79  0  0
5.007120416297270e-06
4.908989709893783e-06
5.218374840789448e-06
4.127264649023451e-06

   79  0  1
5.017303735208667e-06
4.929635655713356e-06
5.155750352962461e-06
4.457955368099954e-06

