#Cell    Group    L_mom 
# Element_0
# Element_1
    0  0  0
1.914253459917300e+00
1.909852544452937e+00

    1  0  0
1.909858223059163e+00
1.905444437561251e+00

    2  0  0
1.905450289175410e+00
1.901023371611771e+00

    3  0  0
1.901029406067950e+00
1.896589088276826e+00

    4  0  0
1.896595312888651e+00
1.892141315000170e+00

    5  0  0
1.892147734872093e+00
1.887679760271641e+00

    6  0  0
1.887686378677012e+00
1.883204109776391e+00

    7  0  0
1.883210928649130e+00
1.878714024433724e+00

    8  0  0
1.878721045810028e+00
1.874209139702824e+00

    9  0  0
1.874216365575747e+00
1.869689068647576e+00

   10  0  0
1.869696501561947e+00
1.865153402845820e+00

   11  0  0
1.865161048824425e+00
1.860601716565191e+00

   12  0  0
1.860609585953412e+00
1.856033570077218e+00

   13  0  0
1.856041678254413e+00
1.851448512611043e+00

   14  0  0
1.851456873459804e+00
1.846846089945241e+00

   15  0  0
1.846854693000578e+00
1.842225844601404e+00

   16  0  0
1.842234705230025e+00
1.837587301321135e+00

   17  0  0
1.837596462647996e+00
1.832929993600244e+00

   18  0  0
1.832939458904848e+00
1.828253452065695e+00

   19  0  0
1.828263210990799e+00
1.823557169707219e+00

   20  0  0
1.823567253937561e+00
1.818840619390843e+00

   21  0  0
1.818851059796922e+00
1.814103264937759e+00

   22  0  0
1.814114051124490e+00
1.809344541010915e+00

   23  0  0
1.809355662469604e+00
1.804563831004071e+00

   24  0  0
1.804575321248547e+00
1.799760489679727e+00

   25  0  0
1.799772374264927e+00
1.794933853957011e+00

   26  0  0
1.794946119272724e+00
1.790083225335351e+00

   27  0  0
1.790095864066250e+00
1.785207856750154e+00

   28  0  0
1.785220908834657e+00
1.780306978587393e+00

   29  0  0
1.780320478245818e+00
1.775379809190016e+00

   30  0  0
1.775393750902044e+00
1.770425539439716e+00

   31  0  0
1.770439918881554e+00
1.765443316782397e+00

   32  0  0
1.765458177973181e+00
1.760432268512443e+00

   33  0  0
1.760447660502363e+00
1.755391510825289e+00

   34  0  0
1.755407441342874e+00
1.750320136533830e+00

   35  0  0
1.750336598430707e+00
1.745217189539730e+00

   36  0  0
1.745234216809805e+00
1.740081677728208e+00

   37  0  0
1.740099329848266e+00
1.734912582244042e+00

   38  0  0
1.734930884203332e+00
1.729708849484745e+00

   39  0  0
1.729727791112149e+00
1.724469364561417e+00

   40  0  0
1.724488953594696e+00
1.719192947438948e+00

   41  0  0
1.719213238979537e+00
1.713878371897210e+00

   42  0  0
1.713899418070733e+00
1.708524366055774e+00

   43  0  0
1.708546176435962e+00
1.703129601016509e+00

   44  0  0
1.703152166784161e+00
1.697692669737038e+00

   45  0  0
1.697716019014424e+00
1.692212098554757e+00

   46  0  0
1.692236302122068e+00
1.686686361685343e+00

   47  0  0
1.686711475642888e+00
1.681113878414009e+00

   48  0  0
1.681139916157091e+00
1.675493000803135e+00

   49  0  0
1.675519963846009e+00
1.669821996534348e+00

   50  0  0
1.669849928622883e+00
1.664099062928592e+00

   51  0  0
1.664128052291752e+00
1.658322338169979e+00

   52  0  0
1.658352459841981e+00
1.652489894301674e+00

   53  0  0
1.652521177951499e+00
1.646599722659967e+00

   54  0  0
1.646632177668676e+00
1.640649710301006e+00

   55  0  0
1.640683380949597e+00
1.634637644415126e+00

   56  0  0
1.634672628243999e+00
1.628561222476147e+00

   57  0  0
1.628597619498948e+00
1.622418042208799e+00

   58  0  0
1.622455907983605e+00
1.616205588992194e+00

   59  0  0
1.616244942194762e+00
1.609921211660637e+00

   60  0  0
1.609962085530735e+00
1.603562113858609e+00

   61  0  0
1.603604602230632e+00
1.597125368405957e+00

   62  0  0
1.597169603029465e+00
1.590607913112189e+00

   63  0  0
1.590654001822172e+00
1.584006536128342e+00

   64  0  0
1.584054536251108e+00
1.577317858166801e+00

   65  0  0
1.577367805111790e+00
1.570538306963124e+00

   66  0  0
1.570590274260977e+00
1.563664118464313e+00

   67  0  0
1.563718250984407e+00
1.556691348066409e+00

   68  0  0
1.556747822164779e+00
1.549615857432804e+00

   69  0  0
1.549674818552529e+00
1.542433296640592e+00

   70  0  0
1.542494838290076e+00
1.535139081276084e+00

   71  0  0
1.535203278181058e+00
1.527728361179246e+00

   72  0  0
1.527795332847271e+00
1.520196014579017e+00

   73  0  0
1.520265963108799e+00
1.512536650349063e+00

   74  0  0
1.512609824194917e+00
1.504744582745319e+00

   75  0  0
1.504821208523690e+00
1.496813798764490e+00

   76  0  0
1.496894047051591e+00
1.488737926265283e+00

   77  0  0
1.488821933849204e+00
1.480510188597258e+00

   78  0  0
1.480598123730279e+00
1.472123375810632e+00

   79  0  0
1.472215501212014e+00
1.463569835934278e+00

   80  0  0
1.463666505030405e+00
1.454841443361549e+00

   81  0  0
1.454943031217201e+00
1.445929544626170e+00

   82  0  0
1.446036384762137e+00
1.436824912125509e+00

   83  0  0
1.436937287033157e+00
1.427517684958507e+00

   84  0  0
1.427635875549705e+00
1.417997288182876e+00

   85  0  0
1.418121652300995e+00
1.408252367949889e+00

   86  0  0
1.408383392734676e+00
1.398270748248410e+00

   87  0  0
1.398409030484547e+00
1.388039380425111e+00

   88  0  0
1.388185567504859e+00
1.377544269037474e+00

   89  0  0
1.377699016228212e+00
1.366770345822730e+00

   90  0  0
1.366934292662640e+00
1.355701264329529e+00

   91  0  0
1.355875036788240e+00
1.344319208651592e+00

   92  0  0
1.344503494182022e+00
1.332604841300072e+00

   93  0  0
1.332800537502310e+00
1.320537292692841e+00

   94  0  0
1.320745593091129e+00
1.308093957455494e+00

   95  0  0
1.308316276063904e+00
1.295250107145004e+00

   96  0  0
1.295487974274894e+00
1.281978528828276e+00

   97  0  0
1.282233576555622e+00
1.268249106265246e+00

   98  0  0
1.268522956434442e+00
1.254028229875292e+00

   99  0  0
1.254322296428174e+00
1.239278700524363e+00

  100  0  0
1.239594716959773e+00
1.223960405560760e+00

  101  0  0
1.224301731188662e+00
1.208029475091785e+00

  102  0  0
1.208400707415452e+00
1.191434393223093e+00

  103  0  0
1.191838613663860e+00
1.174114677175570e+00

  104  0  0
1.174554522834236e+00
1.156006341000514e+00

  105  0  0
1.156490462002891e+00
1.137039996588247e+00

  106  0  0
1.137578785817433e+00
1.117122527488149e+00

  107  0  0
1.117711990737409e+00
1.096141350952831e+00

  108  0  0
1.096780740583794e+00
1.074007442807011e+00

  109  0  0
1.074745092649407e+00
1.050620981381675e+00

  110  0  0
1.051495499009758e+00
1.025736061700251e+00

  111  0  0
1.026659336173419e+00
9.990718259073149e-01

  112  0  0
1.000038946026282e+00
9.706524209367036e-01

  113  0  0
9.720392232875283e-01
9.403412557441836e-01

  114  0  0
9.421897990562585e-01
9.068957701144098e-01

  115  0  0
9.082254148476275e-01
8.696245880006046e-01

  116  0  0
8.709907037169620e-01
8.306697156964741e-01

  117  0  0
8.354787460420010e-01
7.885800068174759e-01

  118  0  0
7.943702309964298e-01
7.331535970922082e-01

  119  0  0
7.310320370167900e-01
6.677405239770017e-01

  120  0  0
6.724726184082443e-01
6.165643414406219e-01

  121  0  0
6.623480452765765e-01
5.408108135399673e-01

  122  0  0
5.761153271889891e-01
3.249337693338215e-01

  123  0  0
2.601414391940373e-01
6.987784893883081e-02

  124  0  0
2.076091540400734e-02
9.692657789632034e-04

  125  0  0
7.063624514168407e-05
1.182272080032905e-05

  126  0  0
1.011043735789604e-05
1.000331422197630e-05

  127  0  0
1.000020081917750e-05
1.000000602664623e-05

  128  0  0
1.000000036517683e-05
1.000000001095585e-05

  129  0  0
1.000000000066058e-05
1.000000000001644e-05

  130  0  0
9.999999999997714e-06
9.999999999996543e-06

  131  0  0
9.999999999996509e-06
9.999999999996506e-06

  132  0  0
9.999999999996508e-06
9.999999999996506e-06

  133  0  0
9.999999999996508e-06
9.999999999996506e-06

  134  0  0
9.999999999996508e-06
9.999999999996506e-06

  135  0  0
9.999999999996508e-06
9.999999999996506e-06

  136  0  0
9.999999999996508e-06
9.999999999996506e-06

  137  0  0
9.999999999996508e-06
9.999999999996506e-06

  138  0  0
9.999999999996508e-06
9.999999999996506e-06

  139  0  0
9.999999999996508e-06
9.999999999996506e-06

  140  0  0
9.999999999996508e-06
9.999999999996506e-06

  141  0  0
9.999999999996508e-06
9.999999999996506e-06

  142  0  0
9.999999999996508e-06
9.999999999996506e-06

  143  0  0
9.999999999996508e-06
9.999999999996506e-06

  144  0  0
9.999999999996508e-06
9.999999999996506e-06

  145  0  0
9.999999999996508e-06
9.999999999996506e-06

  146  0  0
9.999999999996508e-06
9.999999999996506e-06

  147  0  0
9.999999999996508e-06
9.999999999996506e-06

  148  0  0
9.999999999996508e-06
9.999999999996506e-06

  149  0  0
9.999999999996508e-06
9.999999999996506e-06

  150  0  0
9.999999999996508e-06
9.999999999996506e-06

  151  0  0
9.999999999996508e-06
9.999999999996506e-06

  152  0  0
9.999999999996508e-06
9.999999999996506e-06

  153  0  0
9.999999999996508e-06
9.999999999996506e-06

  154  0  0
9.999999999996508e-06
9.999999999996506e-06

  155  0  0
9.999999999996508e-06
9.999999999996506e-06

  156  0  0
9.999999999996508e-06
9.999999999996506e-06

  157  0  0
9.999999999996508e-06
9.999999999996506e-06

  158  0  0
9.999999999996508e-06
9.999999999996506e-06

  159  0  0
9.999999999996508e-06
9.999999999996506e-06

  160  0  0
9.999999999996508e-06
9.999999999996506e-06

  161  0  0
9.999999999996508e-06
9.999999999996506e-06

  162  0  0
9.999999999996508e-06
9.999999999996506e-06

  163  0  0
9.999999999996508e-06
9.999999999996506e-06

  164  0  0
9.999999999996508e-06
9.999999999996506e-06

  165  0  0
9.999999999996508e-06
9.999999999996506e-06

  166  0  0
9.999999999996508e-06
9.999999999996506e-06

  167  0  0
9.999999999996508e-06
9.999999999996506e-06

  168  0  0
9.999999999996508e-06
9.999999999996506e-06

  169  0  0
9.999999999996508e-06
9.999999999996506e-06

  170  0  0
9.999999999996508e-06
9.999999999996506e-06

  171  0  0
9.999999999996508e-06
9.999999999996506e-06

  172  0  0
9.999999999996508e-06
9.999999999996506e-06

  173  0  0
9.999999999996508e-06
9.999999999996506e-06

  174  0  0
9.999999999996508e-06
9.999999999996506e-06

  175  0  0
9.999999999996508e-06
9.999999999996506e-06

  176  0  0
9.999999999996508e-06
9.999999999996506e-06

  177  0  0
9.999999999996508e-06
9.999999999996506e-06

  178  0  0
9.999999999996508e-06
9.999999999996506e-06

  179  0  0
9.999999999996508e-06
9.999999999996506e-06

  180  0  0
9.999999999996508e-06
9.999999999996506e-06

  181  0  0
9.999999999996508e-06
9.999999999996506e-06

  182  0  0
9.999999999996508e-06
9.999999999996506e-06

  183  0  0
9.999999999996508e-06
9.999999999996506e-06

  184  0  0
9.999999999996508e-06
9.999999999996506e-06

  185  0  0
9.999999999996508e-06
9.999999999996506e-06

  186  0  0
9.999999999996508e-06
9.999999999996506e-06

  187  0  0
9.999999999996508e-06
9.999999999996506e-06

  188  0  0
9.999999999996508e-06
9.999999999996506e-06

  189  0  0
9.999999999996508e-06
9.999999999996506e-06

  190  0  0
9.999999999996508e-06
9.999999999996506e-06

  191  0  0
9.999999999996508e-06
9.999999999996506e-06

  192  0  0
9.999999999996508e-06
9.999999999996506e-06

  193  0  0
9.999999999996508e-06
9.999999999996506e-06

  194  0  0
9.999999999996508e-06
9.999999999996506e-06

  195  0  0
9.999999999996508e-06
9.999999999996506e-06

  196  0  0
9.999999999996508e-06
9.999999999996506e-06

  197  0  0
9.999999999996508e-06
9.999999999996506e-06

  198  0  0
9.999999999996508e-06
9.999999999996506e-06

  199  0  0
9.999999999996508e-06
9.999999999996506e-06

  200  0  0
9.999999999996508e-06
9.999999999996506e-06

  201  0  0
9.999999999996508e-06
9.999999999996506e-06

  202  0  0
9.999999999996508e-06
9.999999999996506e-06

  203  0  0
9.999999999996508e-06
9.999999999996506e-06

  204  0  0
9.999999999996508e-06
9.999999999996506e-06

  205  0  0
9.999999999996508e-06
9.999999999996506e-06

  206  0  0
9.999999999996508e-06
9.999999999996506e-06

  207  0  0
9.999999999996508e-06
9.999999999996506e-06

  208  0  0
9.999999999996508e-06
9.999999999996506e-06

  209  0  0
9.999999999996508e-06
9.999999999996506e-06

  210  0  0
9.999999999996508e-06
9.999999999996506e-06

  211  0  0
9.999999999996508e-06
9.999999999996506e-06

  212  0  0
9.999999999996508e-06
9.999999999996506e-06

  213  0  0
9.999999999996508e-06
9.999999999996506e-06

  214  0  0
9.999999999996508e-06
9.999999999996506e-06

  215  0  0
9.999999999996508e-06
9.999999999996506e-06

  216  0  0
9.999999999996508e-06
9.999999999996506e-06

  217  0  0
9.999999999996508e-06
9.999999999996506e-06

  218  0  0
9.999999999996508e-06
9.999999999996506e-06

  219  0  0
9.999999999996508e-06
9.999999999996506e-06

  220  0  0
9.999999999996508e-06
9.999999999996506e-06

  221  0  0
9.999999999996508e-06
9.999999999996506e-06

  222  0  0
9.999999999996508e-06
9.999999999996506e-06

  223  0  0
9.999999999996508e-06
9.999999999996506e-06

  224  0  0
9.999999999996508e-06
9.999999999996506e-06

  225  0  0
9.999999999996508e-06
9.999999999996506e-06

  226  0  0
9.999999999996508e-06
9.999999999996506e-06

  227  0  0
9.999999999996508e-06
9.999999999996506e-06

  228  0  0
9.999999999996508e-06
9.999999999996506e-06

  229  0  0
9.999999999996508e-06
9.999999999996506e-06

  230  0  0
9.999999999996508e-06
9.999999999996506e-06

  231  0  0
9.999999999996508e-06
9.999999999996506e-06

  232  0  0
9.999999999996508e-06
9.999999999996506e-06

  233  0  0
9.999999999996508e-06
9.999999999996506e-06

  234  0  0
9.999999999996508e-06
9.999999999996506e-06

  235  0  0
9.999999999996508e-06
9.999999999996506e-06

  236  0  0
9.999999999996508e-06
9.999999999996506e-06

  237  0  0
9.999999999996508e-06
9.999999999996506e-06

  238  0  0
9.999999999996508e-06
9.999999999996506e-06

  239  0  0
9.999999999996508e-06
9.999999999996506e-06

  240  0  0
9.999999999996508e-06
9.999999999996506e-06

  241  0  0
9.999999999996508e-06
9.999999999996506e-06

  242  0  0
9.999999999996508e-06
9.999999999996506e-06

  243  0  0
9.999999999996508e-06
9.999999999996506e-06

  244  0  0
9.999999999996508e-06
9.999999999996506e-06

  245  0  0
9.999999999996508e-06
9.999999999996506e-06

  246  0  0
9.999999999996508e-06
9.999999999996506e-06

  247  0  0
9.999999999996508e-06
9.999999999996506e-06

  248  0  0
9.999999999996508e-06
9.999999999996506e-06

  249  0  0
9.999999999996508e-06
9.999999999996506e-06

  250  0  0
9.999999999996508e-06
9.999999999996506e-06

  251  0  0
9.999999999996508e-06
9.999999999996506e-06

  252  0  0
9.999999999996508e-06
9.999999999996506e-06

  253  0  0
9.999999999996508e-06
9.999999999996506e-06

  254  0  0
9.999999999996508e-06
9.999999999996506e-06

  255  0  0
9.999999999996508e-06
9.999999999996506e-06

  256  0  0
9.999999999996508e-06
9.999999999996506e-06

  257  0  0
9.999999999996508e-06
9.999999999996506e-06

  258  0  0
9.999999999996508e-06
9.999999999996506e-06

  259  0  0
9.999999999996508e-06
9.999999999996506e-06

  260  0  0
9.999999999996508e-06
9.999999999996506e-06

  261  0  0
9.999999999996508e-06
9.999999999996506e-06

  262  0  0
9.999999999996508e-06
9.999999999996506e-06

  263  0  0
9.999999999996508e-06
9.999999999996506e-06

  264  0  0
9.999999999996508e-06
9.999999999996506e-06

  265  0  0
9.999999999996508e-06
9.999999999996506e-06

  266  0  0
9.999999999996508e-06
9.999999999996506e-06

  267  0  0
9.999999999996508e-06
9.999999999996506e-06

  268  0  0
9.999999999996508e-06
9.999999999996506e-06

  269  0  0
9.999999999996508e-06
9.999999999996506e-06

  270  0  0
9.999999999996508e-06
9.999999999996506e-06

  271  0  0
9.999999999996508e-06
9.999999999996506e-06

  272  0  0
9.999999999996508e-06
9.999999999996506e-06

  273  0  0
9.999999999996508e-06
9.999999999996506e-06

  274  0  0
9.999999999996508e-06
9.999999999996506e-06

  275  0  0
9.999999999996508e-06
9.999999999996506e-06

  276  0  0
9.999999999996508e-06
9.999999999996506e-06

  277  0  0
9.999999999996508e-06
9.999999999996506e-06

  278  0  0
9.999999999996508e-06
9.999999999996506e-06

  279  0  0
9.999999999996508e-06
9.999999999996506e-06

  280  0  0
9.999999999996508e-06
9.999999999996506e-06

  281  0  0
9.999999999996508e-06
9.999999999996506e-06

  282  0  0
9.999999999996508e-06
9.999999999996506e-06

  283  0  0
9.999999999996508e-06
9.999999999996506e-06

  284  0  0
9.999999999996508e-06
9.999999999996506e-06

  285  0  0
9.999999999996508e-06
9.999999999996506e-06

  286  0  0
9.999999999996508e-06
9.999999999996506e-06

  287  0  0
9.999999999996508e-06
9.999999999996506e-06

  288  0  0
9.999999999996508e-06
9.999999999996506e-06

  289  0  0
9.999999999996508e-06
9.999999999996506e-06

  290  0  0
9.999999999996508e-06
9.999999999996506e-06

  291  0  0
9.999999999996508e-06
9.999999999996506e-06

  292  0  0
9.999999999996508e-06
9.999999999996506e-06

  293  0  0
9.999999999996508e-06
9.999999999996506e-06

  294  0  0
9.999999999996508e-06
9.999999999996506e-06

  295  0  0
9.999999999996508e-06
9.999999999996506e-06

  296  0  0
9.999999999996508e-06
9.999999999996506e-06

  297  0  0
9.999999999996508e-06
9.999999999996506e-06

  298  0  0
9.999999999996508e-06
9.999999999996506e-06

  299  0  0
9.999999999996508e-06
9.999999999996506e-06

  300  0  0
9.999999999996508e-06
9.999999999996506e-06

  301  0  0
9.999999999996508e-06
9.999999999996506e-06

  302  0  0
9.999999999996508e-06
9.999999999996506e-06

  303  0  0
9.999999999996508e-06
9.999999999996506e-06

  304  0  0
9.999999999996508e-06
9.999999999996506e-06

  305  0  0
9.999999999996508e-06
9.999999999996506e-06

  306  0  0
9.999999999996508e-06
9.999999999996506e-06

  307  0  0
9.999999999996508e-06
9.999999999996506e-06

  308  0  0
9.999999999996508e-06
9.999999999996506e-06

  309  0  0
9.999999999996508e-06
9.999999999996506e-06

  310  0  0
9.999999999996508e-06
9.999999999996506e-06

  311  0  0
9.999999999996508e-06
9.999999999996506e-06

  312  0  0
9.999999999996508e-06
9.999999999996506e-06

  313  0  0
9.999999999996508e-06
9.999999999996499e-06

  314  0  0
9.999999999996421e-06
9.999999999991617e-06

  315  0  0
9.999999999959714e-06
9.999999998843847e-06

  316  0  0
9.999999991859528e-06
9.999999745357003e-06

  317  0  0
9.999998346011580e-06
9.999948301640227e-06

  318  0  0
9.999701345364357e-06
9.990682743233840e-06

  319  0  0
9.955299412051971e-06
8.601563095941024e-06

