#Cell    Group    L_mom 
# Element_0
# Element_1
# Element_2
# Element_3
# Element_4
    0  0  0
1.914273212592377e+00
1.913515157070824e+00
1.912076740949562e+00
1.910636744475114e+00
1.909876624064696e+00

    1  0  0
1.909876607297026e+00
1.909116202900750e+00
1.907674054537177e+00
1.906231047769976e+00
1.905469397008478e+00

    2  0  0
1.905469393939875e+00
1.904707356677442e+00
1.903261491035343e+00
1.901813690861539e+00
1.901049148927064e+00

    3  0  0
1.901049152488740e+00
1.900284147527862e+00
1.898832837228578e+00
1.897380365096839e+00
1.896613773539805e+00

    4  0  0
1.896613768425366e+00
1.895846921795093e+00
1.894392461662532e+00
1.892936624259268e+00
1.892167888598820e+00

    5  0  0
1.892167897139092e+00
1.891398614527180e+00
1.889938762224312e+00
1.888477044620915e+00
1.887705338050504e+00

    6  0  0
1.887705328114198e+00
1.886933244389897e+00
1.885468790755155e+00
1.884003320899654e+00
1.883229808275918e+00

    7  0  0
1.883229804856435e+00
1.882455903030748e+00
1.880987547177245e+00
1.879517148562939e+00
1.878740591684844e+00

    8  0  0
1.878740602859692e+00
1.877963496070919e+00
1.876489008806469e+00
1.875013034112571e+00
1.874233941164339e+00

    9  0  0
1.874233934923049e+00
1.873454533718069e+00
1.871976209103552e+00
1.870496494303719e+00
1.869715160091733e+00

   10  0  0
1.869715165540346e+00
1.868933250039671e+00
1.867449295097627e+00
1.865963179467246e+00
1.865178460949829e+00

   11  0  0
1.865178454167885e+00
1.864393263251102e+00
1.862903728336663e+00
1.861412946562866e+00
1.860626042271021e+00

   12  0  0
1.860626034633299e+00
1.859838733481866e+00
1.858344956935648e+00
1.856849050776255e+00
1.856058946174170e+00

   13  0  0
1.856058961581512e+00
1.855268231007894e+00
1.853767652247732e+00
1.852265212765146e+00
1.851472015261773e+00

   14  0  0
1.851472009247168e+00
1.850678421293783e+00
1.849173064392644e+00
1.847666252384175e+00
1.846870629189441e+00

   15  0  0
1.846870632741157e+00
1.846074396833626e+00
1.844563168742504e+00
1.843049473565078e+00
1.842250047184956e+00

   16  0  0
1.842250043168004e+00
1.841450034703892e+00
1.839932112309699e+00
1.838412620902911e+00
1.837610491256590e+00

   17  0  0
1.837610484233449e+00
1.836807930774097e+00
1.835285210659113e+00
1.833760280026002e+00
1.832954779263928e+00

   18  0  0
1.832954796622589e+00
1.832148589332302e+00
1.830618390705714e+00
1.829085917927996e+00
1.828276705864324e+00

   19  0  0
1.828276699626126e+00
1.827466985782279e+00
1.825930832218268e+00
1.824393063890754e+00
1.823581101237139e+00

   20  0  0
1.823581096094734e+00
1.822768496997548e+00
1.821226125658078e+00
1.819681002882926e+00
1.818864831600161e+00

   21  0  0
1.818864833039482e+00
1.818047965777632e+00
1.816497730630164e+00
1.814945485886870e+00
1.814125935211313e+00

   22  0  0
1.814125930210253e+00
1.813305900510483e+00
1.811749977210360e+00
1.810191773007082e+00
1.809368653581700e+00

   23  0  0
1.809368669922265e+00
1.808544761031851e+00
1.806980707720824e+00
1.805413915075117e+00
1.804586400637913e+00

   24  0  0
1.804586393410740e+00
1.803758239484282e+00
1.802186810274411e+00
1.800613488341722e+00
1.799782728578943e+00

   25  0  0
1.799782717921472e+00
1.798951290443855e+00
1.797373108512009e+00
1.795791892472521e+00
1.794956506306286e+00

   26  0  0
1.794956513889702e+00
1.794120311190044e+00
1.792533031323649e+00
1.790943212717931e+00
1.790103639906366e+00

   27  0  0
1.790103637979841e+00
1.789263489586942e+00
1.787669264220991e+00
1.786072635513007e+00
1.785229188502300e+00

   28  0  0
1.785229199963808e+00
1.784384879160620e+00
1.782781834612121e+00
1.781175568666416e+00
1.780327015479878e+00

   29  0  0
1.780327007176639e+00
1.779477649650462e+00
1.777865587543183e+00
1.776251170166522e+00
1.775398628804145e+00

   30  0  0
1.775398615652408e+00
1.774545364605574e+00
1.772925704373132e+00
1.771302756097990e+00
1.770445173268674e+00

   31  0  0
1.770445188420803e+00
1.769586658459115e+00
1.767956622088643e+00
1.766323432641369e+00
1.765460725143122e+00

   32  0  0
1.765460725154630e+00
1.764597290926638e+00
1.762958627823768e+00
1.761317334010481e+00
1.760450270545461e+00

   33  0  0
1.760450272960738e+00
1.759582249668014e+00
1.757933974203791e+00
1.756281959373593e+00
1.755409030635572e+00

   34  0  0
1.755409023653795e+00
1.754535110481471e+00
1.752875976816502e+00
1.751213862934532e+00
1.750335975860660e+00

   35  0  0
1.750335964326767e+00
1.749457291527886e+00
1.747789276806859e+00
1.746117700077553e+00
1.745234279646288e+00

   36  0  0
1.745234300513719e+00
1.744349792174260e+00
1.742670052717450e+00
1.740986487834887e+00
1.740096906767398e+00

   37  0  0
1.740096906529738e+00
1.739206391269957e+00
1.737515926708269e+00
1.735822425712591e+00
1.734927741647503e+00

   38  0  0
1.734927732346248e+00
1.734031994659102e+00
1.732330873284652e+00
1.730625466111430e+00
1.729724108092272e+00

   39  0  0
1.729724105673635e+00
1.728821576608762e+00
1.727107604032116e+00
1.725389842622817e+00
1.724482299587776e+00

   40  0  0
1.724482295218079e+00
1.723573832909983e+00
1.721849082860983e+00
1.720120466189931e+00
1.719206780064138e+00

   41  0  0
1.719206800760013e+00
1.718291867343508e+00
1.716553951831098e+00
1.714811473779131e+00
1.713890487929604e+00

   42  0  0
1.713890483688040e+00
1.712968305352175e+00
1.711217161333906e+00
1.709462306133650e+00
1.708535103136839e+00

   43  0  0
1.708535084707294e+00
1.707606722474131e+00
1.705843439615446e+00
1.704075299183517e+00
1.703140544773922e+00

   44  0  0
1.703140552150619e+00
1.702204427315069e+00
1.700426118166613e+00
1.698643076253401e+00
1.697700693026113e+00

   45  0  0
1.697700696557795e+00
1.696757175774628e+00
1.694965509384232e+00
1.693169537454394e+00
1.692220146688124e+00

   46  0  0
1.692220158642424e+00
1.691269338926745e+00
1.689462842600600e+00
1.687650962295709e+00
1.686693009674415e+00

   47  0  0
1.686693000975690e+00
1.685733566000486e+00
1.683910976108210e+00
1.682083699330041e+00
1.681118008572357e+00

   48  0  0
1.681117988491265e+00
1.680150992937697e+00
1.678314091284397e+00
1.676471709094389e+00
1.675497448061098e+00

   49  0  0
1.675497466921874e+00
1.674521611406769e+00
1.672667275622099e+00
1.670807155702567e+00
1.669823627524752e+00

   50  0  0
1.669823635464122e+00
1.668838653286215e+00
1.666967667041806e+00
1.665091679360287e+00
1.664099875315797e+00

   51  0  0
1.664099870985494e+00
1.663106427656999e+00
1.661218507444683e+00
1.659324267203521e+00
1.658322468912392e+00

   52  0  0
1.658322459337334e+00
1.657318871834954e+00
1.655411634619231e+00
1.653498426892080e+00
1.652486942300509e+00

   53  0  0
1.652486931168730e+00
1.651473919360444e+00
1.649549257876252e+00
1.647618395794228e+00
1.646597078567914e+00

   54  0  0
1.646597104820028e+00
1.645573920008120e+00
1.643629054411686e+00
1.641677245009946e+00
1.640644815899642e+00

   55  0  0
1.640644819913562e+00
1.639610523254775e+00
1.637645009279989e+00
1.635673391807310e+00
1.634630845141189e+00

   56  0  0
1.634630823210322e+00
1.633586392812901e+00
1.631601106369417e+00
1.629608405267427e+00
1.628554181303689e+00

   57  0  0
1.628554180188019e+00
1.627497841879949e+00
1.625489562097626e+00
1.623473772382286e+00
1.622407513258515e+00

   58  0  0
1.622407518078253e+00
1.621339380156766e+00
1.619309405867523e+00
1.617272305692151e+00
1.616194533760913e+00

   59  0  0
1.616194554252691e+00
1.615114569601609e+00
1.613061054522549e+00
1.610999254546057e+00
1.609908232270957e+00

   60  0  0
1.609908225038750e+00
1.608814852094670e+00
1.606735995606448e+00
1.604649405225656e+00
1.603545710056557e+00

   61  0  0
1.603545681084853e+00
1.602439797775511e+00
1.600337169891157e+00
1.598225842272283e+00
1.597108428394077e+00

   62  0  0
1.597108444483891e+00
1.595988537220337e+00
1.593858581282106e+00
1.591719373987917e+00
1.590587191567742e+00

   63  0  0
1.590587207942773e+00
1.589452622293888e+00
1.587295425574615e+00
1.585129755862354e+00
1.583983689294178e+00

   64  0  0
1.583983688437159e+00
1.582834981462882e+00
1.580649991896574e+00
1.578455067342527e+00
1.577293158095813e+00

   65  0  0
1.577293142780820e+00
1.576128356874642e+00
1.573912524461928e+00
1.571686773211064e+00
1.570508860408781e+00

   66  0  0
1.570508843446962e+00
1.569328311403665e+00
1.567083057022119e+00
1.564827556179441e+00
1.563633340340914e+00

   67  0  0
1.563633371081468e+00
1.562436166162869e+00
1.560158263549842e+00
1.557869121265848e+00
1.556656927388580e+00

   68  0  0
1.556656939502156e+00
1.555441638766119e+00
1.553129609008372e+00
1.550807052383449e+00
1.549577580897156e+00

   69  0  0
1.549577553772086e+00
1.548344921907947e+00
1.545999365327116e+00
1.543641782064841e+00
1.542393206832533e+00

   70  0  0
1.542393199021186e+00
1.541141162825591e+00
1.538758110252417e+00
1.536362457386659e+00
1.535093757536770e+00

   71  0  0
1.535093765744838e+00
1.533821790245669e+00
1.531401550980202e+00
1.528969054401833e+00
1.527680587932223e+00

   72  0  0
1.527680614277821e+00
1.526388486117757e+00
1.523928799085315e+00
1.521455428189090e+00
1.520145025891763e+00

   73  0  0
1.520145019293825e+00
1.518830657544653e+00
1.516328436447330e+00
1.513812677813881e+00
1.512480274803575e+00

   74  0  0
1.512480237374991e+00
1.511144011406991e+00
1.508600220663170e+00
1.506041746380887e+00
1.504686025708068e+00

   75  0  0
1.504686041518521e+00
1.503326128450141e+00
1.500736405133190e+00
1.498130913233240e+00
1.496750045902397e+00

   76  0  0
1.496750072246961e+00
1.495364956045300e+00
1.492727766435832e+00
1.490075436853830e+00
1.488669920283739e+00

   77  0  0
1.488669917657254e+00
1.487259849196809e+00
1.484574136652181e+00
1.481871491721865e+00
1.480438868650477e+00

   78  0  0
1.480438847015700e+00
1.479001276374240e+00
1.476262532310808e+00
1.473506154854064e+00
1.472045228238104e+00

   79  0  0
1.472045210145180e+00
1.470579527065508e+00
1.467787812766131e+00
1.464977978757764e+00
1.463488106097447e+00

   80  0  0
1.463488143373465e+00
1.461993050354608e+00
1.459144215295495e+00
1.456275711750674e+00
1.454754353250623e+00

   81  0  0
1.454754370980855e+00
1.453227426668984e+00
1.450317791145138e+00
1.447388685673255e+00
1.445835649647555e+00

   82  0  0
1.445835611249898e+00
1.444276864935376e+00
1.441306052456920e+00
1.438313839313806e+00
1.436726664365229e+00

   83  0  0
1.436726653203839e+00
1.435133318695894e+00
1.432095659970037e+00
1.429035095623727e+00
1.427411395926536e+00

   84  0  0
1.427411416317808e+00
1.425781545335122e+00
1.422674872964149e+00
1.419545362119802e+00
1.417884843721917e+00

   85  0  0
1.417884872235108e+00
1.416217642996529e+00
1.413038444315707e+00
1.409834290376799e+00
1.408133714993232e+00

   86  0  0
1.408133700851170e+00
1.406425818758911e+00
1.403168273461945e+00
1.399884826990877e+00
1.398142490162205e+00

   87  0  0
1.398142445086023e+00
1.396392819728695e+00
1.393055735071186e+00
1.389691082590213e+00
1.387904790127120e+00

   88  0  0
1.387904815227746e+00
1.386110660574346e+00
1.382687458156520e+00
1.379234527664667e+00
1.377400768977897e+00

   89  0  0
1.377400808139283e+00
1.375558733882979e+00
1.372044080435232e+00
1.368499509795426e+00
1.366617301124684e+00

   90  0  0
1.366617284860668e+00
1.364726252278334e+00
1.361116943534255e+00
1.357474916817556e+00
1.355540292037923e+00

   91  0  0
1.355540260731597e+00
1.353596091008137e+00
1.349884045731118e+00
1.346136909372793e+00
1.344146186593157e+00

   92  0  0
1.344146180465794e+00
1.342145782359238e+00
1.338326774849931e+00
1.334471396697415e+00
1.332422416855723e+00

   93  0  0
1.332422464299579e+00
1.330362992686104e+00
1.326429604277024e+00
1.322456836304656e+00
1.320344739733809e+00

   94  0  0
1.320344752664544e+00
1.318221216805924e+00
1.314164337927201e+00
1.310066383909289e+00
1.307888014172665e+00

   95  0  0
1.307887957969533e+00
1.305697700800084e+00
1.301512523017819e+00
1.297282824873208e+00
1.295033348173967e+00

   96  0  0
1.295033344649987e+00
1.292771063008793e+00
1.288446577219460e+00
1.284073770778933e+00
1.281747221717489e+00

   97  0  0
1.281747266283762e+00
1.279407181085063e+00
1.274933736649390e+00
1.270410247418833e+00
1.268003152543993e+00

   98  0  0
1.268003170503586e+00
1.265581405103894e+00
1.260949688173604e+00
1.256263354585888e+00
1.253768675981432e+00

   99  0  0
1.253768642089591e+00
1.251257910433365e+00
1.246453807732725e+00
1.241590676952200e+00
1.239001453043037e+00

  100  0  0
1.239001412851946e+00
1.236395431426651e+00
1.231408492416312e+00
1.226358279519495e+00
1.223667973288852e+00

  101  0  0
1.223668020305576e+00
1.220959476440813e+00
1.215773802686404e+00
1.210519056666233e+00
1.207718317854170e+00

  102  0  0
1.207718363175335e+00
1.204897622486242e+00
1.199495082093523e+00
1.194018991746012e+00
1.191099952759282e+00

  103  0  0
1.191099907849895e+00
1.188159287638815e+00
1.182524515035030e+00
1.176808774802868e+00
1.173760295322143e+00

  104  0  0
1.173760263118559e+00
1.170688136569063e+00
1.164797953964285e+00
1.158818383799476e+00
1.155627351807255e+00

  105  0  0
1.155627381346135e+00
1.152410818914498e+00
1.146241905875336e+00
1.139976628714280e+00
1.136631332572954e+00

  106  0  0
1.136631379864891e+00
1.133257803902884e+00
1.126783382323047e+00
1.120202130576089e+00
1.116685871955044e+00

  107  0  0
1.116685850767169e+00
1.113137945855880e+00
1.106323901049107e+00
1.099391579279326e+00
1.095686027739974e+00

  108  0  0
1.095685956937088e+00
1.091945818520267e+00
1.084758460743338e+00
1.077439240844611e+00
1.073523368613428e+00

  109  0  0
1.073523404850209e+00
1.069568873735866e+00
1.061963134985328e+00
1.054208779629151e+00
1.050056027449093e+00

  110  0  0
1.050056115707338e+00
1.045859726131622e+00
1.037782086188034e+00
1.029538447529638e+00
1.025120330602555e+00

  111  0  0
1.025120326523378e+00
1.020652698947228e+00
1.012043617078188e+00
1.003244472479447e+00
9.985233876391126e-01

  112  0  0
9.985233281064454e-01
9.937453074659678e-01
9.845262791664205e-01
9.750873985225418e-01
9.700165019093999e-01

  113  0  0
9.700164657649708e-01
9.648801105975878e-01
9.549575788093230e-01
9.447805413654156e-01
9.393044093577787e-01

  114  0  0
9.393044227850775e-01
9.337512576854892e-01
9.230052538364473e-01
9.119579629219242e-01
9.060021864977230e-01

  115  0  0
9.060021609872707e-01
8.999541199120835e-01
8.882261126848056e-01
8.761358231677175e-01
8.696038003451868e-01

  116  0  0
8.696037482659882e-01
8.629603267840373e-01
8.500458564847970e-01
8.366845093535779e-01
8.294443574006202e-01

  117  0  0
8.294444843258119e-01
8.220657073459692e-01
8.076743887225926e-01
7.927152400983813e-01
7.845781453488283e-01

  118  0  0
7.845783487402128e-01
7.762623533206233e-01
7.599727241605602e-01
7.429372459129022e-01
7.336240454833342e-01

  119  0  0
7.336238714656597e-01
7.240683094060089e-01
7.052334646069821e-01
6.853595242089990e-01
6.744124597064479e-01

  120  0  0
6.744112299301401e-01
6.631133031393717e-01
6.406317393120579e-01
6.165765651221815e-01
6.031631693083087e-01

  121  0  0
6.031602428543572e-01
5.891846520479349e-01
5.609259361431531e-01
5.299249586817937e-01
5.122281073894132e-01

  122  0  0
5.119695452256786e-01
4.935570754753833e-01
4.539948630508714e-01
4.083784709548730e-01
3.810298269312315e-01

  123  0  0
4.078138573358208e-01
3.375961235782439e-01
2.871075926806105e-01
1.516571701787823e-01
3.416599138658401e-02

  124  0  0
1.554188837262642e-02
8.444867250355447e-04
-1.945353957398605e-04
1.450926230965789e-04
-1.658273285339507e-04

  125  0  0
-4.909964584436184e-05
6.870422228523916e-06
1.078147511400775e-05
9.490195014344241e-06
1.066313301788126e-05

  126  0  0
1.022440530023397e-05
1.001264273140458e-05
9.996891418163386e-06
1.000201232749172e-05
9.997480518246113e-06

  127  0  0
9.999079069143259e-06
9.999941577474577e-06
1.000001430704359e-05
9.999990798258512e-06
1.000001094534249e-05

  128  0  0
1.000000455567345e-05
1.000000030491047e-05
9.999999922743191e-06
1.000000004996128e-05
9.999999940591954e-06

  129  0  0
9.999999973946279e-06
9.999999998439321e-06
1.000000000042396e-05
9.999999999714624e-06
1.000000000035599e-05

  130  0  0
1.000000000014227e-05
1.000000000000273e-05
9.999999999994478e-06
9.999999999997895e-06
9.999999999994471e-06

  131  0  0
9.999999999995833e-06
9.999999999996499e-06
9.999999999996513e-06
9.999999999996503e-06
9.999999999996513e-06

  132  0  0
9.999999999996506e-06
9.999999999996506e-06
9.999999999996506e-06
9.999999999996506e-06
9.999999999996503e-06

  133  0  0
9.999999999996504e-06
9.999999999996506e-06
9.999999999996506e-06
9.999999999996506e-06
9.999999999996503e-06

  134  0  0
9.999999999996504e-06
9.999999999996506e-06
9.999999999996506e-06
9.999999999996509e-06
9.999999999996503e-06

  135  0  0
9.999999999996504e-06
9.999999999996506e-06
9.999999999996506e-06
9.999999999996506e-06
9.999999999996503e-06

  136  0  0
9.999999999996504e-06
9.999999999996506e-06
9.999999999996506e-06
9.999999999996506e-06
9.999999999996503e-06

  137  0  0
9.999999999996504e-06
9.999999999996506e-06
9.999999999996506e-06
9.999999999996506e-06
9.999999999996503e-06

  138  0  0
9.999999999996504e-06
9.999999999996506e-06
9.999999999996506e-06
9.999999999996506e-06
9.999999999996503e-06

  139  0  0
9.999999999996504e-06
9.999999999996506e-06
9.999999999996506e-06
9.999999999996506e-06
9.999999999996503e-06

  140  0  0
9.999999999996504e-06
9.999999999996506e-06
9.999999999996506e-06
9.999999999996506e-06
9.999999999996503e-06

  141  0  0
9.999999999996504e-06
9.999999999996506e-06
9.999999999996506e-06
9.999999999996506e-06
9.999999999996503e-06

  142  0  0
9.999999999996504e-06
9.999999999996506e-06
9.999999999996506e-06
9.999999999996506e-06
9.999999999996503e-06

  143  0  0
9.999999999996504e-06
9.999999999996506e-06
9.999999999996506e-06
9.999999999996506e-06
9.999999999996503e-06

  144  0  0
9.999999999996504e-06
9.999999999996506e-06
9.999999999996506e-06
9.999999999996506e-06
9.999999999996503e-06

  145  0  0
9.999999999996504e-06
9.999999999996506e-06
9.999999999996506e-06
9.999999999996506e-06
9.999999999996503e-06

  146  0  0
9.999999999996504e-06
9.999999999996506e-06
9.999999999996506e-06
9.999999999996506e-06
9.999999999996503e-06

  147  0  0
9.999999999996504e-06
9.999999999996506e-06
9.999999999996506e-06
9.999999999996506e-06
9.999999999996503e-06

  148  0  0
9.999999999996504e-06
9.999999999996506e-06
9.999999999996506e-06
9.999999999996506e-06
9.999999999996503e-06

  149  0  0
9.999999999996504e-06
9.999999999996506e-06
9.999999999996506e-06
9.999999999996506e-06
9.999999999996503e-06

  150  0  0
9.999999999996504e-06
9.999999999996506e-06
9.999999999996506e-06
9.999999999996506e-06
9.999999999996503e-06

  151  0  0
9.999999999996504e-06
9.999999999996506e-06
9.999999999996506e-06
9.999999999996506e-06
9.999999999996503e-06

  152  0  0
9.999999999996504e-06
9.999999999996506e-06
9.999999999996506e-06
9.999999999996506e-06
9.999999999996503e-06

  153  0  0
9.999999999996504e-06
9.999999999996506e-06
9.999999999996506e-06
9.999999999996506e-06
9.999999999996503e-06

  154  0  0
9.999999999996504e-06
9.999999999996506e-06
9.999999999996506e-06
9.999999999996506e-06
9.999999999996503e-06

  155  0  0
9.999999999996504e-06
9.999999999996506e-06
9.999999999996506e-06
9.999999999996506e-06
9.999999999996503e-06

  156  0  0
9.999999999996504e-06
9.999999999996506e-06
9.999999999996506e-06
9.999999999996506e-06
9.999999999996503e-06

  157  0  0
9.999999999996504e-06
9.999999999996506e-06
9.999999999996506e-06
9.999999999996506e-06
9.999999999996503e-06

  158  0  0
9.999999999996504e-06
9.999999999996506e-06
9.999999999996506e-06
9.999999999996506e-06
9.999999999996503e-06

  159  0  0
9.999999999996504e-06
9.999999999996506e-06
9.999999999996506e-06
9.999999999996506e-06
9.999999999996503e-06

  160  0  0
9.999999999996504e-06
9.999999999996506e-06
9.999999999996506e-06
9.999999999996506e-06
9.999999999996503e-06

  161  0  0
9.999999999996504e-06
9.999999999996506e-06
9.999999999996506e-06
9.999999999996506e-06
9.999999999996503e-06

  162  0  0
9.999999999996504e-06
9.999999999996506e-06
9.999999999996506e-06
9.999999999996506e-06
9.999999999996503e-06

  163  0  0
9.999999999996504e-06
9.999999999996506e-06
9.999999999996506e-06
9.999999999996506e-06
9.999999999996503e-06

  164  0  0
9.999999999996504e-06
9.999999999996506e-06
9.999999999996506e-06
9.999999999996506e-06
9.999999999996503e-06

  165  0  0
9.999999999996504e-06
9.999999999996506e-06
9.999999999996506e-06
9.999999999996506e-06
9.999999999996503e-06

  166  0  0
9.999999999996504e-06
9.999999999996506e-06
9.999999999996506e-06
9.999999999996506e-06
9.999999999996503e-06

  167  0  0
9.999999999996504e-06
9.999999999996506e-06
9.999999999996506e-06
9.999999999996506e-06
9.999999999996503e-06

  168  0  0
9.999999999996504e-06
9.999999999996506e-06
9.999999999996506e-06
9.999999999996506e-06
9.999999999996503e-06

  169  0  0
9.999999999996504e-06
9.999999999996506e-06
9.999999999996506e-06
9.999999999996506e-06
9.999999999996503e-06

  170  0  0
9.999999999996504e-06
9.999999999996506e-06
9.999999999996506e-06
9.999999999996506e-06
9.999999999996503e-06

  171  0  0
9.999999999996504e-06
9.999999999996506e-06
9.999999999996506e-06
9.999999999996506e-06
9.999999999996503e-06

  172  0  0
9.999999999996504e-06
9.999999999996506e-06
9.999999999996506e-06
9.999999999996506e-06
9.999999999996503e-06

  173  0  0
9.999999999996504e-06
9.999999999996506e-06
9.999999999996506e-06
9.999999999996506e-06
9.999999999996503e-06

  174  0  0
9.999999999996504e-06
9.999999999996506e-06
9.999999999996506e-06
9.999999999996506e-06
9.999999999996503e-06

  175  0  0
9.999999999996504e-06
9.999999999996506e-06
9.999999999996506e-06
9.999999999996506e-06
9.999999999996503e-06

  176  0  0
9.999999999996504e-06
9.999999999996506e-06
9.999999999996506e-06
9.999999999996506e-06
9.999999999996503e-06

  177  0  0
9.999999999996504e-06
9.999999999996506e-06
9.999999999996506e-06
9.999999999996506e-06
9.999999999996503e-06

  178  0  0
9.999999999996504e-06
9.999999999996506e-06
9.999999999996506e-06
9.999999999996506e-06
9.999999999996503e-06

  179  0  0
9.999999999996504e-06
9.999999999996506e-06
9.999999999996506e-06
9.999999999996506e-06
9.999999999996503e-06

  180  0  0
9.999999999996504e-06
9.999999999996506e-06
9.999999999996506e-06
9.999999999996506e-06
9.999999999996503e-06

  181  0  0
9.999999999996504e-06
9.999999999996506e-06
9.999999999996506e-06
9.999999999996506e-06
9.999999999996503e-06

  182  0  0
9.999999999996504e-06
9.999999999996506e-06
9.999999999996506e-06
9.999999999996506e-06
9.999999999996503e-06

  183  0  0
9.999999999996504e-06
9.999999999996506e-06
9.999999999996506e-06
9.999999999996506e-06
9.999999999996503e-06

  184  0  0
9.999999999996504e-06
9.999999999996506e-06
9.999999999996506e-06
9.999999999996506e-06
9.999999999996503e-06

  185  0  0
9.999999999996504e-06
9.999999999996506e-06
9.999999999996506e-06
9.999999999996506e-06
9.999999999996503e-06

  186  0  0
9.999999999996504e-06
9.999999999996506e-06
9.999999999996506e-06
9.999999999996506e-06
9.999999999996503e-06

  187  0  0
9.999999999996504e-06
9.999999999996506e-06
9.999999999996506e-06
9.999999999996506e-06
9.999999999996503e-06

  188  0  0
9.999999999996504e-06
9.999999999996506e-06
9.999999999996506e-06
9.999999999996506e-06
9.999999999996503e-06

  189  0  0
9.999999999996504e-06
9.999999999996506e-06
9.999999999996506e-06
9.999999999996506e-06
9.999999999996503e-06

  190  0  0
9.999999999996504e-06
9.999999999996506e-06
9.999999999996506e-06
9.999999999996506e-06
9.999999999996503e-06

  191  0  0
9.999999999996504e-06
9.999999999996506e-06
9.999999999996506e-06
9.999999999996506e-06
9.999999999996503e-06

  192  0  0
9.999999999996504e-06
9.999999999996506e-06
9.999999999996506e-06
9.999999999996506e-06
9.999999999996503e-06

  193  0  0
9.999999999996504e-06
9.999999999996506e-06
9.999999999996506e-06
9.999999999996506e-06
9.999999999996503e-06

  194  0  0
9.999999999996504e-06
9.999999999996506e-06
9.999999999996506e-06
9.999999999996506e-06
9.999999999996503e-06

  195  0  0
9.999999999996504e-06
9.999999999996506e-06
9.999999999996506e-06
9.999999999996506e-06
9.999999999996503e-06

  196  0  0
9.999999999996504e-06
9.999999999996506e-06
9.999999999996506e-06
9.999999999996506e-06
9.999999999996503e-06

  197  0  0
9.999999999996504e-06
9.999999999996506e-06
9.999999999996506e-06
9.999999999996506e-06
9.999999999996503e-06

  198  0  0
9.999999999996504e-06
9.999999999996506e-06
9.999999999996506e-06
9.999999999996506e-06
9.999999999996503e-06

  199  0  0
9.999999999996504e-06
9.999999999996506e-06
9.999999999996506e-06
9.999999999996506e-06
9.999999999996503e-06

  200  0  0
9.999999999996504e-06
9.999999999996506e-06
9.999999999996506e-06
9.999999999996506e-06
9.999999999996503e-06

  201  0  0
9.999999999996504e-06
9.999999999996506e-06
9.999999999996506e-06
9.999999999996506e-06
9.999999999996503e-06

  202  0  0
9.999999999996504e-06
9.999999999996506e-06
9.999999999996506e-06
9.999999999996506e-06
9.999999999996503e-06

  203  0  0
9.999999999996504e-06
9.999999999996506e-06
9.999999999996506e-06
9.999999999996506e-06
9.999999999996503e-06

  204  0  0
9.999999999996504e-06
9.999999999996506e-06
9.999999999996506e-06
9.999999999996506e-06
9.999999999996503e-06

  205  0  0
9.999999999996504e-06
9.999999999996506e-06
9.999999999996506e-06
9.999999999996506e-06
9.999999999996503e-06

  206  0  0
9.999999999996504e-06
9.999999999996506e-06
9.999999999996506e-06
9.999999999996506e-06
9.999999999996503e-06

  207  0  0
9.999999999996504e-06
9.999999999996506e-06
9.999999999996506e-06
9.999999999996506e-06
9.999999999996503e-06

  208  0  0
9.999999999996504e-06
9.999999999996506e-06
9.999999999996506e-06
9.999999999996506e-06
9.999999999996503e-06

  209  0  0
9.999999999996504e-06
9.999999999996506e-06
9.999999999996506e-06
9.999999999996506e-06
9.999999999996503e-06

  210  0  0
9.999999999996504e-06
9.999999999996506e-06
9.999999999996506e-06
9.999999999996506e-06
9.999999999996503e-06

  211  0  0
9.999999999996504e-06
9.999999999996506e-06
9.999999999996506e-06
9.999999999996506e-06
9.999999999996503e-06

  212  0  0
9.999999999996504e-06
9.999999999996506e-06
9.999999999996506e-06
9.999999999996506e-06
9.999999999996503e-06

  213  0  0
9.999999999996504e-06
9.999999999996506e-06
9.999999999996506e-06
9.999999999996506e-06
9.999999999996503e-06

  214  0  0
9.999999999996504e-06
9.999999999996506e-06
9.999999999996506e-06
9.999999999996506e-06
9.999999999996503e-06

  215  0  0
9.999999999996504e-06
9.999999999996506e-06
9.999999999996506e-06
9.999999999996506e-06
9.999999999996503e-06

  216  0  0
9.999999999996504e-06
9.999999999996506e-06
9.999999999996506e-06
9.999999999996506e-06
9.999999999996503e-06

  217  0  0
9.999999999996504e-06
9.999999999996506e-06
9.999999999996506e-06
9.999999999996506e-06
9.999999999996503e-06

  218  0  0
9.999999999996504e-06
9.999999999996506e-06
9.999999999996506e-06
9.999999999996506e-06
9.999999999996503e-06

  219  0  0
9.999999999996504e-06
9.999999999996506e-06
9.999999999996506e-06
9.999999999996506e-06
9.999999999996503e-06

  220  0  0
9.999999999996504e-06
9.999999999996506e-06
9.999999999996506e-06
9.999999999996506e-06
9.999999999996503e-06

  221  0  0
9.999999999996504e-06
9.999999999996506e-06
9.999999999996506e-06
9.999999999996506e-06
9.999999999996503e-06

  222  0  0
9.999999999996504e-06
9.999999999996506e-06
9.999999999996506e-06
9.999999999996506e-06
9.999999999996503e-06

  223  0  0
9.999999999996504e-06
9.999999999996506e-06
9.999999999996506e-06
9.999999999996506e-06
9.999999999996503e-06

  224  0  0
9.999999999996504e-06
9.999999999996506e-06
9.999999999996506e-06
9.999999999996506e-06
9.999999999996503e-06

  225  0  0
9.999999999996504e-06
9.999999999996506e-06
9.999999999996506e-06
9.999999999996506e-06
9.999999999996503e-06

  226  0  0
9.999999999996504e-06
9.999999999996506e-06
9.999999999996506e-06
9.999999999996506e-06
9.999999999996503e-06

  227  0  0
9.999999999996504e-06
9.999999999996506e-06
9.999999999996506e-06
9.999999999996506e-06
9.999999999996503e-06

  228  0  0
9.999999999996504e-06
9.999999999996506e-06
9.999999999996506e-06
9.999999999996506e-06
9.999999999996503e-06

  229  0  0
9.999999999996504e-06
9.999999999996506e-06
9.999999999996506e-06
9.999999999996506e-06
9.999999999996503e-06

  230  0  0
9.999999999996504e-06
9.999999999996506e-06
9.999999999996506e-06
9.999999999996506e-06
9.999999999996503e-06

  231  0  0
9.999999999996504e-06
9.999999999996506e-06
9.999999999996506e-06
9.999999999996506e-06
9.999999999996503e-06

  232  0  0
9.999999999996504e-06
9.999999999996506e-06
9.999999999996506e-06
9.999999999996506e-06
9.999999999996503e-06

  233  0  0
9.999999999996504e-06
9.999999999996506e-06
9.999999999996506e-06
9.999999999996506e-06
9.999999999996503e-06

  234  0  0
9.999999999996504e-06
9.999999999996506e-06
9.999999999996506e-06
9.999999999996506e-06
9.999999999996503e-06

  235  0  0
9.999999999996504e-06
9.999999999996506e-06
9.999999999996506e-06
9.999999999996506e-06
9.999999999996503e-06

  236  0  0
9.999999999996504e-06
9.999999999996506e-06
9.999999999996506e-06
9.999999999996506e-06
9.999999999996503e-06

  237  0  0
9.999999999996504e-06
9.999999999996506e-06
9.999999999996506e-06
9.999999999996506e-06
9.999999999996503e-06

  238  0  0
9.999999999996504e-06
9.999999999996506e-06
9.999999999996506e-06
9.999999999996506e-06
9.999999999996503e-06

  239  0  0
9.999999999996504e-06
9.999999999996506e-06
9.999999999996506e-06
9.999999999996506e-06
9.999999999996503e-06

  240  0  0
9.999999999996504e-06
9.999999999996506e-06
9.999999999996506e-06
9.999999999996506e-06
9.999999999996503e-06

  241  0  0
9.999999999996504e-06
9.999999999996506e-06
9.999999999996506e-06
9.999999999996506e-06
9.999999999996503e-06

  242  0  0
9.999999999996504e-06
9.999999999996506e-06
9.999999999996506e-06
9.999999999996506e-06
9.999999999996503e-06

  243  0  0
9.999999999996504e-06
9.999999999996506e-06
9.999999999996506e-06
9.999999999996506e-06
9.999999999996503e-06

  244  0  0
9.999999999996504e-06
9.999999999996506e-06
9.999999999996506e-06
9.999999999996506e-06
9.999999999996503e-06

  245  0  0
9.999999999996504e-06
9.999999999996506e-06
9.999999999996506e-06
9.999999999996506e-06
9.999999999996503e-06

  246  0  0
9.999999999996504e-06
9.999999999996506e-06
9.999999999996506e-06
9.999999999996506e-06
9.999999999996503e-06

  247  0  0
9.999999999996504e-06
9.999999999996506e-06
9.999999999996506e-06
9.999999999996506e-06
9.999999999996503e-06

  248  0  0
9.999999999996504e-06
9.999999999996506e-06
9.999999999996506e-06
9.999999999996506e-06
9.999999999996503e-06

  249  0  0
9.999999999996504e-06
9.999999999996506e-06
9.999999999996506e-06
9.999999999996506e-06
9.999999999996503e-06

  250  0  0
9.999999999996504e-06
9.999999999996506e-06
9.999999999996506e-06
9.999999999996506e-06
9.999999999996503e-06

  251  0  0
9.999999999996504e-06
9.999999999996506e-06
9.999999999996506e-06
9.999999999996506e-06
9.999999999996503e-06

  252  0  0
9.999999999996504e-06
9.999999999996506e-06
9.999999999996506e-06
9.999999999996506e-06
9.999999999996503e-06

  253  0  0
9.999999999996504e-06
9.999999999996506e-06
9.999999999996506e-06
9.999999999996506e-06
9.999999999996503e-06

  254  0  0
9.999999999996504e-06
9.999999999996506e-06
9.999999999996506e-06
9.999999999996506e-06
9.999999999996503e-06

  255  0  0
9.999999999996504e-06
9.999999999996506e-06
9.999999999996506e-06
9.999999999996506e-06
9.999999999996503e-06

  256  0  0
9.999999999996504e-06
9.999999999996506e-06
9.999999999996506e-06
9.999999999996506e-06
9.999999999996503e-06

  257  0  0
9.999999999996504e-06
9.999999999996506e-06
9.999999999996506e-06
9.999999999996506e-06
9.999999999996503e-06

  258  0  0
9.999999999996504e-06
9.999999999996506e-06
9.999999999996506e-06
9.999999999996506e-06
9.999999999996503e-06

  259  0  0
9.999999999996504e-06
9.999999999996506e-06
9.999999999996506e-06
9.999999999996506e-06
9.999999999996503e-06

  260  0  0
9.999999999996504e-06
9.999999999996506e-06
9.999999999996506e-06
9.999999999996506e-06
9.999999999996503e-06

  261  0  0
9.999999999996504e-06
9.999999999996506e-06
9.999999999996506e-06
9.999999999996506e-06
9.999999999996503e-06

  262  0  0
9.999999999996504e-06
9.999999999996506e-06
9.999999999996506e-06
9.999999999996506e-06
9.999999999996503e-06

  263  0  0
9.999999999996504e-06
9.999999999996506e-06
9.999999999996506e-06
9.999999999996506e-06
9.999999999996503e-06

  264  0  0
9.999999999996504e-06
9.999999999996506e-06
9.999999999996506e-06
9.999999999996506e-06
9.999999999996503e-06

  265  0  0
9.999999999996504e-06
9.999999999996506e-06
9.999999999996506e-06
9.999999999996506e-06
9.999999999996503e-06

  266  0  0
9.999999999996504e-06
9.999999999996506e-06
9.999999999996506e-06
9.999999999996506e-06
9.999999999996503e-06

  267  0  0
9.999999999996504e-06
9.999999999996506e-06
9.999999999996506e-06
9.999999999996506e-06
9.999999999996503e-06

  268  0  0
9.999999999996504e-06
9.999999999996506e-06
9.999999999996506e-06
9.999999999996506e-06
9.999999999996503e-06

  269  0  0
9.999999999996504e-06
9.999999999996506e-06
9.999999999996506e-06
9.999999999996506e-06
9.999999999996503e-06

  270  0  0
9.999999999996504e-06
9.999999999996506e-06
9.999999999996506e-06
9.999999999996506e-06
9.999999999996503e-06

  271  0  0
9.999999999996504e-06
9.999999999996506e-06
9.999999999996506e-06
9.999999999996506e-06
9.999999999996503e-06

  272  0  0
9.999999999996504e-06
9.999999999996506e-06
9.999999999996506e-06
9.999999999996506e-06
9.999999999996503e-06

  273  0  0
9.999999999996504e-06
9.999999999996506e-06
9.999999999996506e-06
9.999999999996506e-06
9.999999999996503e-06

  274  0  0
9.999999999996504e-06
9.999999999996506e-06
9.999999999996506e-06
9.999999999996506e-06
9.999999999996503e-06

  275  0  0
9.999999999996504e-06
9.999999999996506e-06
9.999999999996506e-06
9.999999999996506e-06
9.999999999996503e-06

  276  0  0
9.999999999996504e-06
9.999999999996506e-06
9.999999999996506e-06
9.999999999996506e-06
9.999999999996503e-06

  277  0  0
9.999999999996504e-06
9.999999999996506e-06
9.999999999996506e-06
9.999999999996506e-06
9.999999999996503e-06

  278  0  0
9.999999999996504e-06
9.999999999996506e-06
9.999999999996506e-06
9.999999999996506e-06
9.999999999996503e-06

  279  0  0
9.999999999996504e-06
9.999999999996506e-06
9.999999999996506e-06
9.999999999996506e-06
9.999999999996503e-06

  280  0  0
9.999999999996504e-06
9.999999999996506e-06
9.999999999996506e-06
9.999999999996506e-06
9.999999999996503e-06

  281  0  0
9.999999999996504e-06
9.999999999996506e-06
9.999999999996506e-06
9.999999999996506e-06
9.999999999996503e-06

  282  0  0
9.999999999996504e-06
9.999999999996506e-06
9.999999999996506e-06
9.999999999996506e-06
9.999999999996503e-06

  283  0  0
9.999999999996504e-06
9.999999999996506e-06
9.999999999996506e-06
9.999999999996506e-06
9.999999999996503e-06

  284  0  0
9.999999999996504e-06
9.999999999996506e-06
9.999999999996506e-06
9.999999999996506e-06
9.999999999996503e-06

  285  0  0
9.999999999996504e-06
9.999999999996506e-06
9.999999999996506e-06
9.999999999996506e-06
9.999999999996503e-06

  286  0  0
9.999999999996504e-06
9.999999999996506e-06
9.999999999996506e-06
9.999999999996506e-06
9.999999999996503e-06

  287  0  0
9.999999999996504e-06
9.999999999996506e-06
9.999999999996506e-06
9.999999999996506e-06
9.999999999996503e-06

  288  0  0
9.999999999996504e-06
9.999999999996506e-06
9.999999999996506e-06
9.999999999996506e-06
9.999999999996503e-06

  289  0  0
9.999999999996504e-06
9.999999999996506e-06
9.999999999996506e-06
9.999999999996506e-06
9.999999999996503e-06

  290  0  0
9.999999999996504e-06
9.999999999996506e-06
9.999999999996506e-06
9.999999999996506e-06
9.999999999996503e-06

  291  0  0
9.999999999996504e-06
9.999999999996506e-06
9.999999999996506e-06
9.999999999996506e-06
9.999999999996503e-06

  292  0  0
9.999999999996504e-06
9.999999999996506e-06
9.999999999996506e-06
9.999999999996506e-06
9.999999999996503e-06

  293  0  0
9.999999999996504e-06
9.999999999996506e-06
9.999999999996506e-06
9.999999999996506e-06
9.999999999996503e-06

  294  0  0
9.999999999996504e-06
9.999999999996506e-06
9.999999999996506e-06
9.999999999996506e-06
9.999999999996503e-06

  295  0  0
9.999999999996504e-06
9.999999999996506e-06
9.999999999996506e-06
9.999999999996506e-06
9.999999999996503e-06

  296  0  0
9.999999999996504e-06
9.999999999996506e-06
9.999999999996506e-06
9.999999999996506e-06
9.999999999996503e-06

  297  0  0
9.999999999996504e-06
9.999999999996506e-06
9.999999999996506e-06
9.999999999996506e-06
9.999999999996503e-06

  298  0  0
9.999999999996504e-06
9.999999999996506e-06
9.999999999996506e-06
9.999999999996506e-06
9.999999999996503e-06

  299  0  0
9.999999999996504e-06
9.999999999996506e-06
9.999999999996506e-06
9.999999999996506e-06
9.999999999996503e-06

  300  0  0
9.999999999996504e-06
9.999999999996506e-06
9.999999999996506e-06
9.999999999996506e-06
9.999999999996503e-06

  301  0  0
9.999999999996504e-06
9.999999999996506e-06
9.999999999996506e-06
9.999999999996506e-06
9.999999999996503e-06

  302  0  0
9.999999999996504e-06
9.999999999996506e-06
9.999999999996506e-06
9.999999999996506e-06
9.999999999996503e-06

  303  0  0
9.999999999996504e-06
9.999999999996506e-06
9.999999999996506e-06
9.999999999996506e-06
9.999999999996503e-06

  304  0  0
9.999999999996504e-06
9.999999999996506e-06
9.999999999996506e-06
9.999999999996506e-06
9.999999999996503e-06

  305  0  0
9.999999999996504e-06
9.999999999996506e-06
9.999999999996506e-06
9.999999999996506e-06
9.999999999996503e-06

  306  0  0
9.999999999996504e-06
9.999999999996506e-06
9.999999999996506e-06
9.999999999996506e-06
9.999999999996503e-06

  307  0  0
9.999999999996504e-06
9.999999999996506e-06
9.999999999996506e-06
9.999999999996506e-06
9.999999999996504e-06

  308  0  0
9.999999999996504e-06
9.999999999996506e-06
9.999999999996506e-06
9.999999999996506e-06
9.999999999996503e-06

  309  0  0
9.999999999996504e-06
9.999999999996506e-06
9.999999999996506e-06
9.999999999996506e-06
9.999999999996503e-06

  310  0  0
9.999999999996504e-06
9.999999999996506e-06
9.999999999996506e-06
9.999999999996506e-06
9.999999999996504e-06

  311  0  0
9.999999999996504e-06
9.999999999996506e-06
9.999999999996506e-06
9.999999999996506e-06
9.999999999996503e-06

  312  0  0
9.999999999996506e-06
9.999999999996508e-06
9.999999999996506e-06
9.999999999996506e-06
9.999999999996503e-06

  313  0  0
9.999999999996506e-06
9.999999999996508e-06
9.999999999996506e-06
9.999999999996506e-06
9.999999999996489e-06

  314  0  0
9.999999999997051e-06
9.999999999996237e-06
9.999999999996943e-06
1.000000000000628e-05
1.000000000004285e-05

  315  0  0
9.999999999936954e-06
9.999999999949265e-06
1.000000000010654e-05
9.999999998559299e-06
9.999999992280678e-06

  316  0  0
1.000000000681032e-05
1.000000000865151e-05
9.999999981130921e-06
1.000000022146165e-05
1.000000127403128e-05

  317  0  0
9.999999277087708e-06
9.999998473395476e-06
1.000000317156452e-05
9.999965874531079e-06
9.999791833622185e-06

  318  0  0
1.000006594397867e-05
1.000026202252521e-05
9.999474714922435e-06
1.000525711179037e-05
1.003367388120743e-05

  319  0  0
9.976857335213236e-06
9.965728522935772e-06
1.007560717406475e-05
9.249730684938857e-06
4.177119302973336e-06

