#Cell    Group    L_mom 
# Element_0
# Element_1
# Element_2
# Element_3
# Element_4
    0  0  0
1.914819392336368e+00
1.913685461648569e+00
1.911585134180669e+00
1.909852191658646e+00
1.909170333528053e+00

    1  0  0
1.909161489495337e+00
1.908609036547666e+00
1.907797551595056e+00
1.906973157917358e+00
1.906384805767664e+00

    2  0  0
1.906394557254325e+00
1.905681451318933e+00
1.903961282282552e+00
1.901944018246135e+00
1.900895579891270e+00

    3  0  0
1.900889323857144e+00
1.899903585604598e+00
1.898339629276960e+00
1.897173892601682e+00
1.896648062509211e+00

    4  0  0
1.896648967351495e+00
1.896127121350473e+00
1.894990029092875e+00
1.893532254204760e+00
1.892637804892708e+00

    5  0  0
1.892641305629573e+00
1.891705177564785e+00
1.889941913760018e+00
1.888361319829934e+00
1.887638533365172e+00

    6  0  0
1.887632829976020e+00
1.886957973089909e+00
1.885731229885422e+00
1.884416657114261e+00
1.883634705001767e+00

    7  0  0
1.883640813323557e+00
1.882814038050543e+00
1.881168558422702e+00
1.879555272920460e+00
1.878774573573374e+00

    8  0  0
1.878768915864429e+00
1.878029867290135e+00
1.876721148491301e+00
1.875418219298667e+00
1.874674564699997e+00

    9  0  0
1.874679448058917e+00
1.873895171478529e+00
1.872298025943456e+00
1.870646837904576e+00
1.869809845859904e+00

   10  0  0
1.869805978637578e+00
1.869002009866864e+00
1.867588509038856e+00
1.866263634367054e+00
1.865554632630704e+00

   11  0  0
1.865557236623809e+00
1.864827008402751e+00
1.863349622827203e+00
1.861768258745524e+00
1.860921677347812e+00

   12  0  0
1.860920394880757e+00
1.860079647893839e+00
1.858539864585121e+00
1.857082552684012e+00
1.856335007321374e+00

   13  0  0
1.856335231216244e+00
1.855592006443117e+00
1.854166089732270e+00
1.852693132910386e+00
1.851895940062481e+00

   14  0  0
1.851896246705186e+00
1.851089199826331e+00
1.849544275340254e+00
1.847997688211227e+00
1.847186686707340e+00

   15  0  0
1.847186378387133e+00
1.846379408023760e+00
1.844862358439681e+00
1.843357458255066e+00
1.842564628266920e+00

   16  0  0
1.842564653720072e+00
1.841769719560656e+00
1.840249520183959e+00
1.838707276226962e+00
1.837886255158272e+00

   17  0  0
1.837886533392283e+00
1.837064325931900e+00
1.835513085250881e+00
1.833984971505958e+00
1.833190729953726e+00

   18  0  0
1.833190225785674e+00
1.832401046272928e+00
1.830910115697536e+00
1.829408946682617e+00
1.828607039289495e+00

   19  0  0
1.828607595755259e+00
1.827799647550408e+00
1.826253423071516e+00
1.824696913614698e+00
1.823875624823270e+00

   20  0  0
1.823875193447421e+00
1.823053217406123e+00
1.821492854614414e+00
1.819925596827543e+00
1.819094516670964e+00

   21  0  0
1.819094853871631e+00
1.818262370359442e+00
1.816684796089090e+00
1.815118396616751e+00
1.814300955700288e+00

   22  0  0
1.814300607310582e+00
1.813489198153085e+00
1.811966162583407e+00
1.810452803473967e+00
1.809652281464801e+00

   23  0  0
1.809652526974374e+00
1.808848024579142e+00
1.807304777503657e+00
1.805732277929428e+00
1.804890791941891e+00

   24  0  0
1.804890808718443e+00
1.804042046172014e+00
1.802418162430785e+00
1.800786138284557e+00
1.799927700943331e+00

   25  0  0
1.799927632672260e+00
1.799074124004443e+00
1.797478372186911e+00
1.795919522188466e+00
1.795112664578864e+00

   26  0  0
1.795112439233212e+00
1.794313764056797e+00
1.792812133683191e+00
1.791304675197551e+00
1.790496816009955e+00

   27  0  0
1.790497161742563e+00
1.789676788903552e+00
1.788078053275465e+00
1.786420368832159e+00
1.785526007245531e+00

   28  0  0
1.785526110241263e+00
1.784623124550065e+00
1.782906624430812e+00
1.781217389930346e+00
1.780351059059298e+00

   29  0  0
1.780350526242529e+00
1.779504928197564e+00
1.777963636841752e+00
1.776486863508889e+00
1.775718909928946e+00

   30  0  0
1.775718971643740e+00
1.774947363931152e+00
1.773440481852327e+00
1.771835214546899e+00
1.770939373147828e+00

   31  0  0
1.770940362834405e+00
1.770015817067539e+00
1.768208291382648e+00
1.766390701765820e+00
1.765458346378392e+00

   32  0  0
1.765457102587826e+00
1.764552927019709e+00
1.762938384715635e+00
1.761444039035750e+00
1.760684718080509e+00

   33  0  0
1.760684784024362e+00
1.759928920751952e+00
1.758453992609360e+00
1.756861542179927e+00
1.755959028726661e+00

   34  0  0
1.755960513539589e+00
1.755021519403407e+00
1.753171279912181e+00
1.751307079736309e+00
1.750355693021818e+00

   35  0  0
1.750353870784637e+00
1.749434619594525e+00
1.747801268834166e+00
1.746287826356944e+00
1.745510322394397e+00

   36  0  0
1.745510857333707e+00
1.744729345651018e+00
1.743182936023151e+00
1.741502384400190e+00
1.740557765294487e+00

   37  0  0
1.740559051149578e+00
1.739587480114127e+00
1.737717215999624e+00
1.735891513969432e+00
1.734976902635232e+00

   38  0  0
1.734974641386088e+00
1.734093184306416e+00
1.732503798474196e+00
1.730958989515630e+00
1.730125671140185e+00

   39  0  0
1.730127542719435e+00
1.729270738599923e+00
1.727556507379635e+00
1.725739498534584e+00
1.724763263625396e+00

   40  0  0
1.724762646004263e+00
1.723789193268458e+00
1.721992548087525e+00
1.720286306300804e+00
1.719417780142861e+00

   41  0  0
1.719417092919274e+00
1.718557439028632e+00
1.716915341846253e+00
1.715210676780430e+00
1.714276647706430e+00

   42  0  0
1.714278111970272e+00
1.713328062984159e+00
1.711506125249842e+00
1.709701915939726e+00
1.708773038031647e+00

   43  0  0
1.708771412249534e+00
1.707854932678202e+00
1.706142155540318e+00
1.704427283489426e+00
1.703506172752636e+00

   44  0  0
1.703507576878298e+00
1.702575466366517e+00
1.700779203103479e+00
1.698966544855551e+00
1.698016273788507e+00

   45  0  0
1.698015251430856e+00
1.697070142345934e+00
1.695296036061788e+00
1.693532246809331e+00
1.692597003068319e+00

   46  0  0
1.692597671077076e+00
1.691657535920527e+00
1.689857255100022e+00
1.688038747085047e+00
1.687077480916285e+00

   47  0  0
1.687077093670951e+00
1.686115720577546e+00
1.684296943207377e+00
1.682480976358254e+00
1.681521299730185e+00

   48  0  0
1.681521513975232e+00
1.680559964128947e+00
1.678729811975842e+00
1.676890800499220e+00
1.675918496981705e+00

   49  0  0
1.675918376474979e+00
1.674944781776438e+00
1.673096661111341e+00
1.671244760413727e+00
1.670265781036265e+00

   50  0  0
1.670265880405734e+00
1.669285720735808e+00
1.667425053538508e+00
1.665562615102965e+00
1.664580127310794e+00

   51  0  0
1.664580043276884e+00
1.663597202292920e+00
1.661732076914260e+00
1.659860681739531e+00
1.658869142137422e+00

   52  0  0
1.658869227417088e+00
1.657874138667998e+00
1.655976565750637e+00
1.654063671652847e+00
1.653048738036263e+00

   53  0  0
1.653048704129399e+00
1.652029955329687e+00
1.650089179837817e+00
1.648137062279852e+00
1.647103138978760e+00

   54  0  0
1.647103153037998e+00
1.646066814411783e+00
1.644097180495269e+00
1.642124464267690e+00
1.641084387723682e+00

   55  0  0
1.641084360246621e+00
1.640045548884331e+00
1.638081776606802e+00
1.636125547542643e+00
1.635095717989597e+00

   56  0  0
1.635095679612839e+00
1.634065938567481e+00
1.632109569247765e+00
1.630139163782715e+00
1.629090644520173e+00

   57  0  0
1.629090723933757e+00
1.628035072601042e+00
1.626012296714506e+00
1.623964042780875e+00
1.622876086772612e+00

   58  0  0
1.622876210405980e+00
1.621785177503668e+00
1.619716547388012e+00
1.617656291522631e+00
1.616576541045952e+00

   59  0  0
1.616576889017370e+00
1.615502039887694e+00
1.613483472527911e+00
1.611477536978031e+00
1.610417404372286e+00

   60  0  0
1.610417839413205e+00
1.609351343931904e+00
1.607307850993238e+00
1.605222973343833e+00
1.604103646200569e+00

   61  0  0
1.604104883597352e+00
1.602972231353637e+00
1.600807195038526e+00
1.598631427420574e+00
1.597489769586033e+00

   62  0  0
1.597489812364567e+00
1.596355487899737e+00
1.594242130783688e+00
1.592171492697682e+00
1.591089508417635e+00

   63  0  0
1.591089398436123e+00
1.590007730563474e+00
1.587940569488796e+00
1.585826009224680e+00
1.584682615654620e+00

   64  0  0
1.584682958062409e+00
1.583521043022396e+00
1.581271093092288e+00
1.578989836104136e+00
1.577791399266494e+00

   65  0  0
1.577790806485704e+00
1.576603126138866e+00
1.574396108329023e+00
1.572245800136160e+00
1.571124911589835e+00

   66  0  0
1.571124563136636e+00
1.570004164113970e+00
1.567852900569699e+00
1.565635620710152e+00
1.564431626578780e+00

   67  0  0
1.564432829538505e+00
1.563209279865120e+00
1.560856862240261e+00
1.558500153182345e+00
1.557272180289166e+00

   68  0  0
1.557270902719294e+00
1.556054326220312e+00
1.553778416051314e+00
1.551514424282137e+00
1.550307042742151e+00

   69  0  0
1.550307925173221e+00
1.549086529529438e+00
1.546720660012093e+00
1.544300646614905e+00
1.543015637211413e+00

   70  0  0
1.543015258031320e+00
1.541731219075596e+00
1.539316775633812e+00
1.536931475184546e+00
1.535679412511828e+00

   71  0  0
1.535679590507481e+00
1.534426806757184e+00
1.532039865952046e+00
1.529627767607133e+00
1.528345741823089e+00

   72  0  0
1.528345548339761e+00
1.527059453278520e+00
1.524613196752039e+00
1.522161901722824e+00
1.520865193003961e+00

   73  0  0
1.520865337135699e+00
1.519563321545652e+00
1.517074606236551e+00
1.514549366566446e+00
1.513202503209985e+00

   74  0  0
1.513202572916331e+00
1.511847923818609e+00
1.509266972202531e+00
1.506682160615754e+00
1.505320362795649e+00

   75  0  0
1.505320146455151e+00
1.503959379545403e+00
1.501380146031873e+00
1.498794939500944e+00
1.497426239881245e+00

   76  0  0
1.497426232533348e+00
1.496053412806393e+00
1.493435718255019e+00
1.490793993938074e+00
1.489389668295054e+00

   77  0  0
1.489390360993775e+00
1.487978216607332e+00
1.485284928484605e+00
1.482565660140074e+00
1.481123152642276e+00

   78  0  0
1.481124501858855e+00
1.479676709395149e+00
1.476939533196605e+00
1.474200988159740e+00
1.472750744638694e+00

   79  0  0
1.472751583616494e+00
1.471293025169029e+00
1.468517939286440e+00
1.465727238626935e+00
1.464246986170088e+00

   80  0  0
1.464249176229099e+00
1.462759734408186e+00
1.459933154503833e+00
1.457081454442511e+00
1.455566676033725e+00

   81  0  0
1.455567091803943e+00
1.454044196293412e+00
1.451147987739729e+00
1.448236632267537e+00
1.446692767644115e+00

   82  0  0
1.446692480630791e+00
1.445141783116480e+00
1.442182117166804e+00
1.439200040415652e+00
1.437619090034741e+00

   83  0  0
1.437619242259923e+00
1.436033049766003e+00
1.433011032065025e+00
1.429964386746715e+00
1.428346544666808e+00

   84  0  0
1.428346626401238e+00
1.426721547568253e+00
1.423624266988703e+00
1.420506298508214e+00
1.418852699090134e+00

   85  0  0
1.418852500046501e+00
1.417192301796367e+00
1.414024179424900e+00
1.410829086120215e+00
1.409133336424619e+00

   86  0  0
1.409133899242830e+00
1.407431234042531e+00
1.404190202559077e+00
1.400926431671034e+00
1.399192608552697e+00

   87  0  0
1.399191304144460e+00
1.397448615953950e+00
1.394111765725932e+00
1.390749384989877e+00
1.388970791378280e+00

   88  0  0
1.388972064926373e+00
1.387190273979879e+00
1.383802174598431e+00
1.380366809099921e+00
1.378531311225385e+00

   89  0  0
1.378532472489429e+00
1.376681932602445e+00
1.373163731679738e+00
1.369644892563397e+00
1.367782169460001e+00

   90  0  0
1.367778731824821e+00
1.365908471936258e+00
1.362306753693592e+00
1.358674789780851e+00
1.356755734224839e+00

   91  0  0
1.356753811276812e+00
1.354833462166381e+00
1.351141743462293e+00
1.347353721432557e+00
1.345336818140874e+00

   92  0  0
1.345352107963330e+00
1.343327197833547e+00
1.339619856926094e+00
1.335914772536414e+00
1.333888542583817e+00

   93  0  0
1.333867650681127e+00
1.331790460441376e+00
1.327642363714514e+00
1.323658285321024e+00
1.321687526185239e+00

   94  0  0
1.321683398382865e+00
1.319771190088372e+00
1.315971813382134e+00
1.311588785435446e+00
1.309132515692088e+00

   95  0  0
1.309209614574965e+00
1.306714773449800e+00
1.302862110679029e+00
1.299547274364763e+00
1.297615902325243e+00

   96  0  0
1.297490782315631e+00
1.295344786721272e+00
1.289824421879432e+00
1.284476606242494e+00
1.282334653656901e+00

   97  0  0
1.282452621707172e+00
1.280737568440592e+00
1.278455555499977e+00
1.274123764127342e+00
1.270582283124968e+00

   98  0  0
1.270580745010771e+00
1.266509503223350e+00
1.259710578361606e+00
1.257136188691223e+00
1.257107768560917e+00

   99  0  0
1.256878357842667e+00
1.257020568582512e+00
1.252782390849655e+00
1.242446704695656e+00
1.236342809189656e+00

  100  0  0
1.236884752854916e+00
1.231438870397542e+00
1.229942409429332e+00
1.234491694723653e+00
1.235678858320031e+00

  101  0  0
1.234806704204318e+00
1.233937877447048e+00
1.219205881977731e+00
1.201130578488571e+00
1.195755418501997e+00

  102  0  0
1.196870126275250e+00
1.195238204893056e+00
1.207422627717756e+00
1.216375388738870e+00
1.213035308321315e+00

  103  0  0
1.211857813104737e+00
1.203011102089587e+00
1.171602472006918e+00
1.152728226835209e+00
1.154814917862909e+00

  104  0  0
1.155865301690001e+00
1.164748297228678e+00
1.192151031372429e+00
1.195822956729984e+00
1.182020183311275e+00

  105  0  0
1.181216841969871e+00
1.159813204116538e+00
1.114461880340679e+00
1.103302780570851e+00
1.115951478260111e+00

  106  0  0
1.116492025575942e+00
1.137011252839565e+00
1.174762344419074e+00
1.169817455506912e+00
1.146510726215023e+00

  107  0  0
1.146112563193318e+00
1.114622882870176e+00
1.058843741799792e+00
1.049630592755398e+00
1.066874601571294e+00

  108  0  0
1.067415554010669e+00
1.093479966768703e+00
1.141680456431222e+00
1.144487641882207e+00
1.122404727311372e+00

  109  0  0
1.121384295542301e+00
1.088640928836180e+00
1.017253344651111e+00
9.840283618894975e-01
9.913839648435082e-01

  110  0  0
9.930133056196954e-01
1.013987532933793e+00
1.078737466630008e+00
1.116886960447852e+00
1.111448247672265e+00

  111  0  0
1.109413855549706e+00
1.086924529384526e+00
1.002399695232655e+00
9.272621661257716e-01
9.105095008536974e-01

  112  0  0
9.125308259034005e-01
9.143764924855148e-01
9.713628363866638e-01
1.040079899538409e+00
1.060836521113915e+00

  113  0  0
1.059272871709304e+00
1.063314380405754e+00
1.015063260036822e+00
9.323704473347540e-01
8.917151495814613e-01

  114  0  0
8.924831854167469e-01
8.619095860509994e-01
8.477920833980284e-01
8.817769759598048e-01
9.101420752150415e-01

  115  0  0
9.102709125116174e-01
9.382748147462164e-01
9.728680409967011e-01
9.628464572749010e-01
9.378898896602700e-01

  116  0  0
9.369863530513466e-01
9.024408617879882e-01
8.209180499817581e-01
7.559950914960969e-01
7.401350331941949e-01

  117  0  0
7.419880691147681e-01
7.402165818116684e-01
7.842752375492884e-01
8.483424058336262e-01
8.727833753390205e-01

  118  0  0
8.720692147994995e-01
8.823552885040725e-01
8.529693053472582e-01
7.820509865459648e-01
7.363765942807118e-01

  119  0  0
7.303770462465231e-01
6.921372101899739e-01
6.089594632715328e-01
6.040281442784623e-01
6.417902344703816e-01

  120  0  0
6.287662015495664e-01
6.985950541256466e-01
7.272792908674417e-01
6.341784712615188e-01
5.891272273080864e-01

  121  0  0
6.100560593468526e-01
5.829352973573892e-01
7.137448868054579e-01
7.127831757518326e-01
5.947081610183814e-01

  122  0  0
6.098268571054744e-01
4.083773662380445e-01
1.599685939028525e-01
2.603220546305008e-01
3.950981241534502e-01

  123  0  0
3.720620231076628e-01
5.050356054622673e-01
4.198254211314331e-01
1.196232948929588e-01
1.396831109691941e-02

  124  0  0
8.521286970149238e-03
6.366999487357250e-04
-1.129365676872657e-04
9.426354364883870e-05
-8.799713992515214e-05

  125  0  0
-2.852497647282251e-05
7.489479881017770e-06
1.059832340466867e-05
9.614901698447620e-06
1.046412557704907e-05

  126  0  0
1.018494455353760e-05
1.001218199313671e-05
9.997111402888880e-06
1.000185778682167e-05
9.997772245184719e-06

  127  0  0
9.999105722642443e-06
9.999940285561629e-06
1.000001408674102e-05
9.999990952920229e-06
1.000001077821235e-05

  128  0  0
1.000000437102218e-05
1.000000029698257e-05
9.999999930370909e-06
1.000000004463544e-05
9.999999947251575e-06

  129  0  0
9.999999978325363e-06
9.999999998493273e-06
1.000000000034645e-05
9.999999999772605e-06
1.000000000025851e-05

  130  0  0
1.000000000010585e-05
1.000000000000428e-05
9.999999999994719e-06
9.999999999997651e-06
9.999999999995181e-06

  131  0  0
9.999999999995947e-06
9.999999999996465e-06
9.999999999996516e-06
9.999999999996503e-06
9.999999999996526e-06

  132  0  0
9.999999999996518e-06
9.999999999996508e-06
9.999999999996509e-06
9.999999999996504e-06
9.999999999996509e-06

  133  0  0
9.999999999996513e-06
9.999999999996506e-06
9.999999999996509e-06
9.999999999996508e-06
9.999999999996516e-06

  134  0  0
9.999999999996513e-06
9.999999999996506e-06
9.999999999996509e-06
9.999999999996506e-06
9.999999999996511e-06

  135  0  0
9.999999999996514e-06
9.999999999996506e-06
9.999999999996506e-06
9.999999999996506e-06
9.999999999996523e-06

  136  0  0
9.999999999996514e-06
9.999999999996503e-06
9.999999999996508e-06
9.999999999996506e-06
9.999999999996511e-06

  137  0  0
9.999999999996511e-06
9.999999999996508e-06
9.999999999996508e-06
9.999999999996506e-06
9.999999999996521e-06

  138  0  0
9.999999999996516e-06
9.999999999996503e-06
9.999999999996506e-06
9.999999999996508e-06
9.999999999996516e-06

  139  0  0
9.999999999996513e-06
9.999999999996508e-06
9.999999999996508e-06
9.999999999996509e-06
9.999999999996520e-06

  140  0  0
9.999999999996520e-06
9.999999999996503e-06
9.999999999996509e-06
9.999999999996503e-06
9.999999999996511e-06

  141  0  0
9.999999999996514e-06
9.999999999996503e-06
9.999999999996506e-06
9.999999999996509e-06
9.999999999996520e-06

  142  0  0
9.999999999996520e-06
9.999999999996506e-06
9.999999999996509e-06
9.999999999996504e-06
9.999999999996513e-06

  143  0  0
9.999999999996509e-06
9.999999999996506e-06
9.999999999996511e-06
9.999999999996506e-06
9.999999999996523e-06

  144  0  0
9.999999999996518e-06
9.999999999996506e-06
9.999999999996509e-06
9.999999999996504e-06
9.999999999996513e-06

  145  0  0
9.999999999996509e-06
9.999999999996504e-06
9.999999999996509e-06
9.999999999996506e-06
9.999999999996521e-06

  146  0  0
9.999999999996516e-06
9.999999999996504e-06
9.999999999996506e-06
9.999999999996503e-06
9.999999999996513e-06

  147  0  0
9.999999999996513e-06
9.999999999996508e-06
9.999999999996508e-06
9.999999999996509e-06
9.999999999996520e-06

  148  0  0
9.999999999996516e-06
9.999999999996506e-06
9.999999999996506e-06
9.999999999996509e-06
9.999999999996509e-06

  149  0  0
9.999999999996513e-06
9.999999999996506e-06
9.999999999996508e-06
9.999999999996509e-06
9.999999999996520e-06

  150  0  0
9.999999999996513e-06
9.999999999996503e-06
9.999999999996509e-06
9.999999999996503e-06
9.999999999996513e-06

  151  0  0
9.999999999996509e-06
9.999999999996506e-06
9.999999999996509e-06
9.999999999996508e-06
9.999999999996513e-06

  152  0  0
9.999999999996513e-06
9.999999999996506e-06
9.999999999996511e-06
9.999999999996506e-06
9.999999999996513e-06

  153  0  0
9.999999999996513e-06
9.999999999996506e-06
9.999999999996508e-06
9.999999999996506e-06
9.999999999996516e-06

  154  0  0
9.999999999996516e-06
9.999999999996506e-06
9.999999999996506e-06
9.999999999996511e-06
9.999999999996514e-06

  155  0  0
9.999999999996514e-06
9.999999999996506e-06
9.999999999996508e-06
9.999999999996509e-06
9.999999999996520e-06

  156  0  0
9.999999999996516e-06
9.999999999996506e-06
9.999999999996506e-06
9.999999999996509e-06
9.999999999996509e-06

  157  0  0
9.999999999996513e-06
9.999999999996506e-06
9.999999999996511e-06
9.999999999996506e-06
9.999999999996518e-06

  158  0  0
9.999999999996513e-06
9.999999999996506e-06
9.999999999996509e-06
9.999999999996506e-06
9.999999999996511e-06

  159  0  0
9.999999999996514e-06
9.999999999996506e-06
9.999999999996506e-06
9.999999999996506e-06
9.999999999996520e-06

  160  0  0
9.999999999996513e-06
9.999999999996501e-06
9.999999999996508e-06
9.999999999996504e-06
9.999999999996516e-06

  161  0  0
9.999999999996514e-06
9.999999999996508e-06
9.999999999996508e-06
9.999999999996504e-06
9.999999999996520e-06

  162  0  0
9.999999999996516e-06
9.999999999996503e-06
9.999999999996509e-06
9.999999999996508e-06
9.999999999996513e-06

  163  0  0
9.999999999996509e-06
9.999999999996506e-06
9.999999999996509e-06
9.999999999996506e-06
9.999999999996523e-06

  164  0  0
9.999999999996514e-06
9.999999999996503e-06
9.999999999996508e-06
9.999999999996504e-06
9.999999999996511e-06

  165  0  0
9.999999999996513e-06
9.999999999996509e-06
9.999999999996508e-06
9.999999999996508e-06
9.999999999996521e-06

  166  0  0
9.999999999996516e-06
9.999999999996503e-06
9.999999999996509e-06
9.999999999996503e-06
9.999999999996514e-06

  167  0  0
9.999999999996513e-06
9.999999999996508e-06
9.999999999996509e-06
9.999999999996509e-06
9.999999999996521e-06

  168  0  0
9.999999999996518e-06
9.999999999996503e-06
9.999999999996508e-06
9.999999999996504e-06
9.999999999996513e-06

  169  0  0
9.999999999996513e-06
9.999999999996509e-06
9.999999999996509e-06
9.999999999996506e-06
9.999999999996518e-06

  170  0  0
9.999999999996516e-06
9.999999999996506e-06
9.999999999996508e-06
9.999999999996508e-06
9.999999999996509e-06

  171  0  0
9.999999999996508e-06
9.999999999996504e-06
9.999999999996509e-06
9.999999999996503e-06
9.999999999996520e-06

  172  0  0
9.999999999996513e-06
9.999999999996503e-06
9.999999999996508e-06
9.999999999996506e-06
9.999999999996513e-06

  173  0  0
9.999999999996513e-06
9.999999999996509e-06
9.999999999996508e-06
9.999999999996508e-06
9.999999999996521e-06

  174  0  0
9.999999999996516e-06
9.999999999996503e-06
9.999999999996509e-06
9.999999999996503e-06
9.999999999996514e-06

  175  0  0
9.999999999996513e-06
9.999999999996508e-06
9.999999999996509e-06
9.999999999996509e-06
9.999999999996521e-06

  176  0  0
9.999999999996516e-06
9.999999999996506e-06
9.999999999996508e-06
9.999999999996504e-06
9.999999999996511e-06

  177  0  0
9.999999999996513e-06
9.999999999996506e-06
9.999999999996511e-06
9.999999999996506e-06
9.999999999996523e-06

  178  0  0
9.999999999996518e-06
9.999999999996506e-06
9.999999999996509e-06
9.999999999996504e-06
9.999999999996513e-06

  179  0  0
9.999999999996509e-06
9.999999999996504e-06
9.999999999996509e-06
9.999999999996506e-06
9.999999999996521e-06

  180  0  0
9.999999999996516e-06
9.999999999996504e-06
9.999999999996506e-06
9.999999999996506e-06
9.999999999996511e-06

  181  0  0
9.999999999996514e-06
9.999999999996504e-06
9.999999999996509e-06
9.999999999996506e-06
9.999999999996521e-06

  182  0  0
9.999999999996513e-06
9.999999999996506e-06
9.999999999996506e-06
9.999999999996509e-06
9.999999999996513e-06

  183  0  0
9.999999999996509e-06
9.999999999996508e-06
9.999999999996508e-06
9.999999999996509e-06
9.999999999996520e-06

  184  0  0
9.999999999996516e-06
9.999999999996503e-06
9.999999999996509e-06
9.999999999996509e-06
9.999999999996513e-06

  185  0  0
9.999999999996509e-06
9.999999999996506e-06
9.999999999996509e-06
9.999999999996506e-06
9.999999999996520e-06

  186  0  0
9.999999999996513e-06
9.999999999996506e-06
9.999999999996509e-06
9.999999999996504e-06
9.999999999996513e-06

  187  0  0
9.999999999996514e-06
9.999999999996506e-06
9.999999999996509e-06
9.999999999996506e-06
9.999999999996520e-06

  188  0  0
9.999999999996514e-06
9.999999999996504e-06
9.999999999996509e-06
9.999999999996506e-06
9.999999999996513e-06

  189  0  0
9.999999999996514e-06
9.999999999996506e-06
9.999999999996509e-06
9.999999999996506e-06
9.999999999996521e-06

  190  0  0
9.999999999996513e-06
9.999999999996503e-06
9.999999999996509e-06
9.999999999996506e-06
9.999999999996513e-06

  191  0  0
9.999999999996514e-06
9.999999999996506e-06
9.999999999996509e-06
9.999999999996506e-06
9.999999999996521e-06

  192  0  0
9.999999999996513e-06
9.999999999996503e-06
9.999999999996509e-06
9.999999999996506e-06
9.999999999996513e-06

  193  0  0
9.999999999996514e-06
9.999999999996506e-06
9.999999999996509e-06
9.999999999996506e-06
9.999999999996521e-06

  194  0  0
9.999999999996513e-06
9.999999999996503e-06
9.999999999996509e-06
9.999999999996506e-06
9.999999999996513e-06

  195  0  0
9.999999999996514e-06
9.999999999996506e-06
9.999999999996509e-06
9.999999999996506e-06
9.999999999996521e-06

  196  0  0
9.999999999996513e-06
9.999999999996503e-06
9.999999999996509e-06
9.999999999996506e-06
9.999999999996513e-06

  197  0  0
9.999999999996514e-06
9.999999999996506e-06
9.999999999996509e-06
9.999999999996506e-06
9.999999999996521e-06

  198  0  0
9.999999999996513e-06
9.999999999996503e-06
9.999999999996509e-06
9.999999999996506e-06
9.999999999996513e-06

  199  0  0
9.999999999996514e-06
9.999999999996506e-06
9.999999999996509e-06
9.999999999996506e-06
9.999999999996521e-06

  200  0  0
9.999999999996513e-06
9.999999999996503e-06
9.999999999996509e-06
9.999999999996506e-06
9.999999999996513e-06

  201  0  0
9.999999999996514e-06
9.999999999996506e-06
9.999999999996509e-06
9.999999999996506e-06
9.999999999996521e-06

  202  0  0
9.999999999996513e-06
9.999999999996503e-06
9.999999999996509e-06
9.999999999996506e-06
9.999999999996513e-06

  203  0  0
9.999999999996514e-06
9.999999999996506e-06
9.999999999996509e-06
9.999999999996506e-06
9.999999999996521e-06

  204  0  0
9.999999999996513e-06
9.999999999996503e-06
9.999999999996509e-06
9.999999999996506e-06
9.999999999996513e-06

  205  0  0
9.999999999996514e-06
9.999999999996506e-06
9.999999999996509e-06
9.999999999996506e-06
9.999999999996521e-06

  206  0  0
9.999999999996513e-06
9.999999999996503e-06
9.999999999996509e-06
9.999999999996506e-06
9.999999999996513e-06

  207  0  0
9.999999999996514e-06
9.999999999996506e-06
9.999999999996509e-06
9.999999999996506e-06
9.999999999996521e-06

  208  0  0
9.999999999996513e-06
9.999999999996503e-06
9.999999999996509e-06
9.999999999996506e-06
9.999999999996513e-06

  209  0  0
9.999999999996514e-06
9.999999999996506e-06
9.999999999996509e-06
9.999999999996506e-06
9.999999999996521e-06

  210  0  0
9.999999999996513e-06
9.999999999996503e-06
9.999999999996509e-06
9.999999999996506e-06
9.999999999996513e-06

  211  0  0
9.999999999996514e-06
9.999999999996506e-06
9.999999999996509e-06
9.999999999996506e-06
9.999999999996521e-06

  212  0  0
9.999999999996513e-06
9.999999999996503e-06
9.999999999996509e-06
9.999999999996506e-06
9.999999999996513e-06

  213  0  0
9.999999999996514e-06
9.999999999996506e-06
9.999999999996509e-06
9.999999999996506e-06
9.999999999996521e-06

  214  0  0
9.999999999996513e-06
9.999999999996503e-06
9.999999999996509e-06
9.999999999996506e-06
9.999999999996513e-06

  215  0  0
9.999999999996514e-06
9.999999999996506e-06
9.999999999996509e-06
9.999999999996506e-06
9.999999999996521e-06

  216  0  0
9.999999999996513e-06
9.999999999996503e-06
9.999999999996509e-06
9.999999999996506e-06
9.999999999996513e-06

  217  0  0
9.999999999996514e-06
9.999999999996506e-06
9.999999999996509e-06
9.999999999996506e-06
9.999999999996521e-06

  218  0  0
9.999999999996513e-06
9.999999999996503e-06
9.999999999996509e-06
9.999999999996506e-06
9.999999999996513e-06

  219  0  0
9.999999999996514e-06
9.999999999996506e-06
9.999999999996509e-06
9.999999999996506e-06
9.999999999996521e-06

  220  0  0
9.999999999996513e-06
9.999999999996503e-06
9.999999999996509e-06
9.999999999996506e-06
9.999999999996513e-06

  221  0  0
9.999999999996514e-06
9.999999999996506e-06
9.999999999996509e-06
9.999999999996506e-06
9.999999999996521e-06

  222  0  0
9.999999999996513e-06
9.999999999996503e-06
9.999999999996509e-06
9.999999999996506e-06
9.999999999996513e-06

  223  0  0
9.999999999996514e-06
9.999999999996506e-06
9.999999999996509e-06
9.999999999996506e-06
9.999999999996521e-06

  224  0  0
9.999999999996513e-06
9.999999999996503e-06
9.999999999996509e-06
9.999999999996506e-06
9.999999999996513e-06

  225  0  0
9.999999999996514e-06
9.999999999996506e-06
9.999999999996509e-06
9.999999999996506e-06
9.999999999996521e-06

  226  0  0
9.999999999996513e-06
9.999999999996503e-06
9.999999999996509e-06
9.999999999996506e-06
9.999999999996513e-06

  227  0  0
9.999999999996514e-06
9.999999999996506e-06
9.999999999996509e-06
9.999999999996506e-06
9.999999999996521e-06

  228  0  0
9.999999999996513e-06
9.999999999996503e-06
9.999999999996509e-06
9.999999999996506e-06
9.999999999996513e-06

  229  0  0
9.999999999996514e-06
9.999999999996506e-06
9.999999999996509e-06
9.999999999996506e-06
9.999999999996521e-06

  230  0  0
9.999999999996513e-06
9.999999999996503e-06
9.999999999996509e-06
9.999999999996506e-06
9.999999999996513e-06

  231  0  0
9.999999999996514e-06
9.999999999996506e-06
9.999999999996509e-06
9.999999999996506e-06
9.999999999996521e-06

  232  0  0
9.999999999996513e-06
9.999999999996503e-06
9.999999999996509e-06
9.999999999996506e-06
9.999999999996513e-06

  233  0  0
9.999999999996514e-06
9.999999999996506e-06
9.999999999996509e-06
9.999999999996506e-06
9.999999999996521e-06

  234  0  0
9.999999999996513e-06
9.999999999996503e-06
9.999999999996509e-06
9.999999999996506e-06
9.999999999996513e-06

  235  0  0
9.999999999996514e-06
9.999999999996506e-06
9.999999999996509e-06
9.999999999996506e-06
9.999999999996521e-06

  236  0  0
9.999999999996513e-06
9.999999999996503e-06
9.999999999996509e-06
9.999999999996506e-06
9.999999999996513e-06

  237  0  0
9.999999999996514e-06
9.999999999996506e-06
9.999999999996509e-06
9.999999999996506e-06
9.999999999996521e-06

  238  0  0
9.999999999996513e-06
9.999999999996503e-06
9.999999999996509e-06
9.999999999996506e-06
9.999999999996513e-06

  239  0  0
9.999999999996514e-06
9.999999999996506e-06
9.999999999996509e-06
9.999999999996506e-06
9.999999999996521e-06

  240  0  0
9.999999999996513e-06
9.999999999996503e-06
9.999999999996509e-06
9.999999999996506e-06
9.999999999996513e-06

  241  0  0
9.999999999996514e-06
9.999999999996506e-06
9.999999999996509e-06
9.999999999996506e-06
9.999999999996521e-06

  242  0  0
9.999999999996513e-06
9.999999999996503e-06
9.999999999996509e-06
9.999999999996506e-06
9.999999999996513e-06

  243  0  0
9.999999999996514e-06
9.999999999996506e-06
9.999999999996509e-06
9.999999999996506e-06
9.999999999996521e-06

  244  0  0
9.999999999996513e-06
9.999999999996503e-06
9.999999999996509e-06
9.999999999996506e-06
9.999999999996513e-06

  245  0  0
9.999999999996514e-06
9.999999999996506e-06
9.999999999996509e-06
9.999999999996506e-06
9.999999999996521e-06

  246  0  0
9.999999999996513e-06
9.999999999996503e-06
9.999999999996509e-06
9.999999999996506e-06
9.999999999996513e-06

  247  0  0
9.999999999996514e-06
9.999999999996506e-06
9.999999999996509e-06
9.999999999996506e-06
9.999999999996521e-06

  248  0  0
9.999999999996513e-06
9.999999999996503e-06
9.999999999996509e-06
9.999999999996506e-06
9.999999999996513e-06

  249  0  0
9.999999999996514e-06
9.999999999996506e-06
9.999999999996509e-06
9.999999999996506e-06
9.999999999996521e-06

  250  0  0
9.999999999996513e-06
9.999999999996503e-06
9.999999999996509e-06
9.999999999996506e-06
9.999999999996513e-06

  251  0  0
9.999999999996514e-06
9.999999999996506e-06
9.999999999996509e-06
9.999999999996506e-06
9.999999999996521e-06

  252  0  0
9.999999999996513e-06
9.999999999996503e-06
9.999999999996509e-06
9.999999999996506e-06
9.999999999996511e-06

  253  0  0
9.999999999996514e-06
9.999999999996506e-06
9.999999999996508e-06
9.999999999996508e-06
9.999999999996520e-06

  254  0  0
9.999999999996513e-06
9.999999999996503e-06
9.999999999996508e-06
9.999999999996506e-06
9.999999999996513e-06

  255  0  0
9.999999999996513e-06
9.999999999996509e-06
9.999999999996506e-06
9.999999999996509e-06
9.999999999996520e-06

  256  0  0
9.999999999996516e-06
9.999999999996506e-06
9.999999999996508e-06
9.999999999996504e-06
9.999999999996509e-06

  257  0  0
9.999999999996513e-06
9.999999999996506e-06
9.999999999996508e-06
9.999999999996506e-06
9.999999999996520e-06

  258  0  0
9.999999999996514e-06
9.999999999996503e-06
9.999999999996508e-06
9.999999999996503e-06
9.999999999996513e-06

  259  0  0
9.999999999996514e-06
9.999999999996509e-06
9.999999999996509e-06
9.999999999996509e-06
9.999999999996523e-06

  260  0  0
9.999999999996518e-06
9.999999999996506e-06
9.999999999996508e-06
9.999999999996508e-06
9.999999999996509e-06

  261  0  0
9.999999999996513e-06
9.999999999996506e-06
9.999999999996508e-06
9.999999999996506e-06
9.999999999996523e-06

  262  0  0
9.999999999996513e-06
9.999999999996506e-06
9.999999999996506e-06
9.999999999996506e-06
9.999999999996513e-06

  263  0  0
9.999999999996514e-06
9.999999999996506e-06
9.999999999996508e-06
9.999999999996509e-06
9.999999999996520e-06

  264  0  0
9.999999999996516e-06
9.999999999996504e-06
9.999999999996506e-06
9.999999999996504e-06
9.999999999996509e-06

  265  0  0
9.999999999996509e-06
9.999999999996504e-06
9.999999999996508e-06
9.999999999996506e-06
9.999999999996521e-06

  266  0  0
9.999999999996513e-06
9.999999999996503e-06
9.999999999996509e-06
9.999999999996504e-06
9.999999999996516e-06

  267  0  0
9.999999999996516e-06
9.999999999996506e-06
9.999999999996509e-06
9.999999999996506e-06
9.999999999996521e-06

  268  0  0
9.999999999996513e-06
9.999999999996506e-06
9.999999999996506e-06
9.999999999996506e-06
9.999999999996506e-06

  269  0  0
9.999999999996508e-06
9.999999999996508e-06
9.999999999996504e-06
9.999999999996503e-06
9.999999999996521e-06

  270  0  0
9.999999999996516e-06
9.999999999996506e-06
9.999999999996506e-06
9.999999999996503e-06
9.999999999996514e-06

  271  0  0
9.999999999996513e-06
9.999999999996503e-06
9.999999999996506e-06
9.999999999996506e-06
9.999999999996520e-06

  272  0  0
9.999999999996516e-06
9.999999999996503e-06
9.999999999996509e-06
9.999999999996508e-06
9.999999999996504e-06

  273  0  0
9.999999999996511e-06
9.999999999996504e-06
9.999999999996506e-06
9.999999999996503e-06
9.999999999996518e-06

  274  0  0
9.999999999996513e-06
9.999999999996506e-06
9.999999999996506e-06
9.999999999996506e-06
9.999999999996499e-06

  275  0  0
9.999999999996506e-06
9.999999999996508e-06
9.999999999996508e-06
9.999999999996509e-06
9.999999999996520e-06

  276  0  0
9.999999999996516e-06
9.999999999996513e-06
9.999999999996509e-06
9.999999999996508e-06
9.999999999996509e-06

  277  0  0
9.999999999996506e-06
9.999999999996509e-06
9.999999999996506e-06
9.999999999996509e-06
9.999999999996523e-06

  278  0  0
9.999999999996523e-06
9.999999999996506e-06
9.999999999996508e-06
9.999999999996506e-06
9.999999999996504e-06

  279  0  0
9.999999999996513e-06
9.999999999996503e-06
9.999999999996508e-06
9.999999999996504e-06
9.999999999996506e-06

  280  0  0
9.999999999996513e-06
9.999999999996499e-06
9.999999999996508e-06
9.999999999996501e-06
9.999999999996508e-06

  281  0  0
9.999999999996513e-06
9.999999999996504e-06
9.999999999996508e-06
9.999999999996509e-06
9.999999999996521e-06

  282  0  0
9.999999999996523e-06
9.999999999996506e-06
9.999999999996509e-06
9.999999999996503e-06
9.999999999996513e-06

  283  0  0
9.999999999996516e-06
9.999999999996506e-06
9.999999999996506e-06
9.999999999996508e-06
9.999999999996516e-06

  284  0  0
9.999999999996513e-06
9.999999999996506e-06
9.999999999996509e-06
9.999999999996501e-06
9.999999999996513e-06

  285  0  0
9.999999999996516e-06
9.999999999996506e-06
9.999999999996509e-06
9.999999999996509e-06
9.999999999996518e-06

  286  0  0
9.999999999996518e-06
9.999999999996506e-06
9.999999999996508e-06
9.999999999996503e-06
9.999999999996509e-06

  287  0  0
9.999999999996503e-06
9.999999999996509e-06
9.999999999996506e-06
9.999999999996501e-06
9.999999999996513e-06

  288  0  0
9.999999999996513e-06
9.999999999996503e-06
9.999999999996506e-06
9.999999999996506e-06
9.999999999996521e-06

  289  0  0
9.999999999996514e-06
9.999999999996506e-06
9.999999999996508e-06
9.999999999996506e-06
9.999999999996523e-06

  290  0  0
9.999999999996516e-06
9.999999999996506e-06
9.999999999996509e-06
9.999999999996506e-06
9.999999999996520e-06

  291  0  0
9.999999999996513e-06
9.999999999996509e-06
9.999999999996506e-06
9.999999999996504e-06
9.999999999996509e-06

  292  0  0
9.999999999996513e-06
9.999999999996506e-06
9.999999999996508e-06
9.999999999996504e-06
9.999999999996516e-06

  293  0  0
9.999999999996513e-06
9.999999999996506e-06
9.999999999996509e-06
9.999999999996509e-06
9.999999999996516e-06

  294  0  0
9.999999999996513e-06
9.999999999996508e-06
9.999999999996509e-06
9.999999999996508e-06
9.999999999996520e-06

  295  0  0
9.999999999996509e-06
9.999999999996506e-06
9.999999999996506e-06
9.999999999996508e-06
9.999999999996520e-06

  296  0  0
9.999999999996513e-06
9.999999999996511e-06
9.999999999996506e-06
9.999999999996506e-06
9.999999999996520e-06

  297  0  0
9.999999999996513e-06
9.999999999996516e-06
9.999999999996504e-06
9.999999999996509e-06
9.999999999996514e-06

  298  0  0
9.999999999996520e-06
9.999999999996508e-06
9.999999999996509e-06
9.999999999996509e-06
9.999999999996520e-06

  299  0  0
9.999999999996511e-06
9.999999999996506e-06
9.999999999996504e-06
9.999999999996506e-06
9.999999999996520e-06

  300  0  0
9.999999999996516e-06
9.999999999996503e-06
9.999999999996508e-06
9.999999999996497e-06
9.999999999996525e-06

  301  0  0
9.999999999996521e-06
9.999999999996504e-06
9.999999999996509e-06
9.999999999996504e-06
9.999999999996504e-06

  302  0  0
9.999999999996513e-06
9.999999999996506e-06
9.999999999996506e-06
9.999999999996506e-06
9.999999999996516e-06

  303  0  0
9.999999999996509e-06
9.999999999996511e-06
9.999999999996504e-06
9.999999999996509e-06
9.999999999996516e-06

  304  0  0
9.999999999996511e-06
9.999999999996506e-06
9.999999999996509e-06
9.999999999996503e-06
9.999999999996514e-06

  305  0  0
9.999999999996513e-06
9.999999999996506e-06
9.999999999996506e-06
9.999999999996506e-06
9.999999999996521e-06

  306  0  0
9.999999999996516e-06
9.999999999996506e-06
9.999999999996509e-06
9.999999999996503e-06
9.999999999996520e-06

  307  0  0
9.999999999996513e-06
9.999999999996506e-06
9.999999999996506e-06
9.999999999996506e-06
9.999999999996513e-06

  308  0  0
9.999999999996516e-06
9.999999999996506e-06
9.999999999996509e-06
9.999999999996509e-06
9.999999999996518e-06

  309  0  0
9.999999999996516e-06
9.999999999996508e-06
9.999999999996509e-06
9.999999999996503e-06
9.999999999996516e-06

  310  0  0
9.999999999996511e-06
9.999999999996508e-06
9.999999999996506e-06
9.999999999996509e-06
9.999999999996513e-06

  311  0  0
9.999999999996511e-06
9.999999999996509e-06
9.999999999996509e-06
9.999999999996501e-06
9.999999999996520e-06

  312  0  0
9.999999999996511e-06
9.999999999996506e-06
9.999999999996508e-06
9.999999999996503e-06
9.999999999996508e-06

  313  0  0
9.999999999996506e-06
9.999999999996509e-06
9.999999999996508e-06
9.999999999996508e-06
9.999999999996276e-06

  314  0  0
9.999999999997077e-06
9.999999999996823e-06
9.999999999996008e-06
1.000000000000577e-05
1.000000000004278e-05

  315  0  0
9.999999999936904e-06
9.999999999949230e-06
1.000000000010689e-05
9.999999998557981e-06
9.999999992268575e-06

  316  0  0
1.000000000680620e-05
1.000000000866578e-05
9.999999981104805e-06
1.000000022159248e-05
1.000000127527555e-05

  317  0  0
9.999999277691200e-06
9.999998471899943e-06
1.000000317426696e-05
9.999965864104856e-06
9.999791722400666e-06

  318  0  0
1.000006588094652e-05
1.000026214787002e-05
9.999474489416667e-06
1.000525744774478e-05
1.003368139895136e-05

  319  0  0
9.976863981790215e-06
9.965721894688399e-06
1.007561756049404e-05
9.249808692105230e-06
4.177087740942130e-06

