#Cell 
# Element_0
# Element_1
# Element_2
# Element_3
0
1.164439984507239e+00
1.164186787547039e+00
1.163774369185878e+00
1.163517232831434e+00

1
1.163518011646992e+00
1.163261878471365e+00
1.162844674023544e+00
1.162587928717329e+00

2
1.162587647765177e+00
1.162328127762994e+00
1.161906674659702e+00
1.161648417778837e+00

3
1.161644566072322e+00
1.161382117688531e+00
1.160955731561043e+00
1.160691393199627e+00

4
1.160691331970939e+00
1.160425476586848e+00
1.159993568397562e+00
1.159720565973001e+00

5
1.159725713754707e+00
1.159456850874961e+00
1.159020709451839e+00
1.158750146905354e+00

6
1.158752220105321e+00
1.158478276638588e+00
1.158035420645607e+00
1.157758578636229e+00

7
1.157758234931890e+00
1.157482445856276e+00
1.157034355224202e+00
1.156754979352939e+00

8
1.156756303040378e+00
1.156477224162416e+00
1.156023557717163e+00
1.155742193660802e+00

9
1.155742065479566e+00
1.155458872042680e+00
1.154999486111135e+00
1.154714915072939e+00

10
1.154714266198214e+00
1.154427019137990e+00
1.153961360471509e+00
1.153674182415506e+00

11
1.153673457123813e+00
1.153383130186768e+00
1.152911533815450e+00
1.152618995221679e+00

12
1.152618518676312e+00
1.152324220492793e+00
1.151845771276678e+00
1.151549475444444e+00

13
1.151547986861441e+00
1.151248935127819e+00
1.150765791253593e+00
1.150465379709305e+00

14
1.150466399301050e+00
1.150161789412859e+00
1.149667974429556e+00
1.149364165279129e+00

15
1.149363928053133e+00
1.149057146513018e+00
1.148558691810003e+00
1.148248962941791e+00

16
1.148248747984733e+00
1.147936896880832e+00
1.147432974003065e+00
1.147119948234861e+00

17
1.147121917323194e+00
1.146802300559034e+00
1.146285620824827e+00
1.145970294953514e+00

18
1.145968917271736e+00
1.145648214913862e+00
1.145126505969675e+00
1.144804715263203e+00

19
1.144801741363546e+00
1.144477586012282e+00
1.143948288789182e+00
1.143621057234524e+00

20
1.143618618408772e+00
1.143289838321787e+00
1.142752774344936e+00
1.142420037615341e+00

21
1.142418280746398e+00
1.142082674135297e+00
1.141538578331834e+00
1.141200832539751e+00

22
1.141200076035570e+00
1.140859015538285e+00
1.140305159029803e+00
1.139962372784108e+00

23
1.139960531048875e+00
1.139614166249264e+00
1.139051454163095e+00
1.138703046440989e+00

24
1.138701399391650e+00
1.138349413712736e+00
1.137777599123092e+00
1.137423558386386e+00

25
1.137421837757702e+00
1.137064105891768e+00
1.136482912318603e+00
1.136123055407148e+00

26
1.136121276779713e+00
1.135757623994768e+00
1.135166757800380e+00
1.134800896355365e+00

27
1.134799076929282e+00
1.134429323834523e+00
1.133828489577016e+00
1.133456436933998e+00

28
1.133454592175452e+00
1.133078551914967e+00
1.132467439038029e+00
1.132088987912029e+00

29
1.132087146811155e+00
1.131704614783105e+00
1.131082894699706e+00
1.130697803995869e+00

30
1.130696027783892e+00
1.130306786386933e+00
1.129674090249881e+00
1.129282043956268e+00

31
1.129280376084753e+00
1.128884273610263e+00
1.128239997082678e+00
1.127840193732468e+00

32
1.127838334670747e+00
1.127435146672150e+00
1.126781179271152e+00
1.126374538619082e+00

33
1.126374393448013e+00
1.125963633442240e+00
1.125296306282755e+00
1.124882972666515e+00

34
1.124880656261339e+00
1.124462809742836e+00
1.123782819825149e+00
1.123360972540919e+00

35
1.123358713005926e+00
1.122932967053594e+00
1.122242192574063e+00
1.121812523854709e+00

36
1.121812470509963e+00
1.121378403836832e+00
1.120673041611777e+00
1.120236030788045e+00

37
1.120233650028785e+00
1.119791783922454e+00
1.119072499879881e+00
1.118625924316398e+00

38
1.118623862991200e+00
1.118173370402283e+00
1.117442271808688e+00
1.116987592346257e+00

39
1.116986994689469e+00
1.116527535088426e+00
1.115779972354316e+00
1.115315940354490e+00

40
1.115313387190204e+00
1.114845145888459e+00
1.114084642021901e+00
1.113611169379768e+00

41
1.113610046291654e+00
1.113131712637883e+00
1.112356191088902e+00
1.111872890442332e+00

42
1.111873174382041e+00
1.111384940467950e+00
1.110594295072612e+00
1.110102115661128e+00

43
1.110105820286364e+00
1.109605280757028e+00
1.108795396745634e+00
1.108293184986724e+00

44
1.108292748739631e+00
1.107785752086489e+00
1.106960104569144e+00
1.106447366735206e+00

45
1.106446752241205e+00
1.105928510900209e+00
1.105085497907961e+00
1.104562774876857e+00

46
1.104559956489679e+00
1.104031087885798e+00
1.103169649284554e+00
1.102634697572539e+00

47
1.102631665660768e+00
1.102091490580936e+00
1.101213788972965e+00
1.100667172740887e+00

48
1.100665742990851e+00
1.100113358374017e+00
1.099216541855998e+00
1.098657867648431e+00

49
1.098657105690455e+00
1.098092379585925e+00
1.097176134437162e+00
1.096605511365301e+00

50
1.096605538714239e+00
1.096028780743017e+00
1.095089671272930e+00
1.094506031417097e+00

51
1.094503052629194e+00
1.093913935719549e+00
1.092956348441739e+00
1.092359889729693e+00

52
1.092357652561576e+00
1.091755069843892e+00
1.090775693786883e+00
1.090165635496988e+00

53
1.090163564999517e+00
1.089547138661895e+00
1.088545345562786e+00
1.087921227956875e+00

54
1.087919277359316e+00
1.087288582386384e+00
1.086263634751365e+00
1.085625017227559e+00

55
1.085623088767036e+00
1.084977687577635e+00
1.083928813087477e+00
1.083275227201767e+00

56
1.083273244802389e+00
1.082612676151471e+00
1.081539065801451e+00
1.080870019151716e+00

57
1.080867916194535e+00
1.080191703833175e+00
1.079092522277231e+00
1.078407505440582e+00

58
1.078405219522939e+00
1.077712877044311e+00
1.076587271587854e+00
1.075885760192838e+00

59
1.075883242219192e+00
1.075174272013884e+00
1.074021412384044e+00
1.073302918696994e+00

60
1.073300252377525e+00
1.072574045649099e+00
1.071393522467625e+00
1.070658344861669e+00

61
1.070656835104655e+00
1.069912053813351e+00
1.068698463803998e+00
1.067942357211264e+00

62
1.067943719867319e+00
1.067178752387871e+00
1.065935027554415e+00
1.065162339666717e+00

63
1.065159114203936e+00
1.064376509619668e+00
1.063100412310816e+00
1.062306692827678e+00

64
1.062302320858503e+00
1.061499937305883e+00
1.060195490839284e+00
1.059382797805713e+00

65
1.059381024855059e+00
1.058557154217045e+00
1.057214336432266e+00
1.056377468257096e+00

66
1.056379018527244e+00
1.055531906095825e+00
1.054154398213827e+00
1.053298508103993e+00

67
1.053294881130731e+00
1.052427279428757e+00
1.051012985755035e+00
1.050133402079686e+00

68
1.050131127811404e+00
1.049239500313239e+00
1.047786662805766e+00
1.046880995972869e+00

69
1.046882534441908e+00
1.045965273211333e+00
1.044473376899698e+00
1.043546320965326e+00

70
1.043542102453942e+00
1.042601885828829e+00
1.041068626906189e+00
1.040114278309318e+00

71
1.040112506673055e+00
1.039144970121596e+00
1.037568203479191e+00
1.036584907239984e+00

72
1.036585606597724e+00
1.035587549707959e+00
1.033969916528726e+00
1.032961952926389e+00

73
1.032963006804998e+00
1.031941183503316e+00
1.030274263081578e+00
1.029237551714949e+00

74
1.029230227130497e+00
1.028180032860479e+00
1.026471551479309e+00
1.025406006974344e+00

75
1.025404099981392e+00
1.024322708365196e+00
1.022559034511968e+00
1.021459146896155e+00

76
1.021461806850280e+00
1.020345863230084e+00
1.018533680984987e+00
1.017407483292020e+00

77
1.017409889792986e+00
1.016251939679086e+00
1.014403054058777e+00
1.013258528016197e+00

78
1.013303420844830e+00
1.012054358277361e+00
1.010098844927671e+00
1.008960817716190e+00

79
1.008975399320278e+00
1.007710030555872e+00
1.005674736192895e+00
1.004484039080105e+00

80
1.004452651122339e+00
1.003198805638269e+00
1.001150995269053e+00
9.998767022919530e-01

81
9.998727578944153e-01
9.985756217219390e-01
9.964715210594729e-01
9.951594584064846e-01

82
9.951711246125063e-01
9.938137711475926e-01
9.916074703256510e-01
9.902529209830286e-01

83
9.902556957607219e-01
9.888769751180868e-01
9.866291036838920e-01
9.852250610336282e-01

84
9.852329375687275e-01
9.838029435168444e-01
9.814964650239846e-01
9.800677428498322e-01

85
9.801079173614188e-01
9.785826678112097e-01
9.761234364718319e-01
9.746872853624351e-01

86
9.746460544525115e-01
9.731246278985491e-01
9.706405452186566e-01
9.690947866351427e-01

87
9.690910953743136e-01
9.675116752420825e-01
9.649574535166756e-01
9.633652667706212e-01

88
9.633883113848867e-01
9.617194905979710e-01
9.590079849271781e-01
9.573584284560001e-01

89
9.573592178431996e-01
9.556722208326817e-01
9.529188259585096e-01
9.511961046922522e-01

90
9.511947246737145e-01
9.494453097051544e-01
9.465957340101808e-01
9.448139881108809e-01

91
9.448123445533928e-01
9.430009793195899e-01
9.400385382900024e-01
9.381938286595666e-01

92
9.381825709148229e-01
9.363037060799603e-01
9.332288122437981e-01
9.313043460310855e-01

93
9.313097117628576e-01
9.293521758962887e-01
9.261588317510728e-01
9.241670252933504e-01

94
9.241514160865788e-01
9.221245835877673e-01
9.188209816320951e-01
9.167531717206180e-01

95
9.167490849981615e-01
9.146408404918390e-01
9.111904460310020e-01
9.090343081243968e-01

96
9.090337174877958e-01
9.068369524025899e-01
9.032480116099132e-01
9.010082084000063e-01

97
9.009984578263409e-01
8.987138158939657e-01
8.949732151117643e-01
8.926338750499843e-01

98
8.926335218920805e-01
8.902479031355929e-01
8.863489223087969e-01
8.839145742100029e-01

99
8.839031664937580e-01
8.814178308189825e-01
8.773457643526543e-01
8.747974572483422e-01

100
8.747971215696264e-01
8.721960862737338e-01
8.679423660053005e-01
8.652844435526800e-01

101
8.652722119351783e-01
8.625561278302845e-01
8.581030481499642e-01
8.553149428453820e-01

102
8.553131456465152e-01
8.524642140017288e-01
8.478004518823525e-01
8.448827697547839e-01

103
8.448710540043728e-01
8.418866060080271e-01
8.369906860764466e-01
8.339242587909034e-01

104
8.339188966243429e-01
8.307813549535971e-01
8.256377139532203e-01
8.224138883879538e-01

105
8.224053000785616e-01
8.191043161832361e-01
8.136866997397817e-01
8.102924738221403e-01

106
8.102808611097457e-01
8.068022210512352e-01
8.010881317043916e-01
7.974974185760225e-01

107
7.974960444739065e-01
7.938150809271809e-01
7.877717593500388e-01
7.839832837950217e-01

108
7.839623598453134e-01
7.800716263655272e-01
7.736632058599267e-01
7.696196210385887e-01

109
7.696327965061426e-01
7.654594846587732e-01
7.586664184948102e-01
7.543909575976331e-01

110
7.543986611289367e-01
7.500126380987558e-01
7.427544880446376e-01
7.381830904492714e-01

111
7.381599014522890e-01
7.334424852224618e-01
7.257192575708401e-01
7.208328134131796e-01

112
7.208236836609623e-01
7.157801467218863e-01
7.074328286188931e-01
7.021615167740088e-01

113
7.021532252788000e-01
6.967064442180400e-01
6.876961307950611e-01
6.819861805082060e-01

114
6.819783712133795e-01
6.760690918922673e-01
6.662675464981215e-01
6.600568451417028e-01

115
6.599966289942715e-01
6.535498535776719e-01
6.428981795560473e-01
6.360979010071303e-01

116
6.360809225915237e-01
6.289913119399353e-01
6.171391470538818e-01
6.095814319777051e-01

117
6.095555460882983e-01
6.016509475809881e-01
5.883997921260754e-01
5.798639495901278e-01

118
5.798872600515036e-01
5.708514435885605e-01
5.558477418628203e-01
5.461632989505543e-01

119
5.461900991199230e-01
5.359799222165859e-01
5.185087284436950e-01
5.071331278593514e-01

120
5.070122026757430e-01
4.948151247079178e-01
4.740387544884643e-01
4.602238679447079e-01

121
4.601570430990744e-01
4.451061915671334e-01
4.184528734698441e-01
4.003365942398852e-01

122
4.000184133573416e-01
3.796703577899352e-01
3.422688722906891e-01
3.148966609814519e-01

123
3.145909755715438e-01
2.812901129302755e-01
1.985604834190925e-01
1.004995446571740e-01

124
9.261206179379912e-02
6.058762701455617e-02
5.474805024084105e-02
5.793602292412302e-02

125
5.671975252115676e-02
5.625585184774565e-02
5.622698769745118e-02
5.624252040976958e-02

126
5.623643090823814e-02
5.623423427166498e-02
5.623409908290881e-02
5.623417171634309e-02

127
5.623414330817109e-02
5.623413299818952e-02
5.623413236176929e-02
5.623413270310963e-02

128
5.623413256989267e-02
5.623413252130156e-02
5.623413251828637e-02
5.623413251989771e-02

129
5.623413251927154e-02
5.623413251904094e-02
5.623413251902645e-02
5.623413251903413e-02

130
5.623413251903116e-02
5.623413251903005e-02
5.623413251902998e-02
5.623413251903002e-02

131
5.623413251903001e-02
5.623413251903000e-02
5.623413251903000e-02
5.623413251903000e-02

132
5.623413251903000e-02
5.623413251903000e-02
5.623413251903000e-02
5.623413251903000e-02

133
5.623413251903000e-02
5.623413251903000e-02
5.623413251903000e-02
5.623413251903000e-02

134
5.623413251903000e-02
5.623413251903000e-02
5.623413251903000e-02
5.623413251903000e-02

135
5.623413251903000e-02
5.623413251903000e-02
5.623413251903000e-02
5.623413251903000e-02

136
5.623413251903000e-02
5.623413251903000e-02
5.623413251903000e-02
5.623413251903000e-02

137
5.623413251903000e-02
5.623413251903000e-02
5.623413251903000e-02
5.623413251903000e-02

138
5.623413251903000e-02
5.623413251903000e-02
5.623413251903000e-02
5.623413251903000e-02

139
5.623413251903000e-02
5.623413251903000e-02
5.623413251903000e-02
5.623413251903000e-02

140
5.623413251903000e-02
5.623413251903000e-02
5.623413251903000e-02
5.623413251903000e-02

141
5.623413251903000e-02
5.623413251903000e-02
5.623413251903000e-02
5.623413251903000e-02

142
5.623413251903000e-02
5.623413251903000e-02
5.623413251903000e-02
5.623413251903000e-02

143
5.623413251903000e-02
5.623413251903000e-02
5.623413251903000e-02
5.623413251903000e-02

144
5.623413251903000e-02
5.623413251903000e-02
5.623413251903000e-02
5.623413251903000e-02

145
5.623413251903000e-02
5.623413251903000e-02
5.623413251903000e-02
5.623413251903000e-02

146
5.623413251903000e-02
5.623413251903000e-02
5.623413251903000e-02
5.623413251903000e-02

147
5.623413251903000e-02
5.623413251903000e-02
5.623413251903000e-02
5.623413251903000e-02

148
5.623413251903000e-02
5.623413251903000e-02
5.623413251903000e-02
5.623413251903000e-02

149
5.623413251903000e-02
5.623413251903000e-02
5.623413251903000e-02
5.623413251903000e-02

150
5.623413251903000e-02
5.623413251903000e-02
5.623413251903000e-02
5.623413251903000e-02

151
5.623413251903000e-02
5.623413251903000e-02
5.623413251903000e-02
5.623413251903000e-02

152
5.623413251903000e-02
5.623413251903000e-02
5.623413251903000e-02
5.623413251903000e-02

153
5.623413251903000e-02
5.623413251903000e-02
5.623413251903000e-02
5.623413251903000e-02

154
5.623413251903000e-02
5.623413251903000e-02
5.623413251903000e-02
5.623413251903000e-02

155
5.623413251903000e-02
5.623413251903000e-02
5.623413251903000e-02
5.623413251903000e-02

156
5.623413251903000e-02
5.623413251903000e-02
5.623413251903000e-02
5.623413251903000e-02

157
5.623413251903000e-02
5.623413251903000e-02
5.623413251903000e-02
5.623413251903000e-02

158
5.623413251903000e-02
5.623413251903000e-02
5.623413251903000e-02
5.623413251903000e-02

159
5.623413251903000e-02
5.623413251903000e-02
5.623413251903000e-02
5.623413251903000e-02

160
5.623413251903000e-02
5.623413251903000e-02
5.623413251903000e-02
5.623413251903000e-02

161
5.623413251903000e-02
5.623413251903000e-02
5.623413251903000e-02
5.623413251903000e-02

162
5.623413251903000e-02
5.623413251903000e-02
5.623413251903000e-02
5.623413251903000e-02

163
5.623413251903000e-02
5.623413251903000e-02
5.623413251903000e-02
5.623413251903000e-02

164
5.623413251903000e-02
5.623413251903000e-02
5.623413251903000e-02
5.623413251903000e-02

165
5.623413251903000e-02
5.623413251903000e-02
5.623413251903000e-02
5.623413251903000e-02

166
5.623413251903000e-02
5.623413251903000e-02
5.623413251903000e-02
5.623413251903000e-02

167
5.623413251903000e-02
5.623413251903000e-02
5.623413251903000e-02
5.623413251903000e-02

168
5.623413251903000e-02
5.623413251903000e-02
5.623413251903000e-02
5.623413251903000e-02

169
5.623413251903000e-02
5.623413251903000e-02
5.623413251903000e-02
5.623413251903000e-02

170
5.623413251903000e-02
5.623413251903000e-02
5.623413251903000e-02
5.623413251903000e-02

171
5.623413251903000e-02
5.623413251903000e-02
5.623413251903000e-02
5.623413251903000e-02

172
5.623413251903000e-02
5.623413251903000e-02
5.623413251903000e-02
5.623413251903000e-02

173
5.623413251903000e-02
5.623413251903000e-02
5.623413251903000e-02
5.623413251903000e-02

174
5.623413251903000e-02
5.623413251903000e-02
5.623413251903000e-02
5.623413251903000e-02

175
5.623413251903000e-02
5.623413251903000e-02
5.623413251903000e-02
5.623413251903000e-02

176
5.623413251903000e-02
5.623413251903000e-02
5.623413251903000e-02
5.623413251903000e-02

177
5.623413251903000e-02
5.623413251903000e-02
5.623413251903000e-02
5.623413251903000e-02

178
5.623413251903000e-02
5.623413251903000e-02
5.623413251903000e-02
5.623413251903000e-02

179
5.623413251903000e-02
5.623413251903000e-02
5.623413251903000e-02
5.623413251903000e-02

180
5.623413251903000e-02
5.623413251903000e-02
5.623413251903000e-02
5.623413251903000e-02

181
5.623413251903000e-02
5.623413251903000e-02
5.623413251903000e-02
5.623413251903000e-02

182
5.623413251903000e-02
5.623413251903000e-02
5.623413251903000e-02
5.623413251903000e-02

183
5.623413251903000e-02
5.623413251903000e-02
5.623413251903000e-02
5.623413251903000e-02

184
5.623413251903000e-02
5.623413251903000e-02
5.623413251903000e-02
5.623413251903000e-02

185
5.623413251903000e-02
5.623413251903000e-02
5.623413251903000e-02
5.623413251903000e-02

186
5.623413251903000e-02
5.623413251903000e-02
5.623413251903000e-02
5.623413251903000e-02

187
5.623413251903000e-02
5.623413251903000e-02
5.623413251903000e-02
5.623413251903000e-02

188
5.623413251903000e-02
5.623413251903000e-02
5.623413251903000e-02
5.623413251903000e-02

189
5.623413251903000e-02
5.623413251903000e-02
5.623413251903000e-02
5.623413251903000e-02

190
5.623413251903000e-02
5.623413251903000e-02
5.623413251903000e-02
5.623413251903000e-02

191
5.623413251903000e-02
5.623413251903000e-02
5.623413251903000e-02
5.623413251903000e-02

192
5.623413251903000e-02
5.623413251903000e-02
5.623413251903000e-02
5.623413251903000e-02

193
5.623413251903000e-02
5.623413251903000e-02
5.623413251903000e-02
5.623413251903000e-02

194
5.623413251903000e-02
5.623413251903000e-02
5.623413251903000e-02
5.623413251903000e-02

195
5.623413251903000e-02
5.623413251903000e-02
5.623413251903000e-02
5.623413251903000e-02

196
5.623413251903000e-02
5.623413251903000e-02
5.623413251903000e-02
5.623413251903000e-02

197
5.623413251903000e-02
5.623413251903000e-02
5.623413251903000e-02
5.623413251903000e-02

198
5.623413251903000e-02
5.623413251903000e-02
5.623413251903000e-02
5.623413251903000e-02

199
5.623413251903000e-02
5.623413251903000e-02
5.623413251903000e-02
5.623413251903000e-02

200
5.623413251903000e-02
5.623413251903000e-02
5.623413251903000e-02
5.623413251903000e-02

201
5.623413251903000e-02
5.623413251903000e-02
5.623413251903000e-02
5.623413251903000e-02

202
5.623413251903000e-02
5.623413251903000e-02
5.623413251903000e-02
5.623413251903000e-02

203
5.623413251903000e-02
5.623413251903000e-02
5.623413251903000e-02
5.623413251903000e-02

204
5.623413251903000e-02
5.623413251903000e-02
5.623413251903000e-02
5.623413251903000e-02

205
5.623413251903000e-02
5.623413251903000e-02
5.623413251903000e-02
5.623413251903000e-02

206
5.623413251903000e-02
5.623413251903000e-02
5.623413251903000e-02
5.623413251903000e-02

207
5.623413251903000e-02
5.623413251903000e-02
5.623413251903000e-02
5.623413251903000e-02

208
5.623413251903000e-02
5.623413251903000e-02
5.623413251903000e-02
5.623413251903000e-02

209
5.623413251903000e-02
5.623413251903000e-02
5.623413251903000e-02
5.623413251903000e-02

210
5.623413251903000e-02
5.623413251903000e-02
5.623413251903000e-02
5.623413251903000e-02

211
5.623413251903000e-02
5.623413251903000e-02
5.623413251903000e-02
5.623413251903000e-02

212
5.623413251903000e-02
5.623413251903000e-02
5.623413251903000e-02
5.623413251903000e-02

213
5.623413251903000e-02
5.623413251903000e-02
5.623413251903000e-02
5.623413251903000e-02

214
5.623413251903000e-02
5.623413251903000e-02
5.623413251903000e-02
5.623413251903000e-02

215
5.623413251903000e-02
5.623413251903000e-02
5.623413251903000e-02
5.623413251903000e-02

216
5.623413251903000e-02
5.623413251903000e-02
5.623413251903000e-02
5.623413251903000e-02

217
5.623413251903000e-02
5.623413251903000e-02
5.623413251903000e-02
5.623413251903000e-02

218
5.623413251903000e-02
5.623413251903000e-02
5.623413251903000e-02
5.623413251903000e-02

219
5.623413251903000e-02
5.623413251903000e-02
5.623413251903000e-02
5.623413251903000e-02

220
5.623413251903000e-02
5.623413251903000e-02
5.623413251903000e-02
5.623413251903000e-02

221
5.623413251903000e-02
5.623413251903000e-02
5.623413251903000e-02
5.623413251903000e-02

222
5.623413251903000e-02
5.623413251903000e-02
5.623413251903000e-02
5.623413251903000e-02

223
5.623413251903000e-02
5.623413251903000e-02
5.623413251903000e-02
5.623413251903000e-02

224
5.623413251903000e-02
5.623413251903000e-02
5.623413251903000e-02
5.623413251903000e-02

225
5.623413251903000e-02
5.623413251903000e-02
5.623413251903000e-02
5.623413251903000e-02

226
5.623413251903000e-02
5.623413251903000e-02
5.623413251903000e-02
5.623413251903000e-02

227
5.623413251903000e-02
5.623413251903000e-02
5.623413251903000e-02
5.623413251903000e-02

228
5.623413251903000e-02
5.623413251903000e-02
5.623413251903000e-02
5.623413251903000e-02

229
5.623413251903000e-02
5.623413251903000e-02
5.623413251903000e-02
5.623413251903000e-02

230
5.623413251903000e-02
5.623413251903000e-02
5.623413251903000e-02
5.623413251903000e-02

231
5.623413251903000e-02
5.623413251903000e-02
5.623413251903000e-02
5.623413251903000e-02

232
5.623413251903000e-02
5.623413251903000e-02
5.623413251903000e-02
5.623413251903000e-02

233
5.623413251903000e-02
5.623413251903000e-02
5.623413251903000e-02
5.623413251903000e-02

234
5.623413251903000e-02
5.623413251903000e-02
5.623413251903000e-02
5.623413251903000e-02

235
5.623413251903000e-02
5.623413251903000e-02
5.623413251903000e-02
5.623413251903000e-02

236
5.623413251903000e-02
5.623413251903000e-02
5.623413251903000e-02
5.623413251903000e-02

237
5.623413251903000e-02
5.623413251903000e-02
5.623413251903000e-02
5.623413251903000e-02

238
5.623413251903000e-02
5.623413251903000e-02
5.623413251903000e-02
5.623413251903000e-02

239
5.623413251903000e-02
5.623413251903000e-02
5.623413251903000e-02
5.623413251903000e-02

240
5.623413251903000e-02
5.623413251903000e-02
5.623413251903000e-02
5.623413251903000e-02

241
5.623413251903000e-02
5.623413251903000e-02
5.623413251903000e-02
5.623413251903000e-02

242
5.623413251903000e-02
5.623413251903000e-02
5.623413251903000e-02
5.623413251903000e-02

243
5.623413251903000e-02
5.623413251903000e-02
5.623413251903000e-02
5.623413251903000e-02

244
5.623413251903000e-02
5.623413251903000e-02
5.623413251903000e-02
5.623413251903000e-02

245
5.623413251903000e-02
5.623413251903000e-02
5.623413251903000e-02
5.623413251903000e-02

246
5.623413251903000e-02
5.623413251903000e-02
5.623413251903000e-02
5.623413251903000e-02

247
5.623413251903000e-02
5.623413251903000e-02
5.623413251903000e-02
5.623413251903000e-02

248
5.623413251903000e-02
5.623413251903000e-02
5.623413251903000e-02
5.623413251903000e-02

249
5.623413251903000e-02
5.623413251903000e-02
5.623413251903000e-02
5.623413251903000e-02

250
5.623413251903000e-02
5.623413251903000e-02
5.623413251903000e-02
5.623413251903000e-02

251
5.623413251903000e-02
5.623413251903000e-02
5.623413251903000e-02
5.623413251903000e-02

252
5.623413251903000e-02
5.623413251903000e-02
5.623413251903000e-02
5.623413251903000e-02

253
5.623413251903000e-02
5.623413251903000e-02
5.623413251903000e-02
5.623413251903000e-02

254
5.623413251903000e-02
5.623413251903000e-02
5.623413251903000e-02
5.623413251903000e-02

255
5.623413251903000e-02
5.623413251903000e-02
5.623413251903000e-02
5.623413251903000e-02

256
5.623413251903000e-02
5.623413251903000e-02
5.623413251903000e-02
5.623413251903000e-02

257
5.623413251903000e-02
5.623413251903000e-02
5.623413251903000e-02
5.623413251903000e-02

258
5.623413251903000e-02
5.623413251903000e-02
5.623413251903000e-02
5.623413251903000e-02

259
5.623413251903000e-02
5.623413251903000e-02
5.623413251903000e-02
5.623413251903000e-02

260
5.623413251903000e-02
5.623413251903000e-02
5.623413251903000e-02
5.623413251903000e-02

261
5.623413251903000e-02
5.623413251903000e-02
5.623413251903000e-02
5.623413251903000e-02

262
5.623413251903000e-02
5.623413251903000e-02
5.623413251903000e-02
5.623413251903000e-02

263
5.623413251903000e-02
5.623413251903000e-02
5.623413251903000e-02
5.623413251903000e-02

264
5.623413251903000e-02
5.623413251903000e-02
5.623413251903000e-02
5.623413251903000e-02

265
5.623413251903000e-02
5.623413251903000e-02
5.623413251903000e-02
5.623413251903000e-02

266
5.623413251903000e-02
5.623413251903000e-02
5.623413251903000e-02
5.623413251903000e-02

267
5.623413251903000e-02
5.623413251903000e-02
5.623413251903000e-02
5.623413251903000e-02

268
5.623413251903000e-02
5.623413251903000e-02
5.623413251903000e-02
5.623413251903000e-02

269
5.623413251903000e-02
5.623413251903000e-02
5.623413251903000e-02
5.623413251903000e-02

270
5.623413251903000e-02
5.623413251903000e-02
5.623413251903000e-02
5.623413251903000e-02

271
5.623413251903000e-02
5.623413251903000e-02
5.623413251903000e-02
5.623413251903000e-02

272
5.623413251903000e-02
5.623413251903000e-02
5.623413251903000e-02
5.623413251903000e-02

273
5.623413251903000e-02
5.623413251903000e-02
5.623413251903000e-02
5.623413251903000e-02

274
5.623413251903000e-02
5.623413251903000e-02
5.623413251903000e-02
5.623413251903000e-02

275
5.623413251903000e-02
5.623413251903000e-02
5.623413251903000e-02
5.623413251903000e-02

276
5.623413251903000e-02
5.623413251903000e-02
5.623413251903000e-02
5.623413251903000e-02

277
5.623413251903000e-02
5.623413251903000e-02
5.623413251903000e-02
5.623413251903000e-02

278
5.623413251903000e-02
5.623413251903000e-02
5.623413251903000e-02
5.623413251903000e-02

279
5.623413251903000e-02
5.623413251903000e-02
5.623413251903000e-02
5.623413251903000e-02

280
5.623413251903000e-02
5.623413251903000e-02
5.623413251903000e-02
5.623413251903000e-02

281
5.623413251903000e-02
5.623413251903000e-02
5.623413251903000e-02
5.623413251903000e-02

282
5.623413251903000e-02
5.623413251903000e-02
5.623413251903000e-02
5.623413251903000e-02

283
5.623413251903000e-02
5.623413251903000e-02
5.623413251903000e-02
5.623413251903000e-02

284
5.623413251903000e-02
5.623413251903000e-02
5.623413251903000e-02
5.623413251903000e-02

285
5.623413251903000e-02
5.623413251903000e-02
5.623413251903000e-02
5.623413251903000e-02

286
5.623413251903000e-02
5.623413251903000e-02
5.623413251903000e-02
5.623413251903000e-02

287
5.623413251903000e-02
5.623413251903000e-02
5.623413251903000e-02
5.623413251903000e-02

288
5.623413251903000e-02
5.623413251903000e-02
5.623413251903000e-02
5.623413251903000e-02

289
5.623413251903000e-02
5.623413251903000e-02
5.623413251903000e-02
5.623413251903000e-02

290
5.623413251903000e-02
5.623413251903000e-02
5.623413251903000e-02
5.623413251903000e-02

291
5.623413251903000e-02
5.623413251903000e-02
5.623413251903000e-02
5.623413251903000e-02

292
5.623413251903000e-02
5.623413251903000e-02
5.623413251903000e-02
5.623413251903000e-02

293
5.623413251903000e-02
5.623413251903000e-02
5.623413251903000e-02
5.623413251903000e-02

294
5.623413251903000e-02
5.623413251903000e-02
5.623413251903000e-02
5.623413251903000e-02

295
5.623413251903000e-02
5.623413251903000e-02
5.623413251903000e-02
5.623413251903000e-02

296
5.623413251903000e-02
5.623413251903000e-02
5.623413251903000e-02
5.623413251903000e-02

297
5.623413251903000e-02
5.623413251903000e-02
5.623413251903000e-02
5.623413251903000e-02

298
5.623413251903000e-02
5.623413251903000e-02
5.623413251903000e-02
5.623413251903000e-02

299
5.623413251903000e-02
5.623413251903000e-02
5.623413251903000e-02
5.623413251903000e-02

300
5.623413251903000e-02
5.623413251903000e-02
5.623413251903000e-02
5.623413251903000e-02

301
5.623413251903000e-02
5.623413251903000e-02
5.623413251903000e-02
5.623413251903000e-02

302
5.623413251903000e-02
5.623413251903000e-02
5.623413251903000e-02
5.623413251903000e-02

303
5.623413251903000e-02
5.623413251903000e-02
5.623413251903000e-02
5.623413251903000e-02

304
5.623413251903000e-02
5.623413251903000e-02
5.623413251903000e-02
5.623413251903000e-02

305
5.623413251903000e-02
5.623413251903000e-02
5.623413251903000e-02
5.623413251903000e-02

306
5.623413251903000e-02
5.623413251903000e-02
5.623413251903000e-02
5.623413251903000e-02

307
5.623413251903000e-02
5.623413251903000e-02
5.623413251903000e-02
5.623413251903000e-02

308
5.623413251903000e-02
5.623413251903000e-02
5.623413251903000e-02
5.623413251903000e-02

309
5.623413251903000e-02
5.623413251903000e-02
5.623413251903000e-02
5.623413251903000e-02

310
5.623413251903000e-02
5.623413251903000e-02
5.623413251903000e-02
5.623413251903000e-02

311
5.623413251903000e-02
5.623413251903000e-02
5.623413251903000e-02
5.623413251903000e-02

312
5.623413251903000e-02
5.623413251903000e-02
5.623413251903000e-02
5.623413251903000e-02

313
5.623413251903000e-02
5.623413251903000e-02
5.623413251903000e-02
5.623413251902347e-02

314
5.623413251902171e-02
5.623413251904177e-02
5.623413251898306e-02
5.623413251834483e-02

315
5.623413251819816e-02
5.623413252023962e-02
5.623413251417379e-02
5.623413244953098e-02

316
5.623413244032408e-02
5.623413263885086e-02
5.623413202836187e-02
5.623412563495194e-02

317
5.623412536166394e-02
5.623414406944104e-02
5.623408407250596e-02
5.623346889070278e-02

318
5.623351352601737e-02
5.623521128227125e-02
5.622947192063542e-02
5.617200541426572e-02

319
5.619066303926224e-02
5.632789355528484e-02
5.580686710287166e-02
4.924434608700611e-02

