#Cell    Group    L_mom 
# Element_0
# Element_1
# Element_2
# Element_3
    0  0  0
1.913933377051421e+00
1.912788306192458e+00
1.911293213923237e+00
1.910146765156200e+00

    1  0  0
1.909535651373883e+00
1.908388545331257e+00
1.906890868701047e+00
1.905741894672854e+00

    2  0  0
1.905129117407254e+00
1.903978231425200e+00
1.902474672082149e+00
1.901320821918582e+00

    3  0  0
1.900705505941303e+00
1.899550246637393e+00
1.898042041228659e+00
1.896885570757028e+00

    4  0  0
1.896269078979577e+00
1.895111702151272e+00
1.893600188858380e+00
1.892440196576772e+00

    5  0  0
1.891821441566884e+00
1.890659332500312e+00
1.889141502844499e+00
1.887977319535210e+00

    6  0  0
1.887356719679550e+00
1.886191797445640e+00
1.884670924698628e+00
1.883504221123349e+00

    7  0  0
1.882881970663718e+00
1.881713235379618e+00
1.880186228672284e+00
1.879014304238794e+00

    8  0  0
1.878389342586382e+00
1.877215949275183e+00
1.875683961018161e+00
1.874509105426791e+00

    9  0  0
1.873882731643058e+00
1.872706679281538e+00
1.871170564648530e+00
1.869991591227979e+00

   10  0  0
1.869362677656434e+00
1.868181371198559e+00
1.866638182171179e+00
1.865454295777742e+00

   11  0  0
1.864823120953184e+00
1.863638265702165e+00
1.862091312624006e+00
1.860904623852676e+00

   12  0  0
1.860271727585812e+00
1.859082972483315e+00
1.857529659109509e+00
1.856337290949704e+00

   13  0  0
1.855701312877645e+00
1.854507049855180e+00
1.852947506151483e+00
1.851751382877323e+00

   14  0  0
1.851113655130846e+00
1.849916278150687e+00
1.848352319804806e+00
1.847151968586012e+00

   15  0  0
1.846511620219402e+00
1.845308711060913e+00
1.843736948884101e+00
1.842530782213956e+00

   16  0  0
1.841887609529892e+00
1.840680069777624e+00
1.839103328084706e+00
1.837893791294594e+00

   17  0  0
1.837248731670778e+00
1.836037173342557e+00
1.834453972026631e+00
1.833238467442768e+00

   18  0  0
1.832590028374101e+00
1.831372105546847e+00
1.829781268338764e+00
1.828560919171476e+00

   19  0  0
1.827910243005600e+00
1.826688538372796e+00
1.825092786727650e+00
1.823868024786425e+00

   20  0  0
1.823214628576501e+00
1.821987092640584e+00
1.820382801568303e+00
1.819151305917514e+00

   21  0  0
1.818494501496226e+00
1.817261193515074e+00
1.815650583745656e+00
1.814414998093505e+00

   22  0  0
1.813756033774548e+00
1.812518357796479e+00
1.810901056815575e+00
1.809659394860013e+00

   23  0  0
1.808996984570502e+00
1.807752664363068e+00
1.806126707346543e+00
1.804878671851592e+00

   24  0  0
1.804212939284116e+00
1.802962543128446e+00
1.801328977600610e+00
1.800075370842664e+00

   25  0  0
1.799406746395738e+00
1.798150819161688e+00
1.796509446245881e+00
1.795249128579689e+00

   26  0  0
1.794576724904823e+00
1.793313744535863e+00
1.791663856932245e+00
1.790397974693203e+00

   27  0  0
1.789722867873106e+00
1.788454911245651e+00
1.786797952399555e+00
1.785525591993647e+00

   28  0  0
1.784846628027903e+00
1.783570844591610e+00
1.781903314351983e+00
1.780623299970727e+00

   29  0  0
1.779940616978144e+00
1.778658555441645e+00
1.776983684327107e+00
1.775698132539256e+00

   30  0  0
1.775012289759489e+00
1.773723810536710e+00
1.772039513153806e+00
1.770745936219639e+00

   31  0  0
1.770055590995842e+00
1.768758278585001e+00
1.767062354991597e+00
1.765760402711886e+00

   32  0  0
1.765066016376223e+00
1.763762099541905e+00
1.762058821744811e+00
1.760751416578532e+00

   33  0  0
1.760053745374712e+00
1.758742517288269e+00
1.757027740796097e+00
1.755710598145966e+00

   34  0  0
1.755007914589870e+00
1.753688103486482e+00
1.751963800827003e+00
1.750640359395572e+00

   35  0  0
1.749934263337132e+00
1.748607552113427e+00
1.746872819226733e+00
1.745540127862063e+00

   36  0  0
1.744828837856909e+00
1.743492176884204e+00
1.741744863150179e+00
1.740403440242624e+00

   37  0  0
1.739687871667392e+00
1.738343711704807e+00
1.736586896632093e+00
1.735237716678311e+00

   38  0  0
1.734517664308967e+00
1.733164330374879e+00
1.731394340228096e+00
1.730034517402113e+00

   39  0  0
1.729308841168808e+00
1.727945423413419e+00
1.726163442802944e+00
1.724795362204991e+00

   40  0  0
1.724065399699084e+00
1.722693800878739e+00
1.720900277882104e+00
1.719522276488573e+00

   41  0  0
1.718786672777537e+00
1.717403930702713e+00
1.715595535577238e+00
1.714206571613963e+00

   42  0  0
1.713465495546508e+00
1.712073190689118e+00
1.710253093294370e+00
1.708855103066663e+00

   43  0  0
1.708108941411496e+00
1.706706565933935e+00
1.704872254649473e+00
1.703462585065653e+00

   44  0  0
1.702709944726675e+00
1.701294933610166e+00
1.699443923795973e+00
1.698021997356578e+00

   45  0  0
1.697263299654657e+00
1.695837973872579e+00
1.693974803958218e+00
1.692543647812901e+00

   46  0  0
1.691779581405395e+00
1.690342893237646e+00
1.688462745172302e+00
1.687017605928097e+00

   47  0  0
1.686246302086734e+00
1.684796949857614e+00
1.682902012215875e+00
1.681446456457342e+00

   48  0  0
1.680669455538603e+00
1.679208795771457e+00
1.677297555607570e+00
1.675828255772945e+00

   49  0  0
1.675043674111276e+00
1.673568536055934e+00
1.671638711150672e+00
1.670156017225172e+00

   50  0  0
1.669364680395332e+00
1.667877379024049e+00
1.665931889834787e+00
1.664436617709718e+00

   51  0  0
1.663638203767663e+00
1.662136845784147e+00
1.660171730410788e+00
1.658660750339905e+00

   52  0  0
1.657853947040574e+00
1.656337287484116e+00
1.654353385689634e+00
1.652828994187790e+00

   53  0  0
1.652015134830430e+00
1.650484995376334e+00
1.648482521827001e+00
1.646942832350007e+00

   54  0  0
1.646120515604542e+00
1.644573844443843e+00
1.642548988704365e+00
1.640991997775586e+00

   55  0  0
1.640160670351691e+00
1.638597832633261e+00
1.636553103546674e+00
1.634981416033130e+00

   56  0  0
1.634142105894465e+00
1.632563702080018e+00
1.630497175734595e+00
1.628907526955681e+00

   57  0  0
1.628058346395165e+00
1.626461257865346e+00
1.624370888298865e+00
1.622764000680442e+00

   58  0  0
1.621905975679643e+00
1.620292497999015e+00
1.618180314944371e+00
1.616555702472912e+00

   59  0  0
1.615687834667644e+00
1.614055110176376e+00
1.611916691721835e+00
1.610271545853652e+00

   60  0  0
1.609392832480156e+00
1.607740412264253e+00
1.605577535053567e+00
1.603914322531153e+00

   61  0  0
1.603025849411759e+00
1.601354537074407e+00
1.599165553936913e+00
1.597481110484916e+00

   62  0  0
1.596581005519883e+00
1.594887354447285e+00
1.592669059973856e+00
1.590962747759620e+00

   63  0  0
1.590051407775623e+00
1.588337273523153e+00
1.586092520006345e+00
1.584365264265221e+00

   64  0  0
1.583442312066041e+00
1.581705583692486e+00
1.579429926301561e+00
1.577678127252545e+00

   65  0  0
1.576741926409340e+00
1.574980537206140e+00
1.572673679050870e+00
1.570899039972712e+00

   66  0  0
1.569950831971864e+00
1.568166634663277e+00
1.565828810449738e+00
1.564029093705423e+00

   67  0  0
1.563067158671365e+00
1.561256454230710e+00
1.558883122259688e+00
1.557056008416149e+00

   68  0  0
1.556079694350176e+00
1.554242777506176e+00
1.551836228243700e+00
1.549983731048638e+00

   69  0  0
1.548993491351336e+00
1.547129625344162e+00
1.544686284339504e+00
1.542804468794689e+00

   70  0  0
1.541798295338627e+00
1.539904107286218e+00
1.537421290750782e+00
1.535510042358330e+00

   71  0  0
1.534488602943125e+00
1.532566004426045e+00
1.530045572796493e+00
1.528104213811049e+00

   72  0  0
1.527066245612911e+00
1.525111833072527e+00
1.522548515294166e+00
1.520573456239368e+00

   73  0  0
1.519517371880384e+00
1.517529398282962e+00
1.514923417457746e+00
1.512916512733863e+00

   74  0  0
1.511843322698981e+00
1.509822477853745e+00
1.507171900973205e+00
1.505129531777650e+00

   75  0  0
1.504037178875717e+00
1.501979484748170e+00
1.499279484700022e+00
1.497198666037094e+00

   76  0  0
1.496086050674479e+00
1.493991172852232e+00
1.491243632898469e+00
1.489126275036086e+00

   77  0  0
1.487993666196187e+00
1.485860349275009e+00
1.483060790802518e+00
1.480902215532964e+00

   78  0  0
1.479747197602723e+00
1.477571351715257e+00
1.474716418567442e+00
1.472516323535428e+00

   79  0  0
1.471339509542445e+00
1.469122526352938e+00
1.466212498822017e+00
1.463968406251348e+00

   80  0  0
1.462767687861578e+00
1.460504982626936e+00
1.457533741799965e+00
1.455241686703586e+00

   81  0  0
1.454015234643679e+00
1.451704808717667e+00
1.448672329324654e+00
1.446333736060859e+00

   82  0  0
1.445082002435978e+00
1.442722940896065e+00
1.439624723526050e+00
1.437234273094410e+00

   83  0  0
1.435954545891081e+00
1.433541897896825e+00
1.430372559832426e+00
1.427927515387857e+00

   84  0  0
1.426619126254841e+00
1.424153174160218e+00
1.420913806069235e+00
1.418413364610814e+00

   85  0  0
1.417074606302397e+00
1.414550638139424e+00
1.411233678689495e+00
1.408672404738389e+00

   86  0  0
1.407300585832414e+00
1.404714138791868e+00
1.401315920352008e+00
1.398693358697754e+00

   87  0  0
1.397288961115660e+00
1.394640245949186e+00
1.391157944452656e+00
1.388468579224338e+00

   88  0  0
1.387028263819615e+00
1.384311116175416e+00
1.380737287029635e+00
1.377975786990516e+00

   89  0  0
1.376496607643088e+00
1.373707110912041e+00
1.370039721088304e+00
1.367206519729472e+00

   90  0  0
1.365688270138568e+00
1.362823797374579e+00
1.359055570853596e+00
1.356143248139481e+00

   91  0  0
1.354582252519535e+00
1.351635925129221e+00
1.347758868792632e+00
1.344762734423674e+00

   92  0  0
1.343157499556622e+00
1.340128042365281e+00
1.336140485449966e+00
1.333056506301158e+00

   93  0  0
1.331403357953123e+00
1.328282735907716e+00
1.324173772936897e+00
1.320994580902745e+00

   94  0  0
1.319289562861793e+00
1.316070806956656e+00
1.311833356222480e+00
1.308556160516941e+00

   95  0  0
1.306798547210027e+00
1.303478888922172e+00
1.299105179053003e+00
1.295720260452693e+00

   96  0  0
1.293904746204478e+00
1.290474631704694e+00
1.285953099113842e+00
1.282451976724132e+00

   97  0  0
1.280574100585614e+00
1.277027236766884e+00
1.272352551070587e+00
1.268731639918647e+00

   98  0  0
1.266788014417102e+00
1.263115106001984e+00
1.258271606927905e+00
1.254518874447317e+00

   99  0  0
1.252503881564838e+00
1.248694223018976e+00
1.243668263114733e+00
1.239774141184003e+00

  100  0  0
1.237683915149021e+00
1.233731532041597e+00
1.228514161771455e+00
1.224467616295104e+00

  101  0  0
1.222294516786308e+00
1.218184517511324e+00
1.212756746515553e+00
1.208544472789220e+00

  102  0  0
1.206280965082322e+00
1.201999324159765e+00
1.196344763537145e+00
1.191957025282655e+00

  103  0  0
1.189598429171876e+00
1.185133800571960e+00
1.179231943446047e+00
1.174649004682985e+00

  104  0  0
1.172185193189761e+00
1.167519116946623e+00
1.161346119743309e+00
1.156548830907514e+00

  105  0  0
1.153969456383851e+00
1.149084923838852e+00
1.142621310681168e+00
1.137594055420903e+00

  106  0  0
1.134888279625555e+00
1.129761342810913e+00
1.122972293097277e+00
1.117689454433939e+00

  107  0  0
1.114844386568046e+00
1.109449062638877e+00
1.102298282666766e+00
1.096731715572215e+00

  108  0  0
1.093734114120146e+00
1.088047016594236e+00
1.080501595364144e+00
1.074619357340705e+00

  109  0  0
1.071449521971146e+00
1.065432745037076e+00
1.057442741703558e+00
1.051206630505394e+00

  110  0  0
1.047842668687879e+00
1.041453993919133e+00
1.032964673382281e+00
1.026334760796380e+00

  111  0  0
1.022755098499521e+00
1.015948765574061e+00
1.006889717417740e+00
9.998054340763959e-01

  112  0  0
9.959782388424593e-01
9.886938965413754e-01
9.789824932990150e-01
9.713746428178370e-01

  113  0  0
9.672612464684011e-01
9.594269241749468e-01
9.489672946076870e-01
9.407567985171282e-01

  114  0  0
9.363099325592003e-01
9.278289667631130e-01
9.164835601886553e-01
9.075602710835405e-01

  115  0  0
9.027194998522041e-01
8.934704327183182e-01
8.810657148801797e-01
8.712862997827053e-01

  116  0  0
8.659736747689948e-01
8.558025307051188e-01
8.421145669377060e-01
8.312821874147061e-01

  117  0  0
8.253839510128197e-01
8.140647083380025e-01
7.987716256725607e-01
7.866127415335901e-01

  118  0  0
7.799687955270834e-01
7.671739405744940e-01
7.497953188339197e-01
7.359022267419431e-01

  119  0  0
7.282796496368901e-01
7.135260520218715e-01
6.933253167446649e-01
6.770315890062787e-01

  120  0  0
6.680362191031465e-01
6.504952998224062e-01
6.261857187228764e-01
6.062971659483422e-01

  121  0  0
5.952084964659773e-01
5.733019365058322e-01
5.423192760687109e-01
5.162777317934828e-01

  122  0  0
5.014751194581482e-01
4.713106091895167e-01
4.267813426425371e-01
3.865974907175904e-01

  123  0  0
3.581209648966858e-01
3.138215348012520e-01
2.087399710326488e-01
5.949210619262915e-02

  124  0  0
-2.711037983707254e-03
-7.930500865943274e-04
2.888542683312253e-04
-1.720206956014259e-04

  125  0  0
1.057603706986343e-06
2.598700879324021e-05
1.101106265552778e-06
1.676698848748986e-05

  126  0  0
1.003091731128418e-05
9.254692403893205e-06
1.042333472650164e-05
9.648170236543361e-06

  127  0  0
1.002179706093518e-05
1.003283595017912e-05
9.980449682456883e-06
1.001818831383775e-05

  128  0  0
9.997518752919286e-06
9.998635426625198e-06
1.000087122396481e-05
9.999066438568142e-06

  129  0  0
1.000020305095438e-05
1.000005169874963e-05
9.999962995445676e-06
1.000004748268953e-05

  130  0  0
9.999985540592796e-06
9.999998358922788e-06
1.000000146459893e-05
9.999997612515248e-06

  131  0  0
1.000000094815066e-05
1.000000003033638e-05
9.999999948492092e-06
1.000000011835541e-05

  132  0  0
9.999999941378001e-06
1.000000000118730e-05
1.000000000140192e-05
9.999999994226843e-06

  133  0  0
1.000000000345200e-05
9.999999999802627e-06
9.999999999986050e-06
1.000000000027240e-05

  134  0  0
9.999999999801200e-06
1.000000000001244e-05
9.999999999994161e-06
9.999999999983587e-06

  135  0  0
1.000000000000712e-05
9.999999999995454e-06
9.999999999996753e-06
9.999999999997099e-06

  136  0  0
9.999999999995952e-06
9.999999999996570e-06
9.999999999996492e-06
9.999999999996479e-06

  137  0  0
9.999999999996536e-06
9.999999999996503e-06
9.999999999996506e-06
9.999999999996506e-06

  138  0  0
9.999999999996506e-06
9.999999999996506e-06
9.999999999996509e-06
9.999999999996509e-06

  139  0  0
9.999999999996508e-06
9.999999999996509e-06
9.999999999996506e-06
9.999999999996508e-06

  140  0  0
9.999999999996509e-06
9.999999999996506e-06
9.999999999996506e-06
9.999999999996506e-06

  141  0  0
9.999999999996508e-06
9.999999999996508e-06
9.999999999996508e-06
9.999999999996508e-06

  142  0  0
9.999999999996508e-06
9.999999999996506e-06
9.999999999996508e-06
9.999999999996508e-06

  143  0  0
9.999999999996508e-06
9.999999999996509e-06
9.999999999996508e-06
9.999999999996509e-06

  144  0  0
9.999999999996508e-06
9.999999999996506e-06
9.999999999996508e-06
9.999999999996509e-06

  145  0  0
9.999999999996506e-06
9.999999999996506e-06
9.999999999996508e-06
9.999999999996506e-06

  146  0  0
9.999999999996508e-06
9.999999999996506e-06
9.999999999996508e-06
9.999999999996509e-06

  147  0  0
9.999999999996509e-06
9.999999999996506e-06
9.999999999996508e-06
9.999999999996508e-06

  148  0  0
9.999999999996508e-06
9.999999999996506e-06
9.999999999996506e-06
9.999999999996509e-06

  149  0  0
9.999999999996508e-06
9.999999999996509e-06
9.999999999996506e-06
9.999999999996509e-06

  150  0  0
9.999999999996508e-06
9.999999999996506e-06
9.999999999996508e-06
9.999999999996509e-06

  151  0  0
9.999999999996508e-06
9.999999999996508e-06
9.999999999996506e-06
9.999999999996509e-06

  152  0  0
9.999999999996508e-06
9.999999999996509e-06
9.999999999996508e-06
9.999999999996509e-06

  153  0  0
9.999999999996508e-06
9.999999999996506e-06
9.999999999996508e-06
9.999999999996506e-06

  154  0  0
9.999999999996508e-06
9.999999999996508e-06
9.999999999996508e-06
9.999999999996506e-06

  155  0  0
9.999999999996508e-06
9.999999999996506e-06
9.999999999996508e-06
9.999999999996509e-06

  156  0  0
9.999999999996508e-06
9.999999999996509e-06
9.999999999996508e-06
9.999999999996506e-06

  157  0  0
9.999999999996508e-06
9.999999999996506e-06
9.999999999996506e-06
9.999999999996509e-06

  158  0  0
9.999999999996506e-06
9.999999999996509e-06
9.999999999996508e-06
9.999999999996508e-06

  159  0  0
9.999999999996508e-06
9.999999999996506e-06
9.999999999996508e-06
9.999999999996506e-06

  160  0  0
9.999999999996508e-06
9.999999999996508e-06
9.999999999996508e-06
9.999999999996508e-06

  161  0  0
9.999999999996506e-06
9.999999999996509e-06
9.999999999996508e-06
9.999999999996506e-06

  162  0  0
9.999999999996508e-06
9.999999999996506e-06
9.999999999996509e-06
9.999999999996508e-06

  163  0  0
9.999999999996508e-06
9.999999999996509e-06
9.999999999996508e-06
9.999999999996508e-06

  164  0  0
9.999999999996508e-06
9.999999999996506e-06
9.999999999996508e-06
9.999999999996508e-06

  165  0  0
9.999999999996508e-06
9.999999999996508e-06
9.999999999996506e-06
9.999999999996509e-06

  166  0  0
9.999999999996508e-06
9.999999999996509e-06
9.999999999996508e-06
9.999999999996509e-06

  167  0  0
9.999999999996508e-06
9.999999999996506e-06
9.999999999996506e-06
9.999999999996508e-06

  168  0  0
9.999999999996506e-06
9.999999999996509e-06
9.999999999996508e-06
9.999999999996509e-06

  169  0  0
9.999999999996508e-06
9.999999999996506e-06
9.999999999996508e-06
9.999999999996509e-06

  170  0  0
9.999999999996508e-06
9.999999999996506e-06
9.999999999996508e-06
9.999999999996509e-06

  171  0  0
9.999999999996508e-06
9.999999999996506e-06
9.999999999996508e-06
9.999999999996509e-06

  172  0  0
9.999999999996509e-06
9.999999999996506e-06
9.999999999996508e-06
9.999999999996508e-06

  173  0  0
9.999999999996509e-06
9.999999999996508e-06
9.999999999996509e-06
9.999999999996508e-06

  174  0  0
9.999999999996508e-06
9.999999999996508e-06
9.999999999996508e-06
9.999999999996506e-06

  175  0  0
9.999999999996509e-06
9.999999999996509e-06
9.999999999996509e-06
9.999999999996509e-06

  176  0  0
9.999999999996509e-06
9.999999999996509e-06
9.999999999996509e-06
9.999999999996508e-06

  177  0  0
9.999999999996508e-06
9.999999999996506e-06
9.999999999996506e-06
9.999999999996508e-06

  178  0  0
9.999999999996506e-06
9.999999999996509e-06
9.999999999996508e-06
9.999999999996509e-06

  179  0  0
9.999999999996508e-06
9.999999999996508e-06
9.999999999996509e-06
9.999999999996508e-06

  180  0  0
9.999999999996508e-06
9.999999999996506e-06
9.999999999996508e-06
9.999999999996509e-06

  181  0  0
9.999999999996508e-06
9.999999999996508e-06
9.999999999996508e-06
9.999999999996506e-06

  182  0  0
9.999999999996508e-06
9.999999999996506e-06
9.999999999996508e-06
9.999999999996509e-06

  183  0  0
9.999999999996508e-06
9.999999999996506e-06
9.999999999996508e-06
9.999999999996508e-06

  184  0  0
9.999999999996508e-06
9.999999999996506e-06
9.999999999996508e-06
9.999999999996508e-06

  185  0  0
9.999999999996508e-06
9.999999999996506e-06
9.999999999996506e-06
9.999999999996506e-06

  186  0  0
9.999999999996506e-06
9.999999999996508e-06
9.999999999996508e-06
9.999999999996506e-06

  187  0  0
9.999999999996508e-06
9.999999999996506e-06
9.999999999996508e-06
9.999999999996508e-06

  188  0  0
9.999999999996508e-06
9.999999999996506e-06
9.999999999996508e-06
9.999999999996509e-06

  189  0  0
9.999999999996508e-06
9.999999999996508e-06
9.999999999996508e-06
9.999999999996506e-06

  190  0  0
9.999999999996508e-06
9.999999999996506e-06
9.999999999996508e-06
9.999999999996509e-06

  191  0  0
9.999999999996508e-06
9.999999999996509e-06
9.999999999996508e-06
9.999999999996509e-06

  192  0  0
9.999999999996508e-06
9.999999999996506e-06
9.999999999996508e-06
9.999999999996508e-06

  193  0  0
9.999999999996508e-06
9.999999999996506e-06
9.999999999996509e-06
9.999999999996506e-06

  194  0  0
9.999999999996508e-06
9.999999999996506e-06
9.999999999996506e-06
9.999999999996508e-06

  195  0  0
9.999999999996506e-06
9.999999999996508e-06
9.999999999996508e-06
9.999999999996509e-06

  196  0  0
9.999999999996509e-06
9.999999999996508e-06
9.999999999996508e-06
9.999999999996508e-06

  197  0  0
9.999999999996508e-06
9.999999999996506e-06
9.999999999996508e-06
9.999999999996509e-06

  198  0  0
9.999999999996508e-06
9.999999999996506e-06
9.999999999996508e-06
9.999999999996508e-06

  199  0  0
9.999999999996508e-06
9.999999999996508e-06
9.999999999996508e-06
9.999999999996508e-06

  200  0  0
9.999999999996509e-06
9.999999999996509e-06
9.999999999996509e-06
9.999999999996508e-06

  201  0  0
9.999999999996508e-06
9.999999999996506e-06
9.999999999996509e-06
9.999999999996508e-06

  202  0  0
9.999999999996508e-06
9.999999999996508e-06
9.999999999996509e-06
9.999999999996509e-06

  203  0  0
9.999999999996508e-06
9.999999999996506e-06
9.999999999996508e-06
9.999999999996506e-06

  204  0  0
9.999999999996509e-06
9.999999999996506e-06
9.999999999996509e-06
9.999999999996506e-06

  205  0  0
9.999999999996506e-06
9.999999999996506e-06
9.999999999996506e-06
9.999999999996509e-06

  206  0  0
9.999999999996506e-06
9.999999999996509e-06
9.999999999996508e-06
9.999999999996509e-06

  207  0  0
9.999999999996508e-06
9.999999999996509e-06
9.999999999996509e-06
9.999999999996506e-06

  208  0  0
9.999999999996508e-06
9.999999999996509e-06
9.999999999996509e-06
9.999999999996509e-06

  209  0  0
9.999999999996508e-06
9.999999999996506e-06
9.999999999996509e-06
9.999999999996509e-06

  210  0  0
9.999999999996508e-06
9.999999999996508e-06
9.999999999996508e-06
9.999999999996506e-06

  211  0  0
9.999999999996509e-06
9.999999999996506e-06
9.999999999996509e-06
9.999999999996509e-06

  212  0  0
9.999999999996508e-06
9.999999999996506e-06
9.999999999996509e-06
9.999999999996509e-06

  213  0  0
9.999999999996509e-06
9.999999999996509e-06
9.999999999996508e-06
9.999999999996509e-06

  214  0  0
9.999999999996508e-06
9.999999999996509e-06
9.999999999996508e-06
9.999999999996508e-06

  215  0  0
9.999999999996508e-06
9.999999999996506e-06
9.999999999996509e-06
9.999999999996509e-06

  216  0  0
9.999999999996508e-06
9.999999999996508e-06
9.999999999996506e-06
9.999999999996508e-06

  217  0  0
9.999999999996508e-06
9.999999999996509e-06
9.999999999996508e-06
9.999999999996506e-06

  218  0  0
9.999999999996509e-06
9.999999999996506e-06
9.999999999996509e-06
9.999999999996509e-06

  219  0  0
9.999999999996506e-06
9.999999999996508e-06
9.999999999996506e-06
9.999999999996508e-06

  220  0  0
9.999999999996508e-06
9.999999999996509e-06
9.999999999996506e-06
9.999999999996509e-06

  221  0  0
9.999999999996508e-06
9.999999999996508e-06
9.999999999996508e-06
9.999999999996509e-06

  222  0  0
9.999999999996509e-06
9.999999999996506e-06
9.999999999996509e-06
9.999999999996506e-06

  223  0  0
9.999999999996508e-06
9.999999999996508e-06
9.999999999996508e-06
9.999999999996506e-06

  224  0  0
9.999999999996508e-06
9.999999999996506e-06
9.999999999996509e-06
9.999999999996508e-06

  225  0  0
9.999999999996509e-06
9.999999999996508e-06
9.999999999996509e-06
9.999999999996509e-06

  226  0  0
9.999999999996508e-06
9.999999999996506e-06
9.999999999996508e-06
9.999999999996509e-06

  227  0  0
9.999999999996508e-06
9.999999999996506e-06
9.999999999996508e-06
9.999999999996509e-06

  228  0  0
9.999999999996508e-06
9.999999999996506e-06
9.999999999996508e-06
9.999999999996506e-06

  229  0  0
9.999999999996506e-06
9.999999999996508e-06
9.999999999996508e-06
9.999999999996506e-06

  230  0  0
9.999999999996508e-06
9.999999999996506e-06
9.999999999996508e-06
9.999999999996508e-06

  231  0  0
9.999999999996508e-06
9.999999999996506e-06
9.999999999996508e-06
9.999999999996509e-06

  232  0  0
9.999999999996509e-06
9.999999999996509e-06
9.999999999996506e-06
9.999999999996509e-06

  233  0  0
9.999999999996508e-06
9.999999999996506e-06
9.999999999996508e-06
9.999999999996509e-06

  234  0  0
9.999999999996506e-06
9.999999999996508e-06
9.999999999996509e-06
9.999999999996508e-06

  235  0  0
9.999999999996509e-06
9.999999999996508e-06
9.999999999996509e-06
9.999999999996509e-06

  236  0  0
9.999999999996508e-06
9.999999999996506e-06
9.999999999996508e-06
9.999999999996508e-06

  237  0  0
9.999999999996506e-06
9.999999999996508e-06
9.999999999996508e-06
9.999999999996506e-06

  238  0  0
9.999999999996508e-06
9.999999999996506e-06
9.999999999996508e-06
9.999999999996509e-06

  239  0  0
9.999999999996508e-06
9.999999999996506e-06
9.999999999996508e-06
9.999999999996509e-06

  240  0  0
9.999999999996508e-06
9.999999999996509e-06
9.999999999996508e-06
9.999999999996506e-06

  241  0  0
9.999999999996508e-06
9.999999999996509e-06
9.999999999996509e-06
9.999999999996509e-06

  242  0  0
9.999999999996508e-06
9.999999999996506e-06
9.999999999996509e-06
9.999999999996509e-06

  243  0  0
9.999999999996506e-06
9.999999999996508e-06
9.999999999996508e-06
9.999999999996509e-06

  244  0  0
9.999999999996508e-06
9.999999999996506e-06
9.999999999996508e-06
9.999999999996508e-06

  245  0  0
9.999999999996508e-06
9.999999999996508e-06
9.999999999996508e-06
9.999999999996509e-06

  246  0  0
9.999999999996508e-06
9.999999999996508e-06
9.999999999996506e-06
9.999999999996506e-06

  247  0  0
9.999999999996508e-06
9.999999999996506e-06
9.999999999996506e-06
9.999999999996508e-06

  248  0  0
9.999999999996506e-06
9.999999999996509e-06
9.999999999996508e-06
9.999999999996508e-06

  249  0  0
9.999999999996508e-06
9.999999999996506e-06
9.999999999996509e-06
9.999999999996509e-06

  250  0  0
9.999999999996508e-06
9.999999999996508e-06
9.999999999996508e-06
9.999999999996508e-06

  251  0  0
9.999999999996506e-06
9.999999999996508e-06
9.999999999996508e-06
9.999999999996506e-06

  252  0  0
9.999999999996508e-06
9.999999999996506e-06
9.999999999996508e-06
9.999999999996508e-06

  253  0  0
9.999999999996509e-06
9.999999999996508e-06
9.999999999996509e-06
9.999999999996509e-06

  254  0  0
9.999999999996506e-06
9.999999999996508e-06
9.999999999996508e-06
9.999999999996508e-06

  255  0  0
9.999999999996508e-06
9.999999999996508e-06
9.999999999996509e-06
9.999999999996508e-06

  256  0  0
9.999999999996508e-06
9.999999999996506e-06
9.999999999996508e-06
9.999999999996509e-06

  257  0  0
9.999999999996508e-06
9.999999999996509e-06
9.999999999996506e-06
9.999999999996506e-06

  258  0  0
9.999999999996508e-06
9.999999999996506e-06
9.999999999996508e-06
9.999999999996508e-06

  259  0  0
9.999999999996508e-06
9.999999999996506e-06
9.999999999996509e-06
9.999999999996509e-06

  260  0  0
9.999999999996508e-06
9.999999999996508e-06
9.999999999996508e-06
9.999999999996506e-06

  261  0  0
9.999999999996508e-06
9.999999999996506e-06
9.999999999996508e-06
9.999999999996508e-06

  262  0  0
9.999999999996508e-06
9.999999999996509e-06
9.999999999996509e-06
9.999999999996509e-06

  263  0  0
9.999999999996506e-06
9.999999999996508e-06
9.999999999996508e-06
9.999999999996506e-06

  264  0  0
9.999999999996508e-06
9.999999999996506e-06
9.999999999996506e-06
9.999999999996508e-06

  265  0  0
9.999999999996508e-06
9.999999999996508e-06
9.999999999996508e-06
9.999999999996508e-06

  266  0  0
9.999999999996508e-06
9.999999999996508e-06
9.999999999996508e-06
9.999999999996509e-06

  267  0  0
9.999999999996508e-06
9.999999999996506e-06
9.999999999996506e-06
9.999999999996509e-06

  268  0  0
9.999999999996506e-06
9.999999999996509e-06
9.999999999996508e-06
9.999999999996509e-06

  269  0  0
9.999999999996508e-06
9.999999999996509e-06
9.999999999996508e-06
9.999999999996509e-06

  270  0  0
9.999999999996508e-06
9.999999999996506e-06
9.999999999996509e-06
9.999999999996508e-06

  271  0  0
9.999999999996508e-06
9.999999999996506e-06
9.999999999996509e-06
9.999999999996509e-06

  272  0  0
9.999999999996508e-06
9.999999999996506e-06
9.999999999996508e-06
9.999999999996509e-06

  273  0  0
9.999999999996509e-06
9.999999999996506e-06
9.999999999996508e-06
9.999999999996506e-06

  274  0  0
9.999999999996508e-06
9.999999999996509e-06
9.999999999996508e-06
9.999999999996506e-06

  275  0  0
9.999999999996508e-06
9.999999999996506e-06
9.999999999996508e-06
9.999999999996506e-06

  276  0  0
9.999999999996506e-06
9.999999999996508e-06
9.999999999996508e-06
9.999999999996508e-06

  277  0  0
9.999999999996508e-06
9.999999999996506e-06
9.999999999996509e-06
9.999999999996509e-06

  278  0  0
9.999999999996508e-06
9.999999999996509e-06
9.999999999996508e-06
9.999999999996508e-06

  279  0  0
9.999999999996508e-06
9.999999999996506e-06
9.999999999996508e-06
9.999999999996509e-06

  280  0  0
9.999999999996508e-06
9.999999999996506e-06
9.999999999996508e-06
9.999999999996509e-06

  281  0  0
9.999999999996508e-06
9.999999999996509e-06
9.999999999996508e-06
9.999999999996508e-06

  282  0  0
9.999999999996508e-06
9.999999999996506e-06
9.999999999996509e-06
9.999999999996508e-06

  283  0  0
9.999999999996508e-06
9.999999999996506e-06
9.999999999996508e-06
9.999999999996508e-06

  284  0  0
9.999999999996508e-06
9.999999999996508e-06
9.999999999996508e-06
9.999999999996509e-06

  285  0  0
9.999999999996508e-06
9.999999999996508e-06
9.999999999996508e-06
9.999999999996506e-06

  286  0  0
9.999999999996508e-06
9.999999999996508e-06
9.999999999996509e-06
9.999999999996506e-06

  287  0  0
9.999999999996508e-06
9.999999999996506e-06
9.999999999996508e-06
9.999999999996509e-06

  288  0  0
9.999999999996508e-06
9.999999999996509e-06
9.999999999996508e-06
9.999999999996508e-06

  289  0  0
9.999999999996508e-06
9.999999999996506e-06
9.999999999996508e-06
9.999999999996509e-06

  290  0  0
9.999999999996508e-06
9.999999999996508e-06
9.999999999996508e-06
9.999999999996509e-06

  291  0  0
9.999999999996508e-06
9.999999999996508e-06
9.999999999996508e-06
9.999999999996506e-06

  292  0  0
9.999999999996508e-06
9.999999999996506e-06
9.999999999996508e-06
9.999999999996508e-06

  293  0  0
9.999999999996506e-06
9.999999999996508e-06
9.999999999996508e-06
9.999999999996509e-06

  294  0  0
9.999999999996508e-06
9.999999999996508e-06
9.999999999996506e-06
9.999999999996509e-06

  295  0  0
9.999999999996508e-06
9.999999999996508e-06
9.999999999996508e-06
9.999999999996508e-06

  296  0  0
9.999999999996508e-06
9.999999999996509e-06
9.999999999996508e-06
9.999999999996506e-06

  297  0  0
9.999999999996508e-06
9.999999999996508e-06
9.999999999996506e-06
9.999999999996509e-06

  298  0  0
9.999999999996506e-06
9.999999999996508e-06
9.999999999996506e-06
9.999999999996509e-06

  299  0  0
9.999999999996508e-06
9.999999999996506e-06
9.999999999996508e-06
9.999999999996506e-06

  300  0  0
9.999999999996509e-06
9.999999999996509e-06
9.999999999996508e-06
9.999999999996509e-06

  301  0  0
9.999999999996508e-06
9.999999999996506e-06
9.999999999996508e-06
9.999999999996506e-06

  302  0  0
9.999999999996508e-06
9.999999999996506e-06
9.999999999996509e-06
9.999999999996509e-06

  303  0  0
9.999999999996508e-06
9.999999999996508e-06
9.999999999996506e-06
9.999999999996509e-06

  304  0  0
9.999999999996508e-06
9.999999999996506e-06
9.999999999996506e-06
9.999999999996509e-06

  305  0  0
9.999999999996506e-06
9.999999999996509e-06
9.999999999996508e-06
9.999999999996509e-06

  306  0  0
9.999999999996508e-06
9.999999999996506e-06
9.999999999996506e-06
9.999999999996509e-06

  307  0  0
9.999999999996506e-06
9.999999999996508e-06
9.999999999996508e-06
9.999999999996508e-06

  308  0  0
9.999999999996506e-06
9.999999999996508e-06
9.999999999996506e-06
9.999999999996506e-06

  309  0  0
9.999999999996509e-06
9.999999999996513e-06
9.999999999996501e-06
9.999999999996550e-06

  310  0  0
9.999999999996489e-06
9.999999999996442e-06
9.999999999996686e-06
9.999999999996035e-06

  311  0  0
9.999999999997051e-06
9.999999999998576e-06
9.999999999992386e-06
1.000000000000752e-05

  312  0  0
1.000000000000425e-05
9.999999999973221e-06
1.000000000006127e-05
9.999999999953856e-06

  313  0  0
9.999999999675896e-06
1.000000000030233e-05
9.999999999152805e-06
9.999999996283330e-06

  314  0  0
1.000000001048818e-05
9.999999998077819e-06
1.000000000501693e-05
1.000000018890613e-05

  315  0  0
9.999999690920438e-06
9.999999930473156e-06
1.000000020381305e-05
9.999993381069403e-06

  316  0  0
1.000000857659706e-05
1.000000411444311e-05
9.999988253565801e-06
1.000020201473146e-05

  317  0  0
9.999771093670066e-06
9.999849839229742e-06
1.000042591485198e-05
9.994269598718898e-06

  318  0  0
1.000596964180842e-05
1.000462488177173e-05
9.986978711159390e-06
1.015648567071326e-05

  319  0  0
9.861834038832589e-06
9.840315718916895e-06
1.048606964951823e-05
6.545109736908338e-06

