#Cell    Group    L_mom 
# Element_0
# Element_1
    0  0  0
2.029195270912045e+00
1.956691102339614e+00

    1  0  0
1.968548270609070e+00
1.884594669822522e+00

    2  0  0
1.898741950971583e+00
1.787807422077359e+00

    3  0  0
1.822325500874525e+00
1.705347949772568e+00

    4  0  0
1.816053342025133e+00
1.552066092967318e+00

    5  0  0
1.704769835518442e+00
9.022717272705497e-01

    6  0  0
6.202030057690449e-01
3.566757928893824e-02

    7  0  0
5.481434951861182e-04
1.198560143998925e-05

    8  0  0
1.000880679927949e-05
1.000001781357986e-05

    9  0  0
1.000000007621480e-05
1.000000000015065e-05

   10  0  0
9.999999999997133e-06
9.999999999996508e-06

   11  0  0
9.999999999996508e-06
9.999999999996506e-06

   12  0  0
9.999999999996508e-06
9.999999999996506e-06

   13  0  0
9.999999999996508e-06
9.999999999996506e-06

   14  0  0
9.999999999996508e-06
9.999999999996506e-06

   15  0  0
9.999999999996508e-06
9.999999999996506e-06

   16  0  0
9.999999999996508e-06
9.999999999996506e-06

   17  0  0
9.999999999996459e-06
9.999999999928699e-06

   18  0  0
9.999999994078612e-06
9.999997111437328e-06

   19  0  0
9.999791783361053e-06
9.898440757130086e-06

