#Cell  Group   Direction 
# Element_0
# Element_1
# Element_2
# Element_3
    0  0  0
1.811342773659414e-01
1.742573449883981e-01
1.653291608289661e-01
1.586398171561113e-01

    0  0  1
1.728951296328660e+00
1.717181725298471e+00
1.701478105531289e+00
1.689141831308267e+00

    1  0  0
1.550967612070668e-01
1.483731550188981e-01
1.395468965242254e-01
1.328565270963368e-01

    1  0  1
1.682450319069337e+00
1.669646742666215e+00
1.652395512478631e+00
1.638694362042902e+00

    2  0  0
1.293724664148056e-01
1.227243475768321e-01
1.138401595024337e-01
1.069146764025779e-01

    2  0  1
1.631203823040332e+00
1.616739066858534e+00
1.596977456061264e+00
1.581022357077017e+00

    3  0  0
1.032891668305989e-01
9.658463838101278e-02
8.798396273633818e-02
8.141198692531615e-02

    3  0  1
1.572194362865350e+00
1.554924777983490e+00
1.530833471789284e+00
1.510929866997615e+00

    4  0  0
7.786641639751565e-02
7.128638506153753e-02
6.292987675739076e-02
5.672255876810357e-02

    4  0  1
1.499738779720348e+00
1.477434824512048e+00
1.445417461505309e+00
1.418093290314689e+00

    5  0  0
5.334059349800901e-02
4.683595899486213e-02
3.847141690597294e-02
3.250904863396037e-02

    5  0  1
1.402382467226865e+00
1.370215339122648e+00
1.322075758781286e+00
1.278919762926174e+00

    6  0  0
2.946939802843072e-02
2.379328142454879e-02
1.671922258169646e-02
1.178985354589514e-02

    6  0  1
1.253241762434675e+00
1.198316454281180e+00
1.109938193137832e+00
1.019315729329682e+00

    7  0  0
9.228426218729083e-03
4.864617310942009e-03
1.432233143475098e-03
1.109198621710375e-03

    7  0  1
9.268029308205216e-01
8.808772647625643e-01
3.242864840973419e-01
-1.782025226062908e-02

    8  0  0
4.537417274303897e-04
4.968994405654484e-07
1.035781103466409e-05
4.182369944860215e-06

    8  0  1
-1.348780396631748e-02
2.039487810229751e-05
-5.943647103398441e-05
2.888288664808226e-06

    9  0  0
3.655834451873492e-06
5.442016506622240e-06
4.795151966963369e-06
5.101784283206795e-06

    9  0  1
2.574384223973740e-05
-2.861452864465796e-06
8.464157224902523e-06
3.225318176154009e-06

   10  0  0
5.011705866318355e-06
4.996689290044350e-06
5.001611553650100e-06
4.999219831094423e-06

   10  0  1
4.818460913185046e-06
5.050224458718042e-06
4.975599780904803e-06
5.011882671786233e-06

   11  0  0
4.999907583212318e-06
5.000026168241578e-06
4.999987266602387e-06
5.000006166929975e-06

   11  0  1
5.001280483848649e-06
4.999644792243300e-06
5.000172468017027e-06
4.999915880750861e-06

   12  0  0
5.000000728621763e-06
4.999999793686217e-06
5.000000100391923e-06
4.999999951366017e-06

   12  0  1
4.999991057225642e-06
5.000002481605554e-06
4.999998794808274e-06
5.000000588621485e-06

   13  0  0
4.999999994266098e-06
5.000000001621144e-06
4.999999999208880e-06
5.000000000379050e-06

   13  0  1
5.000000061582161e-06
4.999999982900846e-06
5.000000008303945e-06
4.999999995934127e-06

   14  0  0
5.000000000034013e-06
5.000000000006102e-06
4.999999999961538e-06
5.000000000152297e-06

   14  0  1
4.999999999577608e-06
5.000000000122801e-06
4.999999999923754e-06
5.000000000090368e-06

   15  0  0
5.000000000719290e-06
4.999999998385610e-06
5.000000003360398e-06
4.999999987679591e-06

   15  0  1
5.000000000337177e-06
4.999999999263758e-06
5.000000001516260e-06
4.999999994625698e-06

   16  0  0
4.999999946284801e-06
5.000000121121871e-06
4.999999747208832e-06
5.000000927203020e-06

   16  0  1
4.999999973040165e-06
5.000000059153423e-06
4.999999877569618e-06
5.000000433487913e-06

   17  0  0
5.000003773505529e-06
4.999991388080128e-06
5.000018000288683e-06
4.999933881554688e-06

   17  0  1
5.000002072597386e-06
4.999995419346492e-06
5.000009487788453e-06
4.999966396329071e-06

   18  0  0
4.999755821370847e-06
5.000567464440191e-06
4.998811428012970e-06
5.004376363565072e-06

   18  0  1
4.999849428667954e-06
5.000336162831161e-06
4.999302992436624e-06
5.002470250954416e-06

   19  0  0
5.013966805730209e-06
4.966658528999422e-06
5.070594937431959e-06
4.745147886235991e-06

   19  0  1
5.010118359503575e-06
4.977126155117627e-06
5.047760338963165e-06
4.833399422312720e-06

