#Cell 
# Element_0
# Element_1
# Element_2
0
1.162488448537231e+00
1.156502011994009e+00
1.149848991042075e+00

1
1.145730291727360e+00
1.138192980862581e+00
1.129842225557731e+00

2
1.124413696452779e+00
1.114618532080576e+00
1.102956104352903e+00

3
1.094999719268436e+00
1.080824767515504e+00
1.063805751967804e+00

4
1.052478387012174e+00
1.031332399839188e+00
1.004719477799753e+00

5
9.868706074272525e-01
9.512094666259445e-01
9.064845795790996e-01

6
8.758627020368409e-01
8.059067418382251e-01
7.217213474704713e-01

7
6.479299445142926e-01
4.273081486844490e-01
-2.032095721355452e-01

8
2.160001526988522e-01
3.164599821673819e-02
6.199144243325650e-02

9
6.353474890819780e-02
5.423041002585755e-02
5.709293834032728e-02

10
5.628453762337828e-02
5.622021611967811e-02
5.624010605664104e-02

11
5.623445971443256e-02
5.623404217678811e-02
5.623417130628522e-02

12
5.623413463318529e-02
5.623413193526929e-02
5.623413276970615e-02

13
5.623413253263901e-02
5.623413251527223e-02
5.623413252064374e-02

14
5.623413251911345e-02
5.623413251901509e-02
5.623413251900659e-02

15
5.623413251861342e-02
5.623413252002320e-02
5.623413251542220e-02

16
5.623413247605622e-02
5.623413262160701e-02
5.623413214635529e-02

17
5.623412827788569e-02
5.623414267513568e-02
5.623409560539740e-02

18
5.623373738016208e-02
5.623508304916616e-02
5.623067569533504e-02

19
5.620019015110082e-02
5.631634822232220e-02
5.593490909681998e-02

