#Cell  Group   Direction 
# Element_0
# Element_1
# Element_2
# Element_3
# Element_4
    0  0  0
1.821086197993811e-01
1.818136205183974e-01
1.813816321636652e-01
1.809497454336181e-01
1.806549054168254e-01

    0  0  1
1.731920079020622e+00
1.731407468880793e+00
1.730656086976129e+00
1.729903860585630e+00
1.729389672708309e+00

    1  0  0
1.805044885836538e-01
1.802098035425178e-01
1.797784377246745e-01
1.793471257904272e-01
1.790524916741252e-01

    1  0  1
1.729127125526252e+00
1.728612332457420e+00
1.727857747415216e+00
1.727102288586928e+00
1.726585893920648e+00

    2  0  0
1.789020855919082e-01
1.786072092732830e-01
1.781750997424617e-01
1.777427112412147e-01
1.774473482301001e-01

    2  0  1
1.726322222612278e+00
1.725805207579929e+00
1.725047349532522e+00
1.724288596958713e+00
1.723769941446424e+00

    3  0  0
1.772966128680512e-01
1.770012304752465e-01
1.765688287106578e-01
1.761367488181158e-01
1.758418956366911e-01

    3  0  1
1.723505111906504e+00
1.722985818023745e+00
1.722224605114591e+00
1.721462470233016e+00
1.720941489634866e+00

    4  0  0
1.756914724657138e-01
1.753967124659540e-01
1.749648873145229e-01
1.745326346306529e-01
1.742371895557826e-01

    4  0  1
1.720675469287422e+00
1.720153829566362e+00
1.719389161045106e+00
1.718623549643700e+00
1.718100184679321e+00

    5  0  0
1.740863663804551e-01
1.737907267048528e-01
1.733577165485551e-01
1.729247291273409e-01
1.726291123010700e-01

    5  0  1
1.717832944718870e+00
1.717308909669006e+00
1.716540710048077e+00
1.715771543954633e+00
1.715245734103307e+00

    6  0  0
1.724782956408921e-01
1.721828417826555e-01
1.717504324478671e-01
1.713182171803830e-01
1.710230371083521e-01

    6  0  1
1.714977239976518e+00
1.714450739052933e+00
1.713678909726801e+00
1.712906087741160e+00
1.712377768506669e+00

    7  0  0
1.708723601380596e-01
1.705769444519825e-01
1.701439900223876e-01
1.697106916379681e-01
1.694146957163480e-01

    7  0  1
1.712107990366933e+00
1.711578965842363e+00
1.710803417399064e+00
1.710026851094436e+00
1.709495958396618e+00

    8  0  0
1.692636352872411e-01
1.689676044208193e-01
1.685341870971506e-01
1.681010058713213e-01
1.678053866922934e-01

    8  0  1
1.709224862282186e+00
1.708693242643160e+00
1.707913874005580e+00
1.707133456544708e+00
1.706599920142873e+00

    9  0  0
1.676545867635675e-01
1.673591402258307e-01
1.669264580648961e-01
1.664934891707335e-01
1.661975778887147e-01

    9  0  1
1.706327471372894e+00
1.705793193838040e+00
1.705009902619073e+00
1.704225535904106e+00
1.703689280207073e+00

   10  0  0
1.660465123039647e-01
1.657503697730529e-01
1.653165448248816e-01
1.648826508925497e-01
1.645863759637816e-01

   10  0  1
1.703415434766101e+00
1.702878410115360e+00
1.702091073730026e+00
1.701302634630901e+00
1.700763587934255e+00

   11  0  0
1.644352146664748e-01
1.641390771228881e-01
1.637056655705889e-01
1.632724867009456e-01
1.629766988885719e-01

   11  0  1
1.700488315361584e+00
1.699948478945201e+00
1.699157001472825e+00
1.698364388816953e+00
1.697822471744338e+00

   12  0  0
1.628257340583798e-01
1.625298053664637e-01
1.620961962026570e-01
1.616622781810960e-01
1.613658143009538e-01

   12  0  1
1.697545728433964e+00
1.697003000670324e+00
1.696207263397965e+00
1.695410358831650e+00
1.694865492746159e+00

   13  0  0
1.612144904639311e-01
1.609178877454681e-01
1.604835242968219e-01
1.600493408928294e-01
1.597530647722507e-01

   13  0  1
1.694587239002122e+00
1.694041539769457e+00
1.693241423416811e+00
1.692440106986125e+00
1.691892208660517e+00

   14  0  0
1.596019506499921e-01
1.593059485929653e-01
1.588725930994707e-01
1.584390556076546e-01
1.581427496591371e-01

   14  0  1
1.691612401562499e+00
1.691063646902980e+00
1.690259027834386e+00
1.689453174783878e+00
1.688902159309675e+00

   15  0  0
1.579914684614540e-01
1.576948700403533e-01
1.572603244019301e-01
1.568256782492476e-01
1.565288752559688e-01

   15  0  1
1.688620755539110e+00
1.688068858372252e+00
1.687259609884131e+00
1.686449090282060e+00
1.685894870064835e+00

   16  0  0
1.563774317808863e-01
1.560807142962558e-01
1.556464242193339e-01
1.552124136735020e-01
1.549161356778426e-01

   16  0  1
1.685611826197750e+00
1.685056702538088e+00
1.684242696789428e+00
1.683427385108252e+00
1.682869868720952e+00

   17  0  0
1.547649452427453e-01
1.544686150969414e-01
1.540344698853723e-01
1.536000259446123e-01
1.533031905972359e-01

   17  0  1
1.682585134142764e+00
1.682026684746863e+00
1.681207776870235e+00
1.680387525379357e+00
1.679826612986637e+00

   18  0  0
1.531516708670694e-01
1.528546615626838e-01
1.524196146597056e-01
1.519846274404251e-01
1.516877546591163e-01

   18  0  1
1.679540138413959e+00
1.678978265990072e+00
1.678154313293812e+00
1.677328977604951e+00
1.676764571091537e+00

   19  0  0
1.515363375905966e-01
1.512397732650876e-01
1.508057404689498e-01
1.503717220892421e-01
1.500751582108252e-01

   19  0  1
1.676476305788988e+00
1.675910913635557e+00
1.675081770522665e+00
1.674251204581893e+00
1.673683197298364e+00

   20  0  0
1.499237487289906e-01
1.496268787830173e-01
1.491918654417811e-01
1.487566666668859e-01
1.484594520469296e-01

   20  0  1
1.673393086317139e+00
1.672824064035699e+00
1.671989571565282e+00
1.671153612405145e+00
1.670581902630506e+00

   21  0  0
1.483077868568599e-01
1.480106077080204e-01
1.475756015443555e-01
1.471408977765508e-01
1.468442129515917e-01

   21  0  1
1.670289896062572e+00
1.669717137446859e+00
1.668877138173165e+00
1.668035625932033e+00
1.667460100764281e+00

   22  0  0
1.466928406596364e-01
1.463962011866752e-01
1.459616739649056e-01
1.455268834960664e-01
1.452298160424118e-01

   22  0  1
1.667166140910179e+00
1.666589539202122e+00
1.665743872266027e+00
1.664896648502977e+00
1.664317194092847e+00

   23  0  0
1.450781789122341e-01
1.447809312590897e-01
1.443454700333975e-01
1.439099435295892e-01
1.436126264255191e-01

   23  0  1
1.664021218811643e+00
1.663440651367790e+00
1.662589137436863e+00
1.661736019119285e+00
1.661152511831000e+00

   24  0  0
1.434609694162381e-01
1.431639258443455e-01
1.427292452187307e-01
1.422947321635416e-01
1.419979490963242e-01

   24  0  1
1.660854459709489e+00
1.660269805282194e+00
1.659412265289985e+00
1.658553071562844e+00
1.657965386897102e+00

   25  0  0
1.418464608240674e-01
1.415494883043396e-01
1.411143501661054e-01
1.406789353221643e-01
1.403814746848042e-01

   25  0  1
1.657665194084740e+00
1.657076326856053e+00
1.656212574986571e+00
1.655347118142488e+00
1.654755126823602e+00

   26  0  0
1.402296555815521e-01
1.399321217899842e-01
1.394965224410656e-01
1.390612435446205e-01
1.387642515198599e-01

   26  0  1
1.654452727008001e+00
1.653859516353258e+00
1.652989359684113e+00
1.652117444847126e+00
1.651521012652071e+00

   27  0  0
1.386127625783122e-01
1.383159800971979e-01
1.378813636013216e-01
1.374464900597388e-01
1.371493043913294e-01

   27  0  1
1.651216336977064e+00
1.650618647279373e+00
1.649741885516295e+00
1.648863310369710e+00
1.648262297941218e+00

   28  0  0
1.369975946439903e-01
1.367001985957974e-01
1.362645356985327e-01
1.358287914233658e-01
1.355312566829510e-01

   28  0  1
1.647955274912915e+00
1.647352965358203e+00
1.646469390520112e+00
1.645583944953777e+00
1.644978207560357e+00

   29  0  0
1.353794601550961e-01
1.350821023775602e-01
1.346469864519462e-01
1.342122049101993e-01
1.339153631192485e-01

   29  0  1
1.644668762929758e+00
1.644061687259640e+00
1.643171083325483e+00
1.642278549080977e+00
1.641667936376573e+00

   30  0  0
1.337638661814570e-01
1.334668974407006e-01
1.330317721595009e-01
1.325963599070024e-01
1.322989000918106e-01

   30  0  1
1.641355993007819e+00
1.640743999297598e+00
1.639846141682379e+00
1.638946291784291e+00
1.638330647519632e+00

   31  0  0
1.321470746771093e-01
1.318494996764248e-01
1.314137373591076e-01
1.309781791626446e-01
1.306809687493357e-01

   31  0  1
1.638016125427448e+00
1.637399056170937e+00
1.636493712686892e+00
1.635586312695527e+00
1.634965475399579e+00

   32  0  0
1.305293738895380e-01
1.302324102385198e-01
1.297976403192796e-01
1.293627893961873e-01
1.290657225482528e-01

   32  0  1
1.634648291490798e+00
1.634025982541153e+00
1.633112910207148e+00
1.632197714601863e+00
1.631571515434259e+00

   33  0  0
1.289140968842872e-01
1.286168866769453e-01
1.281814462719792e-01
1.277457659132142e-01
1.274481687431280e-01

   33  0  1
1.631251583324236e+00
1.630623864696449e+00
1.629702812679870e+00
1.628779568032889e+00
1.628147832138406e+00

   34  0  0
1.272963188337158e-01
1.269988319124130e-01
1.265635325788499e-01
1.261286495131496e-01
1.258318152437906e-01

   34  0  1
1.627825062012224e+00
1.627191756849403e+00
1.626262463928754e+00
1.625330906360403e+00
1.624693451987473e+00

   35  0  0
1.256803500634979e-01
1.253835014654601e-01
1.249486648744288e-01
1.245136100047622e-01
1.242163826225729e-01

   35  0  1
1.624367750635654e+00
1.623728675264513e+00
1.622790870537029e+00
1.621850726231495e+00
1.621207364655300e+00

   36  0  0
1.240646616390960e-01
1.237672489108204e-01
1.233315904480670e-01
1.228959857193454e-01
1.225987035033367e-01

   36  0  1
1.620878635190529e+00
1.620233598933163e+00
1.619287001481970e+00
1.618337984121510e+00
1.617688519869794e+00

   37  0  0
1.224470820045196e-01
1.221501289001087e-01
1.217155790666739e-01
1.212811589998086e-01
1.209844219984741e-01

   37  0  1
1.617356663790460e+00
1.616705472545560e+00
1.615749793033227e+00
1.614791615108969e+00
1.614135846156419e+00

   38  0  0
1.208329565466249e-01
1.205360328895570e-01
1.201009890659999e-01
1.196657127049949e-01
1.193683822833114e-01

   38  0  1
1.613800756122370e+00
1.613143198227383e+00
1.612178124959384e+00
1.611210469190309e+00
1.610548179698714e+00

   39  0  0
1.192166448108766e-01
1.189193069808326e-01
1.184840899832537e-01
1.180492860897661e-01
1.177526373186503e-01

   39  0  1
1.610209746941910e+00
1.609545608677025e+00
1.608570827275782e+00
1.607593373850672e+00
1.606924343376438e+00

   40  0  0
1.176013188803166e-01
1.173048493795501e-01
1.168706585126643e-01
1.164362255593806e-01
1.161393877047571e-01

   40  0  1
1.606582455663939e+00
1.605911514784840e+00
1.604926695079248e+00
1.603939114093724e+00
1.603263113913286e+00

   41  0  0
1.159878698192781e-01
1.156908705424228e-01
1.152558134238133e-01
1.148207078618423e-01
1.145236546881021e-01

   41  0  1
1.602917651674991e+00
1.602239674655125e+00
1.601244472015564e+00
1.600246412333904e+00
1.599563201189270e+00

   42  0  0
1.143721260679930e-01
1.140753380023732e-01
1.136411222077822e-01
1.132072546875054e-01
1.129110170705333e-01

   42  0  1
1.599214041348021e+00
1.598528784022834e+00
1.597522836970195e+00
1.596513935259850e+00
1.595823260913966e+00

   43  0  0
1.127598277317881e-01
1.124634696699372e-01
1.120292811043076e-01
1.115948601474070e-01
1.112980957993508e-01

   43  0  1
1.595470273253046e+00
1.594777478177582e+00
1.593760406566661e+00
1.592740277484152e+00
1.592041874943046e+00

   44  0  0
1.111466310333238e-01
1.108497807569700e-01
1.104151522716388e-01
1.099808345935754e-01
1.096845256691316e-01

   44  0  1
1.591684924654011e+00
1.590984323527636e+00
1.589955730733726e+00
1.588923971729182e+00
1.588217568138205e+00

   45  0  0
1.095334007865606e-01
1.092373701878869e-01
1.088039828829898e-01
1.083705310263799e-01
1.080744343290218e-01

   45  0  1
1.587856517419160e+00
1.587147844906271e+00
1.586107341101883e+00
1.585063559227413e+00
1.584348880920524e+00

   46  0  0
1.079233083407574e-01
1.076270847690001e-01
1.071931154767269e-01
1.067589667954995e-01
1.064624745057942e-01

   46  0  1
1.583983586842110e+00
1.583266560591779e+00
1.582213724037721e+00
1.581157494275069e+00
1.580434246563615e+00

   47  0  0
1.063112104303736e-01
1.060149118656001e-01
1.055814136581388e-01
1.051483555127932e-01
1.048527621991295e-01

   47  0  1
1.580064556193291e+00
1.579338872110928e+00
1.578273257036828e+00
1.577204125831446e+00
1.576471997271762e+00

   48  0  0
1.047019330851989e-01
1.044063457325651e-01
1.039734243433216e-01
1.035403747734530e-01
1.032445478668332e-01

   48  0  1
1.576097753495471e+00
1.575363098614153e+00
1.574284242321956e+00
1.573201742998560e+00
1.572460413116991e+00

   49  0  0
1.030935440760344e-01
1.027975401037301e-01
1.023639982772626e-01
1.019306296432986e-01
1.016349535504465e-01

   49  0  1
1.572081452625902e+00
1.571337511070435e+00
1.570244945679841e+00
1.569148605177514e+00
1.568397746817588e+00

   50  0  0
1.014841627608626e-01
1.011888315451022e-01
1.007565980608284e-01
1.003244612410938e-01
1.000293447341382e-01

   50  0  1
1.568013899887619e+00
1.567260334777601e+00
1.566153562115039e+00
1.565042876417004e+00
1.564282142221349e+00

   51  0  0
9.987874358647265e-02
9.958359370427211e-02
9.915124640739234e-02
9.871866328195324e-02
9.842313594688097e-02

   51  0  1
1.563893230568804e+00
1.563129690315478e+00
1.562008190480865e+00
1.560882633754163e+00
1.560111661057088e+00

   52  0  0
9.827232691231019e-02
9.797685525979158e-02
9.754451273945811e-02
9.711268613530762e-02
9.681804028521457e-02

   52  0  1
1.559717498468415e+00
1.558943616135408e+00
1.557806846486968e+00
1.556665869830982e+00
1.555884279953612e+00

   53  0  0
9.666772539786414e-02
9.637319802099226e-02
9.594192939391578e-02
9.551064165321196e-02
9.521608320061335e-02

   53  0  1
1.555484671950305e+00
1.554700064491394e+00
1.553547458079402e+00
1.552390488500746e+00
1.551597886635357e+00

   54  0  0
9.506573952810045e-02
9.477102430705373e-02
9.433925110812952e-02
9.390743706172101e-02
9.361272536590465e-02

   54  0  1
1.551192628362093e+00
1.550396902060869e+00
1.549227867228904e+00
1.548054311461063e+00
1.547250280708084e+00

   55  0  0
9.346242602594469e-02
9.316809259025519e-02
9.273747521714844e-02
9.230715441943375e-02
9.201334940956692e-02

   55  0  1
1.546839150607572e+00
1.546031837962664e+00
1.544845702665869e+00
1.543654867384886e+00
1.542838943365840e+00

   56  0  0
9.186343175919771e-02
9.156965273923694e-02
9.113941567348746e-02
9.070903231733921e-02
9.041498638907086e-02

   56  0  1
1.542421723501601e+00
1.541602429708776e+00
1.540398597538002e+00
1.539189887917275e+00
1.538361649434835e+00

   57  0  0
9.026490089423490e-02
8.997075914906424e-02
8.954019279507011e-02
8.911008551612729e-02
8.881670010459149e-02

   57  0  1
1.537938109743631e+00
1.537106357479560e+00
1.535884126276183e+00
1.534656827692496e+00
1.533815789994621e+00

   58  0  0
8.866706765910047e-02
8.837395812816894e-02
8.794489166990781e-02
8.751589861651389e-02
8.722296178232376e-02

   58  0  1
1.533385688452179e+00
1.532541013693525e+00
1.531299696964175e+00
1.530053116697949e+00
1.529198797908528e+00

   59  0  0
8.707347332386964e-02
8.678048290597135e-02
8.635124568724373e-02
8.592181916812061e-02
8.562859011734322e-02

   59  0  1
1.528761883210377e+00
1.527903785952035e+00
1.526642642525424e+00
1.525376030078317e+00
1.524507912267564e+00

   60  0  0
8.547901345604658e-02
8.518606563116793e-02
8.475755054541809e-02
8.432953849555108e-02
8.403743038073076e-02

   60  0  1
1.524063918351300e+00
1.523191873933293e+00
1.521910127360946e+00
1.520622696414703e+00
1.519740236911231e+00

   61  0  0
8.388840018357611e-02
8.359638812546506e-02
8.316883166361665e-02
8.274126818946322e-02
8.244921568670265e-02

   61  0  1
1.519288885001689e+00
1.518402343616436e+00
1.517099179494749e+00
1.515790105509954e+00
1.514892735679669e+00

   62  0  0
8.230013972108922e-02
8.200791964753046e-02
8.157996834968978e-02
8.115228275639533e-02
8.086054286003928e-02

   62  0  1
1.514433733910233e+00
1.513532119922859e+00
1.512206686550852e+00
1.510875106569460e+00
1.509962230478519e+00

   63  0  0
8.071177337527628e-02
8.042043325993607e-02
7.999413269854769e-02
7.956805896308555e-02
7.927716649758275e-02

   63  0  1
1.509495272891134e+00
1.508577982731224e+00
1.507229387491730e+00
1.505874397207147e+00
1.504945390554593e+00

   64  0  0
7.912874552061229e-02
7.883791362863347e-02
7.841196016055978e-02
7.798581725430401e-02
7.769471047090432e-02

   64  0  1
1.504470156030316e+00
1.503536555372464e+00
1.502163858716794e+00
1.500784506491464e+00
1.499838712132262e+00

   65  0  0
7.754617120414768e-02
7.725517860068508e-02
7.682946770682267e-02
7.640436062946389e-02
7.611436296107887e-02

   65  0  1
1.499354863204562e+00
1.498404286778193e+00
1.497006504001681e+00
1.495601791970852e+00
1.494638519962862e+00

   66  0  0
7.596644512739649e-02
7.567666432832804e-02
7.525247273631537e-02
7.482841213432356e-02
7.453886682600798e-02

   66  0  1
1.494145701688902e+00
1.493177449484335e+00
1.491753542445284e+00
1.490322418619439e+00
1.489340943533397e+00

   67  0  0
7.439109912828443e-02
7.410145056305717e-02
7.367713386080922e-02
7.325283434937711e-02
7.296330782905551e-02

   67  0  1
1.488838783711440e+00
1.487852121288193e+00
1.486401003078810e+00
1.484942365524591e+00
1.483941925822275e+00

   68  0  0
7.281566741292642e-02
7.252657428033028e-02
7.210372144210819e-02
7.168130039849316e-02
7.139298025519411e-02

   68  0  1
1.483430032909143e+00
1.482424187254207e+00
1.480944712670326e+00
1.479457400336710e+00
1.478437193904966e+00

   69  0  0
7.124588874126515e-02
7.095771066156759e-02
7.053581971063770e-02
7.011391171864946e-02
6.982568566043156e-02

   69  0  1
1.477915155656652e+00
1.476889313126313e+00
1.475380276721547e+00
1.473863067303415e+00
1.472822249685863e+00

   70  0  0
6.967857359267349e-02
6.939027749145220e-02
6.896833802086817e-02
6.854695631265202e-02
6.825958903611662e-02

   70  0  1
1.472289632165771e+00
1.471242935855354e+00
1.469703068912179e+00
1.468154674883499e+00
1.467092355906038e+00

   71  0  0
6.811305006881725e-02
6.782605811653089e-02
6.740608738538616e-02
6.698636181446385e-02
6.669985913279904e-02

   71  0  1
1.466548701247073e+00
1.465480246986043e+00
1.463908208031603e+00
1.462327269061236e+00
1.461242508243829e+00

   72  0  0
6.655369051301259e-02
6.626726532777563e-02
6.584772379079409e-02
6.542803687099978e-02
6.514148617527338e-02

   72  0  1
1.460687332940924e+00
1.459596167318808e+00
1.457990542143327e+00
1.456375623760422e+00
1.455267430508012e+00

   73  0  0
6.499533576736809e-02
6.470913153791059e-02
6.429058248733079e-02
6.387268534268305e-02
6.358759866357655e-02

   73  0  1
1.454700225723249e+00
1.453585343330791e+00
1.451944643672738e+00
1.450294234246669e+00
1.449161562363265e+00

   74  0  0
6.344218711324162e-02
6.315732359096210e-02
6.274038615749754e-02
6.232363448299916e-02
6.203906966524649e-02

   74  0  1
1.448581789516537e+00
1.447442126262970e+00
1.445764771524666e+00
1.444077267389682e+00
1.442919008445206e+00

   75  0  0
6.189383192220146e-02
6.160915290356579e-02
6.119228544794648e-02
6.077574507265814e-02
6.049166590212435e-02

   75  0  1
1.442326098017942e+00
1.441160530329491e+00
1.439444855129293e+00
1.437718565533851e+00
1.436533549542199e+00

   76  0  0
6.034682324688884e-02
6.006324646381039e-02
5.964852313703356e-02
5.923427193522686e-02
5.895154762004792e-02

   76  0  1
1.435926899518357e+00
1.434734237371984e+00
1.432978477733378e+00
1.431211609971058e+00
1.429998596240429e+00

   77  0  0
5.880731805804819e-02
5.852476883750254e-02
5.811111657092309e-02
5.769743939664703e-02
5.741488832855337e-02

   77  0  1
1.429377567994802e+00
1.428156549338682e+00
1.426358829614423e+00
1.424549479208879e+00
1.423307150590894e+00

   78  0  0
5.727072452969577e-02
5.698832381579873e-02
5.657523173664139e-02
5.616285179092457e-02
5.588168994516831e-02

   78  0  1
1.422671067215104e+00
1.421420355618895e+00
1.419578695015898e+00
1.417724848455717e+00
1.416451809884679e+00

   79  0  0
5.573834928403290e-02
5.545765754923181e-02
5.504695059967413e-02
5.463649790888153e-02
5.435633794038553e-02

   79  0  1
1.415799952683350e+00
1.414518127009128e+00
1.412630414130845e+00
1.410729925269893e+00
1.409424691229254e+00

   80  0  0
5.421341017993389e-02
5.393332066314333e-02
5.352312301999749e-02
5.311301144985844e-02
5.283319332579916e-02

   80  0  1
1.408756296064027e+00
1.407441846427401e+00
1.405505839331939e+00
1.403556428109616e+00
1.402217420207427e+00

   81  0  0
5.269051510232656e-02
5.241115786354780e-02
5.200275261668254e-02
5.159516281066029e-02
5.131719676681443e-02

   81  0  1
1.401531674544445e+00
1.400182994336274e+00
1.398196304489698e+00
1.396195542476659e+00
1.394821078356446e+00

   82  0  0
5.117541647429095e-02
5.089767161947990e-02
5.049118244124077e-02
5.008492005812374e-02
4.980753274700855e-02

   82  0  1
1.394117116618701e+00
1.392732495375555e+00
1.390692585133783e+00
1.388637888668352e+00
1.387226176897853e+00

   83  0  0
4.966596587539967e-02
4.938856953001839e-02
4.898263880100247e-02
4.857732265887135e-02
4.830098344564662e-02

   83  0  1
1.386503075659417e+00
1.385080686090476e+00
1.382984835369865e+00
1.380873437453124e+00
1.379422561046858e+00

   84  0  0
4.816011146273794e-02
4.788438506521955e-02
4.748127155215044e-02
4.707869055171495e-02
4.680394942885015e-02

   84  0  1
1.378679334020760e+00
1.377217226648760e+00
1.375062541483501e+00
1.372891493407814e+00
1.371399406494943e+00

   85  0  0
4.666382139148056e-02
4.638935964821919e-02
4.598758788862885e-02
4.558583045819525e-02
4.531153715647807e-02

   85  0  1
1.370634998952395e+00
1.369131085461181e+00
1.366914457390563e+00
1.364680593435484e+00
1.363145100413455e+00

   86  0  0
4.517166945608190e-02
4.489782320446797e-02
4.449747158562126e-02
4.409795485774275e-02
4.382562121953417e-02

   86  0  1
1.362358381324526e+00
1.360810425075122e+00
1.358528526438303e+00
1.356228455306547e+00
1.354647202487864e+00

   87  0  0
4.368680447493656e-02
4.341496846801382e-02
4.301730987262695e-02
4.262011644287392e-02
4.234914900502443e-02

   87  0  1
1.353836958879563e+00
1.352242559408324e+00
1.349891817717527e+00
1.347521896588711e+00
1.345892355927983e+00

   88  0  0
4.221091233376011e-02
4.193997444000539e-02
4.154325882459384e-02
4.114698725571986e-02
4.087690432412410e-02

   88  0  1
1.345057284817339e+00
1.343413861663647e+00
1.340990434743583e+00
1.338546744092189e+00
1.336866194029429e+00

   89  0  0
4.073922856782281e-02
4.046972883479402e-02
4.007582170953172e-02
3.968276455615988e-02
3.941473989634901e-02

   89  0  1
1.336004892172131e+00
1.334309666315212e+00
1.331809414221423e+00
1.329287729025259e+00
1.327553233436210e+00

   90  0  0
3.927804736040717e-02
3.901040440480923e-02
3.861897330517579e-02
3.822789275480719e-02
3.796080882992216e-02

   90  0  1
1.326664186356467e+00
1.324914158997320e+00
1.322332612579287e+00
1.319728369284594e+00
1.317936755454774e+00

   91  0  0
3.782452136219310e-02
3.755762985231113e-02
3.716747592196799e-02
3.677826002450206e-02
3.651296980499633e-02

   91  0  1
1.317018326291093e+00
1.315210254922160e+00
1.312542579798078e+00
1.309850838640443e+00
1.307998671575231e+00

   92  0  0
3.637777942294566e-02
3.611325403004621e-02
3.572661159521440e-02
3.534057374524649e-02
3.507727136955537e-02

   92  0  1
1.307049087781071e+00
1.305179458907162e+00
1.302420413932543e+00
1.299635816312386e+00
1.297719367846464e+00

   93  0  0
3.494306249905757e-02
3.468024630110120e-02
3.429552823976498e-02
3.391092610061837e-02
3.364862398992759e-02

   93  0  1
1.296736704944591e+00
1.294801702691045e+00
1.291945592530947e+00
1.289062311676073e+00
1.287077525560938e+00

   94  0  0
3.351497731668066e-02
3.325337786109984e-02
3.287107233939109e-02
3.248985215649280e-02
3.223027488893817e-02

   94  0  1
1.286059688950235e+00
1.284055158792434e+00
1.281095778921472e+00
1.278107462741973e+00
1.276049914093206e+00

   95  0  0
3.209800076894499e-02
3.183896145983945e-02
3.146011047972232e-02
3.108197343396225e-02
3.082417602192139e-02

   95  0  1
1.274994617903140e+00
1.272916024634372e+00
1.269846597784109e+00
1.266746302711253e+00
1.264611151332325e+00

   96  0  0
3.069263824503570e-02
3.043485692747324e-02
3.005774566484135e-02
2.968160661745762e-02
2.942541604017622e-02

   96  0  1
1.263515894116734e+00
1.261358273042614e+00
1.258171375167575e+00
1.254951488813652e+00
1.252733424563107e+00

   97  0  0
2.929480446127125e-02
2.903925692092122e-02
2.866617317767624e-02
2.829433021703480e-02
2.804079950857016e-02

   97  0  1
1.251595460822000e+00
1.249353360495188e+00
1.246040833801248e+00
1.242692984111982e+00
1.240386162670098e+00

   98  0  0
2.791150050379744e-02
2.765850348084809e-02
2.728880075394095e-02
2.691959010709985e-02
2.666744954402842e-02

   98  0  1
1.239202469350432e+00
1.236869884315208e+00
1.233422735049467e+00
1.229937683369311e+00
1.227535650367154e+00

   99  0  0
2.653888770481750e-02
2.628741757681353e-02
2.592026636112653e-02
2.555423191837008e-02
2.530483640343567e-02

   99  0  1
1.226302887207336e+00
1.223873178349679e+00
1.220281455426801e+00
1.216648969246165e+00
1.214144569812765e+00

  100  0  0
2.517787284438453e-02
2.492959209403152e-02
2.456688621189425e-02
2.420497376878088e-02
2.395844323300709e-02

  100  0  1
1.212859032033360e+00
1.210324831582143e+00
1.206577481711192e+00
1.202786182620904e+00
1.200171453163551e+00

  101  0  0
2.383291280751137e-02
2.358709154079550e-02
2.322724478750452e-02
2.286784122225399e-02
2.262326405006428e-02

  101  0  1
1.198829014814164e+00
1.196182112478938e+00
1.192266806180313e+00
1.188303986768497e+00
1.185570024318327e+00

  102  0  0
2.249876526383182e-02
2.225510234829113e-02
2.189921639480617e-02
2.154485149078615e-02
2.130393140623441e-02

  102  0  1
1.184166069775503e+00
1.181397274883721e+00
1.177300195408515e+00
1.173151596703893e+00
1.170288399886955e+00

  103  0  0
2.118115826744246e-02
2.094075200485960e-02
2.058959365500601e-02
2.023980516547494e-02
2.000150241248187e-02

  103  0  1
1.168817740406695e+00
1.165916713842187e+00
1.161622299484026e+00
1.157271838777952e+00
1.154268113000433e+00

  104  0  0
1.987983464060519e-02
1.964153168781138e-02
1.929362197787256e-02
1.894744482006169e-02
1.871175179211926e-02

  104  0  1
1.152724884368830e+00
1.149679932098063e+00
1.145170558604808e+00
1.140599992419433e+00
1.137442907841275e+00

  105  0  0
1.859158698582613e-02
1.835683265990958e-02
1.801487297925699e-02
1.767453926167863e-02
1.744244888104833e-02

  105  0  1
1.135820443037402e+00
1.132618258871458e+00
1.127873843761304e+00
1.123062347878202e+00
1.119737237512475e+00

  106  0  0
1.732419649560640e-02
1.709322861907511e-02
1.675626581514680e-02
1.641989366179867e-02
1.619027083781303e-02

  106  0  1
1.118027907541399e+00
1.114653250372981e+00
1.109650753354779e+00
1.104574389384973e+00
1.101064365047558e+00

  107  0  0
1.607345473360889e-02
1.584540925684754e-02
1.551292412730650e-02
1.518163881572734e-02
1.495634526420919e-02

  107  0  1
1.099259376589483e+00
1.095694660097275e+00
1.090407448862699e+00
1.085038485882320e+00
1.081323947620662e+00

  108  0  0
1.484197299457629e-02
1.461851388761819e-02
1.429226836964213e-02
1.396715182714138e-02
1.374639914677596e-02

  108  0  1
1.079413083479944e+00
1.075637847813263e+00
1.070034876264925e+00
1.064340907785539e+00
1.060398902862820e+00

  109  0  0
1.363418539085910e-02
1.341438991279589e-02
1.309278238830714e-02
1.277247116671004e-02
1.255544885172975e-02

  109  0  1
1.058370182150967e+00
1.054360401685360e+00
1.048405129011679e+00
1.042347906032921e+00
1.038151278536828e+00

  110  0  0
1.244508103496698e-02
1.222901032557183e-02
1.191393315222803e-02
1.160154061010567e-02
1.138987827810530e-02

  110  0  1
1.035990504993296e+00
1.031717668300523e+00
1.025366618348559e+00
1.018900489693912e+00
1.014416735379946e+00

  111  0  0
1.128190726230090e-02
1.107064936454398e-02
1.076315976447658e-02
1.045825753582325e-02
1.025066410453220e-02

  111  0  1
1.012106886530866e+00
1.007536749865802e+00
1.000737547982219e+00
9.938073174806265e-01
9.889970074617492e-01

  112  0  0
1.014460997491528e-02
9.937385819883238e-03
9.636292418741367e-03
9.338030129836895e-03
9.135071798570244e-03

  112  0  1
9.865173925780203e-01
9.816082490420733e-01
9.742968863397360e-01
9.668348062239069e-01
9.616493703511199e-01

  113  0  0
9.031675981779300e-03
8.830482332228570e-03
8.538979788212003e-03
8.249698774568269e-03
8.052381044607300e-03

  113  0  1
9.589744430778521e-01
9.536746654537165e-01
9.457715864644479e-01
9.376930272210889e-01
9.320715321612001e-01

  114  0  0
7.952274025104256e-03
7.757735834189035e-03
7.474827377018543e-03
7.192588065422684e-03
7.000654895485798e-03

  114  0  1
9.291691552862058e-01
9.234136018902824e-01
9.148179349517207e-01
9.060149455165337e-01
8.998792499730689e-01

  115  0  0
6.903650793257696e-03
6.714841850582246e-03
6.440398734889415e-03
6.167839249243704e-03
5.983619553502673e-03

  115  0  1
8.967080705100057e-01
8.904126373799116e-01
8.809933710816076e-01
8.713247222868323e-01
8.645719141079347e-01

  116  0  0
5.890690550789824e-03
5.709766109175968e-03
5.446157764374344e-03
5.184660323588181e-03
5.009232765369869e-03

  116  0  1
8.610772433573129e-01
8.541302467292228e-01
8.437121443505239e-01
8.329871972048387e-01
8.254772559179013e-01

  117  0  0
4.920626559729731e-03
4.746433482180483e-03
4.492285488427699e-03
4.242478768322872e-03
4.075220182619017e-03

  117  0  1
8.215843053294055e-01
8.138321561408253e-01
8.021719988521060e-01
7.901230550931991e-01
7.816573364084435e-01

  118  0  0
3.989809192823680e-03
3.823540509277198e-03
3.583621381421452e-03
3.348980157263792e-03
3.191626869654293e-03

  118  0  1
7.772592954429210e-01
7.684810802865096e-01
7.552247430073163e-01
7.414560319181808e-01
7.317366942347353e-01

  119  0  0
3.111955350925540e-03
2.955886055012808e-03
2.731484956693468e-03
2.513984388518717e-03
2.367071332271328e-03

  119  0  1
7.266719601199264e-01
7.165303277447792e-01
7.011279888432542e-01
6.850118142365507e-01
6.735572322419869e-01

  120  0  0
2.291087295371423e-03
2.145462682357623e-03
1.939762315871315e-03
1.739529976492325e-03
1.603197482261800e-03

  120  0  1
6.675611393255261e-01
6.554959766074303e-01
6.370123894392627e-01
6.174468470936298e-01
6.033864590772396e-01

  121  0  0
1.535808047835154e-03
1.407092139877421e-03
1.224116930103552e-03
1.046987405192670e-03
9.309413771795884e-04

  121  0  1
5.959710463256167e-01
5.809278514722803e-01
5.575315873847625e-01
5.322446183587386e-01
5.136903620856018e-01

  122  0  0
8.723783642051076e-04
7.609957818519817e-04
6.083281963615315e-04
4.631109599310300e-04
3.641448124049788e-04

  122  0  1
5.037545861341587e-01
4.832851180022995e-01
4.503705831712644e-01
4.129891282522097e-01
3.840619332761454e-01

  123  0  0
3.201908629533089e-04
2.422259556656889e-04
1.328050344174442e-04
4.253196451700539e-05
1.376204064673490e-05

  123  0  1
3.706948743736977e-01
3.286756418417575e-01
2.738722840314097e-01
1.744799157131999e-01
5.199817240235189e-02

  124  0  0
7.841923964737027e-06
5.110373699096511e-06
4.998856232480629e-06
5.008558055311336e-06
4.973146286458654e-06

  124  0  1
-7.222986906978207e-04
-1.002587351171278e-03
4.037827364612145e-04
-2.170307540233731e-04
5.894288679528614e-05

  125  0  0
5.009371928654600e-06
5.002332232650358e-06
4.999364460386002e-06
5.000462115384018e-06
4.999894112329187e-06

  125  0  1
1.129373195243630e-04
-3.019317667023445e-05
2.094476373144865e-05
-3.496333310009066e-06
4.982954491983797e-06

  126  0  0
4.999391919381807e-06
5.000260100236997e-06
4.999886801720731e-06
5.000058908652290e-06
5.000007423180411e-06

  126  0  1
1.118574367689778e-05
3.301132811534754e-06
5.764591807118794e-06
4.616219543615664e-06
4.933110997940020e-06

  127  0  0
4.999947116258976e-06
5.000015202082824e-06
4.999992952833404e-06
5.000003481069451e-06
5.000000709506148e-06

  127  0  1
5.326188592611397e-06
4.919408913181946e-06
5.036016029478409e-06
4.982783189286126e-06
4.994476255606975e-06

  128  0  0
4.999997064643071e-06
5.000000730142265e-06
4.999999652563887e-06
5.000000166729563e-06
5.000000043434370e-06

  128  0  1
5.016410689506429e-06
4.996239138819969e-06
5.001671838145025e-06
4.999232025477993e-06
4.999657796036946e-06

  129  0  0
4.999999860727121e-06
5.000000031695692e-06
4.999999984682473e-06
5.000000007168311e-06
5.000000002290935e-06

  129  0  1
5.000799364400564e-06
4.999826762922777e-06
5.000076703996698e-06
4.999965897746941e-06
4.999981199730362e-06

  130  0  0
4.999999993926111e-06
5.000000001283996e-06
4.999999999370064e-06
5.000000000284562e-06
5.000000000110646e-06

  130  0  1
5.000038018644926e-06
4.999992105565904e-06
5.000003484968787e-06
4.999998491615940e-06
4.999999034207970e-06

  131  0  0
4.999999999748085e-06
5.000000000047579e-06
4.999999999973915e-06
5.000000000008979e-06
5.000000000003524e-06

  131  0  1
5.000001774898558e-06
4.999999643582540e-06
5.000000156985393e-06
4.999999933533550e-06
4.999999952489067e-06

  132  0  0
4.999999999988400e-06
5.000000000000045e-06
4.999999999997364e-06
4.999999999998622e-06
4.999999999998495e-06

  132  0  1
5.000000081616057e-06
4.999999984041131e-06
5.000000007015065e-06
4.999999997081132e-06
4.999999997731468e-06

  133  0  0
4.999999999997884e-06
4.999999999998309e-06
4.999999999998216e-06
4.999999999998267e-06
4.999999999998269e-06

  133  0  1
5.000000003703905e-06
4.999999999289370e-06
5.000000000309578e-06
4.999999999870773e-06
4.999999999892544e-06

  134  0  0
4.999999999998240e-06
4.999999999998257e-06
4.999999999998252e-06
4.999999999998250e-06
4.999999999998250e-06

  134  0  1
5.000000000164654e-06
4.999999999966997e-06
5.000000000011966e-06
4.999999999992709e-06
4.999999999993410e-06

  135  0  0
4.999999999998253e-06
4.999999999998255e-06
4.999999999998254e-06
4.999999999998251e-06
4.999999999998254e-06

  135  0  1
5.000000000005648e-06
4.999999999996887e-06
4.999999999998854e-06
4.999999999998013e-06
4.999999999998034e-06

  136  0  0
4.999999999998257e-06
4.999999999998255e-06
4.999999999998254e-06
4.999999999998251e-06
4.999999999998254e-06

  136  0  1
4.999999999998581e-06
4.999999999998195e-06
4.999999999998278e-06
4.999999999998242e-06
4.999999999998246e-06

  137  0  0
4.999999999998256e-06
4.999999999998255e-06
4.999999999998254e-06
4.999999999998253e-06
4.999999999998252e-06

  137  0  1
4.999999999998269e-06
4.999999999998251e-06
4.999999999998254e-06
4.999999999998252e-06
4.999999999998254e-06

  138  0  0
4.999999999998257e-06
4.999999999998256e-06
4.999999999998254e-06
4.999999999998251e-06
4.999999999998254e-06

  138  0  1
4.999999999998257e-06
4.999999999998256e-06
4.999999999998255e-06
4.999999999998253e-06
4.999999999998255e-06

  139  0  0
4.999999999998257e-06
4.999999999998255e-06
4.999999999998253e-06
4.999999999998253e-06
4.999999999998254e-06

  139  0  1
4.999999999998254e-06
4.999999999998257e-06
4.999999999998251e-06
4.999999999998252e-06
4.999999999998253e-06

  140  0  0
4.999999999998257e-06
4.999999999998255e-06
4.999999999998254e-06
4.999999999998252e-06
4.999999999998254e-06

  140  0  1
4.999999999998254e-06
4.999999999998258e-06
4.999999999998255e-06
4.999999999998253e-06
4.999999999998255e-06

  141  0  0
4.999999999998257e-06
4.999999999998254e-06
4.999999999998255e-06
4.999999999998251e-06
4.999999999998252e-06

  141  0  1
4.999999999998253e-06
4.999999999998257e-06
4.999999999998251e-06
4.999999999998251e-06
4.999999999998254e-06

  142  0  0
4.999999999998257e-06
4.999999999998255e-06
4.999999999998252e-06
4.999999999998254e-06
4.999999999998254e-06

  142  0  1
4.999999999998254e-06
4.999999999998256e-06
4.999999999998250e-06
4.999999999998251e-06
4.999999999998252e-06

  143  0  0
4.999999999998257e-06
4.999999999998255e-06
4.999999999998254e-06
4.999999999998251e-06
4.999999999998252e-06

  143  0  1
4.999999999998253e-06
4.999999999998257e-06
4.999999999998251e-06
4.999999999998251e-06
4.999999999998252e-06

  144  0  0
4.999999999998258e-06
4.999999999998256e-06
4.999999999998253e-06
4.999999999998251e-06
4.999999999998254e-06

  144  0  1
4.999999999998253e-06
4.999999999998257e-06
4.999999999998251e-06
4.999999999998252e-06
4.999999999998252e-06

  145  0  0
4.999999999998257e-06
4.999999999998256e-06
4.999999999998252e-06
4.999999999998250e-06
4.999999999998254e-06

  145  0  1
4.999999999998256e-06
4.999999999998256e-06
4.999999999998250e-06
4.999999999998252e-06
4.999999999998254e-06

  146  0  0
4.999999999998257e-06
4.999999999998255e-06
4.999999999998254e-06
4.999999999998250e-06
4.999999999998254e-06

  146  0  1
4.999999999998255e-06
4.999999999998257e-06
4.999999999998255e-06
4.999999999998251e-06
4.999999999998255e-06

  147  0  0
4.999999999998257e-06
4.999999999998256e-06
4.999999999998255e-06
4.999999999998252e-06
4.999999999998254e-06

  147  0  1
4.999999999998253e-06
4.999999999998255e-06
4.999999999998251e-06
4.999999999998253e-06
4.999999999998254e-06

  148  0  0
4.999999999998257e-06
4.999999999998255e-06
4.999999999998254e-06
4.999999999998252e-06
4.999999999998254e-06

  148  0  1
4.999999999998254e-06
4.999999999998256e-06
4.999999999998250e-06
4.999999999998250e-06
4.999999999998253e-06

  149  0  0
4.999999999998257e-06
4.999999999998255e-06
4.999999999998253e-06
4.999999999998252e-06
4.999999999998254e-06

  149  0  1
4.999999999998254e-06
4.999999999998256e-06
4.999999999998250e-06
4.999999999998251e-06
4.999999999998254e-06

  150  0  0
4.999999999998257e-06
4.999999999998254e-06
4.999999999998254e-06
4.999999999998253e-06
4.999999999998253e-06

  150  0  1
4.999999999998253e-06
4.999999999998258e-06
4.999999999998251e-06
4.999999999998250e-06
4.999999999998252e-06

  151  0  0
4.999999999998257e-06
4.999999999998254e-06
4.999999999998254e-06
4.999999999998253e-06
4.999999999998252e-06

  151  0  1
4.999999999998254e-06
4.999999999998258e-06
4.999999999998251e-06
4.999999999998250e-06
4.999999999998252e-06

  152  0  0
4.999999999998256e-06
4.999999999998256e-06
4.999999999998254e-06
4.999999999998251e-06
4.999999999998253e-06

  152  0  1
4.999999999998255e-06
4.999999999998258e-06
4.999999999998252e-06
4.999999999998251e-06
4.999999999998253e-06

  153  0  0
4.999999999998256e-06
4.999999999998255e-06
4.999999999998254e-06
4.999999999998251e-06
4.999999999998254e-06

  153  0  1
4.999999999998256e-06
4.999999999998254e-06
4.999999999998251e-06
4.999999999998252e-06
4.999999999998255e-06

  154  0  0
4.999999999998257e-06
4.999999999998254e-06
4.999999999998253e-06
4.999999999998253e-06
4.999999999998252e-06

  154  0  1
4.999999999998255e-06
4.999999999998257e-06
4.999999999998254e-06
4.999999999998253e-06
4.999999999998253e-06

  155  0  0
4.999999999998257e-06
4.999999999998256e-06
4.999999999998253e-06
4.999999999998250e-06
4.999999999998254e-06

  155  0  1
4.999999999998252e-06
4.999999999998257e-06
4.999999999998255e-06
4.999999999998251e-06
4.999999999998255e-06

  156  0  0
4.999999999998257e-06
4.999999999998254e-06
4.999999999998253e-06
4.999999999998253e-06
4.999999999998250e-06

  156  0  1
4.999999999998254e-06
4.999999999998256e-06
4.999999999998250e-06
4.999999999998250e-06
4.999999999998253e-06

  157  0  0
4.999999999998257e-06
4.999999999998255e-06
4.999999999998254e-06
4.999999999998253e-06
4.999999999998252e-06

  157  0  1
4.999999999998254e-06
4.999999999998258e-06
4.999999999998254e-06
4.999999999998252e-06
4.999999999998254e-06

  158  0  0
4.999999999998256e-06
4.999999999998253e-06
4.999999999998254e-06
4.999999999998251e-06
4.999999999998254e-06

  158  0  1
4.999999999998255e-06
4.999999999998256e-06
4.999999999998251e-06
4.999999999998250e-06
4.999999999998254e-06

  159  0  0
4.999999999998258e-06
4.999999999998255e-06
4.999999999998254e-06
4.999999999998251e-06
4.999999999998254e-06

  159  0  1
4.999999999998253e-06
4.999999999998256e-06
4.999999999998250e-06
4.999999999998251e-06
4.999999999998252e-06

  160  0  0
4.999999999998257e-06
4.999999999998254e-06
4.999999999998252e-06
4.999999999998254e-06
4.999999999998254e-06

  160  0  1
4.999999999998255e-06
4.999999999998257e-06
4.999999999998250e-06
4.999999999998250e-06
4.999999999998253e-06

  161  0  0
4.999999999998256e-06
4.999999999998256e-06
4.999999999998252e-06
4.999999999998250e-06
4.999999999998254e-06

  161  0  1
4.999999999998255e-06
4.999999999998257e-06
4.999999999998255e-06
4.999999999998252e-06
4.999999999998255e-06

  162  0  0
4.999999999998257e-06
4.999999999998255e-06
4.999999999998253e-06
4.999999999998252e-06
4.999999999998254e-06

  162  0  1
4.999999999998254e-06
4.999999999998256e-06
4.999999999998250e-06
4.999999999998253e-06
4.999999999998253e-06

  163  0  0
4.999999999998257e-06
4.999999999998255e-06
4.999999999998253e-06
4.999999999998254e-06
4.999999999998254e-06

  163  0  1
4.999999999998254e-06
4.999999999998256e-06
4.999999999998250e-06
4.999999999998250e-06
4.999999999998252e-06

  164  0  0
4.999999999998257e-06
4.999999999998256e-06
4.999999999998253e-06
4.999999999998250e-06
4.999999999998254e-06

  164  0  1
4.999999999998254e-06
4.999999999998256e-06
4.999999999998250e-06
4.999999999998252e-06
4.999999999998255e-06

  165  0  0
4.999999999998257e-06
4.999999999998255e-06
4.999999999998254e-06
4.999999999998250e-06
4.999999999998255e-06

  165  0  1
4.999999999998253e-06
4.999999999998256e-06
4.999999999998250e-06
4.999999999998250e-06
4.999999999998253e-06

  166  0  0
4.999999999998257e-06
4.999999999998254e-06
4.999999999998254e-06
4.999999999998253e-06
4.999999999998252e-06

  166  0  1
4.999999999998256e-06
4.999999999998258e-06
4.999999999998254e-06
4.999999999998253e-06
4.999999999998255e-06

  167  0  0
4.999999999998257e-06
4.999999999998254e-06
4.999999999998255e-06
4.999999999998251e-06
4.999999999998254e-06

  167  0  1
4.999999999998255e-06
4.999999999998257e-06
4.999999999998250e-06
4.999999999998251e-06
4.999999999998254e-06

  168  0  0
4.999999999998257e-06
4.999999999998256e-06
4.999999999998255e-06
4.999999999998251e-06
4.999999999998254e-06

  168  0  1
4.999999999998254e-06
4.999999999998257e-06
4.999999999998255e-06
4.999999999998252e-06
4.999999999998254e-06

  169  0  0
4.999999999998257e-06
4.999999999998254e-06
4.999999999998252e-06
4.999999999998254e-06
4.999999999998254e-06

  169  0  1
4.999999999998255e-06
4.999999999998257e-06
4.999999999998250e-06
4.999999999998252e-06
4.999999999998253e-06

  170  0  0
4.999999999998257e-06
4.999999999998255e-06
4.999999999998254e-06
4.999999999998250e-06
4.999999999998255e-06

  170  0  1
4.999999999998255e-06
4.999999999998257e-06
4.999999999998250e-06
4.999999999998251e-06
4.999999999998253e-06

  171  0  0
4.999999999998257e-06
4.999999999998254e-06
4.999999999998256e-06
4.999999999998251e-06
4.999999999998253e-06

  171  0  1
4.999999999998255e-06
4.999999999998258e-06
4.999999999998251e-06
4.999999999998252e-06
4.999999999998253e-06

  172  0  0
4.999999999998258e-06
4.999999999998255e-06
4.999999999998253e-06
4.999999999998250e-06
4.999999999998254e-06

  172  0  1
4.999999999998256e-06
4.999999999998258e-06
4.999999999998254e-06
4.999999999998251e-06
4.999999999998253e-06

  173  0  0
4.999999999998257e-06
4.999999999998255e-06
4.999999999998254e-06
4.999999999998253e-06
4.999999999998252e-06

  173  0  1
4.999999999998254e-06
4.999999999998256e-06
4.999999999998250e-06
4.999999999998252e-06
4.999999999998254e-06

  174  0  0
4.999999999998257e-06
4.999999999998255e-06
4.999999999998253e-06
4.999999999998252e-06
4.999999999998254e-06

  174  0  1
4.999999999998252e-06
4.999999999998257e-06
4.999999999998251e-06
4.999999999998254e-06
4.999999999998252e-06

  175  0  0
4.999999999998257e-06
4.999999999998256e-06
4.999999999998254e-06
4.999999999998250e-06
4.999999999998254e-06

  175  0  1
4.999999999998253e-06
4.999999999998257e-06
4.999999999998255e-06
4.999999999998251e-06
4.999999999998255e-06

  176  0  0
4.999999999998256e-06
4.999999999998253e-06
4.999999999998255e-06
4.999999999998251e-06
4.999999999998254e-06

  176  0  1
4.999999999998254e-06
4.999999999998257e-06
4.999999999998254e-06
4.999999999998252e-06
4.999999999998257e-06

  177  0  0
4.999999999998258e-06
4.999999999998256e-06
4.999999999998254e-06
4.999999999998254e-06
4.999999999998254e-06

  177  0  1
4.999999999998253e-06
4.999999999998256e-06
4.999999999998254e-06
4.999999999998253e-06
4.999999999998253e-06

  178  0  0
4.999999999998257e-06
4.999999999998255e-06
4.999999999998252e-06
4.999999999998254e-06
4.999999999998254e-06

  178  0  1
4.999999999998256e-06
4.999999999998257e-06
4.999999999998255e-06
4.999999999998252e-06
4.999999999998254e-06

  179  0  0
4.999999999998256e-06
4.999999999998254e-06
4.999999999998255e-06
4.999999999998253e-06
4.999999999998252e-06

  179  0  1
4.999999999998256e-06
4.999999999998258e-06
4.999999999998254e-06
4.999999999998252e-06
4.999999999998254e-06

  180  0  0
4.999999999998256e-06
4.999999999998254e-06
4.999999999998253e-06
4.999999999998253e-06
4.999999999998252e-06

  180  0  1
4.999999999998256e-06
4.999999999998256e-06
4.999999999998251e-06
4.999999999998252e-06
4.999999999998253e-06

  181  0  0
4.999999999998257e-06
4.999999999998255e-06
4.999999999998253e-06
4.999999999998250e-06
4.999999999998254e-06

  181  0  1
4.999999999998254e-06
4.999999999998257e-06
4.999999999998250e-06
4.999999999998250e-06
4.999999999998252e-06

  182  0  0
4.999999999998257e-06
4.999999999998256e-06
4.999999999998254e-06
4.999999999998250e-06
4.999999999998254e-06

  182  0  1
4.999999999998254e-06
4.999999999998258e-06
4.999999999998254e-06
4.999999999998252e-06
4.999999999998255e-06

  183  0  0
4.999999999998256e-06
4.999999999998255e-06
4.999999999998254e-06
4.999999999998252e-06
4.999999999998252e-06

  183  0  1
4.999999999998253e-06
4.999999999998257e-06
4.999999999998250e-06
4.999999999998252e-06
4.999999999998253e-06

  184  0  0
4.999999999998256e-06
4.999999999998255e-06
4.999999999998254e-06
4.999999999998250e-06
4.999999999998254e-06

  184  0  1
4.999999999998252e-06
4.999999999998258e-06
4.999999999998251e-06
4.999999999998250e-06
4.999999999998252e-06

  185  0  0
4.999999999998256e-06
4.999999999998255e-06
4.999999999998254e-06
4.999999999998252e-06
4.999999999998253e-06

  185  0  1
4.999999999998255e-06
4.999999999998258e-06
4.999999999998255e-06
4.999999999998252e-06
4.999999999998254e-06

  186  0  0
4.999999999998256e-06
4.999999999998255e-06
4.999999999998254e-06
4.999999999998253e-06
4.999999999998253e-06

  186  0  1
4.999999999998256e-06
4.999999999998258e-06
4.999999999998254e-06
4.999999999998252e-06
4.999999999998254e-06

  187  0  0
4.999999999998256e-06
4.999999999998253e-06
4.999999999998254e-06
4.999999999998251e-06
4.999999999998254e-06

  187  0  1
4.999999999998255e-06
4.999999999998256e-06
4.999999999998250e-06
4.999999999998251e-06
4.999999999998252e-06

  188  0  0
4.999999999998258e-06
4.999999999998255e-06
4.999999999998253e-06
4.999999999998252e-06
4.999999999998254e-06

  188  0  1
4.999999999998254e-06
4.999999999998256e-06
4.999999999998250e-06
4.999999999998252e-06
4.999999999998254e-06

  189  0  0
4.999999999998256e-06
4.999999999998256e-06
4.999999999998252e-06
4.999999999998253e-06
4.999999999998250e-06

  189  0  1
4.999999999998255e-06
4.999999999998257e-06
4.999999999998250e-06
4.999999999998252e-06
4.999999999998253e-06

  190  0  0
4.999999999998258e-06
4.999999999998255e-06
4.999999999998254e-06
4.999999999998254e-06
4.999999999998254e-06

  190  0  1
4.999999999998256e-06
4.999999999998257e-06
4.999999999998250e-06
4.999999999998252e-06
4.999999999998253e-06

  191  0  0
4.999999999998257e-06
4.999999999998256e-06
4.999999999998254e-06
4.999999999998251e-06
4.999999999998252e-06

  191  0  1
4.999999999998254e-06
4.999999999998258e-06
4.999999999998251e-06
4.999999999998252e-06
4.999999999998254e-06

  192  0  0
4.999999999998257e-06
4.999999999998255e-06
4.999999999998254e-06
4.999999999998252e-06
4.999999999998253e-06

  192  0  1
4.999999999998253e-06
4.999999999998257e-06
4.999999999998251e-06
4.999999999998253e-06
4.999999999998252e-06

  193  0  0
4.999999999998256e-06
4.999999999998255e-06
4.999999999998253e-06
4.999999999998250e-06
4.999999999998254e-06

  193  0  1
4.999999999998254e-06
4.999999999998258e-06
4.999999999998251e-06
4.999999999998252e-06
4.999999999998253e-06

  194  0  0
4.999999999998257e-06
4.999999999998256e-06
4.999999999998252e-06
4.999999999998250e-06
4.999999999998254e-06

  194  0  1
4.999999999998256e-06
4.999999999998258e-06
4.999999999998254e-06
4.999999999998253e-06
4.999999999998255e-06

  195  0  0
4.999999999998257e-06
4.999999999998256e-06
4.999999999998253e-06
4.999999999998252e-06
4.999999999998252e-06

  195  0  1
4.999999999998253e-06
4.999999999998256e-06
4.999999999998250e-06
4.999999999998252e-06
4.999999999998253e-06

  196  0  0
4.999999999998256e-06
4.999999999998255e-06
4.999999999998254e-06
4.999999999998252e-06
4.999999999998253e-06

  196  0  1
4.999999999998254e-06
4.999999999998256e-06
4.999999999998250e-06
4.999999999998252e-06
4.999999999998253e-06

  197  0  0
4.999999999998257e-06
4.999999999998255e-06
4.999999999998254e-06
4.999999999998252e-06
4.999999999998254e-06

  197  0  1
4.999999999998253e-06
4.999999999998257e-06
4.999999999998255e-06
4.999999999998252e-06
4.999999999998255e-06

  198  0  0
4.999999999998257e-06
4.999999999998256e-06
4.999999999998253e-06
4.999999999998250e-06
4.999999999998254e-06

  198  0  1
4.999999999998254e-06
4.999999999998257e-06
4.999999999998250e-06
4.999999999998252e-06
4.999999999998253e-06

  199  0  0
4.999999999998257e-06
4.999999999998256e-06
4.999999999998253e-06
4.999999999998250e-06
4.999999999998254e-06

  199  0  1
4.999999999998253e-06
4.999999999998257e-06
4.999999999998255e-06
4.999999999998251e-06
4.999999999998254e-06

  200  0  0
4.999999999998257e-06
4.999999999998254e-06
4.999999999998254e-06
4.999999999998250e-06
4.999999999998254e-06

  200  0  1
4.999999999998252e-06
4.999999999998258e-06
4.999999999998254e-06
4.999999999998252e-06
4.999999999998254e-06

  201  0  0
4.999999999998257e-06
4.999999999998254e-06
4.999999999998256e-06
4.999999999998253e-06
4.999999999998252e-06

  201  0  1
4.999999999998254e-06
4.999999999998257e-06
4.999999999998254e-06
4.999999999998252e-06
4.999999999998254e-06

  202  0  0
4.999999999998257e-06
4.999999999998256e-06
4.999999999998255e-06
4.999999999998251e-06
4.999999999998254e-06

  202  0  1
4.999999999998254e-06
4.999999999998258e-06
4.999999999998254e-06
4.999999999998252e-06
4.999999999998253e-06

  203  0  0
4.999999999998257e-06
4.999999999998254e-06
4.999999999998253e-06
4.999999999998250e-06
4.999999999998254e-06

  203  0  1
4.999999999998255e-06
4.999999999998257e-06
4.999999999998254e-06
4.999999999998253e-06
4.999999999998255e-06

  204  0  0
4.999999999998257e-06
4.999999999998256e-06
4.999999999998254e-06
4.999999999998250e-06
4.999999999998254e-06

  204  0  1
4.999999999998253e-06
4.999999999998258e-06
4.999999999998254e-06
4.999999999998252e-06
4.999999999998253e-06

  205  0  0
4.999999999998257e-06
4.999999999998256e-06
4.999999999998254e-06
4.999999999998250e-06
4.999999999998254e-06

  205  0  1
4.999999999998256e-06
4.999999999998256e-06
4.999999999998250e-06
4.999999999998252e-06
4.999999999998252e-06

  206  0  0
4.999999999998257e-06
4.999999999998254e-06
4.999999999998254e-06
4.999999999998250e-06
4.999999999998254e-06

  206  0  1
4.999999999998254e-06
4.999999999998256e-06
4.999999999998250e-06
4.999999999998252e-06
4.999999999998253e-06

  207  0  0
4.999999999998257e-06
4.999999999998254e-06
4.999999999998252e-06
4.999999999998250e-06
4.999999999998254e-06

  207  0  1
4.999999999998253e-06
4.999999999998257e-06
4.999999999998251e-06
4.999999999998251e-06
4.999999999998252e-06

  208  0  0
4.999999999998257e-06
4.999999999998254e-06
4.999999999998254e-06
4.999999999998252e-06
4.999999999998253e-06

  208  0  1
4.999999999998253e-06
4.999999999998257e-06
4.999999999998251e-06
4.999999999998254e-06
4.999999999998253e-06

  209  0  0
4.999999999998256e-06
4.999999999998253e-06
4.999999999998255e-06
4.999999999998251e-06
4.999999999998254e-06

  209  0  1
4.999999999998254e-06
4.999999999998257e-06
4.999999999998251e-06
4.999999999998250e-06
4.999999999998252e-06

  210  0  0
4.999999999998257e-06
4.999999999998255e-06
4.999999999998252e-06
4.999999999998254e-06
4.999999999998254e-06

  210  0  1
4.999999999998254e-06
4.999999999998258e-06
4.999999999998254e-06
4.999999999998252e-06
4.999999999998254e-06

  211  0  0
4.999999999998257e-06
4.999999999998256e-06
4.999999999998254e-06
4.999999999998250e-06
4.999999999998254e-06

  211  0  1
4.999999999998255e-06
4.999999999998257e-06
4.999999999998254e-06
4.999999999998252e-06
4.999999999998255e-06

  212  0  0
4.999999999998257e-06
4.999999999998255e-06
4.999999999998253e-06
4.999999999998252e-06
4.999999999998252e-06

  212  0  1
4.999999999998254e-06
4.999999999998257e-06
4.999999999998251e-06
4.999999999998250e-06
4.999999999998254e-06

  213  0  0
4.999999999998258e-06
4.999999999998254e-06
4.999999999998254e-06
4.999999999998253e-06
4.999999999998253e-06

  213  0  1
4.999999999998256e-06
4.999999999998257e-06
4.999999999998250e-06
4.999999999998251e-06
4.999999999998253e-06

  214  0  0
4.999999999998258e-06
4.999999999998255e-06
4.999999999998252e-06
4.999999999998254e-06
4.999999999998254e-06

  214  0  1
4.999999999998255e-06
4.999999999998258e-06
4.999999999998251e-06
4.999999999998250e-06
4.999999999998253e-06

  215  0  0
4.999999999998257e-06
4.999999999998255e-06
4.999999999998254e-06
4.999999999998252e-06
4.999999999998254e-06

  215  0  1
4.999999999998256e-06
4.999999999998256e-06
4.999999999998250e-06
4.999999999998251e-06
4.999999999998254e-06

  216  0  0
4.999999999998256e-06
4.999999999998255e-06
4.999999999998254e-06
4.999999999998251e-06
4.999999999998254e-06

  216  0  1
4.999999999998256e-06
4.999999999998258e-06
4.999999999998251e-06
4.999999999998250e-06
4.999999999998252e-06

  217  0  0
4.999999999998256e-06
4.999999999998255e-06
4.999999999998254e-06
4.999999999998251e-06
4.999999999998254e-06

  217  0  1
4.999999999998255e-06
4.999999999998257e-06
4.999999999998255e-06
4.999999999998252e-06
4.999999999998254e-06

  218  0  0
4.999999999998257e-06
4.999999999998254e-06
4.999999999998255e-06
4.999999999998253e-06
4.999999999998252e-06

  218  0  1
4.999999999998254e-06
4.999999999998257e-06
4.999999999998255e-06
4.999999999998252e-06
4.999999999998253e-06

  219  0  0
4.999999999998257e-06
4.999999999998254e-06
4.999999999998255e-06
4.999999999998253e-06
4.999999999998252e-06

  219  0  1
4.999999999998256e-06
4.999999999998256e-06
4.999999999998251e-06
4.999999999998251e-06
4.999999999998252e-06

  220  0  0
4.999999999998257e-06
4.999999999998254e-06
4.999999999998255e-06
4.999999999998251e-06
4.999999999998252e-06

  220  0  1
4.999999999998256e-06
4.999999999998254e-06
4.999999999998251e-06
4.999999999998252e-06
4.999999999998255e-06

  221  0  0
4.999999999998258e-06
4.999999999998255e-06
4.999999999998255e-06
4.999999999998253e-06
4.999999999998252e-06

  221  0  1
4.999999999998253e-06
4.999999999998257e-06
4.999999999998250e-06
4.999999999998250e-06
4.999999999998252e-06

  222  0  0
4.999999999998256e-06
4.999999999998254e-06
4.999999999998254e-06
4.999999999998254e-06
4.999999999998254e-06

  222  0  1
4.999999999998254e-06
4.999999999998257e-06
4.999999999998251e-06
4.999999999998251e-06
4.999999999998251e-06

  223  0  0
4.999999999998256e-06
4.999999999998255e-06
4.999999999998254e-06
4.999999999998253e-06
4.999999999998252e-06

  223  0  1
4.999999999998256e-06
4.999999999998257e-06
4.999999999998250e-06
4.999999999998250e-06
4.999999999998252e-06

  224  0  0
4.999999999998256e-06
4.999999999998256e-06
4.999999999998254e-06
4.999999999998253e-06
4.999999999998252e-06

  224  0  1
4.999999999998256e-06
4.999999999998257e-06
4.999999999998250e-06
4.999999999998250e-06
4.999999999998252e-06

  225  0  0
4.999999999998256e-06
4.999999999998254e-06
4.999999999998253e-06
4.999999999998251e-06
4.999999999998252e-06

  225  0  1
4.999999999998254e-06
4.999999999998258e-06
4.999999999998251e-06
4.999999999998250e-06
4.999999999998253e-06

  226  0  0
4.999999999998257e-06
4.999999999998253e-06
4.999999999998253e-06
4.999999999998253e-06
4.999999999998251e-06

  226  0  1
4.999999999998254e-06
4.999999999998258e-06
4.999999999998254e-06
4.999999999998252e-06
4.999999999998253e-06

  227  0  0
4.999999999998257e-06
4.999999999998256e-06
4.999999999998254e-06
4.999999999998251e-06
4.999999999998253e-06

  227  0  1
4.999999999998255e-06
4.999999999998257e-06
4.999999999998254e-06
4.999999999998252e-06
4.999999999998254e-06

  228  0  0
4.999999999998257e-06
4.999999999998254e-06
4.999999999998254e-06
4.999999999998250e-06
4.999999999998254e-06

  228  0  1
4.999999999998253e-06
4.999999999998256e-06
4.999999999998250e-06
4.999999999998250e-06
4.999999999998252e-06

  229  0  0
4.999999999998256e-06
4.999999999998255e-06
4.999999999998254e-06
4.999999999998253e-06
4.999999999998252e-06

  229  0  1
4.999999999998255e-06
4.999999999998258e-06
4.999999999998251e-06
4.999999999998251e-06
4.999999999998253e-06

  230  0  0
4.999999999998256e-06
4.999999999998254e-06
4.999999999998252e-06
4.999999999998253e-06
4.999999999998250e-06

  230  0  1
4.999999999998253e-06
4.999999999998257e-06
4.999999999998254e-06
4.999999999998252e-06
4.999999999998255e-06

  231  0  0
4.999999999998257e-06
4.999999999998255e-06
4.999999999998254e-06
4.999999999998251e-06
4.999999999998253e-06

  231  0  1
4.999999999998255e-06
4.999999999998258e-06
4.999999999998251e-06
4.999999999998250e-06
4.999999999998252e-06

  232  0  0
4.999999999998257e-06
4.999999999998254e-06
4.999999999998255e-06
4.999999999998251e-06
4.999999999998254e-06

  232  0  1
4.999999999998255e-06
4.999999999998258e-06
4.999999999998254e-06
4.999999999998252e-06
4.999999999998253e-06

  233  0  0
4.999999999998257e-06
4.999999999998255e-06
4.999999999998253e-06
4.999999999998252e-06
4.999999999998254e-06

  233  0  1
4.999999999998256e-06
4.999999999998255e-06
4.999999999998251e-06
4.999999999998253e-06
4.999999999998253e-06

  234  0  0
4.999999999998257e-06
4.999999999998255e-06
4.999999999998255e-06
4.999999999998251e-06
4.999999999998254e-06

  234  0  1
4.999999999998256e-06
4.999999999998256e-06
4.999999999998254e-06
4.999999999998254e-06
4.999999999998254e-06

  235  0  0
4.999999999998257e-06
4.999999999998255e-06
4.999999999998254e-06
4.999999999998251e-06
4.999999999998252e-06

  235  0  1
4.999999999998254e-06
4.999999999998256e-06
4.999999999998250e-06
4.999999999998250e-06
4.999999999998252e-06

  236  0  0
4.999999999998257e-06
4.999999999998255e-06
4.999999999998254e-06
4.999999999998253e-06
4.999999999998253e-06

  236  0  1
4.999999999998254e-06
4.999999999998258e-06
4.999999999998254e-06
4.999999999998251e-06
4.999999999998254e-06

  237  0  0
4.999999999998257e-06
4.999999999998255e-06
4.999999999998253e-06
4.999999999998250e-06
4.999999999998254e-06

  237  0  1
4.999999999998255e-06
4.999999999998258e-06
4.999999999998254e-06
4.999999999998252e-06
4.999999999998254e-06

  238  0  0
4.999999999998257e-06
4.999999999998256e-06
4.999999999998252e-06
4.999999999998250e-06
4.999999999998254e-06

  238  0  1
4.999999999998254e-06
4.999999999998257e-06
4.999999999998254e-06
4.999999999998252e-06
4.999999999998254e-06

  239  0  0
4.999999999998256e-06
4.999999999998255e-06
4.999999999998254e-06
4.999999999998254e-06
4.999999999998254e-06

  239  0  1
4.999999999998254e-06
4.999999999998256e-06
4.999999999998250e-06
4.999999999998250e-06
4.999999999998252e-06

  240  0  0
4.999999999998257e-06
4.999999999998256e-06
4.999999999998255e-06
4.999999999998253e-06
4.999999999998252e-06

  240  0  1
4.999999999998255e-06
4.999999999998256e-06
4.999999999998250e-06
4.999999999998251e-06
4.999999999998253e-06

  241  0  0
4.999999999998257e-06
4.999999999998255e-06
4.999999999998254e-06
4.999999999998251e-06
4.999999999998254e-06

  241  0  1
4.999999999998253e-06
4.999999999998258e-06
4.999999999998254e-06
4.999999999998252e-06
4.999999999998253e-06

  242  0  0
4.999999999998257e-06
4.999999999998256e-06
4.999999999998253e-06
4.999999999998250e-06
4.999999999998254e-06

  242  0  1
4.999999999998254e-06
4.999999999998257e-06
4.999999999998254e-06
4.999999999998252e-06
4.999999999998254e-06

  243  0  0
4.999999999998256e-06
4.999999999998255e-06
4.999999999998254e-06
4.999999999998253e-06
4.999999999998252e-06

  243  0  1
4.999999999998253e-06
4.999999999998258e-06
4.999999999998254e-06
4.999999999998252e-06
4.999999999998254e-06

  244  0  0
4.999999999998257e-06
4.999999999998255e-06
4.999999999998254e-06
4.999999999998254e-06
4.999999999998254e-06

  244  0  1
4.999999999998254e-06
4.999999999998257e-06
4.999999999998251e-06
4.999999999998252e-06
4.999999999998252e-06

  245  0  0
4.999999999998257e-06
4.999999999998256e-06
4.999999999998253e-06
4.999999999998250e-06
4.999999999998255e-06

  245  0  1
4.999999999998256e-06
4.999999999998258e-06
4.999999999998251e-06
4.999999999998250e-06
4.999999999998253e-06

  246  0  0
4.999999999998256e-06
4.999999999998255e-06
4.999999999998255e-06
4.999999999998252e-06
4.999999999998254e-06

  246  0  1
4.999999999998256e-06
4.999999999998257e-06
4.999999999998255e-06
4.999999999998251e-06
4.999999999998254e-06

  247  0  0
4.999999999998257e-06
4.999999999998255e-06
4.999999999998255e-06
4.999999999998251e-06
4.999999999998254e-06

  247  0  1
4.999999999998255e-06
4.999999999998258e-06
4.999999999998254e-06
4.999999999998252e-06
4.999999999998254e-06

  248  0  0
4.999999999998257e-06
4.999999999998255e-06
4.999999999998253e-06
4.999999999998251e-06
4.999999999998254e-06

  248  0  1
4.999999999998254e-06
4.999999999998256e-06
4.999999999998250e-06
4.999999999998250e-06
4.999999999998253e-06

  249  0  0
4.999999999998257e-06
4.999999999998254e-06
4.999999999998254e-06
4.999999999998253e-06
4.999999999998253e-06

  249  0  1
4.999999999998255e-06
4.999999999998257e-06
4.999999999998255e-06
4.999999999998252e-06
4.999999999998254e-06

  250  0  0
4.999999999998258e-06
4.999999999998255e-06
4.999999999998254e-06
4.999999999998253e-06
4.999999999998252e-06

  250  0  1
4.999999999998252e-06
4.999999999998257e-06
4.999999999998255e-06
4.999999999998252e-06
4.999999999998255e-06

  251  0  0
4.999999999998257e-06
4.999999999998256e-06
4.999999999998254e-06
4.999999999998251e-06
4.999999999998254e-06

  251  0  1
4.999999999998254e-06
4.999999999998257e-06
4.999999999998250e-06
4.999999999998251e-06
4.999999999998253e-06

  252  0  0
4.999999999998257e-06
4.999999999998254e-06
4.999999999998252e-06
4.999999999998250e-06
4.999999999998254e-06

  252  0  1
4.999999999998253e-06
4.999999999998256e-06
4.999999999998250e-06
4.999999999998252e-06
4.999999999998254e-06

  253  0  0
4.999999999998257e-06
4.999999999998256e-06
4.999999999998255e-06
4.999999999998252e-06
4.999999999998254e-06

  253  0  1
4.999999999998253e-06
4.999999999998257e-06
4.999999999998251e-06
4.999999999998252e-06
4.999999999998252e-06

  254  0  0
4.999999999998256e-06
4.999999999998255e-06
4.999999999998252e-06
4.999999999998250e-06
4.999999999998254e-06

  254  0  1
4.999999999998254e-06
4.999999999998258e-06
4.999999999998254e-06
4.999999999998252e-06
4.999999999998255e-06

  255  0  0
4.999999999998257e-06
4.999999999998254e-06
4.999999999998255e-06
4.999999999998251e-06
4.999999999998254e-06

  255  0  1
4.999999999998253e-06
4.999999999998257e-06
4.999999999998250e-06
4.999999999998251e-06
4.999999999998253e-06

  256  0  0
4.999999999998257e-06
4.999999999998255e-06
4.999999999998254e-06
4.999999999998250e-06
4.999999999998254e-06

  256  0  1
4.999999999998253e-06
4.999999999998256e-06
4.999999999998250e-06
4.999999999998252e-06
4.999999999998254e-06

  257  0  0
4.999999999998257e-06
4.999999999998255e-06
4.999999999998254e-06
4.999999999998251e-06
4.999999999998254e-06

  257  0  1
4.999999999998254e-06
4.999999999998258e-06
4.999999999998254e-06
4.999999999998253e-06
4.999999999998253e-06

  258  0  0
4.999999999998257e-06
4.999999999998256e-06
4.999999999998254e-06
4.999999999998252e-06
4.999999999998252e-06

  258  0  1
4.999999999998254e-06
4.999999999998257e-06
4.999999999998254e-06
4.999999999998252e-06
4.999999999998255e-06

  259  0  0
4.999999999998257e-06
4.999999999998254e-06
4.999999999998255e-06
4.999999999998253e-06
4.999999999998252e-06

  259  0  1
4.999999999998255e-06
4.999999999998258e-06
4.999999999998251e-06
4.999999999998250e-06
4.999999999998252e-06

  260  0  0
4.999999999998257e-06
4.999999999998256e-06
4.999999999998252e-06
4.999999999998250e-06
4.999999999998254e-06

  260  0  1
4.999999999998254e-06
4.999999999998258e-06
4.999999999998255e-06
4.999999999998252e-06
4.999999999998255e-06

  261  0  0
4.999999999998257e-06
4.999999999998255e-06
4.999999999998252e-06
4.999999999998250e-06
4.999999999998254e-06

  261  0  1
4.999999999998253e-06
4.999999999998257e-06
4.999999999998250e-06
4.999999999998253e-06
4.999999999998254e-06

  262  0  0
4.999999999998257e-06
4.999999999998255e-06
4.999999999998253e-06
4.999999999998250e-06
4.999999999998254e-06

  262  0  1
4.999999999998256e-06
4.999999999998257e-06
4.999999999998255e-06
4.999999999998252e-06
4.999999999998253e-06

  263  0  0
4.999999999998257e-06
4.999999999998256e-06
4.999999999998252e-06
4.999999999998250e-06
4.999999999998254e-06

  263  0  1
4.999999999998255e-06
4.999999999998257e-06
4.999999999998255e-06
4.999999999998252e-06
4.999999999998255e-06

  264  0  0
4.999999999998256e-06
4.999999999998255e-06
4.999999999998255e-06
4.999999999998252e-06
4.999999999998253e-06

  264  0  1
4.999999999998253e-06
4.999999999998257e-06
4.999999999998250e-06
4.999999999998252e-06
4.999999999998252e-06

  265  0  0
4.999999999998258e-06
4.999999999998255e-06
4.999999999998253e-06
4.999999999998254e-06
4.999999999998254e-06

  265  0  1
4.999999999998255e-06
4.999999999998258e-06
4.999999999998254e-06
4.999999999998251e-06
4.999999999998254e-06

  266  0  0
4.999999999998257e-06
4.999999999998255e-06
4.999999999998255e-06
4.999999999998252e-06
4.999999999998254e-06

  266  0  1
4.999999999998255e-06
4.999999999998254e-06
4.999999999998251e-06
4.999999999998253e-06
4.999999999998255e-06

  267  0  0
4.999999999998257e-06
4.999999999998255e-06
4.999999999998253e-06
4.999999999998250e-06
4.999999999998254e-06

  267  0  1
4.999999999998254e-06
4.999999999998258e-06
4.999999999998252e-06
4.999999999998250e-06
4.999999999998254e-06

  268  0  0
4.999999999998257e-06
4.999999999998256e-06
4.999999999998253e-06
4.999999999998250e-06
4.999999999998254e-06

  268  0  1
4.999999999998253e-06
4.999999999998258e-06
4.999999999998251e-06
4.999999999998253e-06
4.999999999998252e-06

  269  0  0
4.999999999998256e-06
4.999999999998254e-06
4.999999999998255e-06
4.999999999998251e-06
4.999999999998254e-06

  269  0  1
4.999999999998255e-06
4.999999999998258e-06
4.999999999998254e-06
4.999999999998252e-06
4.999999999998254e-06

  270  0  0
4.999999999998257e-06
4.999999999998255e-06
4.999999999998254e-06
4.999999999998250e-06
4.999999999998254e-06

  270  0  1
4.999999999998254e-06
4.999999999998257e-06
4.999999999998254e-06
4.999999999998253e-06
4.999999999998255e-06

  271  0  0
4.999999999998257e-06
4.999999999998254e-06
4.999999999998254e-06
4.999999999998250e-06
4.999999999998254e-06

  271  0  1
4.999999999998253e-06
4.999999999998257e-06
4.999999999998255e-06
4.999999999998252e-06
4.999999999998254e-06

  272  0  0
4.999999999998257e-06
4.999999999998255e-06
4.999999999998253e-06
4.999999999998253e-06
4.999999999998251e-06

  272  0  1
4.999999999998252e-06
4.999999999998257e-06
4.999999999998251e-06
4.999999999998250e-06
4.999999999998252e-06

  273  0  0
4.999999999998258e-06
4.999999999998255e-06
4.999999999998253e-06
4.999999999998253e-06
4.999999999998252e-06

  273  0  1
4.999999999998255e-06
4.999999999998258e-06
4.999999999998251e-06
4.999999999998250e-06
4.999999999998254e-06

  274  0  0
4.999999999998256e-06
4.999999999998254e-06
4.999999999998254e-06
4.999999999998250e-06
4.999999999998254e-06

  274  0  1
4.999999999998256e-06
4.999999999998258e-06
4.999999999998252e-06
4.999999999998251e-06
4.999999999998253e-06

  275  0  0
4.999999999998257e-06
4.999999999998255e-06
4.999999999998254e-06
4.999999999998252e-06
4.999999999998254e-06

  275  0  1
4.999999999998254e-06
4.999999999998257e-06
4.999999999998254e-06
4.999999999998251e-06
4.999999999998255e-06

  276  0  0
4.999999999998257e-06
4.999999999998256e-06
4.999999999998253e-06
4.999999999998250e-06
4.999999999998254e-06

  276  0  1
4.999999999998253e-06
4.999999999998256e-06
4.999999999998250e-06
4.999999999998250e-06
4.999999999998252e-06

  277  0  0
4.999999999998256e-06
4.999999999998254e-06
4.999999999998255e-06
4.999999999998252e-06
4.999999999998254e-06

  277  0  1
4.999999999998255e-06
4.999999999998256e-06
4.999999999998251e-06
4.999999999998251e-06
4.999999999998254e-06

  278  0  0
4.999999999998257e-06
4.999999999998256e-06
4.999999999998254e-06
4.999999999998252e-06
4.999999999998253e-06

  278  0  1
4.999999999998254e-06
4.999999999998257e-06
4.999999999998251e-06
4.999999999998250e-06
4.999999999998252e-06

  279  0  0
4.999999999998258e-06
4.999999999998254e-06
4.999999999998253e-06
4.999999999998254e-06
4.999999999998254e-06

  279  0  1
4.999999999998254e-06
4.999999999998257e-06
4.999999999998250e-06
4.999999999998250e-06
4.999999999998254e-06

  280  0  0
4.999999999998256e-06
4.999999999998256e-06
4.999999999998254e-06
4.999999999998250e-06
4.999999999998254e-06

  280  0  1
4.999999999998254e-06
4.999999999998257e-06
4.999999999998251e-06
4.999999999998250e-06
4.999999999998253e-06

  281  0  0
4.999999999998257e-06
4.999999999998255e-06
4.999999999998254e-06
4.999999999998252e-06
4.999999999998253e-06

  281  0  1
4.999999999998254e-06
4.999999999998257e-06
4.999999999998255e-06
4.999999999998252e-06
4.999999999998255e-06

  282  0  0
4.999999999998256e-06
4.999999999998255e-06
4.999999999998253e-06
4.999999999998252e-06
4.999999999998254e-06

  282  0  1
4.999999999998253e-06
4.999999999998255e-06
4.999999999998251e-06
4.999999999998252e-06
4.999999999998255e-06

  283  0  0
4.999999999998257e-06
4.999999999998255e-06
4.999999999998253e-06
4.999999999998253e-06
4.999999999998253e-06

  283  0  1
4.999999999998253e-06
4.999999999998255e-06
4.999999999998251e-06
4.999999999998253e-06
4.999999999998254e-06

  284  0  0
4.999999999998256e-06
4.999999999998254e-06
4.999999999998255e-06
4.999999999998250e-06
4.999999999998255e-06

  284  0  1
4.999999999998253e-06
4.999999999998256e-06
4.999999999998254e-06
4.999999999998252e-06
4.999999999998254e-06

  285  0  0
4.999999999998256e-06
4.999999999998254e-06
4.999999999998255e-06
4.999999999998252e-06
4.999999999998254e-06

  285  0  1
4.999999999998253e-06
4.999999999998258e-06
4.999999999998251e-06
4.999999999998250e-06
4.999999999998253e-06

  286  0  0
4.999999999998257e-06
4.999999999998256e-06
4.999999999998255e-06
4.999999999998252e-06
4.999999999998254e-06

  286  0  1
4.999999999998254e-06
4.999999999998256e-06
4.999999999998251e-06
4.999999999998251e-06
4.999999999998254e-06

  287  0  0
4.999999999998257e-06
4.999999999998254e-06
4.999999999998252e-06
4.999999999998250e-06
4.999999999998254e-06

  287  0  1
4.999999999998253e-06
4.999999999998258e-06
4.999999999998255e-06
4.999999999998252e-06
4.999999999998254e-06

  288  0  0
4.999999999998257e-06
4.999999999998256e-06
4.999999999998254e-06
4.999999999998252e-06
4.999999999998254e-06

  288  0  1
4.999999999998256e-06
4.999999999998257e-06
4.999999999998250e-06
4.999999999998252e-06
4.999999999998253e-06

  289  0  0
4.999999999998256e-06
4.999999999998256e-06
4.999999999998253e-06
4.999999999998250e-06
4.999999999998254e-06

  289  0  1
4.999999999998253e-06
4.999999999998257e-06
4.999999999998255e-06
4.999999999998251e-06
4.999999999998255e-06

  290  0  0
4.999999999998257e-06
4.999999999998256e-06
4.999999999998253e-06
4.999999999998250e-06
4.999999999998254e-06

  290  0  1
4.999999999998253e-06
4.999999999998257e-06
4.999999999998251e-06
4.999999999998250e-06
4.999999999998253e-06

  291  0  0
4.999999999998257e-06
4.999999999998255e-06
4.999999999998252e-06
4.999999999998250e-06
4.999999999998254e-06

  291  0  1
4.999999999998255e-06
4.999999999998258e-06
4.999999999998251e-06
4.999999999998252e-06
4.999999999998251e-06

  292  0  0
4.999999999998257e-06
4.999999999998256e-06
4.999999999998253e-06
4.999999999998250e-06
4.999999999998254e-06

  292  0  1
4.999999999998255e-06
4.999999999998258e-06
4.999999999998254e-06
4.999999999998251e-06
4.999999999998254e-06

  293  0  0
4.999999999998257e-06
4.999999999998254e-06
4.999999999998253e-06
4.999999999998250e-06
4.999999999998254e-06

  293  0  1
4.999999999998253e-06
4.999999999998255e-06
4.999999999998251e-06
4.999999999998253e-06
4.999999999998253e-06

  294  0  0
4.999999999998257e-06
4.999999999998255e-06
4.999999999998255e-06
4.999999999998251e-06
4.999999999998252e-06

  294  0  1
4.999999999998253e-06
4.999999999998255e-06
4.999999999998251e-06
4.999999999998253e-06
4.999999999998253e-06

  295  0  0
4.999999999998257e-06
4.999999999998255e-06
4.999999999998255e-06
4.999999999998253e-06
4.999999999998252e-06

  295  0  1
4.999999999998254e-06
4.999999999998256e-06
4.999999999998251e-06
4.999999999998252e-06
4.999999999998253e-06

  296  0  0
4.999999999998257e-06
4.999999999998256e-06
4.999999999998253e-06
4.999999999998250e-06
4.999999999998252e-06

  296  0  1
4.999999999998254e-06
4.999999999998257e-06
4.999999999998252e-06
4.999999999998253e-06
4.999999999998253e-06

  297  0  0
4.999999999998256e-06
4.999999999998256e-06
4.999999999998252e-06
4.999999999998253e-06
4.999999999998250e-06

  297  0  1
4.999999999998254e-06
4.999999999998258e-06
4.999999999998254e-06
4.999999999998252e-06
4.999999999998254e-06

  298  0  0
4.999999999998256e-06
4.999999999998254e-06
4.999999999998254e-06
4.999999999998251e-06
4.999999999998254e-06

  298  0  1
4.999999999998255e-06
4.999999999998257e-06
4.999999999998250e-06
4.999999999998252e-06
4.999999999998252e-06

  299  0  0
4.999999999998257e-06
4.999999999998255e-06
4.999999999998254e-06
4.999999999998250e-06
4.999999999998254e-06

  299  0  1
4.999999999998255e-06
4.999999999998258e-06
4.999999999998254e-06
4.999999999998253e-06
4.999999999998254e-06

  300  0  0
4.999999999998257e-06
4.999999999998254e-06
4.999999999998252e-06
4.999999999998253e-06
4.999999999998250e-06

  300  0  1
4.999999999998254e-06
4.999999999998257e-06
4.999999999998250e-06
4.999999999998252e-06
4.999999999998254e-06

  301  0  0
4.999999999998257e-06
4.999999999998254e-06
4.999999999998254e-06
4.999999999998253e-06
4.999999999998252e-06

  301  0  1
4.999999999998253e-06
4.999999999998255e-06
4.999999999998251e-06
4.999999999998253e-06
4.999999999998255e-06

  302  0  0
4.999999999998256e-06
4.999999999998256e-06
4.999999999998254e-06
4.999999999998250e-06
4.999999999998254e-06

  302  0  1
4.999999999998255e-06
4.999999999998257e-06
4.999999999998252e-06
4.999999999998250e-06
4.999999999998253e-06

  303  0  0
4.999999999998257e-06
4.999999999998254e-06
4.999999999998252e-06
4.999999999998250e-06
4.999999999998254e-06

  303  0  1
4.999999999998254e-06
4.999999999998258e-06
4.999999999998251e-06
4.999999999998250e-06
4.999999999998253e-06

  304  0  0
4.999999999998257e-06
4.999999999998255e-06
4.999999999998254e-06
4.999999999998252e-06
4.999999999998254e-06

  304  0  1
4.999999999998254e-06
4.999999999998257e-06
4.999999999998250e-06
4.999999999998252e-06
4.999999999998253e-06

  305  0  0
4.999999999998257e-06
4.999999999998256e-06
4.999999999998254e-06
4.999999999998252e-06
4.999999999998253e-06

  305  0  1
4.999999999998255e-06
4.999999999998256e-06
4.999999999998250e-06
4.999999999998252e-06
4.999999999998252e-06

  306  0  0
4.999999999998256e-06
4.999999999998255e-06
4.999999999998252e-06
4.999999999998253e-06
4.999999999998250e-06

  306  0  1
4.999999999998253e-06
4.999999999998257e-06
4.999999999998251e-06
4.999999999998252e-06
4.999999999998253e-06

  307  0  0
4.999999999998258e-06
4.999999999998256e-06
4.999999999998255e-06
4.999999999998253e-06
4.999999999998253e-06

  307  0  1
4.999999999998254e-06
4.999999999998257e-06
4.999999999998250e-06
4.999999999998250e-06
4.999999999998252e-06

  308  0  0
4.999999999998257e-06
4.999999999998255e-06
4.999999999998255e-06
4.999999999998253e-06
4.999999999998252e-06

  308  0  1
4.999999999998256e-06
4.999999999998256e-06
4.999999999998250e-06
4.999999999998252e-06
4.999999999998253e-06

  309  0  0
4.999999999998255e-06
4.999999999998254e-06
4.999999999998253e-06
4.999999999998251e-06
4.999999999998250e-06

  309  0  1
4.999999999998255e-06
4.999999999998258e-06
4.999999999998251e-06
4.999999999998251e-06
4.999999999998254e-06

  310  0  0
4.999999999998255e-06
4.999999999998254e-06
4.999999999998253e-06
4.999999999998252e-06
4.999999999998245e-06

  310  0  1
4.999999999998256e-06
4.999999999998257e-06
4.999999999998252e-06
4.999999999998252e-06
4.999999999998252e-06

  311  0  0
4.999999999998266e-06
4.999999999998256e-06
4.999999999998246e-06
4.999999999998267e-06
4.999999999998048e-06

  311  0  1
4.999999999998252e-06
4.999999999998259e-06
4.999999999998252e-06
4.999999999998253e-06
4.999999999998226e-06

  312  0  0
4.999999999998362e-06
4.999999999998615e-06
4.999999999998016e-06
4.999999999999956e-06
5.000000000000638e-06

  312  0  1
4.999999999998310e-06
4.999999999998182e-06
4.999999999998825e-06
4.999999999997839e-06
5.000000000004114e-06

  313  0  0
4.999999999983027e-06
5.000000000006877e-06
4.999999999994263e-06
5.000000000016877e-06
5.000000000355377e-06

  313  0  1
4.999999999995393e-06
4.999999999989502e-06
5.000000000017872e-06
4.999999999960630e-06
5.000000000228347e-06

  314  0  0
4.999999999186175e-06
5.000000000173920e-06
5.000000000281324e-06
4.999999999443546e-06
5.000000019081422e-06

  314  0  1
4.999999999921889e-06
4.999999999639868e-06
5.000000000757843e-06
4.999999998426968e-06
5.000000007585462e-06

  315  0  0
4.999999968448755e-06
5.000000000637795e-06
5.000000021656006e-06
4.999999940359539e-06
5.000000720445018e-06

  315  0  1
4.999999998974091e-06
4.999999987969403e-06
5.000000023977586e-06
4.999999944924475e-06
5.000000183067799e-06

  316  0  0
4.999999118400515e-06
4.999999803079810e-06
5.000000961213511e-06
4.999996782787162e-06
5.000018086741094e-06

  316  0  1
5.000000054249906e-06
4.999999698351005e-06
5.000000521509401e-06
4.999998466885144e-06
5.000000717976361e-06

  317  0  0
4.999992334026223e-06
4.999985093362318e-06
5.000029533689522e-06
4.999865662419168e-06
4.999966782567391e-06

  317  0  1
5.000006338347109e-06
4.999997928369254e-06
4.999997589076036e-06
4.999977119094044e-06
4.999710849421154e-06

  318  0  0
5.001219905202688e-06
4.999212667380873e-06
5.000342131347956e-06
4.995518330547872e-06
4.957397488791320e-06

  318  0  1
5.000426078887830e-06
5.000404199226615e-06
4.998797890844702e-06
5.000998206819107e-06
4.974350182285021e-06

  319  0  0
5.117647239259615e-06
4.977047925766550e-06
4.937627133323356e-06
5.058617786094980e-06
2.300242855418580e-06

  319  0  1
5.020103282429577e-06
5.044935049087900e-06
4.890829520171778e-06
5.182578588656482e-06
3.621041215914374e-06

