#Cell 
# Element_0
# Element_1
0
1.165925050405599e+00
1.148414788089096e+00

1
1.150676941786917e+00
1.128262578546127e+00

2
1.131714298728824e+00
1.101516379385584e+00

3
1.106883814091262e+00
1.063948519017385e+00

4
1.072643696815276e+00
1.005849209456397e+00

5
1.014405097013058e+00
9.002255528668651e-01

6
8.821362060724246e-01
6.895423262673113e-01

7
5.799520668449286e-01
2.986669768415128e-01

8
1.028676532333445e-01
5.652768059437566e-02

9
5.623538444774933e-02
5.623413504721728e-02

10
5.623413252974007e-02
5.623413251905163e-02

11
5.623413251903008e-02
5.623413251903000e-02

12
5.623413251903000e-02
5.623413251903000e-02

13
5.623413251903000e-02
5.623413251903000e-02

14
5.623413251903000e-02
5.623413251903000e-02

15
5.623413251903000e-02
5.623413251903000e-02

16
5.623413251903000e-02
5.623413251903000e-02

17
5.623413251903000e-02
5.623413251896858e-02

18
5.623413251314775e-02
5.623412964770671e-02

19
5.623389831123611e-02
5.611947061819429e-02

