#Cell  Group   Direction 
# Element_0
# Element_1
# Element_2
# Element_3
    0  0  0
1.824108362587643e-01
1.819684928626175e-01
1.812522819377669e-01
1.808091674135982e-01

    0  0  1
1.732050829236849e+00
1.731280409945009e+00
1.730031959029900e+00
1.729259201519550e+00

    1  0  0
1.808091853211124e-01
1.803657203567376e-01
1.796475392000885e-01
1.792034167054044e-01

    1  0  1
1.729259205971190e+00
1.728485537841848e+00
1.727231791816064e+00
1.726455717553881e+00

    2  0  0
1.792034481422091e-01
1.787594220841645e-01
1.780414753297059e-01
1.775982763769203e-01

    2  0  1
1.726455717235797e+00
1.725678720948034e+00
1.724419530516580e+00
1.723640072468072e+00

    3  0  0
1.775982443576071e-01
1.771553045219341e-01
1.764388007106327e-01
1.759957747446466e-01

    3  0  1
1.723640071062025e+00
1.722859658591936e+00
1.721594881630120e+00
1.720811944232125e+00

    4  0  0
1.759957528165876e-01
1.755522901113755e-01
1.748338143688596e-01
1.743892156585148e-01

    4  0  1
1.720811946087655e+00
1.720028031543675e+00
1.718757547215179e+00
1.717971044465691e+00

    5  0  0
1.743892730845410e-01
1.739446343822456e-01
1.732254195363669e-01
1.727813171915724e-01

    5  0  1
1.717971057068200e+00
1.717183535999709e+00
1.715907196625682e+00
1.715117044200610e+00

    6  0  0
1.727812898174241e-01
1.723374124514235e-01
1.716194465310970e-01
1.711756186293819e-01

    6  0  1
1.715117063194583e+00
1.714325868581776e+00
1.713043519798571e+00
1.712249605116589e+00

    7  0  0
1.711756020358613e-01
1.707314762302440e-01
1.700122052831181e-01
1.695672706426760e-01

    7  0  1
1.712249603733324e+00
1.711454631168755e+00
1.710166062377734e+00
1.709368274135336e+00

    8  0  0
1.695673138963464e-01
1.691223575544397e-01
1.684025688375542e-01
1.679580009761732e-01

    8  0  1
1.709368274315191e+00
1.708569399109312e+00
1.707274471995690e+00
1.706472720450570e+00

    9  0  0
1.679579764178351e-01
1.675135384919369e-01
1.667944939727178e-01
1.663499400572999e-01

    9  0  1
1.706472736794871e+00
1.705669850468566e+00
1.704368407184906e+00
1.703562570310050e+00

   10  0  0
1.663499317950495e-01
1.659051113403260e-01
1.651848510013907e-01
1.647394364985405e-01

   10  0  1
1.703562570768566e+00
1.702755590830960e+00
1.701447429453363e+00
1.700637421770413e+00

   11  0  0
1.647394717385048e-01
1.642941035813307e-01
1.635737348465458e-01
1.631288019548335e-01

   11  0  1
1.700637421072173e+00
1.699826243426454e+00
1.698511217315220e+00
1.697696941858279e+00

   12  0  0
1.631287752527703e-01
1.626839261171613e-01
1.619641674883032e-01
1.615191792703669e-01

   12  0  1
1.697697005457989e+00
1.696881486689096e+00
1.695559588969033e+00
1.694740869553299e+00

   13  0  0
1.615191900732868e-01
1.610740250394412e-01
1.603532920238629e-01
1.599076149229868e-01

   13  0  1
1.694740865984445e+00
1.693920848933197e+00
1.692591384783152e+00
1.691768076491055e+00

   14  0  0
1.599076337555186e-01
1.594618963705605e-01
1.587406021704958e-01
1.582948226239358e-01

   14  0  1
1.691768077335801e+00
1.690943489452370e+00
1.689606542614616e+00
1.688778554331727e+00

   15  0  0
1.582948122810041e-01
1.578490069955004e-01
1.571276601158303e-01
1.566818407074773e-01

   15  0  1
1.688778554356344e+00
1.687949248733261e+00
1.686604595924443e+00
1.685771804595450e+00

   16  0  0
1.566818456639493e-01
1.562360698196488e-01
1.555149073794894e-01
1.550692848065153e-01

   16  0  1
1.685771813255439e+00
1.684937654722859e+00
1.683585069670595e+00
1.682747318292553e+00

   17  0  0
1.550692786329875e-01
1.546236672853920e-01
1.539025826442231e-01
1.534568141478641e-01

   17  0  1
1.682747318552591e+00
1.681908171431189e+00
1.680547425116753e+00
1.679704580174009e+00

   18  0  0
1.534568146682638e-01
1.530109281285360e-01
1.522892055323651e-01
1.518429956501628e-01

   18  0  1
1.679704580618406e+00
1.678860301445682e+00
1.677491163455069e+00
1.676643074936951e+00

   19  0  0
1.518430022433844e-01
1.513967107141732e-01
1.506744802113821e-01
1.502280934936160e-01

   19  0  1
1.676643079239241e+00
1.675793503782569e+00
1.674415718210375e+00
1.673562241168170e+00

   20  0  0
1.502280972319877e-01
1.497817526119823e-01
1.490596988850285e-01
1.486135611915901e-01

   20  0  1
1.673562240051628e+00
1.672707245453530e+00
1.671320560546945e+00
1.670461523166326e+00

   21  0  0
1.486135524210598e-01
1.481674578408546e-01
1.474456746926010e-01
1.469995272350950e-01

   21  0  1
1.670461525842976e+00
1.669600916968012e+00
1.668205081871386e+00
1.667340323811194e+00

   22  0  0
1.469995270674425e-01
1.465533024510539e-01
1.458311412959234e-01
1.453847310706183e-01

   22  0  1
1.667340325824090e+00
1.666473955329453e+00
1.665068678605431e+00
1.664198031348626e+00

   23  0  0
1.453847380342089e-01
1.449383001187960e-01
1.442158795998376e-01
1.437693578015678e-01

   23  0  1
1.664198029791133e+00
1.663325722209919e+00
1.661910741372471e+00
1.661034021412509e+00

   24  0  0
1.437693535180826e-01
1.433227854867573e-01
1.426001604400997e-01
1.421535354702697e-01

   24  0  1
1.661034024208864e+00
1.660155580754661e+00
1.658730580649185e+00
1.657847605474394e+00

   25  0  0
1.421535413646539e-01
1.417069533200373e-01
1.409844415688998e-01
1.405379482176188e-01

   25  0  1
1.657847605474127e+00
1.656962859859552e+00
1.655527503870289e+00
1.654638065734593e+00

   26  0  0
1.405379388586880e-01
1.400914137266071e-01
1.393687966234387e-01
1.389220629795801e-01

   26  0  1
1.654638066926393e+00
1.653746814319642e+00
1.652300836773065e+00
1.651404754503583e+00

   27  0  0
1.389220694043375e-01
1.384752617839497e-01
1.377522428640213e-01
1.373054202189213e-01

   27  0  1
1.651404755261412e+00
1.650506798450530e+00
1.649049844386164e+00
1.648146891670472e+00

   28  0  0
1.373054266888425e-01
1.368587018085287e-01
1.361361121232815e-01
1.356896713275670e-01

   28  0  1
1.648146892500519e+00
1.647242004790306e+00
1.645773725949546e+00
1.644863693767862e+00

   29  0  0
1.356896566019620e-01
1.352432246587114e-01
1.345207632986734e-01
1.340740702979674e-01

   29  0  1
1.644863697814305e+00
1.643951659308169e+00
1.642471686176161e+00
1.641554345965021e+00

   30  0  0
1.340740739515054e-01
1.336272087027741e-01
1.329038706667599e-01
1.324567127182003e-01

   30  0  1
1.641554347056037e+00
1.640634945234361e+00
1.639142901877443e+00
1.638218013866128e+00

   31  0  0
1.324567320290052e-01
1.320096570621525e-01
1.312865745146312e-01
1.308399574897326e-01

   31  0  1
1.638218015657196e+00
1.637291001794661e+00
1.635786521018294e+00
1.634853869289072e+00

   32  0  0
1.308399383673983e-01
1.303934370612966e-01
1.296710798617061e-01
1.292245506048898e-01

   32  0  1
1.634853862827760e+00
1.633919037323304e+00
1.632401705471506e+00
1.631461020696215e+00

   33  0  0
1.292245453434719e-01
1.287778634136466e-01
1.280548361465340e-01
1.276078497315720e-01

   33  0  1
1.631461025463265e+00
1.630518064630180e+00
1.628987472924474e+00
1.628038483754968e+00

   34  0  0
1.276078724458167e-01
1.271609451066211e-01
1.264380070429130e-01
1.259913992387715e-01

   34  0  1
1.628038488231967e+00
1.627087153541339e+00
1.625542852470701e+00
1.624585292563259e+00

   35  0  0
1.259913831816855e-01
1.255448485086752e-01
1.248224268052203e-01
1.243759232322804e-01

   35  0  1
1.624585297002538e+00
1.623625316610650e+00
1.622066869653946e+00
1.621100464788618e+00

   36  0  0
1.243759266669191e-01
1.239294000049689e-01
1.232068845777701e-01
1.227603656157695e-01

   36  0  1
1.621100464687949e+00
1.620131562439635e+00
1.618558498026763e+00
1.617582952722905e+00

   37  0  0
1.227603703613689e-01
1.223139022832166e-01
1.215915875004242e-01
1.211452034838221e-01

   37  0  1
1.617582960605171e+00
1.616604821005734e+00
1.615016641113799e+00
1.614031641241116e+00

   38  0  0
1.211451981905449e-01
1.206987937048476e-01
1.199764220854751e-01
1.195299002464483e-01

   38  0  1
1.614031643376855e+00
1.613043972746851e+00
1.611440178596546e+00
1.610445414958776e+00

   39  0  0
1.195299051107773e-01
1.190833445844743e-01
1.183607365500480e-01
1.179141210028837e-01

   39  0  1
1.610445414609249e+00
1.609447894819539e+00
1.607827933008109e+00
1.606823063489698e+00

   40  0  0
1.179141241291419e-01
1.174675380802633e-01
1.167451280306494e-01
1.162988511847188e-01

   40  0  1
1.606823063377593e+00
1.605815346492141e+00
1.604178719144539e+00
1.603163414419713e+00

   41  0  0
1.162988569152991e-01
1.158528270772462e-01
1.151317242770449e-01
1.146864489805307e-01

   41  0  1
1.603163412828171e+00
1.602145163141969e+00
1.600491276215097e+00
1.599465176683120e+00

   42  0  0
1.146864288039139e-01
1.142413101452941e-01
1.135211123824989e-01
1.130757789007867e-01

   42  0  1
1.599465176878190e+00
1.598436017960993e+00
1.596764300779764e+00
1.595727054412972e+00

   43  0  0
1.130757702646682e-01
1.126300848321213e-01
1.119081579243389e-01
1.114615357332200e-01

   43  0  1
1.595727021710286e+00
1.594686671903626e+00
1.592996654755871e+00
1.591948041072016e+00

   44  0  0
1.114615723859670e-01
1.110149120029229e-01
1.102925858806391e-01
1.098466224547331e-01

   44  0  1
1.591948105916715e+00
1.590896155550762e+00
1.589186846392248e+00
1.588125993226337e+00

   45  0  0
1.098466220068963e-01
1.094011021111512e-01
1.086811281499991e-01
1.082366468127382e-01

   45  0  1
1.588125996444441e+00
1.587061749318346e+00
1.585332506295000e+00
1.584259218809408e+00

   46  0  0
1.082366218895451e-01
1.077923265689971e-01
1.070736209059871e-01
1.066293903740927e-01

   46  0  1
1.584259217102647e+00
1.583182409827117e+00
1.581432635153814e+00
1.580346530031954e+00

   47  0  0
1.066293938149303e-01
1.061850424515772e-01
1.054657041422516e-01
1.050208616213285e-01

   47  0  1
1.580346542155085e+00
1.579256781054393e+00
1.577485771536455e+00
1.576386384817442e+00

   48  0  0
1.050208835210638e-01
1.045759710971611e-01
1.038561237503414e-01
1.034114095286663e-01

   48  0  1
1.576386386010417e+00
1.575283243021281e+00
1.573490270849291e+00
1.572377117679654e+00

   49  0  0
1.034114069036651e-01
1.029668689798574e-01
1.022478650250880e-01
1.018035650630583e-01

   49  0  1
1.572377132549983e+00
1.571260045940581e+00
1.569444251223968e+00
1.568316836298765e+00

   50  0  0
1.018035534634337e-01
1.013592243875150e-01
1.006404322611966e-01
1.001964350704012e-01

   50  0  1
1.568316835589093e+00
1.567185399397301e+00
1.565346044409979e+00
1.564203865916744e+00

   51  0  0
1.001964696785361e-01
9.975295281332583e-02
9.903633281557225e-02
9.859403854194765e-02

   51  0  1
1.564203855805413e+00
1.563057510371322e+00
1.561193680986678e+00
1.560036179394650e+00

   52  0  0
9.859397346265529e-02
9.815167168547734e-02
9.743561648960149e-02
9.699251220519253e-02

   52  0  1
1.560036195939103e+00
1.558874332935858e+00
1.556985134259170e+00
1.555811723393832e+00

   53  0  0
9.699256678706210e-02
9.654930315073770e-02
9.583224953279022e-02
9.538960666943165e-02

   53  0  1
1.555811699450850e+00
1.554633812337617e+00
1.552718129832820e+00
1.551528141500645e+00

   54  0  0
9.538960442837977e-02
9.494746885604882e-02
9.423285845617839e-02
9.379142011603646e-02

   54  0  1
1.551528147478639e+00
1.550333532985038e+00
1.548390648664844e+00
1.547183609308756e+00

   55  0  0
9.379137605318738e-02
9.334978089060190e-02
9.263522339918921e-02
9.219378981035332e-02

   55  0  1
1.547183604963818e+00
1.545971745727365e+00
1.544000610627408e+00
1.542775909396515e+00

   56  0  0
9.219385995898897e-02
9.175307470883334e-02
9.104119912833566e-02
9.060204417037722e-02

   56  0  1
1.542775935311624e+00
1.541546185630349e+00
1.539545724061235e+00
1.538302613898318e+00

   57  0  0
9.060196373612189e-02
9.016290330307397e-02
8.945258326325783e-02
8.901352560715334e-02

   57  0  1
1.538302586777288e+00
1.537054284228934e+00
1.535023172756940e+00
1.533760859595138e+00

   58  0  0
8.901360046336070e-02
8.857496537232845e-02
8.786627771660499e-02
8.742906238302572e-02

   58  0  1
1.533760868606239e+00
1.532493170378777e+00
1.530430479508754e+00
1.529148402105802e+00

   59  0  0
8.742897335534662e-02
8.699167668824292e-02
8.628292855064724e-02
8.584339939156350e-02

   59  0  1
1.529148394543434e+00
1.527860718796298e+00
1.525765233901445e+00
1.524462651099315e+00

   60  0  0
8.584342948304055e-02
8.540263200648146e-02
8.468685645385070e-02
8.424312987756032e-02

   60  0  1
1.524462654320044e+00
1.523154278975046e+00
1.521024871665372e+00
1.519700965642463e+00

   61  0  0
8.424316836052281e-02
8.379864516308816e-02
8.307807415821712e-02
8.263230807506705e-02

   61  0  1
1.519701020711581e+00
1.518370959965392e+00
1.516206446100731e+00
1.514860930079334e+00

   62  0  0
8.263240547689701e-02
8.218750285210275e-02
8.147177030257322e-02
8.103351714213797e-02

   62  0  1
1.514861705839357e+00
1.513509116946107e+00
1.511310169949043e+00
1.509941713589525e+00

   63  0  0
8.103359903959895e-02
8.059929428138776e-02
7.990250049782037e-02
7.947395157195337e-02

   63  0  1
1.509941977855775e+00
1.508565010831995e+00
1.506323399475004e+00
1.504929337606807e+00

   64  0  0
7.947372364702431e-02
7.904438161446399e-02
7.834544702938735e-02
7.790906459938293e-02

   64  0  1
1.504929349263690e+00
1.503528487123044e+00
1.501247355018527e+00
1.499828414583494e+00

   65  0  0
7.790922869021179e-02
7.746933561040134e-02
7.675042291770928e-02
7.630251684701367e-02

   65  0  1
1.499828411310255e+00
1.498402374527403e+00
1.496079670611122e+00
1.494634596458141e+00

   66  0  0
7.630282189589750e-02
7.585519872444919e-02
7.513696991182083e-02
7.470073603479895e-02

   66  0  1
1.494634591643043e+00
1.493182133156344e+00
1.490816144122632e+00
1.489343925570792e+00

   67  0  0
7.470065426570230e-02
7.427132162945463e-02
7.358697061197052e-02
7.316647210571516e-02

   67  0  1
1.489344003455442e+00
1.487863830603406e+00
1.485452520111175e+00
1.483952013196403e+00

   68  0  0
7.316567184302585e-02
7.273974870236505e-02
7.203582832469524e-02
7.158947650756231e-02

   68  0  1
1.483951958984454e+00
1.482443579084451e+00
1.479985317004817e+00
1.478455153743549e+00

   69  0  0
7.159060432228395e-02
7.114253264818431e-02
7.042224914532105e-02
6.998704955836341e-02

   69  0  1
1.478455128068200e+00
1.476916718563243e+00
1.474409513207745e+00
1.472848837768593e+00

   70  0  0
6.998671765041628e-02
6.955950139382083e-02
6.887928963744022e-02
6.846007311113572e-02

   70  0  1
1.472848795834847e+00
1.471279686521570e+00
1.468721343915368e+00
1.467128284053313e+00

   71  0  0
6.845923964114853e-02
6.803349922716417e-02
6.733105541551006e-02
6.688883905763512e-02

   71  0  1
1.467128312167737e+00
1.465526177584422e+00
1.462914213803350e+00
1.461287613537468e+00

   72  0  0
6.689018931257688e-02
6.645066854805175e-02
6.574986179483777e-02
6.532734694687806e-02

   72  0  1
1.461287620619488e+00
1.459651463780596e+00
1.456983690209209e+00
1.455322143373274e+00

   73  0  0
6.532630162231720e-02
6.490629517108278e-02
6.422560032688474e-02
6.379843061283019e-02

   73  0  1
1.455322070940188e+00
1.453650750876295e+00
1.450924586415403e+00
1.449226373665769e+00

   74  0  0
6.379880127742618e-02
6.336790870790475e-02
6.266922640983989e-02
6.224169979023871e-02

   74  0  1
1.449226366563273e+00
1.447517770102470e+00
1.444730836878929e+00
1.442994435174485e+00

   75  0  0
6.224186164340718e-02
6.181918994268605e-02
6.113907388409451e-02
6.071637090163700e-02

   75  0  1
1.442994424534788e+00
1.441247155942453e+00
1.438396606500451e+00
1.436620255334031e+00

   76  0  0
6.071584636076560e-02
6.028756547866816e-02
5.958764094672109e-02
5.915392820169970e-02

   76  0  1
1.436620282687797e+00
1.434832500359862e+00
1.431915443836062e+00
1.430097244622968e+00

   77  0  0
5.915461712665223e-02
5.872425146071921e-02
5.803186412213585e-02
5.760490061435014e-02

   77  0  1
1.430097294814856e+00
1.428267124192425e+00
1.425280340049212e+00
1.423418232828686e+00

   78  0  0
5.760443459035369e-02
5.717633858261272e-02
5.648655376180602e-02
5.606506622351592e-02

   78  0  1
1.423418252843525e+00
1.421543550942512e+00
1.418483669454725e+00
1.416575820043917e+00

   79  0  0
5.606537675967257e-02
5.564961645725117e-02
5.498403962202746e-02
5.457369527924504e-02

   79  0  1
1.416575794654021e+00
1.414654926732903e+00
1.411518627685113e+00
1.409562585771262e+00

   80  0  0
5.457309781389853e-02
5.415852154107830e-02
5.347694904481092e-02
5.304759046920909e-02

   80  0  1
1.409562698424264e+00
1.407592650170052e+00
1.404375951497417e+00
1.402369524026326e+00

   81  0  0
5.304820787733339e-02
5.261597116995500e-02
5.191650059149651e-02
5.148939677192178e-02

   81  0  1
1.402369557673403e+00
1.400348701242891e+00
1.397048078991171e+00
1.394988816993049e+00

   82  0  0
5.148966313244726e-02
5.107071623769693e-02
5.040804981204661e-02
5.000552696231674e-02

   82  0  1
1.394988812922770e+00
1.392914497353601e+00
1.389525676283509e+00
1.387410890367226e+00

   83  0  0
5.000430739927286e-02
4.959781696593070e-02
4.892678380571537e-02
4.850000278547725e-02

   83  0  1
1.387410864990821e+00
1.385280248679907e+00
1.381798553780285e+00
1.379625326644941e+00

   84  0  0
4.850129495608473e-02
4.807297146610739e-02
4.738590281767629e-02
4.697277104688083e-02

   84  0  1
1.379625408185074e+00
1.377435248750853e+00
1.373855881491431e+00
1.371621222580014e+00

   85  0  0
4.697225735526490e-02
4.656635961981376e-02
4.591529871934958e-02
4.550853597622161e-02

   85  0  1
1.371621212731271e+00
1.369369044981746e+00
1.365687095255435e+00
1.363387852398986e+00

   86  0  0
4.550811091349010e-02
4.509392374743276e-02
4.441598880681208e-02
4.399803114959842e-02

   86  0  1
1.363387884063843e+00
1.361070068017689e+00
1.357279901393005e+00
1.354912494971704e+00

   87  0  0
4.399908805451055e-02
4.358921844355718e-02
4.293754879720126e-02
4.253844089322422e-02

   87  0  1
1.354912709982953e+00
1.352525470251237e+00
1.348621320168724e+00
1.346181875450141e+00

   88  0  0
4.253719102555249e-02
4.213295543159666e-02
4.147123069511539e-02
4.105887114534092e-02

   88  0  1
1.346181662449469e+00
1.343721898732062e+00
1.339696784095758e+00
1.337181194080266e+00

   89  0  0
4.106000473424172e-02
4.065169328314665e-02
3.999819609264920e-02
3.959878823978651e-02

   89  0  1
1.337181077832590e+00
1.334643828498156e+00
1.330490300243728e+00
1.327893741256677e+00

   90  0  0
3.959797273511279e-02
3.919775685710675e-02
3.854917777441123e-02
3.814708294695478e-02

   90  0  1
1.327893784998212e+00
1.325274509735040e+00
1.320987236001062e+00
1.318306206273433e+00

   91  0  0
3.814743510933628e-02
3.774578260357409e-02
3.709720917443603e-02
3.669815734286030e-02

   91  0  1
1.318305952016888e+00
1.315600875050347e+00
1.311169987261486e+00
1.308398250018105e+00

   92  0  0
3.669819544961805e-02
3.630137849147422e-02
3.566333735503058e-02
3.527069651761854e-02

   92  0  1
1.308398287464757e+00
1.305600986187427e+00
1.301019566603571e+00
1.298152832723988e+00

   93  0  0
3.527037531240495e-02
3.487685316642417e-02
3.423938668137400e-02
3.384556272046171e-02

   93  0  1
1.298152558498302e+00
1.295258696597289e+00
1.290515435797809e+00
1.287546374163233e+00

   94  0  0
3.384590542290400e-02
3.345434518837515e-02
3.282542685290769e-02
3.243978629238290e-02

   94  0  1
1.287546389102766e+00
1.284548433577162e+00
1.279635093440847e+00
1.276558954178284e+00

   95  0  0
3.243952770204139e-02
3.205485458314273e-02
3.143354540310244e-02
3.104916817095328e-02

   95  0  1
1.276558902827680e+00
1.273451877285144e+00
1.268357191027416e+00
1.265166183735831e+00

   96  0  0
3.104918361172719e-02
3.066412185794729e-02
3.003977083915736e-02
2.965331605250986e-02

   96  0  1
1.265166115843928e+00
1.261942025705178e+00
1.256653408546216e+00
1.253339927874000e+00

   97  0  0
2.965336961499489e-02
2.926649474235450e-02
2.863805554980723e-02
2.824697239913195e-02

   97  0  1
1.253340522767013e+00
1.249990659296540e+00
1.244495045801966e+00
1.241050697907479e+00

   98  0  0
2.824706664603976e-02
2.785464566701158e-02
2.722173036048346e-02
2.683578157377599e-02

   98  0  1
1.241049854589783e+00
1.237569807291030e+00
1.231856717044580e+00
1.228274995929874e+00

   99  0  0
2.683603880661036e-02
2.645795146667074e-02
2.586268923895296e-02
2.550300223005443e-02

   99  0  1
1.228277588542479e+00
1.224649866776524e+00
1.218691923202453e+00
1.214952509267042e+00

  100  0  0
2.550228764460897e-02
2.514226709028897e-02
2.455095531421369e-02
2.417450388966044e-02

  100  0  1
1.214953111367498e+00
1.211167329882722e+00
1.204948305968151e+00
1.201044968740908e+00

  101  0  0
2.417526921716574e-02
2.379359487811723e-02
2.317359502050222e-02
2.279639407467591e-02

  101  0  1
1.201044897957896e+00
1.197094421174732e+00
1.190598939794377e+00
1.186519647074805e+00

  102  0  0
2.279680708890167e-02
2.242928439588147e-02
2.184999316660742e-02
2.149711068105867e-02

  102  0  1
1.186519578512423e+00
1.182389249453513e+00
1.175594161256311e+00
1.171323290866184e+00

  103  0  0
2.149573578277187e-02
2.113712432389515e-02
2.054710544756350e-02
2.017771785317302e-02

  103  0  1
1.171323077967473e+00
1.166996806013958e+00
1.159877246109437e+00
1.155401187960734e+00

  104  0  0
2.017933761968800e-02
1.981619717113808e-02
1.923950487628406e-02
1.889012253246653e-02

  104  0  1
1.155395735293486e+00
1.150868334913262e+00
1.143400664156536e+00
1.138711692527068e+00

  105  0  0
1.888823426218745e-02
1.853593099388672e-02
1.796496188474796e-02
1.761045530528279e-02

  105  0  1
1.138718473754197e+00
1.133948350024141e+00
1.126087596542935e+00
1.121134062155225e+00

  106  0  0
1.761204714692797e-02
1.726346516941524e-02
1.670618448900746e-02
1.636480717071774e-02

  106  0  1
1.121135115770107e+00
1.116103774151685e+00
1.107809960490568e+00
1.102584973486780e+00

  107  0  0
1.636434492231544e-02
1.602331315569286e-02
1.547489232311417e-02
1.513879378207698e-02

  107  0  1
1.102584276545513e+00
1.097280692733859e+00
1.088517383979184e+00
1.082988225623780e+00

  108  0  0
1.513883941973406e-02
1.480493299173744e-02
1.426917136486595e-02
1.394081467384376e-02

  108  0  1
1.082988155426553e+00
1.077371128579058e+00
1.068089095680040e+00
1.062227188312139e+00

  109  0  0
1.394086093841726e-02
1.361459529782885e-02
1.308806616578716e-02
1.276141028639824e-02

  109  0  1
1.062228847581070e+00
1.056264074147730e+00
1.046400718999226e+00
1.040169152898947e+00

  110  0  0
1.276120480463730e-02
1.243151724831051e-02
1.189290765332790e-02
1.155774305850422e-02

  110  0  1
1.040166531126637e+00
1.033829690832300e+00
1.023311372089869e+00
1.016652182133304e+00

  111  0  0
1.155833845747120e-02
1.122633397285040e-02
1.070186241406204e-02
1.038962751434513e-02

  111  0  1
1.016649402833027e+00
1.009877374513081e+00
9.986586563900397e-01
9.915399212015982e-01

  112  0  0
1.038919891249984e-02
1.008412822018302e-02
9.597444896081716e-03
9.294952099699799e-03

  112  0  1
9.915575874471099e-01
9.842595338072828e-01
9.722246308186104e-01
9.646295872096406e-01

  113  0  0
9.294611899298229e-03
8.989485840147709e-03
8.495374500358539e-03
8.190338834289304e-03

  113  0  1
9.646332713664820e-01
9.568479265828905e-01
9.437494807466938e-01
9.353652086386421e-01

  114  0  0
8.192694493277962e-03
7.897682252542506e-03
7.428586710754212e-03
7.139854483261246e-03

  114  0  1
9.353799352598783e-01
9.268007111411816e-01
9.127922475675065e-01
9.038106171565203e-01

  115  0  0
7.139655445165837e-03
6.851512544496361e-03
6.391325820925576e-03
6.112678890918368e-03

  115  0  1
9.039426792602071e-01
8.943423311521417e-01
8.784986235427826e-01
8.687055792492668e-01

  116  0  0
6.112401526902985e-03
5.836321135891817e-03
5.394909690447739e-03
5.124962858492684e-03

  116  0  1
8.685178629024116e-01
8.589928643438338e-01
8.416279226594644e-01
8.302056076939907e-01

  117  0  0
5.125068301589627e-03
4.857694433995819e-03
4.429356389623404e-03
4.168669647464330e-03

  117  0  1
8.298607525666912e-01
8.189558116896762e-01
8.001898465127742e-01
7.877382977850670e-01

  118  0  0
4.168054724197850e-03
3.913505190066179e-03
3.515125827531158e-03
3.268413957931582e-03

  118  0  1
7.878176653601437e-01
7.746176220605584e-01
7.543580776362087e-01
7.404204025283776e-01

  119  0  0
3.271903327460491e-03
3.036932808527845e-03
2.666591722406215e-03
2.442437217753405e-03

  119  0  1
7.411398446785209e-01
7.237862158682645e-01
6.968972826139372e-01
6.808560909285590e-01

  120  0  0
2.442536345782556e-03
2.223005171350598e-03
1.877950436708013e-03
1.671345924195849e-03

  120  0  1
6.820327544137627e-01
6.638115454704162e-01
6.375208561716171e-01
6.194136456498625e-01

  121  0  0
1.671801643539180e-03
1.473425677224620e-03
1.167899083077642e-03
9.873684041243572e-04

  121  0  1
6.227249042040385e-01
5.944267832084766e-01
5.440643430475770e-01
5.189402383661419e-01

  122  0  0
9.875360769076584e-04
8.175424334855810e-04
5.601063507579599e-04
4.064696587838856e-04

  122  0  1
5.209671125440877e-01
4.995339458715031e-01
4.407974140010568e-01
4.102152728369575e-01

  123  0  0
4.068505307851515e-04
2.714960037978353e-04
1.019252013886466e-04
2.301476645008020e-05

  123  0  1
3.786010828390636e-01
4.029677151789468e-01
2.233648165759485e-01
7.120918098197949e-02

  124  0  0
2.855991855068635e-05
9.178453098264494e-06
3.744402122407030e-06
6.759507700290231e-06

  124  0  1
5.675411122253819e-02
4.905680300349931e-03
-5.708168389883618e-04
1.110879145996267e-03

  125  0  0
5.563853102487191e-06
5.007636217652697e-06
4.998419455338706e-06
4.998804043088604e-06

  125  0  1
3.515276148277248e-04
2.155632424142076e-05
-3.392677560523600e-07
1.116333573096684e-05

  126  0  0
5.003145519258399e-06
5.000029701037842e-06
4.999996201723649e-06
4.999986699278820e-06

  126  0  1
6.785099374435345e-06
5.084785144708006e-06
4.972446709886496e-06
5.031701166541693e-06

  127  0  0
5.000016257742869e-06
5.000000153515007e-06
4.999999980471881e-06
4.999999930946021e-06

  127  0  1
5.009170502249137e-06
5.000435184070442e-06
4.999858549348869e-06
5.000162782114883e-06

  128  0  0
5.000000084114863e-06
5.000000000795076e-06
4.999999999896972e-06
4.999999999640206e-06

  128  0  1
5.000047057870487e-06
5.000002231506013e-06
4.999999274593935e-06
5.000000834970307e-06

  129  0  0
5.000000000434333e-06
5.000000000002398e-06
4.999999999997735e-06
4.999999999996392e-06

  129  0  1
5.000000241239185e-06
5.000000011431418e-06
4.999999996281333e-06
5.000000004277272e-06

  130  0  0
5.000000000000515e-06
4.999999999998272e-06
4.999999999998246e-06
4.999999999998245e-06

  130  0  1
5.000000001234011e-06
5.000000000056781e-06
4.999999999979229e-06
5.000000000020177e-06

  131  0  0
4.999999999998276e-06
4.999999999998266e-06
4.999999999998261e-06
4.999999999998250e-06

  131  0  1
5.000000000004577e-06
4.999999999998555e-06
4.999999999998164e-06
4.999999999998359e-06

  132  0  0
4.999999999998258e-06
4.999999999998261e-06
4.999999999998280e-06
4.999999999998249e-06

  132  0  1
4.999999999998283e-06
4.999999999998270e-06
4.999999999998263e-06
4.999999999998243e-06

  133  0  0
4.999999999998252e-06
4.999999999998261e-06
4.999999999998269e-06
4.999999999998248e-06

  133  0  1
4.999999999998248e-06
4.999999999998261e-06
4.999999999998262e-06
4.999999999998245e-06

  134  0  0
4.999999999998249e-06
4.999999999998255e-06
4.999999999998264e-06
4.999999999998246e-06

  134  0  1
4.999999999998244e-06
4.999999999998266e-06
4.999999999998272e-06
4.999999999998249e-06

  135  0  0
4.999999999998253e-06
4.999999999998267e-06
4.999999999998268e-06
4.999999999998252e-06

  135  0  1
4.999999999998245e-06
4.999999999998257e-06
4.999999999998267e-06
4.999999999998252e-06

  136  0  0
4.999999999998260e-06
4.999999999998266e-06
4.999999999998267e-06
4.999999999998253e-06

  136  0  1
4.999999999998247e-06
4.999999999998267e-06
4.999999999998265e-06
4.999999999998245e-06

  137  0  0
4.999999999998245e-06
4.999999999998261e-06
4.999999999998280e-06
4.999999999998247e-06

  137  0  1
4.999999999998247e-06
4.999999999998264e-06
4.999999999998262e-06
4.999999999998255e-06

  138  0  0
4.999999999998250e-06
4.999999999998267e-06
4.999999999998267e-06
4.999999999998244e-06

  138  0  1
4.999999999998247e-06
4.999999999998267e-06
4.999999999998270e-06
4.999999999998250e-06

  139  0  0
4.999999999998244e-06
4.999999999998261e-06
4.999999999998272e-06
4.999999999998249e-06

  139  0  1
4.999999999998241e-06
4.999999999998264e-06
4.999999999998264e-06
4.999999999998244e-06

  140  0  0
4.999999999998257e-06
4.999999999998261e-06
4.999999999998274e-06
4.999999999998242e-06

  140  0  1
4.999999999998247e-06
4.999999999998264e-06
4.999999999998272e-06
4.999999999998239e-06

  141  0  0
4.999999999998251e-06
4.999999999998272e-06
4.999999999998258e-06
4.999999999998255e-06

  141  0  1
4.999999999998245e-06
4.999999999998265e-06
4.999999999998268e-06
4.999999999998252e-06

  142  0  0
4.999999999998244e-06
4.999999999998259e-06
4.999999999998271e-06
4.999999999998245e-06

  142  0  1
4.999999999998251e-06
4.999999999998267e-06
4.999999999998261e-06
4.999999999998243e-06

  143  0  0
4.999999999998251e-06
4.999999999998272e-06
4.999999999998272e-06
4.999999999998239e-06

  143  0  1
4.999999999998250e-06
4.999999999998259e-06
4.999999999998271e-06
4.999999999998254e-06

  144  0  0
4.999999999998247e-06
4.999999999998261e-06
4.999999999998268e-06
4.999999999998247e-06

  144  0  1
4.999999999998246e-06
4.999999999998267e-06
4.999999999998262e-06
4.999999999998260e-06

  145  0  0
4.999999999998245e-06
4.999999999998261e-06
4.999999999998279e-06
4.999999999998246e-06

  145  0  1
4.999999999998247e-06
4.999999999998268e-06
4.999999999998262e-06
4.999999999998250e-06

  146  0  0
4.999999999998248e-06
4.999999999998261e-06
4.999999999998270e-06
4.999999999998243e-06

  146  0  1
4.999999999998243e-06
4.999999999998259e-06
4.999999999998267e-06
4.999999999998256e-06

  147  0  0
4.999999999998258e-06
4.999999999998253e-06
4.999999999998264e-06
4.999999999998239e-06

  147  0  1
4.999999999998246e-06
4.999999999998263e-06
4.999999999998270e-06
4.999999999998250e-06

  148  0  0
4.999999999998258e-06
4.999999999998253e-06
4.999999999998264e-06
4.999999999998240e-06

  148  0  1
4.999999999998245e-06
4.999999999998263e-06
4.999999999998274e-06
4.999999999998242e-06

  149  0  0
4.999999999998256e-06
4.999999999998253e-06
4.999999999998261e-06
4.999999999998250e-06

  149  0  1
4.999999999998252e-06
4.999999999998262e-06
4.999999999998274e-06
4.999999999998245e-06

  150  0  0
4.999999999998259e-06
4.999999999998261e-06
4.999999999998268e-06
4.999999999998254e-06

  150  0  1
4.999999999998253e-06
4.999999999998262e-06
4.999999999998269e-06
4.999999999998245e-06

  151  0  0
4.999999999998254e-06
4.999999999998253e-06
4.999999999998261e-06
4.999999999998245e-06

  151  0  1
4.999999999998247e-06
4.999999999998264e-06
4.999999999998267e-06
4.999999999998248e-06

  152  0  0
4.999999999998259e-06
4.999999999998261e-06
4.999999999998268e-06
4.999999999998250e-06

  152  0  1
4.999999999998250e-06
4.999999999998261e-06
4.999999999998253e-06
4.999999999998248e-06

  153  0  0
4.999999999998258e-06
4.999999999998253e-06
4.999999999998264e-06
4.999999999998239e-06

  153  0  1
4.999999999998250e-06
4.999999999998272e-06
4.999999999998262e-06
4.999999999998242e-06

  154  0  0
4.999999999998258e-06
4.999999999998253e-06
4.999999999998264e-06
4.999999999998239e-06

  154  0  1
4.999999999998239e-06
4.999999999998264e-06
4.999999999998267e-06
4.999999999998243e-06

  155  0  0
4.999999999998258e-06
4.999999999998253e-06
4.999999999998264e-06
4.999999999998239e-06

  155  0  1
4.999999999998250e-06
4.999999999998267e-06
4.999999999998261e-06
4.999999999998249e-06

  156  0  0
4.999999999998258e-06
4.999999999998253e-06
4.999999999998264e-06
4.999999999998239e-06

  156  0  1
4.999999999998241e-06
4.999999999998267e-06
4.999999999998261e-06
4.999999999998249e-06

  157  0  0
4.999999999998258e-06
4.999999999998253e-06
4.999999999998264e-06
4.999999999998239e-06

  157  0  1
4.999999999998241e-06
4.999999999998267e-06
4.999999999998261e-06
4.999999999998249e-06

  158  0  0
4.999999999998258e-06
4.999999999998253e-06
4.999999999998264e-06
4.999999999998239e-06

  158  0  1
4.999999999998241e-06
4.999999999998267e-06
4.999999999998261e-06
4.999999999998249e-06

  159  0  0
4.999999999998258e-06
4.999999999998253e-06
4.999999999998264e-06
4.999999999998239e-06

  159  0  1
4.999999999998241e-06
4.999999999998267e-06
4.999999999998261e-06
4.999999999998249e-06

  160  0  0
4.999999999998258e-06
4.999999999998253e-06
4.999999999998264e-06
4.999999999998239e-06

  160  0  1
4.999999999998241e-06
4.999999999998267e-06
4.999999999998261e-06
4.999999999998249e-06

  161  0  0
4.999999999998258e-06
4.999999999998253e-06
4.999999999998264e-06
4.999999999998239e-06

  161  0  1
4.999999999998241e-06
4.999999999998267e-06
4.999999999998261e-06
4.999999999998249e-06

  162  0  0
4.999999999998258e-06
4.999999999998253e-06
4.999999999998264e-06
4.999999999998239e-06

  162  0  1
4.999999999998241e-06
4.999999999998267e-06
4.999999999998261e-06
4.999999999998249e-06

  163  0  0
4.999999999998258e-06
4.999999999998253e-06
4.999999999998264e-06
4.999999999998239e-06

  163  0  1
4.999999999998241e-06
4.999999999998267e-06
4.999999999998261e-06
4.999999999998249e-06

  164  0  0
4.999999999998258e-06
4.999999999998253e-06
4.999999999998264e-06
4.999999999998239e-06

  164  0  1
4.999999999998241e-06
4.999999999998267e-06
4.999999999998261e-06
4.999999999998249e-06

  165  0  0
4.999999999998258e-06
4.999999999998253e-06
4.999999999998264e-06
4.999999999998239e-06

  165  0  1
4.999999999998241e-06
4.999999999998267e-06
4.999999999998261e-06
4.999999999998249e-06

  166  0  0
4.999999999998258e-06
4.999999999998253e-06
4.999999999998264e-06
4.999999999998239e-06

  166  0  1
4.999999999998241e-06
4.999999999998267e-06
4.999999999998261e-06
4.999999999998249e-06

  167  0  0
4.999999999998258e-06
4.999999999998253e-06
4.999999999998264e-06
4.999999999998239e-06

  167  0  1
4.999999999998241e-06
4.999999999998267e-06
4.999999999998261e-06
4.999999999998249e-06

  168  0  0
4.999999999998258e-06
4.999999999998253e-06
4.999999999998264e-06
4.999999999998239e-06

  168  0  1
4.999999999998241e-06
4.999999999998267e-06
4.999999999998261e-06
4.999999999998249e-06

  169  0  0
4.999999999998258e-06
4.999999999998253e-06
4.999999999998264e-06
4.999999999998239e-06

  169  0  1
4.999999999998241e-06
4.999999999998267e-06
4.999999999998261e-06
4.999999999998249e-06

  170  0  0
4.999999999998258e-06
4.999999999998253e-06
4.999999999998264e-06
4.999999999998239e-06

  170  0  1
4.999999999998241e-06
4.999999999998267e-06
4.999999999998261e-06
4.999999999998249e-06

  171  0  0
4.999999999998258e-06
4.999999999998253e-06
4.999999999998264e-06
4.999999999998239e-06

  171  0  1
4.999999999998241e-06
4.999999999998267e-06
4.999999999998261e-06
4.999999999998249e-06

  172  0  0
4.999999999998258e-06
4.999999999998253e-06
4.999999999998264e-06
4.999999999998239e-06

  172  0  1
4.999999999998241e-06
4.999999999998267e-06
4.999999999998261e-06
4.999999999998249e-06

  173  0  0
4.999999999998258e-06
4.999999999998253e-06
4.999999999998264e-06
4.999999999998239e-06

  173  0  1
4.999999999998241e-06
4.999999999998267e-06
4.999999999998261e-06
4.999999999998249e-06

  174  0  0
4.999999999998258e-06
4.999999999998253e-06
4.999999999998264e-06
4.999999999998239e-06

  174  0  1
4.999999999998241e-06
4.999999999998267e-06
4.999999999998261e-06
4.999999999998249e-06

  175  0  0
4.999999999998258e-06
4.999999999998253e-06
4.999999999998264e-06
4.999999999998239e-06

  175  0  1
4.999999999998241e-06
4.999999999998267e-06
4.999999999998261e-06
4.999999999998249e-06

  176  0  0
4.999999999998258e-06
4.999999999998253e-06
4.999999999998264e-06
4.999999999998239e-06

  176  0  1
4.999999999998241e-06
4.999999999998267e-06
4.999999999998261e-06
4.999999999998249e-06

  177  0  0
4.999999999998258e-06
4.999999999998253e-06
4.999999999998264e-06
4.999999999998239e-06

  177  0  1
4.999999999998241e-06
4.999999999998267e-06
4.999999999998261e-06
4.999999999998249e-06

  178  0  0
4.999999999998258e-06
4.999999999998253e-06
4.999999999998264e-06
4.999999999998239e-06

  178  0  1
4.999999999998241e-06
4.999999999998267e-06
4.999999999998261e-06
4.999999999998249e-06

  179  0  0
4.999999999998258e-06
4.999999999998253e-06
4.999999999998264e-06
4.999999999998239e-06

  179  0  1
4.999999999998241e-06
4.999999999998267e-06
4.999999999998261e-06
4.999999999998249e-06

  180  0  0
4.999999999998258e-06
4.999999999998253e-06
4.999999999998264e-06
4.999999999998239e-06

  180  0  1
4.999999999998241e-06
4.999999999998267e-06
4.999999999998261e-06
4.999999999998249e-06

  181  0  0
4.999999999998258e-06
4.999999999998253e-06
4.999999999998264e-06
4.999999999998239e-06

  181  0  1
4.999999999998241e-06
4.999999999998267e-06
4.999999999998261e-06
4.999999999998249e-06

  182  0  0
4.999999999998258e-06
4.999999999998253e-06
4.999999999998264e-06
4.999999999998239e-06

  182  0  1
4.999999999998241e-06
4.999999999998267e-06
4.999999999998261e-06
4.999999999998249e-06

  183  0  0
4.999999999998258e-06
4.999999999998253e-06
4.999999999998264e-06
4.999999999998239e-06

  183  0  1
4.999999999998241e-06
4.999999999998267e-06
4.999999999998261e-06
4.999999999998249e-06

  184  0  0
4.999999999998258e-06
4.999999999998253e-06
4.999999999998264e-06
4.999999999998239e-06

  184  0  1
4.999999999998241e-06
4.999999999998267e-06
4.999999999998261e-06
4.999999999998249e-06

  185  0  0
4.999999999998258e-06
4.999999999998253e-06
4.999999999998264e-06
4.999999999998239e-06

  185  0  1
4.999999999998241e-06
4.999999999998267e-06
4.999999999998261e-06
4.999999999998249e-06

  186  0  0
4.999999999998258e-06
4.999999999998253e-06
4.999999999998264e-06
4.999999999998239e-06

  186  0  1
4.999999999998241e-06
4.999999999998267e-06
4.999999999998261e-06
4.999999999998249e-06

  187  0  0
4.999999999998258e-06
4.999999999998253e-06
4.999999999998264e-06
4.999999999998239e-06

  187  0  1
4.999999999998241e-06
4.999999999998267e-06
4.999999999998261e-06
4.999999999998249e-06

  188  0  0
4.999999999998258e-06
4.999999999998253e-06
4.999999999998264e-06
4.999999999998239e-06

  188  0  1
4.999999999998241e-06
4.999999999998267e-06
4.999999999998261e-06
4.999999999998249e-06

  189  0  0
4.999999999998258e-06
4.999999999998253e-06
4.999999999998264e-06
4.999999999998239e-06

  189  0  1
4.999999999998241e-06
4.999999999998267e-06
4.999999999998261e-06
4.999999999998249e-06

  190  0  0
4.999999999998258e-06
4.999999999998253e-06
4.999999999998264e-06
4.999999999998239e-06

  190  0  1
4.999999999998241e-06
4.999999999998267e-06
4.999999999998261e-06
4.999999999998249e-06

  191  0  0
4.999999999998258e-06
4.999999999998253e-06
4.999999999998264e-06
4.999999999998239e-06

  191  0  1
4.999999999998241e-06
4.999999999998267e-06
4.999999999998261e-06
4.999999999998249e-06

  192  0  0
4.999999999998258e-06
4.999999999998253e-06
4.999999999998264e-06
4.999999999998239e-06

  192  0  1
4.999999999998241e-06
4.999999999998267e-06
4.999999999998261e-06
4.999999999998249e-06

  193  0  0
4.999999999998258e-06
4.999999999998253e-06
4.999999999998264e-06
4.999999999998239e-06

  193  0  1
4.999999999998241e-06
4.999999999998267e-06
4.999999999998261e-06
4.999999999998249e-06

  194  0  0
4.999999999998258e-06
4.999999999998253e-06
4.999999999998264e-06
4.999999999998239e-06

  194  0  1
4.999999999998241e-06
4.999999999998267e-06
4.999999999998261e-06
4.999999999998249e-06

  195  0  0
4.999999999998258e-06
4.999999999998253e-06
4.999999999998264e-06
4.999999999998239e-06

  195  0  1
4.999999999998241e-06
4.999999999998267e-06
4.999999999998261e-06
4.999999999998249e-06

  196  0  0
4.999999999998258e-06
4.999999999998253e-06
4.999999999998264e-06
4.999999999998239e-06

  196  0  1
4.999999999998241e-06
4.999999999998267e-06
4.999999999998261e-06
4.999999999998249e-06

  197  0  0
4.999999999998258e-06
4.999999999998253e-06
4.999999999998264e-06
4.999999999998239e-06

  197  0  1
4.999999999998241e-06
4.999999999998267e-06
4.999999999998261e-06
4.999999999998249e-06

  198  0  0
4.999999999998258e-06
4.999999999998253e-06
4.999999999998264e-06
4.999999999998239e-06

  198  0  1
4.999999999998241e-06
4.999999999998267e-06
4.999999999998261e-06
4.999999999998249e-06

  199  0  0
4.999999999998258e-06
4.999999999998253e-06
4.999999999998264e-06
4.999999999998239e-06

  199  0  1
4.999999999998241e-06
4.999999999998267e-06
4.999999999998261e-06
4.999999999998249e-06

  200  0  0
4.999999999998258e-06
4.999999999998253e-06
4.999999999998264e-06
4.999999999998239e-06

  200  0  1
4.999999999998241e-06
4.999999999998267e-06
4.999999999998261e-06
4.999999999998249e-06

  201  0  0
4.999999999998258e-06
4.999999999998253e-06
4.999999999998264e-06
4.999999999998239e-06

  201  0  1
4.999999999998241e-06
4.999999999998267e-06
4.999999999998261e-06
4.999999999998249e-06

  202  0  0
4.999999999998258e-06
4.999999999998253e-06
4.999999999998264e-06
4.999999999998239e-06

  202  0  1
4.999999999998241e-06
4.999999999998267e-06
4.999999999998261e-06
4.999999999998249e-06

  203  0  0
4.999999999998258e-06
4.999999999998253e-06
4.999999999998264e-06
4.999999999998239e-06

  203  0  1
4.999999999998241e-06
4.999999999998267e-06
4.999999999998261e-06
4.999999999998249e-06

  204  0  0
4.999999999998258e-06
4.999999999998253e-06
4.999999999998264e-06
4.999999999998239e-06

  204  0  1
4.999999999998241e-06
4.999999999998267e-06
4.999999999998261e-06
4.999999999998249e-06

  205  0  0
4.999999999998258e-06
4.999999999998253e-06
4.999999999998264e-06
4.999999999998239e-06

  205  0  1
4.999999999998241e-06
4.999999999998267e-06
4.999999999998261e-06
4.999999999998249e-06

  206  0  0
4.999999999998258e-06
4.999999999998253e-06
4.999999999998264e-06
4.999999999998239e-06

  206  0  1
4.999999999998241e-06
4.999999999998267e-06
4.999999999998261e-06
4.999999999998249e-06

  207  0  0
4.999999999998258e-06
4.999999999998253e-06
4.999999999998264e-06
4.999999999998239e-06

  207  0  1
4.999999999998241e-06
4.999999999998267e-06
4.999999999998261e-06
4.999999999998249e-06

  208  0  0
4.999999999998258e-06
4.999999999998253e-06
4.999999999998264e-06
4.999999999998239e-06

  208  0  1
4.999999999998241e-06
4.999999999998267e-06
4.999999999998261e-06
4.999999999998249e-06

  209  0  0
4.999999999998258e-06
4.999999999998253e-06
4.999999999998264e-06
4.999999999998239e-06

  209  0  1
4.999999999998241e-06
4.999999999998267e-06
4.999999999998261e-06
4.999999999998249e-06

  210  0  0
4.999999999998258e-06
4.999999999998253e-06
4.999999999998264e-06
4.999999999998239e-06

  210  0  1
4.999999999998241e-06
4.999999999998267e-06
4.999999999998261e-06
4.999999999998249e-06

  211  0  0
4.999999999998258e-06
4.999999999998253e-06
4.999999999998264e-06
4.999999999998239e-06

  211  0  1
4.999999999998241e-06
4.999999999998267e-06
4.999999999998261e-06
4.999999999998249e-06

  212  0  0
4.999999999998258e-06
4.999999999998253e-06
4.999999999998264e-06
4.999999999998239e-06

  212  0  1
4.999999999998241e-06
4.999999999998267e-06
4.999999999998261e-06
4.999999999998249e-06

  213  0  0
4.999999999998258e-06
4.999999999998253e-06
4.999999999998264e-06
4.999999999998239e-06

  213  0  1
4.999999999998241e-06
4.999999999998267e-06
4.999999999998261e-06
4.999999999998249e-06

  214  0  0
4.999999999998258e-06
4.999999999998253e-06
4.999999999998264e-06
4.999999999998239e-06

  214  0  1
4.999999999998241e-06
4.999999999998267e-06
4.999999999998261e-06
4.999999999998249e-06

  215  0  0
4.999999999998258e-06
4.999999999998253e-06
4.999999999998264e-06
4.999999999998239e-06

  215  0  1
4.999999999998241e-06
4.999999999998267e-06
4.999999999998261e-06
4.999999999998249e-06

  216  0  0
4.999999999998258e-06
4.999999999998253e-06
4.999999999998264e-06
4.999999999998239e-06

  216  0  1
4.999999999998241e-06
4.999999999998267e-06
4.999999999998261e-06
4.999999999998249e-06

  217  0  0
4.999999999998258e-06
4.999999999998253e-06
4.999999999998264e-06
4.999999999998239e-06

  217  0  1
4.999999999998241e-06
4.999999999998267e-06
4.999999999998261e-06
4.999999999998249e-06

  218  0  0
4.999999999998258e-06
4.999999999998253e-06
4.999999999998264e-06
4.999999999998239e-06

  218  0  1
4.999999999998241e-06
4.999999999998267e-06
4.999999999998261e-06
4.999999999998249e-06

  219  0  0
4.999999999998258e-06
4.999999999998253e-06
4.999999999998264e-06
4.999999999998239e-06

  219  0  1
4.999999999998241e-06
4.999999999998267e-06
4.999999999998261e-06
4.999999999998249e-06

  220  0  0
4.999999999998258e-06
4.999999999998253e-06
4.999999999998264e-06
4.999999999998239e-06

  220  0  1
4.999999999998241e-06
4.999999999998267e-06
4.999999999998261e-06
4.999999999998249e-06

  221  0  0
4.999999999998258e-06
4.999999999998253e-06
4.999999999998264e-06
4.999999999998239e-06

  221  0  1
4.999999999998241e-06
4.999999999998267e-06
4.999999999998261e-06
4.999999999998249e-06

  222  0  0
4.999999999998258e-06
4.999999999998253e-06
4.999999999998264e-06
4.999999999998239e-06

  222  0  1
4.999999999998241e-06
4.999999999998267e-06
4.999999999998261e-06
4.999999999998249e-06

  223  0  0
4.999999999998258e-06
4.999999999998253e-06
4.999999999998264e-06
4.999999999998239e-06

  223  0  1
4.999999999998241e-06
4.999999999998267e-06
4.999999999998261e-06
4.999999999998249e-06

  224  0  0
4.999999999998258e-06
4.999999999998253e-06
4.999999999998264e-06
4.999999999998239e-06

  224  0  1
4.999999999998241e-06
4.999999999998267e-06
4.999999999998261e-06
4.999999999998249e-06

  225  0  0
4.999999999998258e-06
4.999999999998253e-06
4.999999999998264e-06
4.999999999998239e-06

  225  0  1
4.999999999998241e-06
4.999999999998267e-06
4.999999999998261e-06
4.999999999998249e-06

  226  0  0
4.999999999998258e-06
4.999999999998253e-06
4.999999999998264e-06
4.999999999998239e-06

  226  0  1
4.999999999998241e-06
4.999999999998267e-06
4.999999999998261e-06
4.999999999998249e-06

  227  0  0
4.999999999998258e-06
4.999999999998253e-06
4.999999999998264e-06
4.999999999998239e-06

  227  0  1
4.999999999998241e-06
4.999999999998267e-06
4.999999999998261e-06
4.999999999998249e-06

  228  0  0
4.999999999998258e-06
4.999999999998253e-06
4.999999999998264e-06
4.999999999998239e-06

  228  0  1
4.999999999998241e-06
4.999999999998267e-06
4.999999999998261e-06
4.999999999998249e-06

  229  0  0
4.999999999998258e-06
4.999999999998253e-06
4.999999999998264e-06
4.999999999998239e-06

  229  0  1
4.999999999998241e-06
4.999999999998267e-06
4.999999999998261e-06
4.999999999998249e-06

  230  0  0
4.999999999998258e-06
4.999999999998253e-06
4.999999999998264e-06
4.999999999998239e-06

  230  0  1
4.999999999998241e-06
4.999999999998267e-06
4.999999999998261e-06
4.999999999998249e-06

  231  0  0
4.999999999998258e-06
4.999999999998253e-06
4.999999999998264e-06
4.999999999998239e-06

  231  0  1
4.999999999998241e-06
4.999999999998267e-06
4.999999999998261e-06
4.999999999998249e-06

  232  0  0
4.999999999998258e-06
4.999999999998253e-06
4.999999999998264e-06
4.999999999998239e-06

  232  0  1
4.999999999998241e-06
4.999999999998267e-06
4.999999999998261e-06
4.999999999998249e-06

  233  0  0
4.999999999998258e-06
4.999999999998253e-06
4.999999999998264e-06
4.999999999998239e-06

  233  0  1
4.999999999998241e-06
4.999999999998267e-06
4.999999999998261e-06
4.999999999998249e-06

  234  0  0
4.999999999998258e-06
4.999999999998253e-06
4.999999999998264e-06
4.999999999998239e-06

  234  0  1
4.999999999998241e-06
4.999999999998267e-06
4.999999999998261e-06
4.999999999998249e-06

  235  0  0
4.999999999998258e-06
4.999999999998253e-06
4.999999999998264e-06
4.999999999998239e-06

  235  0  1
4.999999999998241e-06
4.999999999998267e-06
4.999999999998261e-06
4.999999999998249e-06

  236  0  0
4.999999999998258e-06
4.999999999998253e-06
4.999999999998264e-06
4.999999999998239e-06

  236  0  1
4.999999999998241e-06
4.999999999998267e-06
4.999999999998261e-06
4.999999999998249e-06

  237  0  0
4.999999999998258e-06
4.999999999998253e-06
4.999999999998264e-06
4.999999999998239e-06

  237  0  1
4.999999999998241e-06
4.999999999998267e-06
4.999999999998261e-06
4.999999999998249e-06

  238  0  0
4.999999999998258e-06
4.999999999998253e-06
4.999999999998264e-06
4.999999999998239e-06

  238  0  1
4.999999999998241e-06
4.999999999998267e-06
4.999999999998261e-06
4.999999999998249e-06

  239  0  0
4.999999999998258e-06
4.999999999998253e-06
4.999999999998264e-06
4.999999999998239e-06

  239  0  1
4.999999999998241e-06
4.999999999998267e-06
4.999999999998261e-06
4.999999999998249e-06

  240  0  0
4.999999999998258e-06
4.999999999998253e-06
4.999999999998264e-06
4.999999999998239e-06

  240  0  1
4.999999999998241e-06
4.999999999998267e-06
4.999999999998261e-06
4.999999999998249e-06

  241  0  0
4.999999999998258e-06
4.999999999998253e-06
4.999999999998264e-06
4.999999999998239e-06

  241  0  1
4.999999999998241e-06
4.999999999998267e-06
4.999999999998261e-06
4.999999999998249e-06

  242  0  0
4.999999999998258e-06
4.999999999998253e-06
4.999999999998264e-06
4.999999999998239e-06

  242  0  1
4.999999999998241e-06
4.999999999998267e-06
4.999999999998261e-06
4.999999999998249e-06

  243  0  0
4.999999999998258e-06
4.999999999998253e-06
4.999999999998264e-06
4.999999999998239e-06

  243  0  1
4.999999999998241e-06
4.999999999998267e-06
4.999999999998261e-06
4.999999999998249e-06

  244  0  0
4.999999999998258e-06
4.999999999998253e-06
4.999999999998264e-06
4.999999999998239e-06

  244  0  1
4.999999999998241e-06
4.999999999998267e-06
4.999999999998261e-06
4.999999999998249e-06

  245  0  0
4.999999999998258e-06
4.999999999998253e-06
4.999999999998264e-06
4.999999999998239e-06

  245  0  1
4.999999999998241e-06
4.999999999998267e-06
4.999999999998261e-06
4.999999999998249e-06

  246  0  0
4.999999999998258e-06
4.999999999998253e-06
4.999999999998264e-06
4.999999999998239e-06

  246  0  1
4.999999999998241e-06
4.999999999998267e-06
4.999999999998261e-06
4.999999999998249e-06

  247  0  0
4.999999999998258e-06
4.999999999998253e-06
4.999999999998264e-06
4.999999999998239e-06

  247  0  1
4.999999999998241e-06
4.999999999998267e-06
4.999999999998261e-06
4.999999999998249e-06

  248  0  0
4.999999999998258e-06
4.999999999998253e-06
4.999999999998264e-06
4.999999999998239e-06

  248  0  1
4.999999999998241e-06
4.999999999998267e-06
4.999999999998261e-06
4.999999999998249e-06

  249  0  0
4.999999999998258e-06
4.999999999998253e-06
4.999999999998264e-06
4.999999999998239e-06

  249  0  1
4.999999999998241e-06
4.999999999998267e-06
4.999999999998261e-06
4.999999999998249e-06

  250  0  0
4.999999999998258e-06
4.999999999998253e-06
4.999999999998264e-06
4.999999999998239e-06

  250  0  1
4.999999999998241e-06
4.999999999998267e-06
4.999999999998261e-06
4.999999999998249e-06

  251  0  0
4.999999999998258e-06
4.999999999998253e-06
4.999999999998264e-06
4.999999999998239e-06

  251  0  1
4.999999999998241e-06
4.999999999998267e-06
4.999999999998261e-06
4.999999999998249e-06

  252  0  0
4.999999999998258e-06
4.999999999998253e-06
4.999999999998264e-06
4.999999999998239e-06

  252  0  1
4.999999999998241e-06
4.999999999998267e-06
4.999999999998261e-06
4.999999999998249e-06

  253  0  0
4.999999999998258e-06
4.999999999998253e-06
4.999999999998264e-06
4.999999999998239e-06

  253  0  1
4.999999999998241e-06
4.999999999998267e-06
4.999999999998261e-06
4.999999999998249e-06

  254  0  0
4.999999999998258e-06
4.999999999998253e-06
4.999999999998264e-06
4.999999999998239e-06

  254  0  1
4.999999999998241e-06
4.999999999998267e-06
4.999999999998261e-06
4.999999999998249e-06

  255  0  0
4.999999999998258e-06
4.999999999998253e-06
4.999999999998264e-06
4.999999999998239e-06

  255  0  1
4.999999999998241e-06
4.999999999998267e-06
4.999999999998261e-06
4.999999999998249e-06

  256  0  0
4.999999999998258e-06
4.999999999998253e-06
4.999999999998264e-06
4.999999999998239e-06

  256  0  1
4.999999999998241e-06
4.999999999998267e-06
4.999999999998261e-06
4.999999999998249e-06

  257  0  0
4.999999999998258e-06
4.999999999998253e-06
4.999999999998264e-06
4.999999999998239e-06

  257  0  1
4.999999999998241e-06
4.999999999998267e-06
4.999999999998261e-06
4.999999999998249e-06

  258  0  0
4.999999999998258e-06
4.999999999998253e-06
4.999999999998264e-06
4.999999999998239e-06

  258  0  1
4.999999999998241e-06
4.999999999998267e-06
4.999999999998261e-06
4.999999999998249e-06

  259  0  0
4.999999999998258e-06
4.999999999998253e-06
4.999999999998264e-06
4.999999999998239e-06

  259  0  1
4.999999999998241e-06
4.999999999998267e-06
4.999999999998261e-06
4.999999999998249e-06

  260  0  0
4.999999999998258e-06
4.999999999998253e-06
4.999999999998264e-06
4.999999999998239e-06

  260  0  1
4.999999999998241e-06
4.999999999998267e-06
4.999999999998261e-06
4.999999999998249e-06

  261  0  0
4.999999999998258e-06
4.999999999998253e-06
4.999999999998264e-06
4.999999999998239e-06

  261  0  1
4.999999999998241e-06
4.999999999998267e-06
4.999999999998261e-06
4.999999999998249e-06

  262  0  0
4.999999999998258e-06
4.999999999998253e-06
4.999999999998264e-06
4.999999999998239e-06

  262  0  1
4.999999999998241e-06
4.999999999998267e-06
4.999999999998261e-06
4.999999999998249e-06

  263  0  0
4.999999999998258e-06
4.999999999998253e-06
4.999999999998264e-06
4.999999999998239e-06

  263  0  1
4.999999999998241e-06
4.999999999998267e-06
4.999999999998261e-06
4.999999999998249e-06

  264  0  0
4.999999999998258e-06
4.999999999998253e-06
4.999999999998264e-06
4.999999999998239e-06

  264  0  1
4.999999999998241e-06
4.999999999998267e-06
4.999999999998261e-06
4.999999999998249e-06

  265  0  0
4.999999999998258e-06
4.999999999998253e-06
4.999999999998264e-06
4.999999999998239e-06

  265  0  1
4.999999999998241e-06
4.999999999998267e-06
4.999999999998261e-06
4.999999999998249e-06

  266  0  0
4.999999999998258e-06
4.999999999998253e-06
4.999999999998264e-06
4.999999999998239e-06

  266  0  1
4.999999999998241e-06
4.999999999998267e-06
4.999999999998261e-06
4.999999999998249e-06

  267  0  0
4.999999999998258e-06
4.999999999998253e-06
4.999999999998264e-06
4.999999999998239e-06

  267  0  1
4.999999999998241e-06
4.999999999998267e-06
4.999999999998261e-06
4.999999999998249e-06

  268  0  0
4.999999999998258e-06
4.999999999998253e-06
4.999999999998264e-06
4.999999999998239e-06

  268  0  1
4.999999999998241e-06
4.999999999998267e-06
4.999999999998261e-06
4.999999999998249e-06

  269  0  0
4.999999999998258e-06
4.999999999998253e-06
4.999999999998264e-06
4.999999999998239e-06

  269  0  1
4.999999999998241e-06
4.999999999998267e-06
4.999999999998261e-06
4.999999999998249e-06

  270  0  0
4.999999999998254e-06
4.999999999998253e-06
4.999999999998261e-06
4.999999999998249e-06

  270  0  1
4.999999999998241e-06
4.999999999998267e-06
4.999999999998261e-06
4.999999999998249e-06

  271  0  0
4.999999999998246e-06
4.999999999998268e-06
4.999999999998272e-06
4.999999999998253e-06

  271  0  1
4.999999999998256e-06
4.999999999998259e-06
4.999999999998271e-06
4.999999999998249e-06

  272  0  0
4.999999999998251e-06
4.999999999998267e-06
4.999999999998258e-06
4.999999999998253e-06

  272  0  1
4.999999999998245e-06
4.999999999998262e-06
4.999999999998274e-06
4.999999999998244e-06

  273  0  0
4.999999999998254e-06
4.999999999998260e-06
4.999999999998274e-06
4.999999999998249e-06

  273  0  1
4.999999999998245e-06
4.999999999998256e-06
4.999999999998267e-06
4.999999999998250e-06

  274  0  0
4.999999999998253e-06
4.999999999998267e-06
4.999999999998269e-06
4.999999999998254e-06

  274  0  1
4.999999999998244e-06
4.999999999998266e-06
4.999999999998267e-06
4.999999999998250e-06

  275  0  0
4.999999999998255e-06
4.999999999998253e-06
4.999999999998261e-06
4.999999999998243e-06

  275  0  1
4.999999999998250e-06
4.999999999998267e-06
4.999999999998266e-06
4.999999999998246e-06

  276  0  0
4.999999999998249e-06
4.999999999998255e-06
4.999999999998263e-06
4.999999999998259e-06

  276  0  1
4.999999999998251e-06
4.999999999998262e-06
4.999999999998274e-06
4.999999999998261e-06

  277  0  0
4.999999999998254e-06
4.999999999998266e-06
4.999999999998271e-06
4.999999999998254e-06

  277  0  1
4.999999999998246e-06
4.999999999998261e-06
4.999999999998274e-06
4.999999999998249e-06

  278  0  0
4.999999999998256e-06
4.999999999998252e-06
4.999999999998265e-06
4.999999999998255e-06

  278  0  1
4.999999999998245e-06
4.999999999998257e-06
4.999999999998267e-06
4.999999999998251e-06

  279  0  0
4.999999999998251e-06
4.999999999998258e-06
4.999999999998267e-06
4.999999999998248e-06

  279  0  1
4.999999999998239e-06
4.999999999998267e-06
4.999999999998266e-06
4.999999999998257e-06

  280  0  0
4.999999999998249e-06
4.999999999998262e-06
4.999999999998267e-06
4.999999999998253e-06

  280  0  1
4.999999999998249e-06
4.999999999998266e-06
4.999999999998262e-06
4.999999999998250e-06

  281  0  0
4.999999999998249e-06
4.999999999998261e-06
4.999999999998271e-06
4.999999999998245e-06

  281  0  1
4.999999999998250e-06
4.999999999998262e-06
4.999999999998274e-06
4.999999999998255e-06

  282  0  0
4.999999999998253e-06
4.999999999998258e-06
4.999999999998272e-06
4.999999999998245e-06

  282  0  1
4.999999999998256e-06
4.999999999998263e-06
4.999999999998268e-06
4.999999999998250e-06

  283  0  0
4.999999999998251e-06
4.999999999998266e-06
4.999999999998268e-06
4.999999999998255e-06

  283  0  1
4.999999999998250e-06
4.999999999998263e-06
4.999999999998271e-06
4.999999999998247e-06

  284  0  0
4.999999999998250e-06
4.999999999998258e-06
4.999999999998266e-06
4.999999999998245e-06

  284  0  1
4.999999999998250e-06
4.999999999998267e-06
4.999999999998266e-06
4.999999999998246e-06

  285  0  0
4.999999999998258e-06
4.999999999998261e-06
4.999999999998274e-06
4.999999999998251e-06

  285  0  1
4.999999999998240e-06
4.999999999998264e-06
4.999999999998267e-06
4.999999999998245e-06

  286  0  0
4.999999999998250e-06
4.999999999998261e-06
4.999999999998271e-06
4.999999999998243e-06

  286  0  1
4.999999999998248e-06
4.999999999998257e-06
4.999999999998267e-06
4.999999999998250e-06

  287  0  0
4.999999999998250e-06
4.999999999998261e-06
4.999999999998270e-06
4.999999999998248e-06

  287  0  1
4.999999999998242e-06
4.999999999998257e-06
4.999999999998267e-06
4.999999999998253e-06

  288  0  0
4.999999999998248e-06
4.999999999998255e-06
4.999999999998264e-06
4.999999999998253e-06

  288  0  1
4.999999999998242e-06
4.999999999998260e-06
4.999999999998261e-06
4.999999999998243e-06

  289  0  0
4.999999999998245e-06
4.999999999998258e-06
4.999999999998270e-06
4.999999999998248e-06

  289  0  1
4.999999999998244e-06
4.999999999998257e-06
4.999999999998267e-06
4.999999999998253e-06

  290  0  0
4.999999999998254e-06
4.999999999998261e-06
4.999999999998274e-06
4.999999999998243e-06

  290  0  1
4.999999999998242e-06
4.999999999998265e-06
4.999999999998256e-06
4.999999999998248e-06

  291  0  0
4.999999999998249e-06
4.999999999998261e-06
4.999999999998266e-06
4.999999999998246e-06

  291  0  1
4.999999999998241e-06
4.999999999998267e-06
4.999999999998267e-06
4.999999999998260e-06

  292  0  0
4.999999999998254e-06
4.999999999998261e-06
4.999999999998272e-06
4.999999999998246e-06

  292  0  1
4.999999999998252e-06
4.999999999998266e-06
4.999999999998265e-06
4.999999999998250e-06

  293  0  0
4.999999999998256e-06
4.999999999998264e-06
4.999999999998272e-06
4.999999999998248e-06

  293  0  1
4.999999999998247e-06
4.999999999998259e-06
4.999999999998267e-06
4.999999999998252e-06

  294  0  0
4.999999999998243e-06
4.999999999998266e-06
4.999999999998267e-06
4.999999999998251e-06

  294  0  1
4.999999999998247e-06
4.999999999998268e-06
4.999999999998262e-06
4.999999999998244e-06

  295  0  0
4.999999999998254e-06
4.999999999998260e-06
4.999999999998274e-06
4.999999999998249e-06

  295  0  1
4.999999999998249e-06
4.999999999998274e-06
4.999999999998272e-06
4.999999999998245e-06

  296  0  0
4.999999999998253e-06
4.999999999998266e-06
4.999999999998268e-06
4.999999999998253e-06

  296  0  1
4.999999999998248e-06
4.999999999998268e-06
4.999999999998262e-06
4.999999999998246e-06

  297  0  0
4.999999999998244e-06
4.999999999998267e-06
4.999999999998272e-06
4.999999999998246e-06

  297  0  1
4.999999999998246e-06
4.999999999998267e-06
4.999999999998268e-06
4.999999999998247e-06

  298  0  0
4.999999999998244e-06
4.999999999998256e-06
4.999999999998272e-06
4.999999999998251e-06

  298  0  1
4.999999999998250e-06
4.999999999998263e-06
4.999999999998274e-06
4.999999999998253e-06

  299  0  0
4.999999999998263e-06
4.999999999998266e-06
4.999999999998259e-06
4.999999999998245e-06

  299  0  1
4.999999999998244e-06
4.999999999998270e-06
4.999999999998263e-06
4.999999999998244e-06

  300  0  0
4.999999999998259e-06
4.999999999998252e-06
4.999999999998265e-06
4.999999999998242e-06

  300  0  1
4.999999999998255e-06
4.999999999998263e-06
4.999999999998269e-06
4.999999999998252e-06

  301  0  0
4.999999999998250e-06
4.999999999998264e-06
4.999999999998271e-06
4.999999999998260e-06

  301  0  1
4.999999999998245e-06
4.999999999998259e-06
4.999999999998267e-06
4.999999999998250e-06

  302  0  0
4.999999999998245e-06
4.999999999998261e-06
4.999999999998274e-06
4.999999999998250e-06

  302  0  1
4.999999999998249e-06
4.999999999998274e-06
4.999999999998267e-06
4.999999999998244e-06

  303  0  0
4.999999999998250e-06
4.999999999998267e-06
4.999999999998269e-06
4.999999999998250e-06

  303  0  1
4.999999999998245e-06
4.999999999998264e-06
4.999999999998264e-06
4.999999999998246e-06

  304  0  0
4.999999999998240e-06
4.999999999998258e-06
4.999999999998271e-06
4.999999999998243e-06

  304  0  1
4.999999999998243e-06
4.999999999998268e-06
4.999999999998262e-06
4.999999999998260e-06

  305  0  0
4.999999999998245e-06
4.999999999998261e-06
4.999999999998273e-06
4.999999999998250e-06

  305  0  1
4.999999999998241e-06
4.999999999998267e-06
4.999999999998267e-06
4.999999999998253e-06

  306  0  0
4.999999999998249e-06
4.999999999998267e-06
4.999999999998258e-06
4.999999999998248e-06

  306  0  1
4.999999999998241e-06
4.999999999998256e-06
4.999999999998267e-06
4.999999999998250e-06

  307  0  0
4.999999999998257e-06
4.999999999998252e-06
4.999999999998268e-06
4.999999999998245e-06

  307  0  1
4.999999999998234e-06
4.999999999998267e-06
4.999999999998274e-06
4.999999999998245e-06

  308  0  0
4.999999999998249e-06
4.999999999998261e-06
4.999999999998271e-06
4.999999999998243e-06

  308  0  1
4.999999999998245e-06
4.999999999998260e-06
4.999999999998263e-06
4.999999999998244e-06

  309  0  0
4.999999999998253e-06
4.999999999998260e-06
4.999999999998271e-06
4.999999999998250e-06

  309  0  1
4.999999999998254e-06
4.999999999998265e-06
4.999999999998256e-06
4.999999999998249e-06

  310  0  0
4.999999999998252e-06
4.999999999998274e-06
4.999999999998271e-06
4.999999999998243e-06

  310  0  1
4.999999999998250e-06
4.999999999998274e-06
4.999999999998267e-06
4.999999999998245e-06

  311  0  0
4.999999999998257e-06
4.999999999998252e-06
4.999999999998271e-06
4.999999999998258e-06

  311  0  1
4.999999999998236e-06
4.999999999998267e-06
4.999999999998267e-06
4.999999999998245e-06

  312  0  0
4.999999999998252e-06
4.999999999998261e-06
4.999999999998255e-06
4.999999999998226e-06

  312  0  1
4.999999999998252e-06
4.999999999998266e-06
4.999999999998261e-06
4.999999999998254e-06

  313  0  0
4.999999999998165e-06
4.999999999998333e-06
4.999999999997901e-06
4.999999999993191e-06

  313  0  1
4.999999999998311e-06
4.999999999998223e-06
4.999999999998261e-06
4.999999999996356e-06

  314  0  0
4.999999999988378e-06
5.000000000009863e-06
4.999999999953924e-06
4.999999999497632e-06

  314  0  1
5.000000000000154e-06
4.999999999998807e-06
4.999999999992463e-06
4.999999999793567e-06

  315  0  0
4.999999999061946e-06
5.000000001126390e-06
4.999999995633624e-06
4.999999952267199e-06

  315  0  1
5.000000000186960e-06
5.000000000062112e-06
4.999999999377293e-06
4.999999979223917e-06

  316  0  0
4.999999914407959e-06
5.000000106109469e-06
4.999999581143494e-06
4.999995580212006e-06

  316  0  1
5.000000019303077e-06
5.000000006591967e-06
4.999999935103502e-06
4.999997941251996e-06

  317  0  0
4.999992469798537e-06
5.000009674477841e-06
4.999960858914675e-06
4.999603868361830e-06

  317  0  1
5.000001931963300e-06
5.000000666967836e-06
4.999993341975640e-06
4.999801428858984e-06

  318  0  0
4.999366087304101e-06
5.000852141519035e-06
4.996446573933842e-06
4.965728252074888e-06

  318  0  1
5.000189326027765e-06
5.000065505683915e-06
4.999331603094247e-06
4.981419651073076e-06

  319  0  0
4.949102953483528e-06
5.073203709304289e-06
4.691135450680618e-06
2.066441098090976e-06

  319  0  1
5.025943572774420e-06
5.001644221424457e-06
4.944324822771587e-06
3.173101308592061e-06

