#Cell 
# Element_0
# Element_1
# Element_2
# Element_3
# Element_4
0
1.204323724910178e+00
1.203527221840002e+00
1.202346050960947e+00
1.201144633076448e+00
1.200314171097104e+00

1
1.199887380403657e+00
1.199042695293552e+00
1.197788602358274e+00
1.196512689764536e+00
1.195628147076933e+00

2
1.195172581933221e+00
1.194271292716693e+00
1.192930571385316e+00
1.191564051424370e+00
1.190615369551861e+00

3
1.190126361473481e+00
1.189158106325308e+00
1.187715701820179e+00
1.186243139962643e+00
1.185219532128039e+00

4
1.184691449259044e+00
1.183644975800089e+00
1.182084041354268e+00
1.180488029618959e+00
1.179377239651748e+00

5
1.178803720022685e+00
1.177666340563560e+00
1.175967760806461e+00
1.174228543614515e+00
1.173016686400655e+00

6
1.172390528311070e+00
1.171147890513189e+00
1.169290047145101e+00
1.167385291680944e+00
1.166056694834798e+00

7
1.165369774495174e+00
1.164005706590334e+00
1.161964302372524e+00
1.159868979775055e+00
1.158406124851000e+00

8
1.157649371896424e+00
1.156145842797664e+00
1.153893869543858e+00
1.151580266641704e+00
1.149963829343420e+00

9
1.149127259173292e+00
1.147464463649564e+00
1.144972365921620e+00
1.142410309512484e+00
1.140619359809408e+00

10
1.139692196248825e+00
1.137848841588561e+00
1.135085057671005e+00
1.132242595229615e+00
1.130255135841146e+00

11
1.129226111382049e+00
1.127180058642353e+00
1.124112110694481e+00
1.120956832851687e+00
1.118750862101126e+00

12
1.117608813785564e+00
1.115338358772944e+00
1.111935022710745e+00
1.108436633178607e+00
1.105992167791449e+00

13
1.104727163274766e+00
1.102213443850866e+00
1.098448793630915e+00
1.094583854240164e+00
1.091886635208372e+00

14
1.090492026354531e+00
1.087723414994490e+00
1.083584194024613e+00
1.079344943821023e+00
1.076393478562639e+00

15
1.074869819757845e+00
1.071850424810963e+00
1.067349887264046e+00
1.062761060869131e+00
1.059580854125987e+00

16
1.057944045378356e+00
1.054712395999953e+00
1.049917822782156e+00
1.045067284571939e+00
1.041741486783261e+00

17
1.040045063748750e+00
1.036727599017687e+00
1.031856945137784e+00
1.026955915623053e+00
1.023696592536885e+00

18
1.022117794291702e+00
1.019280363491895e+00
1.016031106395772e+00
1.013636913243191e+00
1.012205583856363e+00

19
1.011449163470845e+00
1.009869746029893e+00
1.007413588371601e+00
1.004972300724480e+00
1.003336170769664e+00

20
1.002497185790497e+00
1.000810864043324e+00
9.982703099128324e-01
9.957060933119399e-01
9.939480167392616e-01

21
9.930435478321649e-01
9.912441017515757e-01
9.885644310312935e-01
9.858493811839579e-01
9.839735860474002e-01

22
9.830067083187738e-01
9.810912362390803e-01
9.782473378542128e-01
9.753582188098442e-01
9.733567908717684e-01

23
9.723252009436293e-01
9.702849831722393e-01
9.672549154779306e-01
9.641713333189631e-01
9.620335003066044e-01

24
9.609319779392073e-01
9.587535372542424e-01
9.555149412064048e-01
9.522161723162411e-01
9.499282910730106e-01

25
9.487493156617065e-01
9.464164572593979e-01
9.429456662611574e-01
9.394080683800736e-01
9.369532403764604e-01

26
9.356876945451603e-01
9.331823574160848e-01
9.294526677057572e-01
9.256483387643699e-01
9.230066434297468e-01

27
9.216441268848490e-01
9.189457134129134e-01
9.149258756389141e-01
9.108220833328381e-01
9.079703629529101e-01

28
9.064988236176207e-01
9.035831431574809e-01
8.992363099884596e-01
8.947945343570000e-01
8.917055036154498e-01

29
8.901106740048608e-01
8.869490601845490e-01
8.822315792703675e-01
8.774060388690513e-01
8.740471378963431e-01

30
8.723119542098433e-01
8.688700969301225e-01
8.637295747133232e-01
8.584651249807101e-01
8.547970250492317e-01

31
8.529008439834379e-01
8.491371481597296e-01
8.435098462757382e-01
8.377391361785534e-01
8.337136509296295e-01

32
8.316311274600299e-01
8.274944039252058e-01
8.213015683296623e-01
8.149409444337610e-01
8.104979457335737e-01

33
8.081973527582046e-01
8.036233315682889e-01
7.967656424011855e-01
7.897090446242409e-01
7.847719243929397e-01

34
7.822127012758594e-01
7.771189453045381e-01
7.694682529879255e-01
7.615777897612508e-01
7.560462970805837e-01

35
7.531751514932452e-01
7.474528701034174e-01
7.388387740860111e-01
7.299293396140154e-01
7.236677988564886e-01

36
7.204122143568399e-01
7.139125337581733e-01
7.040996811746323e-01
6.939126110514167e-01
6.867294041988729e-01

37
6.829862092721565e-01
6.754957399716897e-01
6.641424430749802e-01
6.522959692492263e-01
6.439040683769546e-01

38
6.395172106239277e-01
6.307098603896089e-01
6.172845546486631e-01
6.031707861954643e-01
5.931034060538327e-01

39
5.878154345368820e-01
5.771448545583033e-01
5.607326725768509e-01
5.432674431873638e-01
5.306638446275648e-01

40
5.239890063021845e-01
5.103980127266626e-01
4.891464824460681e-01
4.659931474452212e-01
4.488825625835175e-01

41
4.396602244416141e-01
4.204925873988274e-01
3.892879020096997e-01
3.530097191636848e-01
3.240861101364485e-01

42
3.071461114865079e-01
2.704340563034635e-01
1.872729899191088e-01
5.245039172269781e-02
8.543581172138535e-02

43
4.752004420340451e-02
5.814150489675880e-02
5.537947263738904e-02
5.663474542289552e-02
5.634749812183143e-02

44
5.591111986706692e-02
5.629868081175032e-02
5.620448071980345e-02
5.624773800694913e-02
5.623889314534031e-02

45
5.622226653744292e-02
5.623649564098118e-02
5.623304582271889e-02
5.623463093918211e-02
5.623430762808235e-02

46
5.623369701326671e-02
5.623421927434358e-02
5.623409261851061e-02
5.623415082633099e-02
5.623413892664320e-02

47
5.623411654264339e-02
5.623413570269341e-02
5.623413105466857e-02
5.623413319113316e-02
5.623413275346795e-02

48
5.623413193317251e-02
5.623413263580809e-02
5.623413246531251e-02
5.623413254369163e-02
5.623413252760750e-02

49
5.623413249755411e-02
5.623413252331157e-02
5.623413251706014e-02
5.623413251993446e-02
5.623413251934387e-02

50
5.623413251824306e-02
5.623413251918685e-02
5.623413251895769e-02
5.623413251906319e-02
5.623413251904149e-02

51
5.623413251900121e-02
5.623413251903563e-02
5.623413251902722e-02
5.623413251903125e-02
5.623413251903044e-02

52
5.623413251902894e-02
5.623413251903013e-02
5.623413251902971e-02
5.623413251903000e-02
5.623413251903000e-02

53
5.623413251903000e-02
5.623413251903000e-02
5.623413251903000e-02
5.623413251903000e-02
5.623413251903000e-02

54
5.623413251903000e-02
5.623413251903000e-02
5.623413251903000e-02
5.623413251903000e-02
5.623413251903000e-02

55
5.623413251903000e-02
5.623413251903000e-02
5.623413251903000e-02
5.623413251903000e-02
5.623413251903000e-02

56
5.623413251903000e-02
5.623413251903000e-02
5.623413251903000e-02
5.623413251903000e-02
5.623413251903000e-02

57
5.623413251903000e-02
5.623413251903000e-02
5.623413251903000e-02
5.623413251903000e-02
5.623413251903000e-02

58
5.623413251903000e-02
5.623413251903000e-02
5.623413251903000e-02
5.623413251903000e-02
5.623413251903000e-02

59
5.623413251903000e-02
5.623413251903000e-02
5.623413251903000e-02
5.623413251903000e-02
5.623413251903000e-02

60
5.623413251903000e-02
5.623413251903000e-02
5.623413251903000e-02
5.623413251903000e-02
5.623413251903000e-02

61
5.623413251903000e-02
5.623413251903000e-02
5.623413251903000e-02
5.623413251903000e-02
5.623413251903000e-02

62
5.623413251903000e-02
5.623413251903000e-02
5.623413251903000e-02
5.623413251903000e-02
5.623413251903000e-02

63
5.623413251903000e-02
5.623413251903000e-02
5.623413251903000e-02
5.623413251903000e-02
5.623413251903000e-02

64
5.623413251903000e-02
5.623413251903000e-02
5.623413251903000e-02
5.623413251903000e-02
5.623413251903000e-02

65
5.623413251903000e-02
5.623413251903000e-02
5.623413251903000e-02
5.623413251903000e-02
5.623413251903000e-02

66
5.623413251903000e-02
5.623413251903000e-02
5.623413251903000e-02
5.623413251903000e-02
5.623413251903000e-02

67
5.623413251903000e-02
5.623413251903000e-02
5.623413251903000e-02
5.623413251903000e-02
5.623413251903000e-02

68
5.623413251903000e-02
5.623413251903000e-02
5.623413251903000e-02
5.623413251903000e-02
5.623413251903000e-02

69
5.623413251903000e-02
5.623413251903000e-02
5.623413251903000e-02
5.623413251903000e-02
5.623413251903000e-02

70
5.623413251903000e-02
5.623413251903000e-02
5.623413251903000e-02
5.623413251903000e-02
5.623413251903000e-02

71
5.623413251903000e-02
5.623413251903000e-02
5.623413251903000e-02
5.623413251903000e-02
5.623413251903000e-02

72
5.623413251903000e-02
5.623413251903000e-02
5.623413251903000e-02
5.623413251903000e-02
5.623413251903000e-02

73
5.623413251903000e-02
5.623413251903000e-02
5.623413251903000e-02
5.623413251903000e-02
5.623413251903000e-02

74
5.623413251903000e-02
5.623413251903000e-02
5.623413251903000e-02
5.623413251903000e-02
5.623413251903000e-02

75
5.623413251903000e-02
5.623413251903000e-02
5.623413251903000e-02
5.623413251903000e-02
5.623413251903000e-02

76
5.623413251903000e-02
5.623413251903000e-02
5.623413251903000e-02
5.623413251903000e-02
5.623413251903000e-02

77
5.623413251903000e-02
5.623413251903000e-02
5.623413251903000e-02
5.623413251903000e-02
5.623413251903000e-02

78
5.623413251903000e-02
5.623413251903000e-02
5.623413251903000e-02
5.623413251903000e-02
5.623413251903000e-02

79
5.623413251903000e-02
5.623413251903000e-02
5.623413251903000e-02
5.623413251903000e-02
5.623413251903000e-02

80
5.623413251903000e-02
5.623413251903000e-02
5.623413251903000e-02
5.623413251903000e-02
5.623413251903000e-02

81
5.623413251903000e-02
5.623413251903000e-02
5.623413251903000e-02
5.623413251903000e-02
5.623413251903000e-02

82
5.623413251903000e-02
5.623413251903000e-02
5.623413251903000e-02
5.623413251903000e-02
5.623413251903000e-02

83
5.623413251903000e-02
5.623413251903000e-02
5.623413251903000e-02
5.623413251903000e-02
5.623413251903000e-02

84
5.623413251903000e-02
5.623413251903000e-02
5.623413251903000e-02
5.623413251903000e-02
5.623413251903000e-02

85
5.623413251903000e-02
5.623413251903000e-02
5.623413251903000e-02
5.623413251903000e-02
5.623413251903000e-02

86
5.623413251903000e-02
5.623413251903000e-02
5.623413251903000e-02
5.623413251903000e-02
5.623413251903000e-02

87
5.623413251903000e-02
5.623413251903000e-02
5.623413251903000e-02
5.623413251903000e-02
5.623413251903000e-02

88
5.623413251903000e-02
5.623413251903000e-02
5.623413251903000e-02
5.623413251903000e-02
5.623413251903000e-02

89
5.623413251903000e-02
5.623413251903000e-02
5.623413251903000e-02
5.623413251903000e-02
5.623413251903000e-02

90
5.623413251903000e-02
5.623413251903000e-02
5.623413251903000e-02
5.623413251903000e-02
5.623413251903000e-02

91
5.623413251903000e-02
5.623413251903000e-02
5.623413251903000e-02
5.623413251903000e-02
5.623413251903000e-02

92
5.623413251903000e-02
5.623413251903000e-02
5.623413251899762e-02
5.623413251910006e-02
5.623413251869195e-02

93
5.623413251915754e-02
5.623413251942665e-02
5.623413251817817e-02
5.623413252085072e-02
5.623413251025618e-02

94
5.623413252229730e-02
5.623413252927219e-02
5.623413249699906e-02
5.623413256614029e-02
5.623413229213201e-02

95
5.623413260389905e-02
5.623413278325124e-02
5.623413195042058e-02
5.623413373451759e-02
5.623412666755784e-02

96
5.623413471703310e-02
5.623413931647262e-02
5.623411788444249e-02
5.623416378926212e-02
5.623398208867547e-02

97
5.623418918324952e-02
5.623430695673784e-02
5.623375688080522e-02
5.623493467720660e-02
5.623027875420872e-02

98
5.623557985031257e-02
5.623860597792990e-02
5.622450466248593e-02
5.625467718493896e-02
5.613577870732713e-02

99
5.626912836734872e-02
5.635151940561926e-02
5.598305694320840e-02
5.677217304799544e-02
5.372807738764399e-02

