#Cell
# Element_0
# Element_1
# Element_2
# Element_3
# Element_4
    0
4.691007703066796e-04
2.307653449471585e-03
4.999999999999999e-03
7.692346550528415e-03
9.530899229693319e-03

    1
1.046910077030668e-02
1.230765344947158e-02
1.500000000000000e-02
1.769234655052842e-02
1.953089922969332e-02

    2
2.046910077030668e-02
2.230765344947159e-02
2.500000000000000e-02
2.769234655052841e-02
2.953089922969332e-02

    3
3.046910077030668e-02
3.230765344947158e-02
3.500000000000000e-02
3.769234655052842e-02
3.953089922969331e-02

    4
4.046910077030668e-02
4.230765344947159e-02
4.500000000000000e-02
4.769234655052842e-02
4.953089922969332e-02

    5
5.046910077030668e-02
5.230765344947159e-02
5.500000000000000e-02
5.769234655052842e-02
5.953089922969332e-02

    6
6.046910077030668e-02
6.230765344947159e-02
6.500000000000000e-02
6.769234655052841e-02
6.953089922969333e-02

    7
7.046910077030669e-02
7.230765344947160e-02
7.500000000000001e-02
7.769234655052842e-02
7.953089922969332e-02

    8
8.046910077030668e-02
8.230765344947159e-02
8.500000000000001e-02
8.769234655052842e-02
8.953089922969332e-02

    9
9.046910077030668e-02
9.230765344947159e-02
9.500000000000000e-02
9.769234655052841e-02
9.953089922969331e-02

   10
1.004691007703067e-01
1.023076534494716e-01
1.050000000000000e-01
1.076923465505284e-01
1.095308992296933e-01

   11
1.104691007703067e-01
1.123076534494716e-01
1.150000000000000e-01
1.176923465505284e-01
1.195308992296933e-01

   12
1.204691007703067e-01
1.223076534494716e-01
1.250000000000000e-01
1.276923465505284e-01
1.295308992296933e-01

   13
1.304691007703067e-01
1.323076534494716e-01
1.350000000000000e-01
1.376923465505284e-01
1.395308992296933e-01

   14
1.404691007703067e-01
1.423076534494716e-01
1.450000000000000e-01
1.476923465505284e-01
1.495308992296933e-01

   15
1.504691007703067e-01
1.523076534494716e-01
1.550000000000000e-01
1.576923465505284e-01
1.595308992296933e-01

   16
1.604691007703067e-01
1.623076534494716e-01
1.650000000000000e-01
1.676923465505284e-01
1.695308992296933e-01

   17
1.704691007703067e-01
1.723076534494716e-01
1.750000000000000e-01
1.776923465505284e-01
1.795308992296933e-01

   18
1.804691007703067e-01
1.823076534494716e-01
1.850000000000000e-01
1.876923465505284e-01
1.895308992296934e-01

   19
1.904691007703067e-01
1.923076534494716e-01
1.950000000000000e-01
1.976923465505284e-01
1.995308992296934e-01

   20
2.004691007703067e-01
2.023076534494716e-01
2.050000000000000e-01
2.076923465505285e-01
2.095308992296934e-01

   21
2.104691007703067e-01
2.123076534494716e-01
2.150000000000001e-01
2.176923465505285e-01
2.195308992296934e-01

   22
2.204691007703067e-01
2.223076534494716e-01
2.250000000000001e-01
2.276923465505285e-01
2.295308992296934e-01

   23
2.304691007703067e-01
2.323076534494717e-01
2.350000000000001e-01
2.376923465505285e-01
2.395308992296934e-01

   24
2.404691007703068e-01
2.423076534494717e-01
2.450000000000001e-01
2.476923465505285e-01
2.495308992296934e-01

   25
2.504691007703067e-01
2.523076534494716e-01
2.550000000000001e-01
2.576923465505285e-01
2.595308992296934e-01

   26
2.604691007703067e-01
2.623076534494717e-01
2.650000000000001e-01
2.676923465505285e-01
2.695308992296934e-01

   27
2.704691007703067e-01
2.723076534494717e-01
2.750000000000001e-01
2.776923465505285e-01
2.795308992296934e-01

   28
2.804691007703067e-01
2.823076534494717e-01
2.850000000000001e-01
2.876923465505285e-01
2.895308992296934e-01

   29
2.904691007703067e-01
2.923076534494717e-01
2.950000000000001e-01
2.976923465505285e-01
2.995308992296934e-01

   30
3.004691007703068e-01
3.023076534494717e-01
3.050000000000001e-01
3.076923465505285e-01
3.095308992296934e-01

   31
3.104691007703068e-01
3.123076534494717e-01
3.150000000000001e-01
3.176923465505285e-01
3.195308992296934e-01

   32
3.204691007703068e-01
3.223076534494717e-01
3.250000000000001e-01
3.276923465505285e-01
3.295308992296934e-01

   33
3.304691007703068e-01
3.323076534494717e-01
3.350000000000001e-01
3.376923465505285e-01
3.395308992296934e-01

   34
3.404691007703068e-01
3.423076534494717e-01
3.450000000000001e-01
3.476923465505286e-01
3.495308992296934e-01

   35
3.504691007703068e-01
3.523076534494717e-01
3.550000000000001e-01
3.576923465505286e-01
3.595308992296934e-01

   36
3.604691007703068e-01
3.623076534494717e-01
3.650000000000002e-01
3.676923465505286e-01
3.695308992296935e-01

   37
3.704691007703068e-01
3.723076534494718e-01
3.750000000000002e-01
3.776923465505286e-01
3.795308992296935e-01

   38
3.804691007703068e-01
3.823076534494718e-01
3.850000000000002e-01
3.876923465505286e-01
3.895308992296935e-01

   39
3.904691007703068e-01
3.923076534494718e-01
3.950000000000002e-01
3.976923465505286e-01
3.995308992296935e-01

   40
4.004691007703068e-01
4.023076534494718e-01
4.050000000000002e-01
4.076923465505286e-01
4.095308992296935e-01

   41
4.104691007703068e-01
4.123076534494718e-01
4.150000000000002e-01
4.176923465505286e-01
4.195308992296935e-01

   42
4.204691007703069e-01
4.223076534494718e-01
4.250000000000002e-01
4.276923465505286e-01
4.295308992296935e-01

   43
4.304691007703069e-01
4.323076534494718e-01
4.350000000000002e-01
4.376923465505286e-01
4.395308992296935e-01

   44
4.404691007703069e-01
4.423076534494718e-01
4.450000000000002e-01
4.476923465505286e-01
4.495308992296935e-01

   45
4.504691007703069e-01
4.523076534494718e-01
4.550000000000002e-01
4.576923465505287e-01
4.595308992296935e-01

   46
4.604691007703069e-01
4.623076534494718e-01
4.650000000000002e-01
4.676923465505287e-01
4.695308992296935e-01

   47
4.704691007703069e-01
4.723076534494718e-01
4.750000000000003e-01
4.776923465505287e-01
4.795308992296936e-01

   48
4.804691007703069e-01
4.823076534494719e-01
4.850000000000003e-01
4.876923465505287e-01
4.895308992296936e-01

   49
4.904691007703069e-01
4.923076534494719e-01
4.950000000000003e-01
4.976923465505287e-01
4.995308992296936e-01

   50
5.004691007703069e-01
5.023076534494718e-01
5.050000000000002e-01
5.076923465505286e-01
5.095308992296935e-01

   51
5.104691007703069e-01
5.123076534494718e-01
5.150000000000002e-01
5.176923465505286e-01
5.195308992296935e-01

   52
5.204691007703069e-01
5.223076534494718e-01
5.250000000000002e-01
5.276923465505287e-01
5.295308992296935e-01

   53
5.304691007703070e-01
5.323076534494718e-01
5.350000000000003e-01
5.376923465505287e-01
5.395308992296936e-01

   54
5.404691007703070e-01
5.423076534494718e-01
5.450000000000003e-01
5.476923465505287e-01
5.495308992296936e-01

   55
5.504691007703070e-01
5.523076534494719e-01
5.550000000000003e-01
5.576923465505287e-01
5.595308992296936e-01

   56
5.604691007703070e-01
5.623076534494719e-01
5.650000000000003e-01
5.676923465505287e-01
5.695308992296936e-01

   57
5.704691007703070e-01
5.723076534494719e-01
5.750000000000003e-01
5.776923465505287e-01
5.795308992296936e-01

   58
5.804691007703070e-01
5.823076534494719e-01
5.850000000000003e-01
5.876923465505287e-01
5.895308992296936e-01

   59
5.904691007703070e-01
5.923076534494719e-01
5.950000000000003e-01
5.976923465505287e-01
5.995308992296936e-01

   60
6.004691007703070e-01
6.023076534494719e-01
6.050000000000003e-01
6.076923465505287e-01
6.095308992296936e-01

   61
6.104691007703070e-01
6.123076534494719e-01
6.150000000000003e-01
6.176923465505287e-01
6.195308992296936e-01

   62
6.204691007703070e-01
6.223076534494719e-01
6.250000000000003e-01
6.276923465505287e-01
6.295308992296936e-01

   63
6.304691007703070e-01
6.323076534494719e-01
6.350000000000003e-01
6.376923465505288e-01
6.395308992296936e-01

   64
6.404691007703071e-01
6.423076534494719e-01
6.450000000000004e-01
6.476923465505288e-01
6.495308992296936e-01

   65
6.504691007703071e-01
6.523076534494719e-01
6.550000000000004e-01
6.576923465505288e-01
6.595308992296937e-01

   66
6.604691007703071e-01
6.623076534494720e-01
6.650000000000004e-01
6.676923465505288e-01
6.695308992296937e-01

   67
6.704691007703071e-01
6.723076534494720e-01
6.750000000000004e-01
6.776923465505288e-01
6.795308992296937e-01

   68
6.804691007703071e-01
6.823076534494720e-01
6.850000000000004e-01
6.876923465505288e-01
6.895308992296937e-01

   69
6.904691007703071e-01
6.923076534494720e-01
6.950000000000004e-01
6.976923465505288e-01
6.995308992296937e-01

   70
7.004691007703071e-01
7.023076534494720e-01
7.050000000000004e-01
7.076923465505288e-01
7.095308992296937e-01

   71
7.104691007703071e-01
7.123076534494720e-01
7.150000000000004e-01
7.176923465505288e-01
7.195308992296937e-01

   72
7.204691007703071e-01
7.223076534494720e-01
7.250000000000004e-01
7.276923465505288e-01
7.295308992296937e-01

   73
7.304691007703071e-01
7.323076534494720e-01
7.350000000000004e-01
7.376923465505288e-01
7.395308992296937e-01

   74
7.404691007703071e-01
7.423076534494720e-01
7.450000000000004e-01
7.476923465505289e-01
7.495308992296937e-01

   75
7.504691007703072e-01
7.523076534494720e-01
7.550000000000004e-01
7.576923465505289e-01
7.595308992296937e-01

   76
7.604691007703072e-01
7.623076534494720e-01
7.650000000000005e-01
7.676923465505289e-01
7.695308992296938e-01

   77
7.704691007703072e-01
7.723076534494721e-01
7.750000000000005e-01
7.776923465505289e-01
7.795308992296938e-01

   78
7.804691007703072e-01
7.823076534494721e-01
7.850000000000005e-01
7.876923465505289e-01
7.895308992296938e-01

   79
7.904691007703072e-01
7.923076534494721e-01
7.950000000000005e-01
7.976923465505289e-01
7.995308992296938e-01

   80
8.004691007703072e-01
8.023076534494721e-01
8.050000000000005e-01
8.076923465505289e-01
8.095308992296938e-01

   81
8.104691007703072e-01
8.123076534494721e-01
8.150000000000005e-01
8.176923465505289e-01
8.195308992296938e-01

   82
8.204691007703072e-01
8.223076534494721e-01
8.250000000000005e-01
8.276923465505289e-01
8.295308992296938e-01

   83
8.304691007703072e-01
8.323076534494721e-01
8.350000000000005e-01
8.376923465505289e-01
8.395308992296938e-01

   84
8.404691007703072e-01
8.423076534494721e-01
8.450000000000005e-01
8.476923465505289e-01
8.495308992296938e-01

   85
8.504691007703072e-01
8.523076534494721e-01
8.550000000000005e-01
8.576923465505290e-01
8.595308992296938e-01

   86
8.604691007703072e-01
8.623076534494721e-01
8.650000000000005e-01
8.676923465505290e-01
8.695308992296938e-01

   87
8.704691007703073e-01
8.723076534494721e-01
8.750000000000006e-01
8.776923465505290e-01
8.795308992296939e-01

   88
8.804691007703073e-01
8.823076534494722e-01
8.850000000000006e-01
8.876923465505290e-01
8.895308992296939e-01

   89
8.904691007703073e-01
8.923076534494722e-01
8.950000000000006e-01
8.976923465505290e-01
8.995308992296939e-01

   90
9.004691007703073e-01
9.023076534494722e-01
9.050000000000006e-01
9.076923465505290e-01
9.095308992296939e-01

   91
9.104691007703073e-01
9.123076534494722e-01
9.150000000000006e-01
9.176923465505290e-01
9.195308992296939e-01

   92
9.204691007703073e-01
9.223076534494722e-01
9.250000000000006e-01
9.276923465505290e-01
9.295308992296939e-01

   93
9.304691007703073e-01
9.323076534494722e-01
9.350000000000006e-01
9.376923465505290e-01
9.395308992296939e-01

   94
9.404691007703073e-01
9.423076534494722e-01
9.450000000000006e-01
9.476923465505290e-01
9.495308992296939e-01

   95
9.504691007703073e-01
9.523076534494722e-01
9.550000000000006e-01
9.576923465505290e-01
9.595308992296939e-01

   96
9.604691007703073e-01
9.623076534494722e-01
9.650000000000006e-01
9.676923465505290e-01
9.695308992296939e-01

   97
9.704691007703073e-01
9.723076534494722e-01
9.750000000000006e-01
9.776923465505291e-01
9.795308992296939e-01

   98
9.804691007703074e-01
9.823076534494722e-01
9.850000000000007e-01
9.876923465505291e-01
9.895308992296939e-01

   99
9.904691007703074e-01
9.923076534494722e-01
9.950000000000007e-01
9.976923465505291e-01
9.995308992296940e-01

