#Cell 
# Element_0
# Element_1
0
1.164382688786377e+00
1.164250198483282e+00

1
1.164152452084413e+00
1.164019211942378e+00

2
1.163923356498453e+00
1.163788517134087e+00

3
1.163691942073600e+00
1.163557363226158e+00

4
1.163459584308514e+00
1.163325477841441e+00

5
1.163227408728541e+00
1.163093030638475e+00

6
1.162994676640838e+00
1.162859891866083e+00

7
1.162761225880162e+00
1.162626077872178e+00

8
1.162527129228115e+00
1.162391589712556e+00

9
1.162292341304952e+00
1.162156404838053e+00

10
1.162056863797487e+00
1.161920528373859e+00

11
1.161820692726379e+00
1.161683955337494e+00

12
1.161583823241511e+00
1.161446680903300e+00

13
1.161346249948146e+00
1.161208700172369e+00

14
1.161107967643757e+00
1.160970008023533e+00

15
1.160868971782150e+00
1.160730598956610e+00

16
1.160629257914520e+00
1.160490469626402e+00

17
1.160388827417689e+00
1.160249627962656e+00

18
1.160147680662099e+00
1.160008048641916e+00

19
1.159905791664581e+00
1.159765719409187e+00

20
1.159663136512162e+00
1.159522634883652e+00

21
1.159419670203358e+00
1.159278746404738e+00

22
1.159175532132007e+00
1.159034175731134e+00

23
1.158930648936980e+00
1.158788855703976e+00

24
1.158685007697912e+00
1.158542773716746e+00

25
1.158438602564014e+00
1.158295924377206e+00

26
1.158191427459559e+00
1.158048302320670e+00

27
1.157943477629791e+00
1.157799902162008e+00

28
1.157694747318629e+00
1.157550718460384e+00

29
1.157445231103295e+00
1.157300745710072e+00

30
1.157194923677343e+00
1.157049978281952e+00

31
1.156943818785537e+00
1.156798410257911e+00

32
1.156691910360683e+00
1.156546036595798e+00

33
1.156439196637703e+00
1.156292860872903e+00

34
1.156185679472558e+00
1.156038864717700e+00

35
1.155931338883891e+00
1.155784045767076e+00

36
1.155676171187188e+00
1.155528382515902e+00

37
1.155420144437540e+00
1.155271867483026e+00

38
1.155163266458349e+00
1.155014524731226e+00

39
1.154905584954323e+00
1.154756353340397e+00

40
1.154647051804674e+00
1.154497326957131e+00

41
1.154387663914320e+00
1.154237442372000e+00

42
1.154127415203757e+00
1.153976693411190e+00

43
1.153866299466114e+00
1.153715073774957e+00

44
1.153604310210159e+00
1.153452576835501e+00

45
1.153341440282314e+00
1.153189196279405e+00

46
1.153077685475734e+00
1.152924932986758e+00

47
1.152813046258780e+00
1.152659769416400e+00

48
1.152547500592665e+00
1.152393708349522e+00

49
1.152281058893370e+00
1.152126741386769e+00

50
1.152013707157192e+00
1.151858860717126e+00

51
1.151745438988794e+00
1.151590059958375e+00

52
1.151476248068696e+00
1.151320332834941e+00

53
1.151206128280561e+00
1.151049673343991e+00

54
1.150935074214973e+00
1.150778075410393e+00

55
1.150663078456502e+00
1.150505525785864e+00

56
1.150390125091003e+00
1.150232020405432e+00

57
1.150116215056615e+00
1.149957554425171e+00

58
1.149841341581325e+00
1.149682121035646e+00

59
1.149565497811512e+00
1.149405713336757e+00

60
1.149288676778041e+00
1.149128324372608e+00

61
1.149010871531794e+00
1.148849947132059e+00

62
1.148732075052427e+00
1.148570574548143e+00

63
1.148452280204920e+00
1.148290199497249e+00

64
1.148171479885715e+00
1.148008814799385e+00

65
1.147889666867687e+00
1.147726413217130e+00

66
1.147606833887051e+00
1.147442987455327e+00

67
1.147322973645172e+00
1.147158530160761e+00

68
1.147038078732524e+00
1.146873033921221e+00

69
1.146752141747352e+00
1.146586491265534e+00

70
1.146465155157833e+00
1.146298894662453e+00

71
1.146177111441031e+00
1.146010236520684e+00

72
1.145888002948895e+00
1.145720509187845e+00

73
1.145597822030757e+00
1.145429704950364e+00

74
1.145306560924490e+00
1.145137816032562e+00

75
1.145014211843111e+00
1.144844834596382e+00

76
1.144720766916774e+00
1.144550752740626e+00

77
1.144426218211925e+00
1.144255562500504e+00

78
1.144130557750855e+00
1.143959255847060e+00

79
1.143833777460821e+00
1.143661824686475e+00

80
1.143535869231017e+00
1.143363260859657e+00

81
1.143236824875441e+00
1.143063556141534e+00

82
1.142936636131235e+00
1.142762702240440e+00

83
1.142635294687233e+00
1.142460690797628e+00

84
1.142332792156614e+00
1.142157513386565e+00

85
1.142029120076918e+00
1.141853161512303e+00

86
1.141724269927591e+00
1.141547626610944e+00

87
1.141418233119363e+00
1.141240900048957e+00

88
1.141111000985624e+00
1.140932973122520e+00

89
1.140802564790252e+00
1.140623837056913e+00

90
1.140492915730728e+00
1.140313483005871e+00

91
1.140182044932414e+00
1.140001902050916e+00

92
1.139869943445181e+00
1.139689085200692e+00

93
1.139556602244995e+00
1.139375023390276e+00

94
1.139242012235416e+00
1.139059707480535e+00

95
1.138926164246606e+00
1.138743128257426e+00

96
1.138609049033460e+00
1.138425276431306e+00

97
1.138290657274314e+00
1.138106142636214e+00

98
1.137970979570470e+00
1.137785717429189e+00

99
1.137650006445868e+00
1.137463991289527e+00

100
1.137327728346589e+00
1.137140954618070e+00

101
1.137004135640129e+00
1.136816597736477e+00

102
1.136679218614572e+00
1.136490910886484e+00

103
1.136352967477760e+00
1.136163884229152e+00

104
1.136025372356532e+00
1.135835507844102e+00

105
1.135696423295943e+00
1.135505771728753e+00

106
1.135366110258472e+00
1.135174665797567e+00

107
1.135034423123312e+00
1.134842179881232e+00

108
1.134701351685561e+00
1.134508303725898e+00

109
1.134366885655407e+00
1.134173026992370e+00

110
1.134031014657378e+00
1.133836339255271e+00

111
1.133693728229475e+00
1.133498230002277e+00

112
1.133355015822371e+00
1.133158688633234e+00

113
1.133014866798568e+00
1.132817704459350e+00

114
1.132673270431565e+00
1.132475266702333e+00

115
1.132330215904989e+00
1.132131364493549e+00

116
1.131985692311804e+00
1.131785986873142e+00

117
1.131639688653401e+00
1.131439122789150e+00

118
1.131292193838766e+00
1.131090761096628e+00

119
1.130943196683531e+00
1.130740890556759e+00

120
1.130592685909014e+00
1.130389499835917e+00

121
1.130240650141220e+00
1.130036577504769e+00

122
1.129887077909927e+00
1.129682112037341e+00

123
1.129531957647900e+00
1.129326091810061e+00

124
1.129175277690146e+00
1.128968505100832e+00

125
1.128817026272975e+00
1.128609340088042e+00

126
1.128457191532676e+00
1.128248584849620e+00

127
1.128095761504262e+00
1.127886227361993e+00

128
1.127732724120630e+00
1.127522255499160e+00

129
1.127368067212212e+00
1.127156657031614e+00

130
1.127001778506005e+00
1.126789419625365e+00

131
1.126633845623687e+00
1.126420530840876e+00

132
1.126264256080327e+00
1.126049978132021e+00

133
1.125892997284349e+00
1.125677748845037e+00

134
1.125520056536796e+00
1.125303830217426e+00

135
1.125145421028959e+00
1.124928209376898e+00

136
1.124769077841210e+00
1.124550873340223e+00

137
1.124391013943475e+00
1.124171809012176e+00

138
1.124011216193355e+00
1.123791003184359e+00

139
1.123629671333683e+00
1.123408442534082e+00

140
1.123246365993223e+00
1.123024113623199e+00

141
1.122861286685337e+00
1.122638002896943e+00

142
1.122474419804978e+00
1.122250096682737e+00

143
1.122085751629644e+00
1.121860381188975e+00

144
1.121695268317565e+00
1.121468842503859e+00

145
1.121302955905056e+00
1.121075466594089e+00

146
1.120908800307779e+00
1.120680239303693e+00

147
1.120512787317390e+00
1.120283146352718e+00

148
1.120114902600914e+00
1.119884173335953e+00

149
1.119715131700499e+00
1.119483305721666e+00

150
1.119313460029845e+00
1.119080528850250e+00

151
1.118909872875640e+00
1.118675827932924e+00

152
1.118504355393659e+00
1.118269188050382e+00

153
1.118096892609345e+00
1.117860594151404e+00

154
1.117687469415317e+00
1.117450031051523e+00

155
1.117276070570311e+00
1.117037483431578e+00

156
1.116862680698083e+00
1.116622935836324e+00

157
1.116447284285241e+00
1.116206372672994e+00

158
1.116029865680792e+00
1.115787778209828e+00

159
1.115610409093579e+00
1.115367136574621e+00

160
1.115188898591876e+00
1.114944431753205e+00

161
1.114765318100950e+00
1.114519647587962e+00

162
1.114339651402251e+00
1.114092767776276e+00

163
1.113911882131461e+00
1.113663775868961e+00

164
1.113481993776940e+00
1.113232655268728e+00

165
1.113049969678610e+00
1.112799389228549e+00

166
1.112615793025388e+00
1.112363960850061e+00

167
1.112179446854929e+00
1.111926353081930e+00

168
1.111740914050411e+00
1.111486548718151e+00

169
1.111300177340305e+00
1.111044530396426e+00

170
1.110857219295718e+00
1.110600280596399e+00

171
1.110412022328902e+00
1.110153781637967e+00

172
1.109964568692038e+00
1.109705015679483e+00

173
1.109514840474476e+00
1.109253964716011e+00

174
1.109062819601917e+00
1.108800610577519e+00

175
1.108608487834140e+00
1.108344934927027e+00

176
1.108151826762899e+00
1.107886919258777e+00

177
1.107692817810781e+00
1.107426544896337e+00

178
1.107231442228738e+00
1.106963792990715e+00

179
1.106767681094141e+00
1.106498644518384e+00

180
1.106301515309335e+00
1.106031080279378e+00

181
1.105832925599273e+00
1.105561080895249e+00

182
1.105361892509402e+00
1.105088626807089e+00

183
1.104888396404046e+00
1.104613698273461e+00

184
1.104412417464169e+00
1.104136275368328e+00

185
1.103933935685071e+00
1.103656337978967e+00

186
1.103452930874491e+00
1.103173865803803e+00

187
1.102969382650554e+00
1.102688838350270e+00

188
1.102483270439410e+00
1.102201234932599e+00

189
1.101994573472951e+00
1.101711034669574e+00

190
1.101503270786752e+00
1.101218216482321e+00

191
1.101009341217804e+00
1.100722759091939e+00

192
1.100512763402108e+00
1.100224641017242e+00

193
1.100013515772273e+00
1.099723840572339e+00

194
1.099511576555240e+00
1.099220335864280e+00

195
1.099006923769879e+00
1.098714104790582e+00

196
1.098499535224539e+00
1.098205125036795e+00

197
1.097989388514493e+00
1.097693374073959e+00

198
1.097476461019431e+00
1.097178829156086e+00

199
1.096960729900910e+00
1.096661467317571e+00

200
1.096442172099781e+00
1.096141265370548e+00

201
1.095920764333556e+00
1.095618199902257e+00

202
1.095396483093688e+00
1.095092247272319e+00

203
1.094869304642858e+00
1.094563383610007e+00

204
1.094339205012213e+00
1.094031584811437e+00

205
1.093806159998565e+00
1.093496826536765e+00

206
1.093270145161540e+00
1.092959084207295e+00

207
1.092731135820696e+00
1.092418333002562e+00

208
1.092189107052591e+00
1.091874547857382e+00

209
1.091644033687777e+00
1.091327703458817e+00

210
1.091095890307786e+00
1.090777774243145e+00

211
1.090544651242041e+00
1.090224734392744e+00

212
1.089990290564747e+00
1.089668557832915e+00

213
1.089432782091684e+00
1.089109218228714e+00

214
1.088872099377015e+00
1.088546688981672e+00

215
1.088308215709989e+00
1.087980943226503e+00

216
1.087741104111616e+00
1.087411953827726e+00

217
1.087170737331278e+00
1.086839693376261e+00

218
1.086597087843304e+00
1.086264134185945e+00

219
1.086020127843471e+00
1.085685248290031e+00

220
1.085439829245426e+00
1.085103007437586e+00

221
1.084856163677130e+00
1.084517383089840e+00

222
1.084269102477136e+00
1.083928346416504e+00

223
1.083678616690906e+00
1.083335868291987e+00

224
1.083084677066980e+00
1.082739919291588e+00

225
1.082487254053161e+00
1.082140469687600e+00

226
1.081886317792563e+00
1.081537489445332e+00

227
1.081281838119660e+00
1.080930948219137e+00

228
1.080673784556217e+00
1.080320815348272e+00

229
1.080062126307182e+00
1.079707059852781e+00

230
1.079446832256491e+00
1.079089650429251e+00

231
1.078827870962821e+00
1.078468555446491e+00

232
1.078205210655247e+00
1.077843742941209e+00

233
1.077578819228848e+00
1.077215180613523e+00

234
1.076948664240223e+00
1.076582835822447e+00

235
1.076314712902942e+00
1.075946675581292e+00

236
1.075676932082882e+00
1.075306666552987e+00

237
1.075035288293533e+00
1.074662775045298e+00

238
1.074389747691218e+00
1.074014967006006e+00

239
1.073740276070161e+00
1.073363208017958e+00

240
1.073086838857568e+00
1.072707463294041e+00

241
1.072429401108536e+00
1.072047697672099e+00

242
1.071767927500915e+00
1.071383875609705e+00

243
1.071102382330070e+00
1.070715961178878e+00

244
1.070432729503557e+00
1.070043918060723e+00

245
1.069758932535676e+00
1.069367709539902e+00

246
1.069080954541971e+00
1.068687298499074e+00

247
1.068398758233598e+00
1.068002647413230e+00

248
1.067712305911591e+00
1.067313718343858e+00

249
1.067021559461015e+00
1.066620472933101e+00

250
1.066326480345046e+00
1.065922872397707e+00

251
1.065627029598915e+00
1.065220877522960e+00

252
1.064923167823762e+00
1.064514448656415e+00

253
1.064214855180354e+00
1.063803545701589e+00

254
1.063502051382679e+00
1.063088128111469e+00

255
1.062784715691426e+00
1.062368154881955e+00

256
1.062062806907381e+00
1.061643584545141e+00

257
1.061336283364668e+00
1.060914375162480e+00

258
1.060605102923842e+00
1.060180484317836e+00

259
1.059869222964852e+00
1.059441869110357e+00

260
1.059128600379931e+00
1.058698486147279e+00

261
1.058383191566264e+00
1.057950291536537e+00

262
1.057632952418617e+00
1.057197240879232e+00

263
1.056877838321672e+00
1.056439289262000e+00

264
1.056117804142357e+00
1.055676391249182e+00

265
1.055352804221992e+00
1.054908500874874e+00

266
1.054582792368212e+00
1.054135571634786e+00

267
1.053807721846780e+00
1.053357556477980e+00

268
1.053027545373271e+00
1.052574407798413e+00

269
1.052242215104546e+00
1.051786077426318e+00

270
1.051451682630023e+00
1.050992516619421e+00

271
1.050655898962858e+00
1.050193676053979e+00

272
1.049854814530899e+00
1.049389505815621e+00

273
1.049048379167437e+00
1.048579955390024e+00

274
1.048236542101785e+00
1.047764973653381e+00

275
1.047419251949736e+00
1.046944508862688e+00

276
1.046596456703668e+00
1.046118508645814e+00

277
1.045768103722595e+00
1.045286919991372e+00

278
1.044934139721951e+00
1.044449689238401e+00

279
1.044094510763116e+00
1.043606762065780e+00

280
1.043249162242815e+00
1.042758083481474e+00

281
1.042398038882238e+00
1.041903597811528e+00

282
1.041541084715889e+00
1.041043248688810e+00

283
1.040678243080322e+00
1.040176979041555e+00

284
1.039809456602505e+00
1.039304731081619e+00

285
1.038934667187986e+00
1.038426446292523e+00

286
1.038053816008863e+00
1.037542065417191e+00

287
1.037166843491351e+00
1.036651528445469e+00

288
1.036273689303242e+00
1.035754774601324e+00

289
1.035374292340959e+00
1.034851742329811e+00

290
1.034468590716387e+00
1.033942369283707e+00

291
1.033556521743421e+00
1.033026592309870e+00

292
1.032638021924157e+00
1.032104347435292e+00

293
1.031713026934857e+00
1.031175569852848e+00

294
1.030781471611499e+00
1.030240193906685e+00

295
1.029843289935130e+00
1.029298153077347e+00

296
1.028898415016707e+00
1.028349379966473e+00

297
1.027946779081801e+00
1.027393806281248e+00

298
1.026988313454760e+00
1.026431362818389e+00

299
1.026022948542652e+00
1.025461979447847e+00

300
1.025050613818721e+00
1.024485585096081e+00

301
1.024071237805560e+00
1.023502107728956e+00

302
1.023084748057796e+00
1.022511474334238e+00

303
1.022091071144442e+00
1.021513610903673e+00

304
1.021090132630774e+00
1.020508442414645e+00

305
1.020081857059818e+00
1.019495892811384e+00

306
1.019066167933375e+00
1.018475884985740e+00

307
1.018042987692578e+00
1.017448340757480e+00

308
1.017012237698002e+00
1.016413180854101e+00

309
1.015973838209284e+00
1.015370324890168e+00

310
1.014927708364212e+00
1.014319691346128e+00

311
1.013873766157361e+00
1.013261197546614e+00

312
1.012811928418126e+00
1.012194759638200e+00

313
1.011742110788296e+00
1.011120292566596e+00

314
1.010664227698949e+00
1.010037710053286e+00

315
1.009578192346907e+00
1.008946924571568e+00

316
1.008483916670465e+00
1.007847847321984e+00

317
1.007381311324579e+00
1.006740388207115e+00

318
1.006270285655412e+00
1.005624455805748e+00

319
1.005150747674169e+00
1.004499957346353e+00

320
1.004022604030344e+00
1.003366798679888e+00

321
1.002885759984179e+00
1.002224884251886e+00

322
1.001740119378458e+00
1.001074117073795e+00

323
1.000585584609552e+00
9.999143986935888e-01

324
9.994220565976567e-01
9.987456291655660e-01

325
9.982494347562946e-01
9.975677070193543e-01

326
9.970676169609508e-01
9.963805292280808e-01

327
9.958764995168646e-01
9.951839911756740e-01

328
9.946759771260018e-01
9.939779866232812e-01

329
9.934659428530315e-01
9.927624076747470e-01

330
9.922462880904490e-01
9.915371447411652e-01

331
9.910169025226903e-01
9.903020865044239e-01

332
9.897776740892602e-01
9.890571198797371e-01

333
9.885284889468131e-01
9.878021299771350e-01

334
9.872692314301963e-01
9.865370000618406e-01

335
9.859997840123434e-01
9.852616115135334e-01

336
9.847200272630602e-01
9.839758437844500e-01

337
9.834298398066037e-01
9.826795743562553e-01

338
9.821290982780398e-01
9.813726786956867e-01

339
9.808176772783319e-01
9.800550302088717e-01

340
9.794954493281128e-01
9.787265001943292e-01

341
9.781622848200857e-01
9.773869577945654e-01

342
9.768180519700130e-01
9.760362699462173e-01

343
9.754626167662559e-01
9.746743013287301e-01

344
9.740958429177781e-01
9.733009143114436e-01

345
9.727175918005576e-01
9.719159688990980e-01

346
9.713277224024059e-01
9.705193226756590e-01

347
9.699260912660700e-01
9.691108307464180e-01

348
9.685125524305552e-01
9.676903456782754e-01

349
9.670869573706473e-01
9.662577174381902e-01

350
9.656491549345375e-01
9.648127933296449e-01

351
9.641989912794549e-01
9.633554179271483e-01

352
9.627363098052805e-01
9.618854330085951e-01

353
9.612609510860033e-01
9.604026774854935e-01

354
9.597727527989887e-01
9.589069873309014e-01

355
9.582715496519506e-01
9.573981955050287e-01

356
9.567571733075024e-01
9.558761318783852e-01

357
9.552294523052685e-01
9.543406231523917e-01

358
9.536882119813461e-01
9.527914927773241e-01

359
9.521332743851424e-01
9.512285608675366e-01

360
9.505644581933532e-01
9.496516441137770e-01

361
9.489815786210428e-01
9.480605556925219e-01

362
9.473844473296880e-01
9.464551051722152e-01

363
9.457728723320168e-01
9.448350984162283e-01

364
9.441466578935902e-01
9.432003374824618e-01

365
9.425056044309049e-01
9.415506205193884e-01

366
9.408495084058930e-01
9.398857416584394e-01

367
9.391781622167003e-01
9.382054909025166e-01

368
9.374913540845217e-01
9.365096540105124e-01

369
9.357888679363554e-01
9.347980123776289e-01

370
9.340704832834921e-01
9.330703429113125e-01

371
9.323359750955373e-01
9.313264179026151e-01

372
9.305851136697615e-01
9.295660048927719e-01

373
9.288176644955922e-01
9.277888665347750e-01

374
9.270333881139794e-01
9.259947604497041e-01

375
9.252320399714514e-01
9.241834390775900e-01

376
9.234133702685600e-01
9.223546495225327e-01

377
9.215771238024989e-01
9.205081333918189e-01

378
9.197230398035675e-01
9.186436266287307e-01

379
9.178508517652422e-01
9.167608593387774e-01

380
9.159602872674908e-01
9.148595556089969e-01

381
9.140510677930477e-01
9.129394333199974e-01

382
9.121229085362659e-01
9.110002039503894e-01

383
9.101755182042056e-01
9.090415723732245e-01

384
9.082085988095467e-01
9.070632366440216e-01

385
9.062218454549429e-01
9.050648877799881e-01

386
9.042149461083440e-01
9.030462095299464e-01

387
9.021875813688469e-01
9.010068781345175e-01

388
9.001394242225860e-01
8.989465620760233e-01

389
8.980701397881143e-01
8.968649218176026e-01

390
8.959793850507516e-01
8.947616095309174e-01

391
8.938668085852862e-01
8.926362688118942e-01

392
8.917320502664166e-01
8.904885343837960e-01

393
8.895747409662537e-01
8.883180317869712e-01

394
8.873945022381811e-01
8.861243770545325e-01

395
8.851909459863195e-01
8.839071763731479e-01

396
8.829636741197608e-01
8.816660257281783e-01

397
8.807122781907540e-01
8.794005105321682e-01

398
8.784363390158790e-01
8.771102052358307e-01

399
8.761354262792511e-01
8.747946729204342e-01

400
8.738090981166995e-01
8.724534648705353e-01

401
8.714569006797905e-01
8.700861201258798e-01

402
8.690783676785047e-01
8.676921650112221e-01

403
8.666730199012623e-01
8.652711126427151e-01

404
8.642403647109380e-01
8.628224624094476e-01

405
8.617798955153486e-01
8.603456994285693e-01

406
8.592910912106764e-01
8.578402939723633e-01

407
8.567734155960596e-01
8.553057008654565e-01

408
8.542263167575609e-01
8.527413588503141e-01

409
8.516492264195146e-01
8.501466899188626e-01

410
8.490415592611154e-01
8.475210986081030e-01

411
8.464027121959860e-01
8.448639712572957e-01

412
8.437320636122239e-01
8.421746752240842e-01

413
8.410289725702412e-01
8.394525580568309e-01

414
8.382927779555666e-01
8.366969466201297e-01

415
8.355227975834167e-01
8.339071461701564e-01

416
8.327183272516894e-01
8.310824393764378e-01

417
8.298786397387582e-01
8.282220852861293e-01

418
8.270029837419677e-01
8.253253182265413e-01

419
8.240905827526427e-01
8.223913466416647e-01

420
8.211406338629269e-01
8.194193518574561e-01

421
8.181523064991024e-01
8.164084867706172e-01

422
8.151247410762187e-01
8.133578744553216e-01

423
8.120570475676974e-01
8.102666066809091e-01

424
8.089483039831628e-01
8.071337423340985e-01

425
8.057975547477944e-01
8.039583057381362e-01

426
8.026038089746809e-01
8.007392848597394e-01

427
7.993660386216073e-01
7.974756293958412e-01

428
7.960831765234544e-01
7.941662487294294e-01

429
7.927541142884471e-01
7.908100097427702e-01

430
7.893777000477793e-01
7.874057344777928e-01

431
7.859527360461240e-01
7.839521976281757e-01

432
7.824779760572774e-01
7.804481238486696e-01

433
7.789521226118564e-01
7.768921848676545e-01

434
7.753738240187998e-01
7.732829963806167e-01

435
7.717416711600354e-01
7.696191147074255e-01

436
7.680541940414300e-01
7.658990331923695e-01

437
7.643098580726027e-01
7.621211783157237e-01

438
7.605070600496986e-01
7.582839054968865e-01

439
7.566441238174328e-01
7.543854945551748e-01

440
7.527192955693437e-01
7.504241447868591e-01

441
7.487307387550886e-01
7.463979696339685e-01

442
7.446765285580024e-01
7.423049908885786e-01

443
7.405546458830052e-01
7.381431323819421e-01

444
7.363629708184640e-01
7.339102131230517e-01

445
7.320992755096638e-01
7.296039397949298e-01

446
7.277612163612590e-01
7.252218985528439e-01

447
7.233463255240055e-01
7.207615460613331e-01

448
7.188520015568310e-01
7.162201996284178e-01

449
7.142754991586996e-01
7.115950263820137e-01

450
7.096139179045222e-01
7.068830313619691e-01

451
7.048641897983281e-01
7.020810443260603e-01

452
7.000230655209120e-01
6.971857052162611e-01

453
6.950870992498270e-01
6.921934480297099e-01

454
6.900526317471863e-01
6.871004828376397e-01

455
6.849157715850529e-01
6.819027758733742e-01

456
6.796723742493681e-01
6.765960272013704e-01

457
6.743180186608883e-01
6.711756456870187e-01

458
6.688479809725062e-01
6.656367210641800e-01

459
6.632572050895625e-01
6.599739922406804e-01

460
6.575402692727650e-01
6.541818115955279e-01

461
6.516913486070683e-01
6.482541046856167e-01

462
6.457041722156102e-01
6.421843239799256e-01

463
6.395719744112550e-01
6.359653964436984e-01

464
6.332874392467954e-01
6.295896634647973e-01

465
6.268426363473572e-01
6.230488111079269e-01

466
6.202289470742220e-01
6.163337904225723e-01

467
6.134369794856960e-01
6.094347243331333e-01

468
6.064564683599875e-01
6.023407984371623e-01

469
5.992761590485661e-01
5.950401345007315e-01

470
5.918836710430030e-01
5.875196393849424e-01

471
5.842653349807291e-01
5.797648259770745e-01

472
5.764060006440651e-01
5.717596013155891e-01

473
5.682888057574964e-01
5.634860076467704e-01

474
5.598948950477496e-01
5.549239110851482e-01

475
5.512030822135148e-01
5.460506221961922e-01

476
5.421894307760250e-01
5.368404209182400e-01

477
5.328267341574614e-01
5.272639722796878e-01

478
5.230838702029612e-01
5.172875868967656e-01

479
5.129249731476581e-01
5.068722686782224e-01

480
5.023083759236411e-01
4.959725003906289e-01

481
4.911852381768437e-01
4.845346333051478e-01

482
4.794977111935385e-01
4.724947315158523e-01

483
4.671764845271148e-01
4.597756660679006e-01

484
4.541374062225643e-01
4.462830242304084e-01

485
4.402766899113401e-01
4.318992852020426e-01

486
4.254640216646491e-01
4.164752860331024e-01

487
4.095321998225990e-01
3.998171043108766e-01

488
3.922609733693368e-01
3.816652843077122e-01

489
3.733507529725698e-01
3.616600105454298e-01

490
3.523768457652403e-01
3.392785096202945e-01

491
3.287036402912299e-01
3.137132461191199e-01

492
3.013058096197014e-01
2.836046388922822e-01

493
2.683317242539645e-01
2.463460102111644e-01

494
2.256973597423640e-01
1.957721612334173e-01

495
1.608158322757630e-01
1.155026780232133e-01

496
4.716643461562867e-02
5.648969189350622e-02

497
5.762751113926638e-02
5.637545217425341e-02

498
5.608573101778631e-02
5.622277301367844e-02

499
5.625008924851786e-02
5.623522932659372e-02

500
5.623243078728790e-02
5.623402945426426e-02

501
5.623431290819465e-02
5.623414218814078e-02

502
5.623411350431629e-02
5.623413161525792e-02

503
5.623413451323015e-02
5.623413260329628e-02

504
5.623413231082099e-02
5.623413251118668e-02

505
5.623413254068451e-02
5.623413251975905e-02

506
5.623413251678513e-02
5.623413251896237e-02

507
5.623413251926207e-02
5.623413251903627e-02

508
5.623413251900605e-02
5.623413251902942e-02

509
5.623413251903246e-02
5.623413251903005e-02

510
5.623413251902974e-02
5.623413251902999e-02

511
5.623413251903002e-02
5.623413251903000e-02

512
5.623413251903000e-02
5.623413251903000e-02

513
5.623413251903000e-02
5.623413251903000e-02

514
5.623413251903000e-02
5.623413251903000e-02

515
5.623413251903000e-02
5.623413251903000e-02

516
5.623413251903000e-02
5.623413251903000e-02

517
5.623413251903000e-02
5.623413251903000e-02

518
5.623413251903000e-02
5.623413251903000e-02

519
5.623413251903000e-02
5.623413251903000e-02

520
5.623413251903000e-02
5.623413251903000e-02

521
5.623413251903000e-02
5.623413251903000e-02

522
5.623413251903000e-02
5.623413251903000e-02

523
5.623413251903000e-02
5.623413251903000e-02

524
5.623413251903000e-02
5.623413251903000e-02

525
5.623413251903000e-02
5.623413251903000e-02

526
5.623413251903000e-02
5.623413251903000e-02

527
5.623413251903000e-02
5.623413251903000e-02

528
5.623413251903000e-02
5.623413251903000e-02

529
5.623413251903000e-02
5.623413251903000e-02

530
5.623413251903000e-02
5.623413251903000e-02

531
5.623413251903000e-02
5.623413251903000e-02

532
5.623413251903000e-02
5.623413251903000e-02

533
5.623413251903000e-02
5.623413251903000e-02

534
5.623413251903000e-02
5.623413251903000e-02

535
5.623413251903000e-02
5.623413251903000e-02

536
5.623413251903000e-02
5.623413251903000e-02

537
5.623413251903000e-02
5.623413251903000e-02

538
5.623413251903000e-02
5.623413251903000e-02

539
5.623413251903000e-02
5.623413251903000e-02

540
5.623413251903000e-02
5.623413251903000e-02

541
5.623413251903000e-02
5.623413251903000e-02

542
5.623413251903000e-02
5.623413251903000e-02

543
5.623413251903000e-02
5.623413251903000e-02

544
5.623413251903000e-02
5.623413251903000e-02

545
5.623413251903000e-02
5.623413251903000e-02

546
5.623413251903000e-02
5.623413251903000e-02

547
5.623413251903000e-02
5.623413251903000e-02

548
5.623413251903000e-02
5.623413251903000e-02

549
5.623413251903000e-02
5.623413251903000e-02

550
5.623413251903000e-02
5.623413251903000e-02

551
5.623413251903000e-02
5.623413251903000e-02

552
5.623413251903000e-02
5.623413251903000e-02

553
5.623413251903000e-02
5.623413251903000e-02

554
5.623413251903000e-02
5.623413251903000e-02

555
5.623413251903000e-02
5.623413251903000e-02

556
5.623413251903000e-02
5.623413251903000e-02

557
5.623413251903000e-02
5.623413251903000e-02

558
5.623413251903000e-02
5.623413251903000e-02

559
5.623413251903000e-02
5.623413251903000e-02

560
5.623413251903000e-02
5.623413251903000e-02

561
5.623413251903000e-02
5.623413251903000e-02

562
5.623413251903000e-02
5.623413251903000e-02

563
5.623413251903000e-02
5.623413251903000e-02

564
5.623413251903000e-02
5.623413251903000e-02

565
5.623413251903000e-02
5.623413251903000e-02

566
5.623413251903000e-02
5.623413251903000e-02

567
5.623413251903000e-02
5.623413251903000e-02

568
5.623413251903000e-02
5.623413251903000e-02

569
5.623413251903000e-02
5.623413251903000e-02

570
5.623413251903000e-02
5.623413251903000e-02

571
5.623413251903000e-02
5.623413251903000e-02

572
5.623413251903000e-02
5.623413251903000e-02

573
5.623413251903000e-02
5.623413251903000e-02

574
5.623413251903000e-02
5.623413251903000e-02

575
5.623413251903000e-02
5.623413251903000e-02

576
5.623413251903000e-02
5.623413251903000e-02

577
5.623413251903000e-02
5.623413251903000e-02

578
5.623413251903000e-02
5.623413251903000e-02

579
5.623413251903000e-02
5.623413251903000e-02

580
5.623413251903000e-02
5.623413251903000e-02

581
5.623413251903000e-02
5.623413251903000e-02

582
5.623413251903000e-02
5.623413251903000e-02

583
5.623413251903000e-02
5.623413251903000e-02

584
5.623413251903000e-02
5.623413251903000e-02

585
5.623413251903000e-02
5.623413251903000e-02

586
5.623413251903000e-02
5.623413251903000e-02

587
5.623413251903000e-02
5.623413251903000e-02

588
5.623413251903000e-02
5.623413251903000e-02

589
5.623413251903000e-02
5.623413251903000e-02

590
5.623413251903000e-02
5.623413251903000e-02

591
5.623413251903000e-02
5.623413251903000e-02

592
5.623413251903000e-02
5.623413251903000e-02

593
5.623413251903000e-02
5.623413251903000e-02

594
5.623413251903000e-02
5.623413251903000e-02

595
5.623413251903000e-02
5.623413251903000e-02

596
5.623413251903000e-02
5.623413251903000e-02

597
5.623413251903000e-02
5.623413251903000e-02

598
5.623413251903000e-02
5.623413251903000e-02

599
5.623413251903000e-02
5.623413251903000e-02

600
5.623413251903000e-02
5.623413251903000e-02

601
5.623413251903000e-02
5.623413251903000e-02

602
5.623413251903000e-02
5.623413251903000e-02

603
5.623413251903000e-02
5.623413251903000e-02

604
5.623413251903000e-02
5.623413251903000e-02

605
5.623413251903000e-02
5.623413251903000e-02

606
5.623413251903000e-02
5.623413251903000e-02

607
5.623413251903000e-02
5.623413251903000e-02

608
5.623413251903000e-02
5.623413251903000e-02

609
5.623413251903000e-02
5.623413251903000e-02

610
5.623413251903000e-02
5.623413251903000e-02

611
5.623413251903000e-02
5.623413251903000e-02

612
5.623413251903000e-02
5.623413251903000e-02

613
5.623413251903000e-02
5.623413251903000e-02

614
5.623413251903000e-02
5.623413251903000e-02

615
5.623413251903000e-02
5.623413251903000e-02

616
5.623413251903000e-02
5.623413251903000e-02

617
5.623413251903000e-02
5.623413251903000e-02

618
5.623413251903000e-02
5.623413251903000e-02

619
5.623413251903000e-02
5.623413251903000e-02

620
5.623413251903000e-02
5.623413251903000e-02

621
5.623413251903000e-02
5.623413251903000e-02

622
5.623413251903000e-02
5.623413251903000e-02

623
5.623413251903000e-02
5.623413251903000e-02

624
5.623413251903000e-02
5.623413251903000e-02

625
5.623413251903000e-02
5.623413251903000e-02

626
5.623413251903000e-02
5.623413251903000e-02

627
5.623413251903000e-02
5.623413251903000e-02

628
5.623413251903000e-02
5.623413251903000e-02

629
5.623413251903000e-02
5.623413251903000e-02

630
5.623413251903000e-02
5.623413251903000e-02

631
5.623413251903000e-02
5.623413251903000e-02

632
5.623413251903000e-02
5.623413251903000e-02

633
5.623413251903000e-02
5.623413251903000e-02

634
5.623413251903000e-02
5.623413251903000e-02

635
5.623413251903000e-02
5.623413251903000e-02

636
5.623413251903000e-02
5.623413251903000e-02

637
5.623413251903000e-02
5.623413251903000e-02

638
5.623413251903000e-02
5.623413251903000e-02

639
5.623413251903000e-02
5.623413251903000e-02

640
5.623413251903000e-02
5.623413251903000e-02

641
5.623413251903000e-02
5.623413251903000e-02

642
5.623413251903000e-02
5.623413251903000e-02

643
5.623413251903000e-02
5.623413251903000e-02

644
5.623413251903000e-02
5.623413251903000e-02

645
5.623413251903000e-02
5.623413251903000e-02

646
5.623413251903000e-02
5.623413251903000e-02

647
5.623413251903000e-02
5.623413251903000e-02

648
5.623413251903000e-02
5.623413251903000e-02

649
5.623413251903000e-02
5.623413251903000e-02

650
5.623413251903000e-02
5.623413251903000e-02

651
5.623413251903000e-02
5.623413251903000e-02

652
5.623413251903000e-02
5.623413251903000e-02

653
5.623413251903000e-02
5.623413251903000e-02

654
5.623413251903000e-02
5.623413251903000e-02

655
5.623413251903000e-02
5.623413251903000e-02

656
5.623413251903000e-02
5.623413251903000e-02

657
5.623413251903000e-02
5.623413251903000e-02

658
5.623413251903000e-02
5.623413251903000e-02

659
5.623413251903000e-02
5.623413251903000e-02

660
5.623413251903000e-02
5.623413251903000e-02

661
5.623413251903000e-02
5.623413251903000e-02

662
5.623413251903000e-02
5.623413251903000e-02

663
5.623413251903000e-02
5.623413251903000e-02

664
5.623413251903000e-02
5.623413251903000e-02

665
5.623413251903000e-02
5.623413251903000e-02

666
5.623413251903000e-02
5.623413251903000e-02

667
5.623413251903000e-02
5.623413251903000e-02

668
5.623413251903000e-02
5.623413251903000e-02

669
5.623413251903000e-02
5.623413251903000e-02

670
5.623413251903000e-02
5.623413251903000e-02

671
5.623413251903000e-02
5.623413251903000e-02

672
5.623413251903000e-02
5.623413251903000e-02

673
5.623413251903000e-02
5.623413251903000e-02

674
5.623413251903000e-02
5.623413251903000e-02

675
5.623413251903000e-02
5.623413251903000e-02

676
5.623413251903000e-02
5.623413251903000e-02

677
5.623413251903000e-02
5.623413251903000e-02

678
5.623413251903000e-02
5.623413251903000e-02

679
5.623413251903000e-02
5.623413251903000e-02

680
5.623413251903000e-02
5.623413251903000e-02

681
5.623413251903000e-02
5.623413251903000e-02

682
5.623413251903000e-02
5.623413251903000e-02

683
5.623413251903000e-02
5.623413251903000e-02

684
5.623413251903000e-02
5.623413251903000e-02

685
5.623413251903000e-02
5.623413251903000e-02

686
5.623413251903000e-02
5.623413251903000e-02

687
5.623413251903000e-02
5.623413251903000e-02

688
5.623413251903000e-02
5.623413251903000e-02

689
5.623413251903000e-02
5.623413251903000e-02

690
5.623413251903000e-02
5.623413251903000e-02

691
5.623413251903000e-02
5.623413251903000e-02

692
5.623413251903000e-02
5.623413251903000e-02

693
5.623413251903000e-02
5.623413251903000e-02

694
5.623413251903000e-02
5.623413251903000e-02

695
5.623413251903000e-02
5.623413251903000e-02

696
5.623413251903000e-02
5.623413251903000e-02

697
5.623413251903000e-02
5.623413251903000e-02

698
5.623413251903000e-02
5.623413251903000e-02

699
5.623413251903000e-02
5.623413251903000e-02

700
5.623413251903000e-02
5.623413251903000e-02

701
5.623413251903000e-02
5.623413251903000e-02

702
5.623413251903000e-02
5.623413251903000e-02

703
5.623413251903000e-02
5.623413251903000e-02

704
5.623413251903000e-02
5.623413251903000e-02

705
5.623413251903000e-02
5.623413251903000e-02

706
5.623413251903000e-02
5.623413251903000e-02

707
5.623413251903000e-02
5.623413251903000e-02

708
5.623413251903000e-02
5.623413251903000e-02

709
5.623413251903000e-02
5.623413251903000e-02

710
5.623413251903000e-02
5.623413251903000e-02

711
5.623413251903000e-02
5.623413251903000e-02

712
5.623413251903000e-02
5.623413251903000e-02

713
5.623413251903000e-02
5.623413251903000e-02

714
5.623413251903000e-02
5.623413251903000e-02

715
5.623413251903000e-02
5.623413251903000e-02

716
5.623413251903000e-02
5.623413251903000e-02

717
5.623413251903000e-02
5.623413251903000e-02

718
5.623413251903000e-02
5.623413251903000e-02

719
5.623413251903000e-02
5.623413251903000e-02

720
5.623413251903000e-02
5.623413251903000e-02

721
5.623413251903000e-02
5.623413251903000e-02

722
5.623413251903000e-02
5.623413251903000e-02

723
5.623413251903000e-02
5.623413251903000e-02

724
5.623413251903000e-02
5.623413251903000e-02

725
5.623413251903000e-02
5.623413251903000e-02

726
5.623413251903000e-02
5.623413251903000e-02

727
5.623413251903000e-02
5.623413251903000e-02

728
5.623413251903000e-02
5.623413251903000e-02

729
5.623413251903000e-02
5.623413251903000e-02

730
5.623413251903000e-02
5.623413251903000e-02

731
5.623413251903000e-02
5.623413251903000e-02

732
5.623413251903000e-02
5.623413251903000e-02

733
5.623413251903000e-02
5.623413251903000e-02

734
5.623413251903000e-02
5.623413251903000e-02

735
5.623413251903000e-02
5.623413251903000e-02

736
5.623413251903000e-02
5.623413251903000e-02

737
5.623413251903000e-02
5.623413251903000e-02

738
5.623413251903000e-02
5.623413251903000e-02

739
5.623413251903000e-02
5.623413251903000e-02

740
5.623413251903000e-02
5.623413251903000e-02

741
5.623413251903000e-02
5.623413251903000e-02

742
5.623413251903000e-02
5.623413251903000e-02

743
5.623413251903000e-02
5.623413251903000e-02

744
5.623413251903000e-02
5.623413251903000e-02

745
5.623413251903000e-02
5.623413251903000e-02

746
5.623413251903000e-02
5.623413251903000e-02

747
5.623413251903000e-02
5.623413251903000e-02

748
5.623413251903000e-02
5.623413251903000e-02

749
5.623413251903000e-02
5.623413251903000e-02

750
5.623413251903000e-02
5.623413251903000e-02

751
5.623413251903000e-02
5.623413251903000e-02

752
5.623413251903000e-02
5.623413251903000e-02

753
5.623413251903000e-02
5.623413251903000e-02

754
5.623413251903000e-02
5.623413251903000e-02

755
5.623413251903000e-02
5.623413251903000e-02

756
5.623413251903000e-02
5.623413251903000e-02

757
5.623413251903000e-02
5.623413251903000e-02

758
5.623413251903000e-02
5.623413251903000e-02

759
5.623413251903000e-02
5.623413251903000e-02

760
5.623413251903000e-02
5.623413251903000e-02

761
5.623413251903000e-02
5.623413251903000e-02

762
5.623413251903000e-02
5.623413251903000e-02

763
5.623413251903000e-02
5.623413251903000e-02

764
5.623413251903000e-02
5.623413251903000e-02

765
5.623413251903000e-02
5.623413251903000e-02

766
5.623413251903000e-02
5.623413251903000e-02

767
5.623413251903000e-02
5.623413251903000e-02

768
5.623413251903000e-02
5.623413251903000e-02

769
5.623413251903000e-02
5.623413251903000e-02

770
5.623413251903000e-02
5.623413251903000e-02

771
5.623413251903000e-02
5.623413251903000e-02

772
5.623413251903000e-02
5.623413251903000e-02

773
5.623413251903000e-02
5.623413251903000e-02

774
5.623413251903000e-02
5.623413251903000e-02

775
5.623413251903000e-02
5.623413251903000e-02

776
5.623413251903000e-02
5.623413251903000e-02

777
5.623413251903000e-02
5.623413251903000e-02

778
5.623413251903000e-02
5.623413251903000e-02

779
5.623413251903000e-02
5.623413251903000e-02

780
5.623413251903000e-02
5.623413251903000e-02

781
5.623413251903000e-02
5.623413251903000e-02

782
5.623413251903000e-02
5.623413251903000e-02

783
5.623413251903000e-02
5.623413251903000e-02

784
5.623413251903000e-02
5.623413251903000e-02

785
5.623413251903000e-02
5.623413251903000e-02

786
5.623413251903000e-02
5.623413251903000e-02

787
5.623413251903000e-02
5.623413251903000e-02

788
5.623413251903000e-02
5.623413251903000e-02

789
5.623413251903000e-02
5.623413251903000e-02

790
5.623413251903000e-02
5.623413251903000e-02

791
5.623413251903000e-02
5.623413251903000e-02

792
5.623413251903000e-02
5.623413251903000e-02

793
5.623413251903000e-02
5.623413251903000e-02

794
5.623413251903000e-02
5.623413251903000e-02

795
5.623413251903000e-02
5.623413251903000e-02

796
5.623413251903000e-02
5.623413251903000e-02

797
5.623413251903000e-02
5.623413251903000e-02

798
5.623413251903000e-02
5.623413251903000e-02

799
5.623413251903000e-02
5.623413251903000e-02

800
5.623413251903000e-02
5.623413251903000e-02

801
5.623413251903000e-02
5.623413251903000e-02

802
5.623413251903000e-02
5.623413251903000e-02

803
5.623413251903000e-02
5.623413251903000e-02

804
5.623413251903000e-02
5.623413251903000e-02

805
5.623413251903000e-02
5.623413251903000e-02

806
5.623413251903000e-02
5.623413251903000e-02

807
5.623413251903000e-02
5.623413251903000e-02

808
5.623413251903000e-02
5.623413251903000e-02

809
5.623413251903000e-02
5.623413251903000e-02

810
5.623413251903000e-02
5.623413251903000e-02

811
5.623413251903000e-02
5.623413251903000e-02

812
5.623413251903000e-02
5.623413251903000e-02

813
5.623413251903000e-02
5.623413251903000e-02

814
5.623413251903000e-02
5.623413251903000e-02

815
5.623413251903000e-02
5.623413251903000e-02

816
5.623413251903000e-02
5.623413251903000e-02

817
5.623413251903000e-02
5.623413251903000e-02

818
5.623413251903000e-02
5.623413251903000e-02

819
5.623413251903000e-02
5.623413251903000e-02

820
5.623413251903000e-02
5.623413251903000e-02

821
5.623413251903000e-02
5.623413251903000e-02

822
5.623413251903000e-02
5.623413251903000e-02

823
5.623413251903000e-02
5.623413251903000e-02

824
5.623413251903000e-02
5.623413251903000e-02

825
5.623413251903000e-02
5.623413251903000e-02

826
5.623413251903000e-02
5.623413251903000e-02

827
5.623413251903000e-02
5.623413251903000e-02

828
5.623413251903000e-02
5.623413251903000e-02

829
5.623413251903000e-02
5.623413251903000e-02

830
5.623413251903000e-02
5.623413251903000e-02

831
5.623413251903000e-02
5.623413251903000e-02

832
5.623413251903000e-02
5.623413251903000e-02

833
5.623413251903000e-02
5.623413251903000e-02

834
5.623413251903000e-02
5.623413251903000e-02

835
5.623413251903000e-02
5.623413251903000e-02

836
5.623413251903000e-02
5.623413251903000e-02

837
5.623413251903000e-02
5.623413251903000e-02

838
5.623413251903000e-02
5.623413251903000e-02

839
5.623413251903000e-02
5.623413251903000e-02

840
5.623413251903000e-02
5.623413251903000e-02

841
5.623413251903000e-02
5.623413251903000e-02

842
5.623413251903000e-02
5.623413251903000e-02

843
5.623413251903000e-02
5.623413251903000e-02

844
5.623413251903000e-02
5.623413251903000e-02

845
5.623413251903000e-02
5.623413251903000e-02

846
5.623413251903000e-02
5.623413251903000e-02

847
5.623413251903000e-02
5.623413251903000e-02

848
5.623413251903000e-02
5.623413251903000e-02

849
5.623413251903000e-02
5.623413251903000e-02

850
5.623413251903000e-02
5.623413251903000e-02

851
5.623413251903000e-02
5.623413251903000e-02

852
5.623413251903000e-02
5.623413251903000e-02

853
5.623413251903000e-02
5.623413251903000e-02

854
5.623413251903000e-02
5.623413251903000e-02

855
5.623413251903000e-02
5.623413251903000e-02

856
5.623413251903000e-02
5.623413251903000e-02

857
5.623413251903000e-02
5.623413251903000e-02

858
5.623413251903000e-02
5.623413251903000e-02

859
5.623413251903000e-02
5.623413251903000e-02

860
5.623413251903000e-02
5.623413251903000e-02

861
5.623413251903000e-02
5.623413251903000e-02

862
5.623413251903000e-02
5.623413251903000e-02

863
5.623413251903000e-02
5.623413251903000e-02

864
5.623413251903000e-02
5.623413251903000e-02

865
5.623413251903000e-02
5.623413251903000e-02

866
5.623413251903000e-02
5.623413251903000e-02

867
5.623413251903000e-02
5.623413251903000e-02

868
5.623413251903000e-02
5.623413251903000e-02

869
5.623413251903000e-02
5.623413251903000e-02

870
5.623413251903000e-02
5.623413251903000e-02

871
5.623413251903000e-02
5.623413251903000e-02

872
5.623413251903000e-02
5.623413251903000e-02

873
5.623413251903000e-02
5.623413251903000e-02

874
5.623413251903000e-02
5.623413251903000e-02

875
5.623413251903000e-02
5.623413251903000e-02

876
5.623413251903000e-02
5.623413251903000e-02

877
5.623413251903000e-02
5.623413251903000e-02

878
5.623413251903000e-02
5.623413251903000e-02

879
5.623413251903000e-02
5.623413251903000e-02

880
5.623413251903000e-02
5.623413251903000e-02

881
5.623413251903000e-02
5.623413251903000e-02

882
5.623413251903000e-02
5.623413251903000e-02

883
5.623413251903000e-02
5.623413251903000e-02

884
5.623413251903000e-02
5.623413251903000e-02

885
5.623413251903000e-02
5.623413251903000e-02

886
5.623413251903000e-02
5.623413251903000e-02

887
5.623413251903000e-02
5.623413251903000e-02

888
5.623413251903000e-02
5.623413251903000e-02

889
5.623413251903000e-02
5.623413251903000e-02

890
5.623413251903000e-02
5.623413251903000e-02

891
5.623413251903000e-02
5.623413251903000e-02

892
5.623413251903000e-02
5.623413251903000e-02

893
5.623413251903000e-02
5.623413251903000e-02

894
5.623413251903000e-02
5.623413251903000e-02

895
5.623413251903000e-02
5.623413251903000e-02

896
5.623413251903000e-02
5.623413251903000e-02

897
5.623413251903000e-02
5.623413251903000e-02

898
5.623413251903000e-02
5.623413251903000e-02

899
5.623413251903000e-02
5.623413251903000e-02

900
5.623413251903000e-02
5.623413251903000e-02

901
5.623413251903000e-02
5.623413251903000e-02

902
5.623413251903000e-02
5.623413251903000e-02

903
5.623413251903000e-02
5.623413251903000e-02

904
5.623413251903000e-02
5.623413251903000e-02

905
5.623413251903000e-02
5.623413251903000e-02

906
5.623413251903000e-02
5.623413251903000e-02

907
5.623413251903000e-02
5.623413251903000e-02

908
5.623413251903000e-02
5.623413251903000e-02

909
5.623413251903000e-02
5.623413251903000e-02

910
5.623413251903000e-02
5.623413251903000e-02

911
5.623413251903000e-02
5.623413251903000e-02

912
5.623413251903000e-02
5.623413251903000e-02

913
5.623413251903000e-02
5.623413251903000e-02

914
5.623413251903000e-02
5.623413251903000e-02

915
5.623413251903000e-02
5.623413251903000e-02

916
5.623413251903000e-02
5.623413251903000e-02

917
5.623413251903000e-02
5.623413251903000e-02

918
5.623413251903000e-02
5.623413251903000e-02

919
5.623413251903000e-02
5.623413251903000e-02

920
5.623413251903000e-02
5.623413251903000e-02

921
5.623413251903000e-02
5.623413251903000e-02

922
5.623413251903000e-02
5.623413251903000e-02

923
5.623413251903000e-02
5.623413251903000e-02

924
5.623413251903000e-02
5.623413251903000e-02

925
5.623413251903000e-02
5.623413251903000e-02

926
5.623413251903000e-02
5.623413251903000e-02

927
5.623413251903000e-02
5.623413251903000e-02

928
5.623413251903000e-02
5.623413251903000e-02

929
5.623413251903000e-02
5.623413251903000e-02

930
5.623413251903000e-02
5.623413251903000e-02

931
5.623413251903000e-02
5.623413251903000e-02

932
5.623413251903000e-02
5.623413251903000e-02

933
5.623413251903000e-02
5.623413251903000e-02

934
5.623413251903000e-02
5.623413251903000e-02

935
5.623413251903000e-02
5.623413251903000e-02

936
5.623413251903000e-02
5.623413251903000e-02

937
5.623413251903000e-02
5.623413251903000e-02

938
5.623413251903000e-02
5.623413251903000e-02

939
5.623413251903000e-02
5.623413251903000e-02

940
5.623413251903000e-02
5.623413251903000e-02

941
5.623413251903000e-02
5.623413251903000e-02

942
5.623413251903000e-02
5.623413251903000e-02

943
5.623413251903000e-02
5.623413251903000e-02

944
5.623413251903000e-02
5.623413251903000e-02

945
5.623413251903000e-02
5.623413251903000e-02

946
5.623413251903000e-02
5.623413251903000e-02

947
5.623413251903000e-02
5.623413251903000e-02

948
5.623413251903000e-02
5.623413251903000e-02

949
5.623413251903000e-02
5.623413251903000e-02

950
5.623413251903000e-02
5.623413251903000e-02

951
5.623413251903000e-02
5.623413251903000e-02

952
5.623413251903000e-02
5.623413251903000e-02

953
5.623413251903000e-02
5.623413251903000e-02

954
5.623413251903000e-02
5.623413251903000e-02

955
5.623413251903000e-02
5.623413251903000e-02

956
5.623413251903000e-02
5.623413251903000e-02

957
5.623413251903000e-02
5.623413251903000e-02

958
5.623413251903000e-02
5.623413251903000e-02

959
5.623413251903000e-02
5.623413251903000e-02

960
5.623413251903000e-02
5.623413251903000e-02

961
5.623413251903000e-02
5.623413251903000e-02

962
5.623413251903000e-02
5.623413251903000e-02

963
5.623413251903000e-02
5.623413251903000e-02

964
5.623413251903000e-02
5.623413251903000e-02

965
5.623413251903000e-02
5.623413251903000e-02

966
5.623413251903000e-02
5.623413251903000e-02

967
5.623413251903000e-02
5.623413251903000e-02

968
5.623413251903000e-02
5.623413251903000e-02

969
5.623413251903000e-02
5.623413251903000e-02

970
5.623413251903000e-02
5.623413251903000e-02

971
5.623413251903000e-02
5.623413251903000e-02

972
5.623413251903000e-02
5.623413251903000e-02

973
5.623413251903000e-02
5.623413251903000e-02

974
5.623413251903000e-02
5.623413251903000e-02

975
5.623413251903000e-02
5.623413251903000e-02

976
5.623413251903000e-02
5.623413251903000e-02

977
5.623413251903000e-02
5.623413251903000e-02

978
5.623413251903000e-02
5.623413251903000e-02

979
5.623413251903000e-02
5.623413251903000e-02

980
5.623413251903000e-02
5.623413251903000e-02

981
5.623413251903000e-02
5.623413251903000e-02

982
5.623413251903000e-02
5.623413251903000e-02

983
5.623413251903000e-02
5.623413251903000e-02

984
5.623413251903000e-02
5.623413251903000e-02

985
5.623413251903000e-02
5.623413251903000e-02

986
5.623413251903000e-02
5.623413251903000e-02

987
5.623413251903000e-02
5.623413251903000e-02

988
5.623413251903000e-02
5.623413251903000e-02

989
5.623413251903000e-02
5.623413251903000e-02

990
5.623413251903000e-02
5.623413251903000e-02

991
5.623413251903000e-02
5.623413251903000e-02

992
5.623413251903000e-02
5.623413251903000e-02

993
5.623413251903000e-02
5.623413251903000e-02

994
5.623413251903000e-02
5.623413251903000e-02

995
5.623413251903000e-02
5.623413251903000e-02

996
5.623413251903000e-02
5.623413251903000e-02

997
5.623413251903000e-02
5.623413251903000e-02

998
5.623413251903000e-02
5.623413251903000e-02

999
5.623413251903000e-02
5.623413251903000e-02

1000
5.623413251903000e-02
5.623413251903000e-02

1001
5.623413251903000e-02
5.623413251903000e-02

1002
5.623413251903000e-02
5.623413251903000e-02

1003
5.623413251903000e-02
5.623413251903000e-02

1004
5.623413251903000e-02
5.623413251903000e-02

1005
5.623413251903000e-02
5.623413251903000e-02

1006
5.623413251903000e-02
5.623413251903000e-02

1007
5.623413251903000e-02
5.623413251903000e-02

1008
5.623413251903000e-02
5.623413251903000e-02

1009
5.623413251903000e-02
5.623413251903000e-02

1010
5.623413251903000e-02
5.623413251903000e-02

1011
5.623413251903000e-02
5.623413251903000e-02

1012
5.623413251903000e-02
5.623413251903000e-02

1013
5.623413251903000e-02
5.623413251903000e-02

1014
5.623413251903000e-02
5.623413251903000e-02

1015
5.623413251903000e-02
5.623413251903000e-02

1016
5.623413251903000e-02
5.623413251903000e-02

1017
5.623413251903000e-02
5.623413251903000e-02

1018
5.623413251903000e-02
5.623413251903000e-02

1019
5.623413251903000e-02
5.623413251903000e-02

1020
5.623413251903000e-02
5.623413251903000e-02

1021
5.623413251903000e-02
5.623413251903000e-02

1022
5.623413251903000e-02
5.623413251903000e-02

1023
5.623413251903000e-02
5.623413251903000e-02

1024
5.623413251903000e-02
5.623413251903000e-02

1025
5.623413251903000e-02
5.623413251903000e-02

1026
5.623413251903000e-02
5.623413251903000e-02

1027
5.623413251903000e-02
5.623413251903000e-02

1028
5.623413251903000e-02
5.623413251903000e-02

1029
5.623413251903000e-02
5.623413251903000e-02

1030
5.623413251903000e-02
5.623413251903000e-02

1031
5.623413251903000e-02
5.623413251903000e-02

1032
5.623413251903000e-02
5.623413251903000e-02

1033
5.623413251903000e-02
5.623413251903000e-02

1034
5.623413251903000e-02
5.623413251903000e-02

1035
5.623413251903000e-02
5.623413251903000e-02

1036
5.623413251903000e-02
5.623413251903000e-02

1037
5.623413251903000e-02
5.623413251903000e-02

1038
5.623413251903000e-02
5.623413251903000e-02

1039
5.623413251903000e-02
5.623413251903000e-02

1040
5.623413251903000e-02
5.623413251903000e-02

1041
5.623413251903000e-02
5.623413251903000e-02

1042
5.623413251903000e-02
5.623413251903000e-02

1043
5.623413251903000e-02
5.623413251903000e-02

1044
5.623413251903000e-02
5.623413251903000e-02

1045
5.623413251903000e-02
5.623413251903000e-02

1046
5.623413251903000e-02
5.623413251903000e-02

1047
5.623413251903000e-02
5.623413251903000e-02

1048
5.623413251903000e-02
5.623413251903000e-02

1049
5.623413251903000e-02
5.623413251903000e-02

1050
5.623413251903000e-02
5.623413251903000e-02

1051
5.623413251903000e-02
5.623413251903000e-02

1052
5.623413251903000e-02
5.623413251903000e-02

1053
5.623413251903000e-02
5.623413251903000e-02

1054
5.623413251903000e-02
5.623413251903000e-02

1055
5.623413251903000e-02
5.623413251903000e-02

1056
5.623413251903000e-02
5.623413251903000e-02

1057
5.623413251903000e-02
5.623413251903000e-02

1058
5.623413251903000e-02
5.623413251903000e-02

1059
5.623413251903000e-02
5.623413251903000e-02

1060
5.623413251903000e-02
5.623413251903000e-02

1061
5.623413251903000e-02
5.623413251903000e-02

1062
5.623413251903000e-02
5.623413251903000e-02

1063
5.623413251903000e-02
5.623413251903000e-02

1064
5.623413251903000e-02
5.623413251903000e-02

1065
5.623413251903000e-02
5.623413251903000e-02

1066
5.623413251903000e-02
5.623413251903000e-02

1067
5.623413251903000e-02
5.623413251903000e-02

1068
5.623413251903000e-02
5.623413251903000e-02

1069
5.623413251903000e-02
5.623413251903000e-02

1070
5.623413251903000e-02
5.623413251903000e-02

1071
5.623413251903000e-02
5.623413251903000e-02

1072
5.623413251903000e-02
5.623413251903000e-02

1073
5.623413251903000e-02
5.623413251903000e-02

1074
5.623413251903000e-02
5.623413251903000e-02

1075
5.623413251903000e-02
5.623413251903000e-02

1076
5.623413251903000e-02
5.623413251903000e-02

1077
5.623413251903000e-02
5.623413251903000e-02

1078
5.623413251903000e-02
5.623413251903000e-02

1079
5.623413251903000e-02
5.623413251903000e-02

1080
5.623413251903000e-02
5.623413251903000e-02

1081
5.623413251903000e-02
5.623413251903000e-02

1082
5.623413251903000e-02
5.623413251903000e-02

1083
5.623413251903000e-02
5.623413251903000e-02

1084
5.623413251903000e-02
5.623413251903000e-02

1085
5.623413251903000e-02
5.623413251903000e-02

1086
5.623413251903000e-02
5.623413251903000e-02

1087
5.623413251903000e-02
5.623413251903000e-02

1088
5.623413251903000e-02
5.623413251903000e-02

1089
5.623413251903000e-02
5.623413251903000e-02

1090
5.623413251903000e-02
5.623413251903000e-02

1091
5.623413251903000e-02
5.623413251903000e-02

1092
5.623413251903000e-02
5.623413251903000e-02

1093
5.623413251903000e-02
5.623413251903000e-02

1094
5.623413251903000e-02
5.623413251903000e-02

1095
5.623413251903000e-02
5.623413251903000e-02

1096
5.623413251903000e-02
5.623413251903000e-02

1097
5.623413251903000e-02
5.623413251903000e-02

1098
5.623413251903000e-02
5.623413251903000e-02

1099
5.623413251903000e-02
5.623413251903000e-02

1100
5.623413251903000e-02
5.623413251903000e-02

1101
5.623413251903000e-02
5.623413251903000e-02

1102
5.623413251903000e-02
5.623413251903000e-02

1103
5.623413251903000e-02
5.623413251903000e-02

1104
5.623413251903000e-02
5.623413251903000e-02

1105
5.623413251903000e-02
5.623413251903000e-02

1106
5.623413251903000e-02
5.623413251903000e-02

1107
5.623413251903000e-02
5.623413251903000e-02

1108
5.623413251903000e-02
5.623413251903000e-02

1109
5.623413251903000e-02
5.623413251903000e-02

1110
5.623413251903000e-02
5.623413251903000e-02

1111
5.623413251903000e-02
5.623413251903000e-02

1112
5.623413251903000e-02
5.623413251903000e-02

1113
5.623413251903000e-02
5.623413251903000e-02

1114
5.623413251903000e-02
5.623413251903000e-02

1115
5.623413251903000e-02
5.623413251903000e-02

1116
5.623413251903000e-02
5.623413251903000e-02

1117
5.623413251903000e-02
5.623413251903000e-02

1118
5.623413251903000e-02
5.623413251903000e-02

1119
5.623413251903000e-02
5.623413251903000e-02

1120
5.623413251903000e-02
5.623413251903000e-02

1121
5.623413251903000e-02
5.623413251903000e-02

1122
5.623413251903000e-02
5.623413251903000e-02

1123
5.623413251903000e-02
5.623413251903000e-02

1124
5.623413251903000e-02
5.623413251903000e-02

1125
5.623413251903000e-02
5.623413251903000e-02

1126
5.623413251903000e-02
5.623413251903000e-02

1127
5.623413251903000e-02
5.623413251903000e-02

1128
5.623413251903000e-02
5.623413251903000e-02

1129
5.623413251903000e-02
5.623413251903000e-02

1130
5.623413251903000e-02
5.623413251903000e-02

1131
5.623413251903000e-02
5.623413251903000e-02

1132
5.623413251903000e-02
5.623413251903000e-02

1133
5.623413251903000e-02
5.623413251903000e-02

1134
5.623413251903000e-02
5.623413251903000e-02

1135
5.623413251903000e-02
5.623413251903000e-02

1136
5.623413251903000e-02
5.623413251903000e-02

1137
5.623413251903000e-02
5.623413251903000e-02

1138
5.623413251903000e-02
5.623413251903000e-02

1139
5.623413251903000e-02
5.623413251903000e-02

1140
5.623413251903000e-02
5.623413251903000e-02

1141
5.623413251903000e-02
5.623413251903000e-02

1142
5.623413251903000e-02
5.623413251903000e-02

1143
5.623413251903000e-02
5.623413251903000e-02

1144
5.623413251903000e-02
5.623413251903000e-02

1145
5.623413251903000e-02
5.623413251903000e-02

1146
5.623413251903000e-02
5.623413251903000e-02

1147
5.623413251903000e-02
5.623413251903000e-02

1148
5.623413251903000e-02
5.623413251903000e-02

1149
5.623413251903000e-02
5.623413251903000e-02

1150
5.623413251903000e-02
5.623413251903000e-02

1151
5.623413251903000e-02
5.623413251903000e-02

1152
5.623413251903000e-02
5.623413251903000e-02

1153
5.623413251903000e-02
5.623413251903000e-02

1154
5.623413251903000e-02
5.623413251903000e-02

1155
5.623413251903000e-02
5.623413251903000e-02

1156
5.623413251903000e-02
5.623413251903000e-02

1157
5.623413251903000e-02
5.623413251903000e-02

1158
5.623413251903000e-02
5.623413251903000e-02

1159
5.623413251903000e-02
5.623413251903000e-02

1160
5.623413251903000e-02
5.623413251903000e-02

1161
5.623413251903000e-02
5.623413251903000e-02

1162
5.623413251903000e-02
5.623413251903000e-02

1163
5.623413251903000e-02
5.623413251903000e-02

1164
5.623413251903000e-02
5.623413251903000e-02

1165
5.623413251903000e-02
5.623413251903000e-02

1166
5.623413251903000e-02
5.623413251903000e-02

1167
5.623413251903000e-02
5.623413251903000e-02

1168
5.623413251903000e-02
5.623413251903000e-02

1169
5.623413251903000e-02
5.623413251903000e-02

1170
5.623413251903000e-02
5.623413251903000e-02

1171
5.623413251903000e-02
5.623413251903000e-02

1172
5.623413251903000e-02
5.623413251903000e-02

1173
5.623413251903000e-02
5.623413251903000e-02

1174
5.623413251903000e-02
5.623413251903000e-02

1175
5.623413251903000e-02
5.623413251903000e-02

1176
5.623413251903000e-02
5.623413251903000e-02

1177
5.623413251903000e-02
5.623413251903000e-02

1178
5.623413251903000e-02
5.623413251903000e-02

1179
5.623413251903000e-02
5.623413251903000e-02

1180
5.623413251903000e-02
5.623413251903000e-02

1181
5.623413251903000e-02
5.623413251903000e-02

1182
5.623413251903000e-02
5.623413251903000e-02

1183
5.623413251903000e-02
5.623413251903000e-02

1184
5.623413251903000e-02
5.623413251903000e-02

1185
5.623413251903000e-02
5.623413251903000e-02

1186
5.623413251903000e-02
5.623413251903000e-02

1187
5.623413251903000e-02
5.623413251903000e-02

1188
5.623413251903000e-02
5.623413251903000e-02

1189
5.623413251903000e-02
5.623413251903000e-02

1190
5.623413251903000e-02
5.623413251903000e-02

1191
5.623413251903000e-02
5.623413251903000e-02

1192
5.623413251903000e-02
5.623413251903000e-02

1193
5.623413251903000e-02
5.623413251903000e-02

1194
5.623413251903000e-02
5.623413251903000e-02

1195
5.623413251903000e-02
5.623413251903000e-02

1196
5.623413251903000e-02
5.623413251903000e-02

1197
5.623413251903000e-02
5.623413251903000e-02

1198
5.623413251903000e-02
5.623413251903000e-02

1199
5.623413251903000e-02
5.623413251903000e-02

1200
5.623413251903000e-02
5.623413251903000e-02

1201
5.623413251903000e-02
5.623413251903000e-02

1202
5.623413251903000e-02
5.623413251903000e-02

1203
5.623413251903000e-02
5.623413251903000e-02

1204
5.623413251903000e-02
5.623413251903000e-02

1205
5.623413251903000e-02
5.623413251903000e-02

1206
5.623413251903000e-02
5.623413251903000e-02

1207
5.623413251903000e-02
5.623413251903000e-02

1208
5.623413251903000e-02
5.623413251903000e-02

1209
5.623413251903000e-02
5.623413251903000e-02

1210
5.623413251903000e-02
5.623413251903000e-02

1211
5.623413251903000e-02
5.623413251903000e-02

1212
5.623413251903000e-02
5.623413251903000e-02

1213
5.623413251903000e-02
5.623413251903000e-02

1214
5.623413251903000e-02
5.623413251903000e-02

1215
5.623413251903000e-02
5.623413251903000e-02

1216
5.623413251903000e-02
5.623413251903000e-02

1217
5.623413251903000e-02
5.623413251903000e-02

1218
5.623413251903000e-02
5.623413251903000e-02

1219
5.623413251903000e-02
5.623413251903000e-02

1220
5.623413251903000e-02
5.623413251903000e-02

1221
5.623413251903000e-02
5.623413251903000e-02

1222
5.623413251903000e-02
5.623413251903000e-02

1223
5.623413251903000e-02
5.623413251903000e-02

1224
5.623413251903000e-02
5.623413251903000e-02

1225
5.623413251903000e-02
5.623413251903000e-02

1226
5.623413251903000e-02
5.623413251903000e-02

1227
5.623413251903000e-02
5.623413251903000e-02

1228
5.623413251903000e-02
5.623413251903000e-02

1229
5.623413251903000e-02
5.623413251903000e-02

1230
5.623413251903000e-02
5.623413251903000e-02

1231
5.623413251903000e-02
5.623413251903000e-02

1232
5.623413251903000e-02
5.623413251903000e-02

1233
5.623413251903000e-02
5.623413251903000e-02

1234
5.623413251903000e-02
5.623413251903000e-02

1235
5.623413251903000e-02
5.623413251903000e-02

1236
5.623413251903000e-02
5.623413251903000e-02

1237
5.623413251903000e-02
5.623413251903000e-02

1238
5.623413251903000e-02
5.623413251903000e-02

1239
5.623413251903000e-02
5.623413251903000e-02

1240
5.623413251903000e-02
5.623413251903000e-02

1241
5.623413251903000e-02
5.623413251903000e-02

1242
5.623413251903000e-02
5.623413251903000e-02

1243
5.623413251903000e-02
5.623413251903000e-02

1244
5.623413251903000e-02
5.623413251903000e-02

1245
5.623413251903000e-02
5.623413251903000e-02

1246
5.623413251903000e-02
5.623413251903000e-02

1247
5.623413251903000e-02
5.623413251903000e-02

1248
5.623413251903000e-02
5.623413251903000e-02

1249
5.623413251903000e-02
5.623413251903000e-02

1250
5.623413251903000e-02
5.623413251903000e-02

1251
5.623413251903000e-02
5.623413251903000e-02

1252
5.623413251903000e-02
5.623413251903000e-02

1253
5.623413251903000e-02
5.623413251903000e-02

1254
5.623413251903000e-02
5.623413251903000e-02

1255
5.623413251903000e-02
5.623413251903000e-02

1256
5.623413251903000e-02
5.623413251903000e-02

1257
5.623413251903000e-02
5.623413251903000e-02

1258
5.623413251903000e-02
5.623413251903000e-02

1259
5.623413251903000e-02
5.623413251903000e-02

1260
5.623413251903000e-02
5.623413251903000e-02

1261
5.623413251903000e-02
5.623413251903000e-02

1262
5.623413251903000e-02
5.623413251903000e-02

1263
5.623413251903000e-02
5.623413251903000e-02

1264
5.623413251903000e-02
5.623413251903000e-02

1265
5.623413251903000e-02
5.623413251903000e-02

1266
5.623413251903000e-02
5.623413251903000e-02

1267
5.623413251903000e-02
5.623413251903000e-02

1268
5.623413251903000e-02
5.623413251900979e-02

1269
5.623413251903960e-02
5.623413251924898e-02

1270
5.623413251897519e-02
5.623413251697606e-02

1271
5.623413251919567e-02
5.623413253730893e-02

1272
5.623413252215746e-02
5.623413236998424e-02

1273
5.623413242953486e-02
5.623413354169383e-02

1274
5.623413411406950e-02
5.623412848700285e-02

1275
5.623410823773553e-02
5.623409335004883e-02

1276
5.623447365717558e-02
5.623552115939666e-02

1277
5.622957949002970e-02
5.620798187927771e-02

1278
5.629492061797742e-02
5.664734214017757e-02

1279
5.576951183103860e-02
5.056549318402420e-02

