#Cell 
# Element_0
# Element_1
# Element_2
0
1.164002214711225e+00
1.162565113474795e+00
1.161099822338524e+00

1
1.160227582056922e+00
1.158724517343912e+00
1.157173328879280e+00

2
1.156261705515837e+00
1.154669734873433e+00
1.153047590038849e+00

3
1.152082050164084e+00
1.150406100102592e+00
1.148698877710318e+00

4
1.147673320316931e+00
1.145899040074864e+00
1.144084537395806e+00

5
1.143008823599814e+00
1.141122770064887e+00
1.139204262414759e+00

6
1.138060798197977e+00
1.136058033605217e+00
1.133993395786617e+00

7
1.132761936089590e+00
1.130615216093334e+00
1.128413577187232e+00

8
1.127098177710761e+00
1.124797578630653e+00
1.122435546358963e+00

9
1.121019017551519e+00
1.118550766262369e+00
1.115952825726630e+00

10
1.114385769251619e+00
1.111711808184560e+00
1.108915405946752e+00

11
1.107249442064909e+00
1.104337912408432e+00
1.101332335501279e+00

12
1.099529579148437e+00
1.096374307846519e+00
1.093106150690359e+00

13
1.091187307670894e+00
1.087642301870482e+00
1.084772251920767e+00

14
1.081983898513513e+00
1.078191547160727e+00
1.074256818124292e+00

15
1.071885754816073e+00
1.067691742591584e+00
1.063351930921998e+00

16
1.060736817771808e+00
1.056066555999409e+00
1.051246342001729e+00

17
1.048339333382620e+00
1.043200642141352e+00
1.037875083089839e+00

18
1.034636099175495e+00
1.028886580547118e+00
1.022771203457475e+00

19
1.019130494658740e+00
1.012636816725987e+00
1.005905040742687e+00

20
1.001714403800420e+00
9.943694894192774e-01
9.868754776532214e-01

21
9.823383635636626e-01
9.740004034567159e-01
9.654631942120958e-01

22
9.602537188361018e-01
9.506549554908851e-01
9.406583052961645e-01

23
9.345500584926052e-01
9.236214305199590e-01
9.118664133917186e-01

24
9.046858537939748e-01
8.918090192088663e-01
8.781072907389705e-01

25
8.696473414873346e-01
8.544353211025524e-01
8.377459746835441e-01

26
8.274877060826891e-01
8.088192704285659e-01
7.885523210424934e-01

27
7.760140587807222e-01
7.527126583680621e-01
7.266916915546214e-01

28
7.099370757341140e-01
6.787822249754399e-01
6.435121459291130e-01

29
6.204476979604672e-01
5.746159065580315e-01
5.194374106453314e-01

30
4.822585679537111e-01
3.858107911444809e-01
2.549624228280958e-01

31
1.189355222715688e-01
6.972059125597903e-02
5.428836787126965e-02

32
5.363697639158850e-02
5.694237525297134e-02
5.596008742470693e-02

33
5.618821034767234e-02
5.624635317155865e-02
5.622927332208354e-02

34
5.623344605567474e-02
5.623431583236492e-02
5.623405842293719e-02

35
5.623412347748736e-02
5.623413495468556e-02
5.623413150447756e-02

36
5.623413243073151e-02
5.623413254345400e-02
5.623413250796224e-02

37
5.623413251909186e-02
5.623413251903909e-02
5.623413251899026e-02

38
5.623413251906775e-02
5.623413251902062e-02
5.623413251903280e-02

39
5.623413251903149e-02
5.623413251902962e-02
5.623413251903012e-02

40
5.623413251903004e-02
5.623413251902998e-02
5.623413251903001e-02

41
5.623413251902999e-02
5.623413251903000e-02
5.623413251903000e-02

42
5.623413251903000e-02
5.623413251903000e-02
5.623413251903000e-02

43
5.623413251903000e-02
5.623413251903000e-02
5.623413251903000e-02

44
5.623413251903000e-02
5.623413251903000e-02
5.623413251903000e-02

45
5.623413251903000e-02
5.623413251903000e-02
5.623413251903000e-02

46
5.623413251903000e-02
5.623413251903000e-02
5.623413251903000e-02

47
5.623413251903000e-02
5.623413251903000e-02
5.623413251903000e-02

48
5.623413251903000e-02
5.623413251903000e-02
5.623413251903000e-02

49
5.623413251903000e-02
5.623413251903000e-02
5.623413251903000e-02

50
5.623413251903000e-02
5.623413251903000e-02
5.623413251903000e-02

51
5.623413251903000e-02
5.623413251903000e-02
5.623413251903000e-02

52
5.623413251903000e-02
5.623413251903000e-02
5.623413251903000e-02

53
5.623413251903000e-02
5.623413251903000e-02
5.623413251903000e-02

54
5.623413251903000e-02
5.623413251903000e-02
5.623413251903000e-02

55
5.623413251903000e-02
5.623413251903000e-02
5.623413251903000e-02

56
5.623413251903000e-02
5.623413251903000e-02
5.623413251903000e-02

57
5.623413251903000e-02
5.623413251903000e-02
5.623413251903000e-02

58
5.623413251903000e-02
5.623413251903000e-02
5.623413251903000e-02

59
5.623413251903000e-02
5.623413251903000e-02
5.623413251903000e-02

60
5.623413251903000e-02
5.623413251903000e-02
5.623413251903000e-02

61
5.623413251903000e-02
5.623413251903000e-02
5.623413251903000e-02

62
5.623413251903000e-02
5.623413251903000e-02
5.623413251903000e-02

63
5.623413251903000e-02
5.623413251903000e-02
5.623413251903000e-02

64
5.623413251903000e-02
5.623413251903000e-02
5.623413251903000e-02

65
5.623413251903000e-02
5.623413251903000e-02
5.623413251903000e-02

66
5.623413251903000e-02
5.623413251903000e-02
5.623413251903000e-02

67
5.623413251903000e-02
5.623413251903000e-02
5.623413251903000e-02

68
5.623413251903000e-02
5.623413251903000e-02
5.623413251903000e-02

69
5.623413251903000e-02
5.623413251903000e-02
5.623413251903000e-02

70
5.623413251903000e-02
5.623413251903000e-02
5.623413251903000e-02

71
5.623413251903000e-02
5.623413251903017e-02
5.623413251902847e-02

72
5.623413251902524e-02
5.623413251904436e-02
5.623413251897356e-02

73
5.623413251887316e-02
5.623413251949609e-02
5.623413251721043e-02

74
5.623413251411902e-02
5.623413253372206e-02
5.623413246161709e-02

75
5.623413236904899e-02
5.623413297151382e-02
5.623413074883001e-02

76
5.623412807605500e-02
5.623414606605633e-02
5.623407944577297e-02

77
5.623400589615300e-02
5.623452400267955e-02
5.623259600444146e-02

78
5.623070357985470e-02
5.624493857556766e-02
5.619161879839397e-02

79
5.614677456737629e-02
5.651658106374458e-02
5.512163102256525e-02

