#Cell    Group    L_mom 
# Element_0
# Element_1
# Element_2
# Element_3
    0  0  0
1.914432709470812e+00
1.909575315386108e+00
1.901690270467223e+00
1.896796713031303e+00

    1  0  0
1.896796136205429e+00
1.891880891229263e+00
1.883883897812970e+00
1.878914849827159e+00

    2  0  0
1.878916007173707e+00
1.873932864746897e+00
1.865839348126942e+00
1.860818288343435e+00

    3  0  0
1.860817179437284e+00
1.855774937618777e+00
1.847565663855679e+00
1.842456697132971e+00

    4  0  0
1.842456944274029e+00
1.837324013882188e+00
1.828968600583020e+00
1.823777999223096e+00

    5  0  0
1.823778521348299e+00
1.818568158782452e+00
1.810096013530527e+00
1.804830730271789e+00

    6  0  0
1.804829826806173e+00
1.799533217279146e+00
1.790888951339568e+00
1.785495228290497e+00

    7  0  0
1.785496438750471e+00
1.780069470306912e+00
1.771224384631565e+00
1.765724013081623e+00

    8  0  0
1.765723185967447e+00
1.760193068444208e+00
1.751167408036037e+00
1.745532575150368e+00

    9  0  0
1.745532861618276e+00
1.739852981134170e+00
1.730570158171631e+00
1.724777868055265e+00

   10  0  0
1.724778287582738e+00
1.718945875683469e+00
1.709419406193386e+00
1.703472180865135e+00

   11  0  0
1.703470945246033e+00
1.697465791855360e+00
1.687621963111061e+00
1.681456063385784e+00

   12  0  0
1.681458169538602e+00
1.675237353625673e+00
1.665052590033892e+00
1.658682382477922e+00

   13  0  0
1.658681160138679e+00
1.652243483224085e+00
1.641670776073761e+00
1.635032020507863e+00

   14  0  0
1.635032393009500e+00
1.628311193663684e+00
1.617256572580880e+00
1.610311017927868e+00

   15  0  0
1.610311452926752e+00
1.603276781542673e+00
1.591703048202538e+00
1.584426336940775e+00

   16  0  0
1.584425531758605e+00
1.577039756558126e+00
1.564840915634171e+00
1.557136219318685e+00

   17  0  0
1.557137127145676e+00
1.549309399115590e+00
1.536360517561569e+00
1.528180277305283e+00

   18  0  0
1.528181166255537e+00
1.519860812432523e+00
1.506074904407715e+00
1.497333079328685e+00

   19  0  0
1.497332297875707e+00
1.488405247235620e+00
1.473557917945686e+00
1.464119537750400e+00

   20  0  0
1.464119568926456e+00
1.454463526924611e+00
1.438371438124275e+00
1.428127637080353e+00

   21  0  0
1.428128975043137e+00
1.417631088023209e+00
1.400043503657479e+00
1.388765627220793e+00

   22  0  0
1.388770272950856e+00
1.377179122976700e+00
1.357692500944764e+00
1.345158652325371e+00

   23  0  0
1.345157399418590e+00
1.332230499344370e+00
1.310401273221498e+00
1.296294805409971e+00

   24  0  0
1.296287995426032e+00
1.281645588039109e+00
1.256742137770229e+00
1.240551059969132e+00

   25  0  0
1.240547188585437e+00
1.223660623766488e+00
1.194733469774141e+00
1.175784062193727e+00

   26  0  0
1.175791693889892e+00
1.155875061209495e+00
1.121345222715566e+00
1.098368619935983e+00

   27  0  0
1.098397498392087e+00
1.074087523432319e+00
1.031379774811361e+00
1.002503023837587e+00

   28  0  0
1.002610388550674e+00
9.713396566119917e-01
9.156111254699882e-01
8.770927660594232e-01

   29  0  0
8.771687854074094e-01
8.346865905788322e-01
7.525640106993449e-01
6.884867560141574e-01

   30  0  0
6.481484564868687e-01
6.234448909650129e-01
4.485440560683443e-01
1.404774232905595e-01

   31  0  0
5.466267660673504e-02
7.933494470521808e-04
-2.120712000063540e-04
4.009616617075122e-04

   32  0  0
4.283449787022811e-05
1.038613620186673e-05
9.857547674801690e-06
1.021053906965480e-05

   33  0  0
1.001749842752875e-05
1.000020532633815e-05
9.999924232835103e-06
1.000011199319013e-05

   34  0  0
1.000000928728535e-05
1.000000010865181e-05
9.999999959897395e-06
1.000000005928351e-05

   35  0  0
1.000000000489925e-05
1.000000000005368e-05
9.999999999975408e-06
1.000000000002771e-05

   36  0  0
9.999999999999084e-06
9.999999999996540e-06
9.999999999996496e-06
9.999999999996523e-06

   37  0  0
9.999999999996509e-06
9.999999999996508e-06
9.999999999996508e-06
9.999999999996506e-06

   38  0  0
9.999999999996506e-06
9.999999999996508e-06
9.999999999996508e-06
9.999999999996506e-06

   39  0  0
9.999999999996508e-06
9.999999999996508e-06
9.999999999996508e-06
9.999999999996506e-06

   40  0  0
9.999999999996508e-06
9.999999999996508e-06
9.999999999996508e-06
9.999999999996506e-06

   41  0  0
9.999999999996508e-06
9.999999999996508e-06
9.999999999996508e-06
9.999999999996506e-06

   42  0  0
9.999999999996508e-06
9.999999999996508e-06
9.999999999996508e-06
9.999999999996506e-06

   43  0  0
9.999999999996508e-06
9.999999999996508e-06
9.999999999996508e-06
9.999999999996506e-06

   44  0  0
9.999999999996508e-06
9.999999999996508e-06
9.999999999996508e-06
9.999999999996506e-06

   45  0  0
9.999999999996508e-06
9.999999999996508e-06
9.999999999996508e-06
9.999999999996506e-06

   46  0  0
9.999999999996508e-06
9.999999999996508e-06
9.999999999996508e-06
9.999999999996506e-06

   47  0  0
9.999999999996508e-06
9.999999999996508e-06
9.999999999996508e-06
9.999999999996506e-06

   48  0  0
9.999999999996508e-06
9.999999999996508e-06
9.999999999996508e-06
9.999999999996506e-06

   49  0  0
9.999999999996508e-06
9.999999999996508e-06
9.999999999996508e-06
9.999999999996506e-06

   50  0  0
9.999999999996508e-06
9.999999999996508e-06
9.999999999996508e-06
9.999999999996506e-06

   51  0  0
9.999999999996508e-06
9.999999999996508e-06
9.999999999996508e-06
9.999999999996506e-06

   52  0  0
9.999999999996508e-06
9.999999999996508e-06
9.999999999996508e-06
9.999999999996506e-06

   53  0  0
9.999999999996508e-06
9.999999999996508e-06
9.999999999996508e-06
9.999999999996506e-06

   54  0  0
9.999999999996508e-06
9.999999999996508e-06
9.999999999996508e-06
9.999999999996506e-06

   55  0  0
9.999999999996508e-06
9.999999999996508e-06
9.999999999996508e-06
9.999999999996506e-06

   56  0  0
9.999999999996508e-06
9.999999999996508e-06
9.999999999996508e-06
9.999999999996506e-06

   57  0  0
9.999999999996508e-06
9.999999999996508e-06
9.999999999996508e-06
9.999999999996506e-06

   58  0  0
9.999999999996508e-06
9.999999999996508e-06
9.999999999996508e-06
9.999999999996506e-06

   59  0  0
9.999999999996508e-06
9.999999999996508e-06
9.999999999996508e-06
9.999999999996506e-06

   60  0  0
9.999999999996508e-06
9.999999999996508e-06
9.999999999996508e-06
9.999999999996506e-06

   61  0  0
9.999999999996508e-06
9.999999999996508e-06
9.999999999996508e-06
9.999999999996506e-06

   62  0  0
9.999999999996508e-06
9.999999999996508e-06
9.999999999996508e-06
9.999999999996506e-06

   63  0  0
9.999999999996508e-06
9.999999999996508e-06
9.999999999996508e-06
9.999999999996506e-06

   64  0  0
9.999999999996508e-06
9.999999999996508e-06
9.999999999996508e-06
9.999999999996506e-06

   65  0  0
9.999999999996508e-06
9.999999999996508e-06
9.999999999996508e-06
9.999999999996506e-06

   66  0  0
9.999999999996508e-06
9.999999999996508e-06
9.999999999996508e-06
9.999999999996506e-06

   67  0  0
9.999999999996508e-06
9.999999999996508e-06
9.999999999996508e-06
9.999999999996506e-06

   68  0  0
9.999999999996508e-06
9.999999999996508e-06
9.999999999996508e-06
9.999999999996506e-06

   69  0  0
9.999999999996508e-06
9.999999999996508e-06
9.999999999996508e-06
9.999999999996506e-06

   70  0  0
9.999999999996508e-06
9.999999999996508e-06
9.999999999996508e-06
9.999999999996506e-06

   71  0  0
9.999999999996508e-06
9.999999999996508e-06
9.999999999996508e-06
9.999999999996506e-06

   72  0  0
9.999999999996508e-06
9.999999999996508e-06
9.999999999996508e-06
9.999999999996508e-06

   73  0  0
9.999999999996509e-06
9.999999999996508e-06
9.999999999996508e-06
9.999999999996506e-06

   74  0  0
9.999999999996506e-06
9.999999999996508e-06
9.999999999996508e-06
9.999999999996501e-06

   75  0  0
9.999999999996465e-06
9.999999999996540e-06
9.999999999996414e-06
9.999999999980951e-06

   76  0  0
9.999999999926876e-06
1.000000000005078e-05
9.999999999840642e-06
9.999999989217365e-06

   77  0  0
9.999999956261605e-06
1.000000003482783e-05
9.999999899377005e-06
9.999993119938422e-06

   78  0  0
9.999975482274096e-06
1.000002014465802e-05
9.999941130648433e-06
9.996043763850915e-06

   79  0  0
9.988568528493936e-06
1.000995542719493e-05
9.970346343429438e-06
8.043789880368312e-06

