#Cell  Group   Direction 
# Element_0
# Element_1
    0  0  0
1.821980919175153e-01
1.805955365925094e-01

    0  0  1
1.732056748275245e+00
1.729258496420414e+00

    1  0  0
1.805951608644025e-01
1.789918298749013e-01

    1  0  1
1.729264586528427e+00
1.726454288909473e+00

    2  0  0
1.789914617143389e-01
1.773873693421462e-01

    2  0  1
1.726460534659541e+00
1.723637885778010e+00

    3  0  0
1.773870092148746e-01
1.757821708914196e-01

    3  0  1
1.723644292764842e+00
1.720808975106899e+00

    4  0  0
1.757818190605310e-01
1.741762508006420e-01

    4  0  1
1.720815548574874e+00
1.717967233998557e+00

    5  0  0
1.741759074094265e-01
1.725696253492434e-01

    5  0  1
1.717973979815320e+00
1.715112329270732e+00

    6  0  0
1.725692906552746e-01
1.709623114173776e-01

    6  0  1
1.715119254050297e+00
1.712243915516077e+00

    7  0  0
1.709619858093289e-01
1.693543267970860e-01

    7  0  1
1.712251025879103e+00
1.709361634196862e+00

    8  0  0
1.693540106147750e-01
1.677456898903216e-01

    8  0  1
1.709368936985279e+00
1.706465113524426e+00

    9  0  0
1.677453834744170e-01
1.661364197594028e-01

    9  0  1
1.706472615831869e+00
1.703553967997532e+00

   10  0  0
1.661361234575589e-01
1.645265361472437e-01

   10  0  1
1.703561677184832e+00
1.700627797895512e+00

   11  0  0
1.645262503173160e-01
1.629160595015756e-01

   11  0  1
1.700635721602668e+00
1.697686188742401e+00

   12  0  0
1.629157845132904e-01
1.613050110002991e-01

   12  0  1
1.697694334900781e+00
1.694728710745206e+00

   13  0  0
1.613047472353621e-01
1.596934125741825e-01

   13  0  1
1.694737087591076e+00
1.691754918206551e+00

   14  0  0
1.596931604254030e-01
1.580812869261415e-01

   14  0  1
1.691763534295432e+00
1.688764348910808e+00

   15  0  0
1.580810467967308e-01
1.564686575498916e-01

   15  0  1
1.688773213132057e+00
1.685756523482621e+00

   16  0  0
1.564684298539384e-01
1.548555487520493e-01

   16  0  1
1.685765645074199e+00
1.682730944716745e+00

   17  0  0
1.548553339161946e-01
1.532419856795721e-01

   17  0  1
1.682740333280490e+00
1.679687096878086e+00

   18  0  0
1.532417841448554e-01
1.516279943506096e-01

   18  0  1
1.679696762395795e+00
1.676624444970571e+00

   19  0  0
1.516278065732833e-01
1.500136016846806e-01

   19  0  1
1.676634397821048e+00
1.673542433973308e+00

   20  0  0
1.500134281357053e-01
1.483988355296023e-01

   20  0  1
1.673552684950409e+00
1.670440488042316e+00

   21  0  0
1.483986766937353e-01
1.467837246864465e-01

   21  0  1
1.670451048373974e+00
1.667318009675991e+00

   22  0  0
1.467835810621999e-01
1.451682989364398e-01

   22  0  1
1.667328891044249e+00
1.664174378842372e+00

   23  0  0
1.451681710374025e-01
1.435525890728097e-01

   23  0  1
1.664185593404466e+00
1.661008952066154e+00

   24  0  0
1.435524774295583e-01
1.419366269368526e-01

   24  0  1
1.661020512476734e+00
1.657821061473264e+00

   25  0  0
1.419365320981619e-01
1.403204454545715e-01

   25  0  1
1.657832980907833e+00
1.654610013790651e+00

   26  0  0
1.403203679873255e-01
1.387040786708172e-01

   26  0  1
1.654622305970334e+00
1.651375089298803e+00

   27  0  0
1.387040191592966e-01
1.370875617814493e-01

   27  0  1
1.651387768516526e+00
1.648115540734298e+00

   28  0  0
1.370875208272928e-01
1.354709311671507e-01

   28  0  1
1.648128621882484e+00
1.644830592139524e+00

   29  0  0
1.354709093906195e-01
1.338542244320443e-01

   29  0  1
1.644844090739423e+00
1.641519437656491e+00

   30  0  0
1.338542224739580e-01
1.322374804467328e-01

   30  0  1
1.641533369889249e+00
1.638181240261430e+00

   31  0  0
1.322374989697890e-01
1.306207393922707e-01

   31  0  1
1.638195623001041e+00
1.634815130436656e+00

   32  0  0
1.306207790811403e-01
1.290040428021340e-01

   32  0  1
1.634829981284930e+00
1.631420204775883e+00

   33  0  0
1.290041043630186e-01
1.273874336028934e-01

   33  0  1
1.631435542099588e+00
1.627995524518899e+00

   34  0  0
1.273875177638242e-01
1.257709561572762e-01

   34  0  1
1.628011367489263e+00
1.624540114011249e+00

   35  0  0
1.257710636696996e-01
1.241546563124918e-01

   35  0  1
1.624556482645983e+00
1.621052959084164e+00

   36  0  0
1.241547879533521e-01
1.225385814528655e-01

   36  0  1
1.621069874292202e+00
1.617533005349692e+00

   37  0  0
1.225387380259235e-01
1.209227805531698e-01

   37  0  1
1.617550488978819e+00
1.613979156405519e+00

   38  0  0
1.209229628891661e-01
1.193073042303618e-01

   38  0  1
1.613997231293061e+00
1.610390271943540e+00

   39  0  0
1.193075131869640e-01
1.176922047954833e-01

   39  0  1
1.610408961970384e+00
1.606765165755764e+00

   40  0  0
1.176924412582378e-01
1.160775363096654e-01

   40  0  1
1.606784495903983e+00
1.603102603630592e+00

   41  0  0
1.160778011941340e-01
1.144633546461218e-01

   41  0  1
1.603122600045155e+00
1.599401301132109e+00

   42  0  0
1.144636489001021e-01
1.128497175558759e-01

   42  0  1
1.599421991187098e+00
1.595659921254484e+00

   43  0  0
1.128500421606052e-01
1.112366847335324e-01

   43  0  1
1.595681333624117e+00
1.591877071942988e+00

   44  0  0
1.112370407040477e-01
1.096243178824632e-01

   44  0  1
1.591899236677524e+00
1.588051303472217e+00

   45  0  0
1.096247062683484e-01
1.080126807827908e-01

   45  0  1
1.588074252078809e+00
1.584181105671039e+00

   46  0  0
1.080131026701740e-01
1.064018393658661e-01

   46  0  1
1.584204871200084e+00
1.580264904982792e+00

   47  0  0
1.064022958801192e-01
1.047918617949295e-01

   47  0  1
1.580289522120974e+00
1.576301061348877e+00

   48  0  0
1.047923541027901e-01
1.031828185481062e-01

   48  0  1
1.576326566520046e+00
1.572287864903484e+00

   49  0  0
1.031833478587841e-01
1.015747825012798e-01

   49  0  1
1.572314296377501e+00
1.568223532465948e+00

   50  0  0
1.015753500674771e-01
9.996782901320334e-02

   50  0  1
1.568250930474814e+00
1.564106203814633e+00

   51  0  0
9.996843613317832e-02
9.836203601745838e-02

   51  0  1
1.564134610676397e+00
1.559933937724073e+00

   52  0  0
9.836268403812475e-02
9.675748412250819e-02

   52  0  1
1.559963397977169e+00
1.555704707747082e+00

   53  0  0
9.675817444248648e-02
9.515425671636910e-02

   53  0  1
1.555735268297421e+00
1.551416397724099e+00

   54  0  0
9.515499078815021e-02
9.355244007263495e-02

   54  0  1
1.551448108003942e+00
1.547066796998604e+00

   55  0  0
9.355321940415329e-02
9.195212345941915e-02

   55  0  1
1.547099709135783e+00
1.542653595311593e+00

   56  0  0
9.195294961625332e-02
9.035339925573008e-02

   56  0  1
1.542687764312457e+00
1.538174377346834e+00

   57  0  0
9.035427386485738e-02
8.875636307741323e-02

   57  0  1
1.538209861298135e+00
1.533626616901810e+00

   58  0  0
8.875728783180124e-02
8.716111391074438e-02

   58  0  1
1.533663477190466e+00
1.529007670655062e+00

   59  0  0
8.716209057274397e-02
8.556775425039363e-02

   59  0  1
1.529045972202736e+00
1.524314771489206e+00

   60  0  0
8.556878465352148e-02
8.397639024083547e-02

   60  0  1
1.524354583007870e+00
1.519545021328193e+00

   61  0  0
8.397747629273461e-02
8.238713182554232e-02

   61  0  1
1.519586415604087e+00
1.514695383453888e+00

   62  0  0
8.238827551391908e-02
8.080009291045290e-02

   62  0  1
1.514738437655347e+00
1.509762674254953e+00

   63  0  0
8.080129630913678e-02
7.921539154008785e-02

   63  0  1
1.509807470263448e+00
1.504743554344858e+00

   64  0  0
7.921665681263036e-02
7.763315007735225e-02

   64  0  1
1.504790179122906e+00
1.499634518995504e+00

   65  0  0
7.763447948058470e-02
7.605349538811512e-02

   65  0  1
1.499683064993125e+00
1.494431887831577e+00

   66  0  0
7.605489127789278e-02
7.447655904214340e-02

   66  0  1
1.494482453423987e+00
1.489131793699908e+00

   67  0  0
7.447802388027522e-02
7.290247753205578e-02

   67  0  1
1.489184483671968e+00
1.483730170630681e+00

   68  0  0
7.290401389404182e-02
7.133139250419661e-02

   68  0  1
1.483785096717944e+00
1.478222740818203e+00

   69  0  0
7.133300308625190e-02
6.976345100080553e-02

   69  0  1
1.478280022293646e+00
1.472605000505863e+00

   70  0  0
6.976513862458222e-02
6.819880571272334e-02

   70  0  1
1.472664764830254e+00
1.466872204653614e+00

   71  0  0
6.820057333294732e-02
6.663761524987269e-02

   71  0  1
1.466934588205612e+00
1.461019350285207e+00

   72  0  0
6.663946596684976e-02
6.508004444262720e-02

   72  0  1
1.461084499158418e+00
1.455041158351677e+00

   73  0  0
6.508198151252162e-02
6.352626466146095e-02

   73  0  1
1.455109229245174e+00
1.448932053941290e+00

   74  0  0
6.352829150449976e-02
6.197645414464951e-02

   74  0  1
1.449003215160835e+00
1.442686144682233e+00

   75  0  0
6.197857435508630e-02
6.043079835190567e-02

   75  0  1
1.442760577241280e+00
1.436297197095455e+00

   76  0  0
6.043301571030694e-02
5.888949034999597e-02

   76  0  1
1.436375095959771e+00
1.429758610668441e+00

   77  0  0
5.889180884124921e-02
5.735273123530157e-02

   77  0  1
1.429840186152547e+00
1.423063389401972e+00

   78  0  0
5.735515506510244e-02
5.582073058783347e-02

   78  0  1
1.423148868724259e+00
1.416204110471398e+00

   79  0  0
5.582326419355715e-02
5.429370693702950e-02

   79  0  1
1.416293739528529e+00
1.409172889688689e+00

   80  0  0
5.429635500448458e-02
5.277188827100269e-02

   80  0  1
1.409266935043006e+00
1.401961343337519e+00

   81  0  0
5.277465575716372e-02
5.125551260631845e-02

   81  0  1
1.402060094473877e+00
1.394560545883059e+00

   82  0  0
5.125840476674241e-02
4.974482860834140e-02

   82  0  1
1.394664317784659e+00
1.386960983062613e+00

   83  0  0
4.974785102193958e-02
4.824009625701067e-02

   83  0  1
1.387070119123067e+00
1.379152499647181e+00

   84  0  0
4.824325484427708e-02
4.674158753986726e-02

   84  0  1
1.379267375029469e+00
1.371124241187571e+00

   85  0  0
4.674488859293605e-02
4.524958722649666e-02

   85  0  1
1.371245266652005e+00
1.362864588843648e+00

   86  0  0
4.525303744913785e-02
4.376439374157375e-02

   86  0  1
1.362992215169503e+00
1.354361086256101e+00

   87  0  0
4.376800029427060e-02
4.228632012040105e-02

   87  0  1
1.354495809351206e+00
1.345600357306838e+00

   88  0  0
4.229009065900877e-02
4.081569503528588e-02

   88  0  1
1.345742724118363e+00
1.336568013242549e+00

   89  0  0
4.081963774803033e-02
3.935286389258330e-02

   89  0  1
1.336718628671156e+00
1.327248547561896e+00

   90  0  0
3.935698755731715e-02
3.789819008557274e-02

   90  0  1
1.327408082510481e+00
1.317625216512104e+00

   91  0  0
3.790250413958242e-02
3.645205639780515e-02

   91  0  1
1.317794417387818e+00
1.307679902835413e+00

   92  0  0
3.645657101501313e-02
3.501486656341588e-02

   92  0  1
1.307859602726100e+00
1.297392959723732e+00

   93  0  0
3.501959272424689e-02
3.358704695867579e-02

   93  0  1
1.297584091703499e+00
1.286743031410999e+00

   94  0  0
3.359199653788714e-02
3.216904850103704e-02

   94  0  1
1.286946644385981e+00
1.275706845986620e+00

   95  0  0
3.217423437810561e-02
3.076134880868837e-02

   95  0  1
1.275924123741771e+00
1.264258974962394e+00

   96  0  0
3.076678499755807e-02
2.936445463510059e-02

   96  0  1
1.264491259152052e+00
1.252371552932594e+00

   97  0  0
2.937015642185680e-02
2.797890460108303e-02

   97  0  1
1.252620371045067e+00
1.240013948820616e+00

   98  0  0
2.798488870830398e-02
2.660527230128552e-02

   98  0  1
1.240281048428777e+00
1.227152378277226e+00

   99  0  0
2.661155709647101e-02
2.524416990612963e-02

   99  0  1
1.227439769303901e+00
1.213749443660913e+00

  100  0  0
2.525077563924026e-02
2.389625226408293e-02

  100  0  1
1.214059450992377e+00
1.199763584626696e+00

  101  0  0
2.390320132603361e-02
2.256222157475193e-02

  101  0  1
1.200098914162211e+00
1.185148416941638e+00

  102  0  0
2.256953881213824e-02
2.124283281162165e-02

  102  0  1
1.185512239368330e+00
1.169851930808048e+00

  103  0  0
2.125054595622945e-02
1.993890022778841e-02

  103  0  1
1.170247988967520e+00
1.153815510206104e+00

  104  0  0
1.994704042611684e-02
1.865130505216962e-02

  104  0  1
1.154248258327840e+00
1.136972722309920e+00

  105  0  0
1.865990743756828e-02
1.738100444649550e-02

  105  0  1
1.137447508753353e+00
1.119247807451685e+00

  106  0  0
1.739010884093460e-02
1.612904216164679e-02

  106  0  1
1.119771118279884e+00
1.100553774907248e+00

  107  0  0
1.613869397861466e-02
1.489656147038599e-02

  107  0  1
1.101133564082236e+00
1.080789969908347e+00

  108  0  0
1.490681302046650e-02
1.368482161606592e-02

  108  0  1
1.081436111086526e+00
1.059838920678885e+00

  109  0  0
1.369573366891085e-02
1.249521745426574e-02

  109  0  1
1.060563839505408e+00
1.037562202396027e+00

  110  0  0
1.250686085199955e-02
1.132930418790130e-02

  110  0  1
1.038381813260058e+00
1.013794905968196e+00

  111  0  0
1.134176348324300e-02
1.018883067369794e-02

  111  0  1
1.014729965821564e+00
9.883379706771490e-01

  112  0  0
1.020220504338677e-02
9.075774953617647e-03

  112  0  1
9.894158782811980e-01
9.609476049319247e-01

  113  0  0
9.090188569762158e-03
7.992416131744678e-03

  113  0  1
9.622058820287474e-01
9.313210656300798e-01

  114  0  0
8.008017148893083e-03
6.941374629788649e-03

  114  0  1
9.328145561569053e-01
8.990727329065328e-01

  115  0  0
6.958347789324783e-03
5.925770184907699e-03

  115  0  1
9.008763114738685e-01
8.636922421737718e-01

  116  0  0
5.944380416422872e-03
4.949344413671177e-03

  116  0  1
8.659056722708359e-01
8.245174640082664e-01

  117  0  0
4.969831952443281e-03
4.016550432204063e-03

  117  0  1
8.273831648677262e-01
7.806768777957621e-01

  118  0  0
4.039532161084210e-03
3.133708563311534e-03

  118  0  1
7.846323781760741e-01
7.305481601465181e-01

  119  0  0
3.159431866791986e-03
2.307390247487221e-03

  119  0  1
7.354064802006461e-01
6.716347206298907e-01

  120  0  0
2.337144231441951e-03
1.550530183437150e-03

  120  0  1
6.788140909333492e-01
6.040034099342512e-01

  121  0  0
1.586183938688339e-03
8.796831724463510e-04

  121  0  1
6.281908317316635e-01
5.194032498022445e-01

  122  0  0
9.198628471264360e-04
3.396339972500561e-04

  122  0  1
5.607716666587111e-01
3.511902260659112e-01

  123  0  0
3.887832950519820e-04
4.784554028418390e-05

  123  0  1
3.099799022944789e-01
8.638851440506587e-02

  124  0  0
4.235559399973397e-05
5.615535282711826e-06

  124  0  1
2.156658250996294e-02
7.971704882958964e-04

  125  0  0
5.122513737826568e-06
5.000024848561540e-06

  125  0  1
5.115740964297339e-05
6.323127448876140e-06

  126  0  0
5.000202399411476e-06
5.000000019118563e-06

  126  0  1
5.075788734663047e-06
5.002172936025077e-06

  127  0  0
5.000000332871838e-06
5.000000000029644e-06

  127  0  1
5.000124523827168e-06
5.000003571407524e-06

  128  0  0
5.000000000545754e-06
4.999999999998311e-06

  128  0  1
5.000000204708135e-06
5.000000005870219e-06

  129  0  0
4.999999999999158e-06
4.999999999998259e-06

  129  0  1
5.000000000334857e-06
5.000000000007905e-06

  130  0  0
4.999999999998261e-06
4.999999999998247e-06

  130  0  1
4.999999999998815e-06
4.999999999998260e-06

  131  0  0
4.999999999998258e-06
4.999999999998255e-06

  131  0  1
4.999999999998256e-06
4.999999999998255e-06

  132  0  0
4.999999999998258e-06
4.999999999998255e-06

  132  0  1
4.999999999998256e-06
4.999999999998255e-06

  133  0  0
4.999999999998258e-06
4.999999999998255e-06

  133  0  1
4.999999999998256e-06
4.999999999998255e-06

  134  0  0
4.999999999998258e-06
4.999999999998255e-06

  134  0  1
4.999999999998256e-06
4.999999999998255e-06

  135  0  0
4.999999999998258e-06
4.999999999998255e-06

  135  0  1
4.999999999998256e-06
4.999999999998255e-06

  136  0  0
4.999999999998258e-06
4.999999999998255e-06

  136  0  1
4.999999999998256e-06
4.999999999998255e-06

  137  0  0
4.999999999998258e-06
4.999999999998255e-06

  137  0  1
4.999999999998256e-06
4.999999999998255e-06

  138  0  0
4.999999999998258e-06
4.999999999998255e-06

  138  0  1
4.999999999998256e-06
4.999999999998255e-06

  139  0  0
4.999999999998258e-06
4.999999999998255e-06

  139  0  1
4.999999999998256e-06
4.999999999998255e-06

  140  0  0
4.999999999998258e-06
4.999999999998255e-06

  140  0  1
4.999999999998256e-06
4.999999999998255e-06

  141  0  0
4.999999999998258e-06
4.999999999998255e-06

  141  0  1
4.999999999998256e-06
4.999999999998255e-06

  142  0  0
4.999999999998258e-06
4.999999999998255e-06

  142  0  1
4.999999999998256e-06
4.999999999998255e-06

  143  0  0
4.999999999998258e-06
4.999999999998255e-06

  143  0  1
4.999999999998256e-06
4.999999999998255e-06

  144  0  0
4.999999999998258e-06
4.999999999998255e-06

  144  0  1
4.999999999998256e-06
4.999999999998255e-06

  145  0  0
4.999999999998258e-06
4.999999999998255e-06

  145  0  1
4.999999999998256e-06
4.999999999998255e-06

  146  0  0
4.999999999998258e-06
4.999999999998255e-06

  146  0  1
4.999999999998256e-06
4.999999999998255e-06

  147  0  0
4.999999999998258e-06
4.999999999998255e-06

  147  0  1
4.999999999998256e-06
4.999999999998255e-06

  148  0  0
4.999999999998258e-06
4.999999999998255e-06

  148  0  1
4.999999999998256e-06
4.999999999998255e-06

  149  0  0
4.999999999998258e-06
4.999999999998255e-06

  149  0  1
4.999999999998256e-06
4.999999999998255e-06

  150  0  0
4.999999999998258e-06
4.999999999998255e-06

  150  0  1
4.999999999998256e-06
4.999999999998255e-06

  151  0  0
4.999999999998258e-06
4.999999999998255e-06

  151  0  1
4.999999999998256e-06
4.999999999998255e-06

  152  0  0
4.999999999998258e-06
4.999999999998255e-06

  152  0  1
4.999999999998256e-06
4.999999999998255e-06

  153  0  0
4.999999999998258e-06
4.999999999998255e-06

  153  0  1
4.999999999998256e-06
4.999999999998255e-06

  154  0  0
4.999999999998258e-06
4.999999999998255e-06

  154  0  1
4.999999999998256e-06
4.999999999998255e-06

  155  0  0
4.999999999998258e-06
4.999999999998255e-06

  155  0  1
4.999999999998256e-06
4.999999999998255e-06

  156  0  0
4.999999999998258e-06
4.999999999998255e-06

  156  0  1
4.999999999998256e-06
4.999999999998255e-06

  157  0  0
4.999999999998258e-06
4.999999999998255e-06

  157  0  1
4.999999999998256e-06
4.999999999998255e-06

  158  0  0
4.999999999998258e-06
4.999999999998255e-06

  158  0  1
4.999999999998256e-06
4.999999999998255e-06

  159  0  0
4.999999999998258e-06
4.999999999998255e-06

  159  0  1
4.999999999998256e-06
4.999999999998255e-06

  160  0  0
4.999999999998258e-06
4.999999999998255e-06

  160  0  1
4.999999999998256e-06
4.999999999998255e-06

  161  0  0
4.999999999998258e-06
4.999999999998255e-06

  161  0  1
4.999999999998256e-06
4.999999999998255e-06

  162  0  0
4.999999999998258e-06
4.999999999998255e-06

  162  0  1
4.999999999998256e-06
4.999999999998255e-06

  163  0  0
4.999999999998258e-06
4.999999999998255e-06

  163  0  1
4.999999999998256e-06
4.999999999998255e-06

  164  0  0
4.999999999998258e-06
4.999999999998255e-06

  164  0  1
4.999999999998256e-06
4.999999999998255e-06

  165  0  0
4.999999999998258e-06
4.999999999998255e-06

  165  0  1
4.999999999998256e-06
4.999999999998255e-06

  166  0  0
4.999999999998258e-06
4.999999999998255e-06

  166  0  1
4.999999999998256e-06
4.999999999998255e-06

  167  0  0
4.999999999998258e-06
4.999999999998255e-06

  167  0  1
4.999999999998256e-06
4.999999999998255e-06

  168  0  0
4.999999999998258e-06
4.999999999998255e-06

  168  0  1
4.999999999998256e-06
4.999999999998255e-06

  169  0  0
4.999999999998258e-06
4.999999999998255e-06

  169  0  1
4.999999999998256e-06
4.999999999998255e-06

  170  0  0
4.999999999998258e-06
4.999999999998255e-06

  170  0  1
4.999999999998256e-06
4.999999999998255e-06

  171  0  0
4.999999999998258e-06
4.999999999998255e-06

  171  0  1
4.999999999998256e-06
4.999999999998255e-06

  172  0  0
4.999999999998258e-06
4.999999999998255e-06

  172  0  1
4.999999999998256e-06
4.999999999998255e-06

  173  0  0
4.999999999998258e-06
4.999999999998255e-06

  173  0  1
4.999999999998256e-06
4.999999999998255e-06

  174  0  0
4.999999999998258e-06
4.999999999998255e-06

  174  0  1
4.999999999998256e-06
4.999999999998255e-06

  175  0  0
4.999999999998258e-06
4.999999999998255e-06

  175  0  1
4.999999999998256e-06
4.999999999998255e-06

  176  0  0
4.999999999998258e-06
4.999999999998255e-06

  176  0  1
4.999999999998256e-06
4.999999999998255e-06

  177  0  0
4.999999999998258e-06
4.999999999998255e-06

  177  0  1
4.999999999998256e-06
4.999999999998255e-06

  178  0  0
4.999999999998258e-06
4.999999999998255e-06

  178  0  1
4.999999999998256e-06
4.999999999998255e-06

  179  0  0
4.999999999998258e-06
4.999999999998255e-06

  179  0  1
4.999999999998256e-06
4.999999999998255e-06

  180  0  0
4.999999999998258e-06
4.999999999998255e-06

  180  0  1
4.999999999998256e-06
4.999999999998255e-06

  181  0  0
4.999999999998258e-06
4.999999999998255e-06

  181  0  1
4.999999999998256e-06
4.999999999998255e-06

  182  0  0
4.999999999998258e-06
4.999999999998255e-06

  182  0  1
4.999999999998256e-06
4.999999999998255e-06

  183  0  0
4.999999999998258e-06
4.999999999998255e-06

  183  0  1
4.999999999998256e-06
4.999999999998255e-06

  184  0  0
4.999999999998258e-06
4.999999999998255e-06

  184  0  1
4.999999999998256e-06
4.999999999998255e-06

  185  0  0
4.999999999998258e-06
4.999999999998255e-06

  185  0  1
4.999999999998256e-06
4.999999999998255e-06

  186  0  0
4.999999999998258e-06
4.999999999998255e-06

  186  0  1
4.999999999998256e-06
4.999999999998255e-06

  187  0  0
4.999999999998258e-06
4.999999999998255e-06

  187  0  1
4.999999999998256e-06
4.999999999998255e-06

  188  0  0
4.999999999998258e-06
4.999999999998255e-06

  188  0  1
4.999999999998256e-06
4.999999999998255e-06

  189  0  0
4.999999999998258e-06
4.999999999998255e-06

  189  0  1
4.999999999998256e-06
4.999999999998255e-06

  190  0  0
4.999999999998258e-06
4.999999999998255e-06

  190  0  1
4.999999999998256e-06
4.999999999998255e-06

  191  0  0
4.999999999998258e-06
4.999999999998255e-06

  191  0  1
4.999999999998256e-06
4.999999999998255e-06

  192  0  0
4.999999999998258e-06
4.999999999998255e-06

  192  0  1
4.999999999998256e-06
4.999999999998255e-06

  193  0  0
4.999999999998258e-06
4.999999999998255e-06

  193  0  1
4.999999999998256e-06
4.999999999998255e-06

  194  0  0
4.999999999998258e-06
4.999999999998255e-06

  194  0  1
4.999999999998256e-06
4.999999999998255e-06

  195  0  0
4.999999999998258e-06
4.999999999998255e-06

  195  0  1
4.999999999998256e-06
4.999999999998255e-06

  196  0  0
4.999999999998258e-06
4.999999999998255e-06

  196  0  1
4.999999999998256e-06
4.999999999998255e-06

  197  0  0
4.999999999998258e-06
4.999999999998255e-06

  197  0  1
4.999999999998256e-06
4.999999999998255e-06

  198  0  0
4.999999999998258e-06
4.999999999998255e-06

  198  0  1
4.999999999998256e-06
4.999999999998255e-06

  199  0  0
4.999999999998258e-06
4.999999999998255e-06

  199  0  1
4.999999999998256e-06
4.999999999998255e-06

  200  0  0
4.999999999998258e-06
4.999999999998255e-06

  200  0  1
4.999999999998256e-06
4.999999999998255e-06

  201  0  0
4.999999999998258e-06
4.999999999998255e-06

  201  0  1
4.999999999998256e-06
4.999999999998255e-06

  202  0  0
4.999999999998258e-06
4.999999999998255e-06

  202  0  1
4.999999999998256e-06
4.999999999998255e-06

  203  0  0
4.999999999998258e-06
4.999999999998255e-06

  203  0  1
4.999999999998256e-06
4.999999999998255e-06

  204  0  0
4.999999999998258e-06
4.999999999998255e-06

  204  0  1
4.999999999998256e-06
4.999999999998255e-06

  205  0  0
4.999999999998258e-06
4.999999999998255e-06

  205  0  1
4.999999999998256e-06
4.999999999998255e-06

  206  0  0
4.999999999998258e-06
4.999999999998255e-06

  206  0  1
4.999999999998256e-06
4.999999999998255e-06

  207  0  0
4.999999999998258e-06
4.999999999998255e-06

  207  0  1
4.999999999998256e-06
4.999999999998255e-06

  208  0  0
4.999999999998258e-06
4.999999999998255e-06

  208  0  1
4.999999999998256e-06
4.999999999998255e-06

  209  0  0
4.999999999998258e-06
4.999999999998255e-06

  209  0  1
4.999999999998256e-06
4.999999999998255e-06

  210  0  0
4.999999999998258e-06
4.999999999998255e-06

  210  0  1
4.999999999998256e-06
4.999999999998255e-06

  211  0  0
4.999999999998258e-06
4.999999999998255e-06

  211  0  1
4.999999999998256e-06
4.999999999998255e-06

  212  0  0
4.999999999998258e-06
4.999999999998255e-06

  212  0  1
4.999999999998256e-06
4.999999999998255e-06

  213  0  0
4.999999999998258e-06
4.999999999998255e-06

  213  0  1
4.999999999998256e-06
4.999999999998255e-06

  214  0  0
4.999999999998258e-06
4.999999999998255e-06

  214  0  1
4.999999999998256e-06
4.999999999998255e-06

  215  0  0
4.999999999998258e-06
4.999999999998255e-06

  215  0  1
4.999999999998256e-06
4.999999999998255e-06

  216  0  0
4.999999999998258e-06
4.999999999998255e-06

  216  0  1
4.999999999998256e-06
4.999999999998255e-06

  217  0  0
4.999999999998258e-06
4.999999999998255e-06

  217  0  1
4.999999999998256e-06
4.999999999998255e-06

  218  0  0
4.999999999998258e-06
4.999999999998255e-06

  218  0  1
4.999999999998256e-06
4.999999999998255e-06

  219  0  0
4.999999999998258e-06
4.999999999998255e-06

  219  0  1
4.999999999998256e-06
4.999999999998255e-06

  220  0  0
4.999999999998258e-06
4.999999999998255e-06

  220  0  1
4.999999999998256e-06
4.999999999998255e-06

  221  0  0
4.999999999998258e-06
4.999999999998255e-06

  221  0  1
4.999999999998256e-06
4.999999999998255e-06

  222  0  0
4.999999999998258e-06
4.999999999998255e-06

  222  0  1
4.999999999998256e-06
4.999999999998255e-06

  223  0  0
4.999999999998258e-06
4.999999999998255e-06

  223  0  1
4.999999999998256e-06
4.999999999998255e-06

  224  0  0
4.999999999998258e-06
4.999999999998255e-06

  224  0  1
4.999999999998256e-06
4.999999999998255e-06

  225  0  0
4.999999999998258e-06
4.999999999998255e-06

  225  0  1
4.999999999998256e-06
4.999999999998255e-06

  226  0  0
4.999999999998258e-06
4.999999999998255e-06

  226  0  1
4.999999999998256e-06
4.999999999998255e-06

  227  0  0
4.999999999998258e-06
4.999999999998255e-06

  227  0  1
4.999999999998256e-06
4.999999999998255e-06

  228  0  0
4.999999999998258e-06
4.999999999998255e-06

  228  0  1
4.999999999998256e-06
4.999999999998255e-06

  229  0  0
4.999999999998258e-06
4.999999999998255e-06

  229  0  1
4.999999999998256e-06
4.999999999998255e-06

  230  0  0
4.999999999998258e-06
4.999999999998255e-06

  230  0  1
4.999999999998256e-06
4.999999999998255e-06

  231  0  0
4.999999999998258e-06
4.999999999998255e-06

  231  0  1
4.999999999998256e-06
4.999999999998255e-06

  232  0  0
4.999999999998258e-06
4.999999999998255e-06

  232  0  1
4.999999999998256e-06
4.999999999998255e-06

  233  0  0
4.999999999998258e-06
4.999999999998255e-06

  233  0  1
4.999999999998256e-06
4.999999999998255e-06

  234  0  0
4.999999999998258e-06
4.999999999998255e-06

  234  0  1
4.999999999998256e-06
4.999999999998255e-06

  235  0  0
4.999999999998258e-06
4.999999999998255e-06

  235  0  1
4.999999999998256e-06
4.999999999998255e-06

  236  0  0
4.999999999998258e-06
4.999999999998255e-06

  236  0  1
4.999999999998256e-06
4.999999999998255e-06

  237  0  0
4.999999999998258e-06
4.999999999998255e-06

  237  0  1
4.999999999998256e-06
4.999999999998255e-06

  238  0  0
4.999999999998258e-06
4.999999999998255e-06

  238  0  1
4.999999999998256e-06
4.999999999998255e-06

  239  0  0
4.999999999998258e-06
4.999999999998255e-06

  239  0  1
4.999999999998256e-06
4.999999999998255e-06

  240  0  0
4.999999999998258e-06
4.999999999998255e-06

  240  0  1
4.999999999998256e-06
4.999999999998255e-06

  241  0  0
4.999999999998258e-06
4.999999999998255e-06

  241  0  1
4.999999999998256e-06
4.999999999998255e-06

  242  0  0
4.999999999998258e-06
4.999999999998255e-06

  242  0  1
4.999999999998256e-06
4.999999999998255e-06

  243  0  0
4.999999999998258e-06
4.999999999998255e-06

  243  0  1
4.999999999998256e-06
4.999999999998255e-06

  244  0  0
4.999999999998258e-06
4.999999999998255e-06

  244  0  1
4.999999999998256e-06
4.999999999998255e-06

  245  0  0
4.999999999998258e-06
4.999999999998255e-06

  245  0  1
4.999999999998256e-06
4.999999999998255e-06

  246  0  0
4.999999999998258e-06
4.999999999998255e-06

  246  0  1
4.999999999998256e-06
4.999999999998255e-06

  247  0  0
4.999999999998258e-06
4.999999999998255e-06

  247  0  1
4.999999999998256e-06
4.999999999998255e-06

  248  0  0
4.999999999998258e-06
4.999999999998255e-06

  248  0  1
4.999999999998256e-06
4.999999999998255e-06

  249  0  0
4.999999999998258e-06
4.999999999998255e-06

  249  0  1
4.999999999998256e-06
4.999999999998255e-06

  250  0  0
4.999999999998258e-06
4.999999999998255e-06

  250  0  1
4.999999999998256e-06
4.999999999998255e-06

  251  0  0
4.999999999998258e-06
4.999999999998255e-06

  251  0  1
4.999999999998256e-06
4.999999999998255e-06

  252  0  0
4.999999999998258e-06
4.999999999998255e-06

  252  0  1
4.999999999998256e-06
4.999999999998255e-06

  253  0  0
4.999999999998258e-06
4.999999999998255e-06

  253  0  1
4.999999999998256e-06
4.999999999998255e-06

  254  0  0
4.999999999998258e-06
4.999999999998255e-06

  254  0  1
4.999999999998256e-06
4.999999999998255e-06

  255  0  0
4.999999999998258e-06
4.999999999998255e-06

  255  0  1
4.999999999998256e-06
4.999999999998255e-06

  256  0  0
4.999999999998258e-06
4.999999999998255e-06

  256  0  1
4.999999999998256e-06
4.999999999998255e-06

  257  0  0
4.999999999998258e-06
4.999999999998255e-06

  257  0  1
4.999999999998256e-06
4.999999999998255e-06

  258  0  0
4.999999999998258e-06
4.999999999998255e-06

  258  0  1
4.999999999998256e-06
4.999999999998255e-06

  259  0  0
4.999999999998258e-06
4.999999999998255e-06

  259  0  1
4.999999999998256e-06
4.999999999998255e-06

  260  0  0
4.999999999998258e-06
4.999999999998255e-06

  260  0  1
4.999999999998256e-06
4.999999999998255e-06

  261  0  0
4.999999999998258e-06
4.999999999998255e-06

  261  0  1
4.999999999998256e-06
4.999999999998255e-06

  262  0  0
4.999999999998258e-06
4.999999999998255e-06

  262  0  1
4.999999999998256e-06
4.999999999998255e-06

  263  0  0
4.999999999998258e-06
4.999999999998255e-06

  263  0  1
4.999999999998256e-06
4.999999999998255e-06

  264  0  0
4.999999999998258e-06
4.999999999998255e-06

  264  0  1
4.999999999998256e-06
4.999999999998255e-06

  265  0  0
4.999999999998258e-06
4.999999999998255e-06

  265  0  1
4.999999999998256e-06
4.999999999998255e-06

  266  0  0
4.999999999998258e-06
4.999999999998255e-06

  266  0  1
4.999999999998256e-06
4.999999999998255e-06

  267  0  0
4.999999999998258e-06
4.999999999998255e-06

  267  0  1
4.999999999998256e-06
4.999999999998255e-06

  268  0  0
4.999999999998258e-06
4.999999999998255e-06

  268  0  1
4.999999999998256e-06
4.999999999998255e-06

  269  0  0
4.999999999998258e-06
4.999999999998255e-06

  269  0  1
4.999999999998256e-06
4.999999999998255e-06

  270  0  0
4.999999999998258e-06
4.999999999998255e-06

  270  0  1
4.999999999998256e-06
4.999999999998255e-06

  271  0  0
4.999999999998258e-06
4.999999999998255e-06

  271  0  1
4.999999999998256e-06
4.999999999998255e-06

  272  0  0
4.999999999998258e-06
4.999999999998255e-06

  272  0  1
4.999999999998256e-06
4.999999999998255e-06

  273  0  0
4.999999999998258e-06
4.999999999998255e-06

  273  0  1
4.999999999998256e-06
4.999999999998255e-06

  274  0  0
4.999999999998258e-06
4.999999999998255e-06

  274  0  1
4.999999999998256e-06
4.999999999998255e-06

  275  0  0
4.999999999998258e-06
4.999999999998255e-06

  275  0  1
4.999999999998256e-06
4.999999999998255e-06

  276  0  0
4.999999999998258e-06
4.999999999998255e-06

  276  0  1
4.999999999998256e-06
4.999999999998255e-06

  277  0  0
4.999999999998258e-06
4.999999999998255e-06

  277  0  1
4.999999999998256e-06
4.999999999998255e-06

  278  0  0
4.999999999998258e-06
4.999999999998255e-06

  278  0  1
4.999999999998256e-06
4.999999999998255e-06

  279  0  0
4.999999999998258e-06
4.999999999998255e-06

  279  0  1
4.999999999998256e-06
4.999999999998255e-06

  280  0  0
4.999999999998258e-06
4.999999999998255e-06

  280  0  1
4.999999999998256e-06
4.999999999998255e-06

  281  0  0
4.999999999998258e-06
4.999999999998255e-06

  281  0  1
4.999999999998256e-06
4.999999999998255e-06

  282  0  0
4.999999999998258e-06
4.999999999998255e-06

  282  0  1
4.999999999998256e-06
4.999999999998255e-06

  283  0  0
4.999999999998258e-06
4.999999999998255e-06

  283  0  1
4.999999999998256e-06
4.999999999998255e-06

  284  0  0
4.999999999998258e-06
4.999999999998255e-06

  284  0  1
4.999999999998256e-06
4.999999999998255e-06

  285  0  0
4.999999999998258e-06
4.999999999998255e-06

  285  0  1
4.999999999998256e-06
4.999999999998255e-06

  286  0  0
4.999999999998258e-06
4.999999999998255e-06

  286  0  1
4.999999999998256e-06
4.999999999998255e-06

  287  0  0
4.999999999998258e-06
4.999999999998255e-06

  287  0  1
4.999999999998256e-06
4.999999999998255e-06

  288  0  0
4.999999999998258e-06
4.999999999998255e-06

  288  0  1
4.999999999998256e-06
4.999999999998255e-06

  289  0  0
4.999999999998258e-06
4.999999999998255e-06

  289  0  1
4.999999999998256e-06
4.999999999998255e-06

  290  0  0
4.999999999998258e-06
4.999999999998255e-06

  290  0  1
4.999999999998256e-06
4.999999999998255e-06

  291  0  0
4.999999999998258e-06
4.999999999998255e-06

  291  0  1
4.999999999998256e-06
4.999999999998255e-06

  292  0  0
4.999999999998258e-06
4.999999999998255e-06

  292  0  1
4.999999999998256e-06
4.999999999998255e-06

  293  0  0
4.999999999998258e-06
4.999999999998255e-06

  293  0  1
4.999999999998256e-06
4.999999999998255e-06

  294  0  0
4.999999999998258e-06
4.999999999998255e-06

  294  0  1
4.999999999998256e-06
4.999999999998255e-06

  295  0  0
4.999999999998258e-06
4.999999999998255e-06

  295  0  1
4.999999999998256e-06
4.999999999998255e-06

  296  0  0
4.999999999998258e-06
4.999999999998255e-06

  296  0  1
4.999999999998256e-06
4.999999999998255e-06

  297  0  0
4.999999999998258e-06
4.999999999998255e-06

  297  0  1
4.999999999998256e-06
4.999999999998255e-06

  298  0  0
4.999999999998258e-06
4.999999999998255e-06

  298  0  1
4.999999999998256e-06
4.999999999998255e-06

  299  0  0
4.999999999998258e-06
4.999999999998255e-06

  299  0  1
4.999999999998256e-06
4.999999999998255e-06

  300  0  0
4.999999999998258e-06
4.999999999998255e-06

  300  0  1
4.999999999998256e-06
4.999999999998255e-06

  301  0  0
4.999999999998258e-06
4.999999999998255e-06

  301  0  1
4.999999999998256e-06
4.999999999998255e-06

  302  0  0
4.999999999998258e-06
4.999999999998255e-06

  302  0  1
4.999999999998256e-06
4.999999999998255e-06

  303  0  0
4.999999999998258e-06
4.999999999998255e-06

  303  0  1
4.999999999998256e-06
4.999999999998255e-06

  304  0  0
4.999999999998258e-06
4.999999999998255e-06

  304  0  1
4.999999999998256e-06
4.999999999998255e-06

  305  0  0
4.999999999998258e-06
4.999999999998255e-06

  305  0  1
4.999999999998256e-06
4.999999999998255e-06

  306  0  0
4.999999999998258e-06
4.999999999998255e-06

  306  0  1
4.999999999998256e-06
4.999999999998255e-06

  307  0  0
4.999999999998258e-06
4.999999999998255e-06

  307  0  1
4.999999999998256e-06
4.999999999998255e-06

  308  0  0
4.999999999998258e-06
4.999999999998255e-06

  308  0  1
4.999999999998256e-06
4.999999999998255e-06

  309  0  0
4.999999999998258e-06
4.999999999998255e-06

  309  0  1
4.999999999998256e-06
4.999999999998255e-06

  310  0  0
4.999999999998258e-06
4.999999999998255e-06

  310  0  1
4.999999999998256e-06
4.999999999998255e-06

  311  0  0
4.999999999998258e-06
4.999999999998255e-06

  311  0  1
4.999999999998256e-06
4.999999999998255e-06

  312  0  0
4.999999999998258e-06
4.999999999998255e-06

  312  0  1
4.999999999998256e-06
4.999999999998255e-06

  313  0  0
4.999999999998258e-06
4.999999999998245e-06

  313  0  1
4.999999999998256e-06
4.999999999998255e-06

  314  0  0
4.999999999998144e-06
4.999999999994681e-06

  314  0  1
4.999999999998295e-06
4.999999999997017e-06

  315  0  0
4.999999999961573e-06
4.999999999164770e-06

  315  0  1
4.999999999998139e-06
4.999999999679123e-06

  316  0  0
4.999999991891642e-06
4.999999820449229e-06

  316  0  1
4.999999999967965e-06
4.999999924910430e-06

  317  0  0
4.999998353414755e-06
4.999964733414544e-06

  317  0  1
4.999999992600937e-06
4.999983568342989e-06

  318  0  0
4.999703043745888e-06
4.993933790971939e-06

  318  0  1
4.999998301428592e-06
4.996748945105759e-06

  319  0  0
4.955572920478598e-06
4.155807940207197e-06

  319  0  1
4.999726498274353e-06
4.445755245386051e-06

