#Cell    Group    L_mom 
# Element_0
# Element_1
# Element_2
    0  0  0
1.913643565680768e+00
1.911941656861590e+00
1.910237572783533e+00

    1  0  0
1.909245079339499e+00
1.907538642412585e+00
1.905830837544111e+00

    2  0  0
1.904836209568604e+00
1.903125555402274e+00
1.901412757001894e+00

    3  0  0
1.900414847784418e+00
1.898698727720279e+00
1.896980774370164e+00

    4  0  0
1.895980232502909e+00
1.894259418147247e+00
1.892536464824480e+00

    5  0  0
1.891532495244747e+00
1.889805568120982e+00
1.888076323378055e+00

    6  0  0
1.887069117250561e+00
1.885337196690001e+00
1.883603607391038e+00

    7  0  0
1.882593784531369e+00
1.880856730321715e+00
1.879117210923925e+00

    8  0  0
1.878103681906352e+00
1.876360755198007e+00
1.874616072153601e+00

    9  0  0
1.873600054365904e+00
1.871852435148869e+00
1.870102313484715e+00

   10  0  0
1.869082157603053e+00
1.867326733845459e+00
1.865568073216995e+00

   11  0  0
1.864543294984125e+00
1.862780542478623e+00
1.861015319867694e+00

   12  0  0
1.859986808510832e+00
1.858217398380682e+00
1.856445287223894e+00

   13  0  0
1.855412814248614e+00
1.853637285309339e+00
1.851859929370035e+00

   14  0  0
1.850824822289408e+00
1.849044374895557e+00
1.847261430508607e+00

   15  0  0
1.846222393410652e+00
1.844434203283052e+00
1.842644220255161e+00

   16  0  0
1.841601693221339e+00
1.839808272889102e+00
1.838012374245732e+00

   17  0  0
1.836965826558099e+00
1.835164615299363e+00
1.833359362308596e+00

   18  0  0
1.832306558479273e+00
1.830495143896945e+00
1.828680821833504e+00

   19  0  0
1.827624277246338e+00
1.825807228734794e+00
1.823987982212847e+00

   20  0  0
1.822927675566811e+00
1.821102845126976e+00
1.819274188177781e+00

   21  0  0
1.818208294374928e+00
1.816374772008500e+00
1.814538680727764e+00

   22  0  0
1.813469069132345e+00
1.811628691557419e+00
1.809785046404502e+00

   23  0  0
1.808710307557750e+00
1.806861388117937e+00
1.805009717396719e+00

   24  0  0
1.803931292772444e+00
1.802075951842600e+00
1.800217292971459e+00

   25  0  0
1.799133096177296e+00
1.797265405433821e+00
1.795391459985002e+00

   26  0  0
1.794298179069516e+00
1.792417270044540e+00
1.790533673409369e+00

   27  0  0
1.789437096581501e+00
1.787550476167620e+00
1.785660595098891e+00

   28  0  0
1.784558220807694e+00
1.782660236628137e+00
1.780757457284284e+00

   29  0  0
1.779648471270245e+00
1.777740779483157e+00
1.775830305996669e+00

   30  0  0
1.774717011860515e+00
1.772800539541295e+00
1.770879441575270e+00

   31  0  0
1.769758989159411e+00
1.767830725487603e+00
1.765898614370577e+00

   32  0  0
1.764772856969011e+00
1.762835393823901e+00
1.760893814013443e+00

   33  0  0
1.759761338349533e+00
1.757811287736254e+00
1.755855943044847e+00

   34  0  0
1.754715881774881e+00
1.752754107328132e+00
1.750788642585083e+00

   35  0  0
1.749643380636277e+00
1.747670476965269e+00
1.745692044956477e+00

   36  0  0
1.744537559176905e+00
1.742549966982347e+00
1.740557466851103e+00

   37  0  0
1.739396231516422e+00
1.737397426214734e+00
1.735394062096181e+00

   38  0  0
1.734225422806502e+00
1.732212524002563e+00
1.730193311213758e+00

   39  0  0
1.729015492804868e+00
1.726988012843446e+00
1.724955911459698e+00

   40  0  0
1.723771331566035e+00
1.721731438442677e+00
1.719685714097771e+00

   41  0  0
1.718491953106336e+00
1.716436099660400e+00
1.714374387680489e+00

   42  0  0
1.713172361744298e+00
1.711103288328055e+00
1.709029497926228e+00

   43  0  0
1.707820166973974e+00
1.705736912699631e+00
1.703646888583605e+00

   44  0  0
1.702427229038730e+00
1.700326602718367e+00
1.698218121844918e+00

   45  0  0
1.696988035125862e+00
1.694869276221832e+00
1.692743715048193e+00

   46  0  0
1.691503057957054e+00
1.689365165857941e+00
1.687219270041574e+00

   47  0  0
1.685967078027568e+00
1.683810524146371e+00
1.681647678818825e+00

   48  0  0
1.680386092464141e+00
1.678212452554849e+00
1.676031101716428e+00

   49  0  0
1.674757669996692e+00
1.672563744472596e+00
1.670362382419840e+00

   50  0  0
1.669078289749136e+00
1.666866267372968e+00
1.664646888675014e+00

   51  0  0
1.663351295649089e+00
1.661118117711869e+00
1.658875954612362e+00

   52  0  0
1.657567111370698e+00
1.655312215343532e+00
1.653049477396014e+00

   53  0  0
1.651729144015484e+00
1.649453256949674e+00
1.647167894107413e+00

   54  0  0
1.645832813590651e+00
1.643530784793210e+00
1.641218585607821e+00

   55  0  0
1.639868772180548e+00
1.637542635674748e+00
1.635207798610706e+00

   56  0  0
1.633844876473705e+00
1.631495233393589e+00
1.629135520150107e+00

   57  0  0
1.627757404318581e+00
1.625382035515855e+00
1.622997289212431e+00

   58  0  0
1.621605514489705e+00
1.619206694228694e+00
1.616798121007895e+00

   59  0  0
1.615391308818615e+00
1.612964773486980e+00
1.610526328208640e+00

   60  0  0
1.609101705212285e+00
1.606645102355644e+00
1.604177238578958e+00

   61  0  0
1.602735840805703e+00
1.600249071463282e+00
1.597749113912236e+00

   62  0  0
1.596287563217514e+00
1.593765911980395e+00
1.591231352107243e+00

   63  0  0
1.589751183773837e+00
1.587198697550961e+00
1.584634449337660e+00

   64  0  0
1.583136165272409e+00
1.580550540690540e+00
1.577950333201863e+00

   65  0  0
1.576430153359342e+00
1.573807184268972e+00
1.571170425678103e+00

   66  0  0
1.569629992285455e+00
1.566972312491804e+00
1.564300478658394e+00

   67  0  0
1.562738479962727e+00
1.560042355554580e+00
1.557330714854082e+00

   68  0  0
1.555745759522819e+00
1.553010895408462e+00
1.550261274626786e+00

   69  0  0
1.548654082361780e+00
1.545879500141213e+00
1.543087933127889e+00

   70  0  0
1.541455128259872e+00
1.538636722379750e+00
1.535802014346415e+00

   71  0  0
1.534145507851997e+00
1.531286122614280e+00
1.528409484306529e+00

   72  0  0
1.526725904670149e+00
1.523815420155124e+00
1.520882050939791e+00

   73  0  0
1.519164392323593e+00
1.516198379737886e+00
1.513214091305643e+00

   74  0  0
1.511470089098734e+00
1.508458076927357e+00
1.505426411911927e+00

   75  0  0
1.503651485706312e+00
1.500584169522236e+00
1.497494452655819e+00

   76  0  0
1.495686849998439e+00
1.492564931821232e+00
1.489422239522937e+00

   77  0  0
1.487583194631452e+00
1.484404399134424e+00
1.481201176389693e+00

   78  0  0
1.479325358126538e+00
1.476083420969668e+00
1.472817366396307e+00

   79  0  0
1.470905897908963e+00
1.467602040979521e+00
1.464272739497261e+00

   80  0  0
1.462322788517818e+00
1.458951063200664e+00
1.455551561397399e+00

   81  0  0
1.453560650279309e+00
1.450118496000916e+00
1.446649044332203e+00

   82  0  0
1.444617065312947e+00
1.441101874612206e+00
1.437556261086909e+00

   83  0  0
1.435477859108082e+00
1.431882076300069e+00
1.428255441973685e+00

   84  0  0
1.426131357038785e+00
1.422456916292021e+00
1.418750306616124e+00

   85  0  0
1.416577035243513e+00
1.412814291771194e+00
1.409014855832242e+00

   86  0  0
1.406786887280237e+00
1.402929831607604e+00
1.399037937922295e+00

   87  0  0
1.396757348515556e+00
1.392808504833719e+00
1.388820537796652e+00

   88  0  0
1.386480180469031e+00
1.382426578629805e+00
1.378331077412602e+00

   89  0  0
1.375929267434558e+00
1.371769642108603e+00
1.367567927548388e+00

   90  0  0
1.365102417984059e+00
1.360829357807956e+00
1.356508718983006e+00

   91  0  0
1.353971929954391e+00
1.349575865197125e+00
1.345131778009967e+00

   92  0  0
1.342523799982471e+00
1.338003606916945e+00
1.333432690527124e+00

   93  0  0
1.330748252195760e+00
1.326091134189439e+00
1.321376594873956e+00

   94  0  0
1.318606903674857e+00
1.313804150839201e+00
1.308943952947423e+00

   95  0  0
1.306088750603873e+00
1.301134602926829e+00
1.296117302037749e+00

   96  0  0
1.293167222669058e+00
1.288046660499281e+00
1.282858799823818e+00

   97  0  0
1.279809105377924e+00
1.274515639499226e+00
1.269151809809408e+00

   98  0  0
1.265996683642768e+00
1.260514977601635e+00
1.254954932900606e+00

   99  0  0
1.251682969136551e+00
1.245996050483723e+00
1.240226675115715e+00

  100  0  0
1.236832588358373e+00
1.230933808139330e+00
1.224945906338909e+00

  101  0  0
1.221416737522835e+00
1.215274933079674e+00
1.209030538765146e+00

  102  0  0
1.205350246792127e+00
1.198949659514351e+00
1.192448335360438e+00

  103  0  0
1.188617991389342e+00
1.181951261976282e+00
1.175171309606089e+00

  104  0  0
1.171174989441244e+00
1.164199472273942e+00
1.157096212954756e+00

  105  0  0
1.152904122115767e+00
1.145598060458506e+00
1.138156401130802e+00

  106  0  0
1.133761189888939e+00
1.126092962842768e+00
1.118270518409650e+00

  107  0  0
1.113645305773070e+00
1.105572150570926e+00
1.097332862364760e+00

  108  0  0
1.092460751387961e+00
1.083948988175188e+00
1.075250880679542e+00

  109  0  0
1.070100501123647e+00
1.061087817183578e+00
1.051862300395451e+00

  110  0  0
1.046394846321500e+00
1.036824505321426e+00
1.027017964993342e+00

  111  0  0
1.021199086581828e+00
1.010999616156162e+00
1.000526978819414e+00

  112  0  0
9.943024584442552e-01
9.833772624470158e-01
9.721397634907538e-01

  113  0  0
9.654524148994181e-01
9.536992547405354e-01
9.415844319013514e-01

  114  0  0
9.343624380689557e-01
9.216360432822914e-01
9.084817030544540e-01

  115  0  0
9.006325358420656e-01
8.867351745518316e-01
8.723088424804805e-01

  116  0  0
8.636612463955188e-01
8.483502625886701e-01
8.323914570724934e-01

  117  0  0
8.227878175409656e-01
8.057181442047752e-01
7.878171679837566e-01

  118  0  0
7.769979156378136e-01
7.576657862473259e-01
7.372351590028082e-01

  119  0  0
7.248062895745961e-01
7.024469707834538e-01
6.785353844348728e-01

  120  0  0
6.638353645554239e-01
6.371316326170542e-01
6.080349048021345e-01

  121  0  0
5.898258964129292e-01
5.562650664380406e-01
5.184371161690472e-01

  122  0  0
4.939581303148978e-01
4.471951995615668e-01
3.896923873450248e-01

  123  0  0
3.554883124533955e-01
2.593411646332265e-01
7.898040428987295e-02

  124  0  0
5.685261685026630e-04
-9.420679682933565e-05
1.070717988918952e-04

  125  0  0
-2.443462058542833e-05
7.618147623023806e-06
1.716483686617358e-05

  126  0  0
5.263850095948104e-06
1.040863620761395e-05
1.033879099685610e-05

  127  0  0
9.565757049716827e-06
1.005751388327333e-05
1.001316685255793e-05

  128  0  0
9.966327075292630e-06
1.000519547925082e-05
1.000035648031859e-05

  129  0  0
9.997624312249971e-06
1.000039635828775e-05
9.999997978616293e-06

  130  0  0
9.999842240631947e-06
1.000002759458931e-05
9.999998697558377e-06

  131  0  0
9.999989953460620e-06
1.000000181375507e-05
9.999999865109047e-06

  132  0  0
9.999999379469720e-06
1.000000011459648e-05
9.999999989294075e-06

  133  0  0
9.999999962552703e-06
1.000000000703169e-05
9.999999999240051e-06

  134  0  0
9.999999997778360e-06
1.000000000041898e-05
9.999999999946419e-06

  135  0  0
9.999999999867069e-06
1.000000000002144e-05
9.999999999993328e-06

  136  0  0
9.999999999989045e-06
9.999999999997953e-06
9.999999999996313e-06

  137  0  0
9.999999999996084e-06
9.999999999996592e-06
9.999999999996494e-06

  138  0  0
9.999999999996484e-06
9.999999999996514e-06
9.999999999996506e-06

  139  0  0
9.999999999996509e-06
9.999999999996509e-06
9.999999999996506e-06

  140  0  0
9.999999999996509e-06
9.999999999996509e-06
9.999999999996508e-06

  141  0  0
9.999999999996509e-06
9.999999999996509e-06
9.999999999996509e-06

  142  0  0
9.999999999996509e-06
9.999999999996508e-06
9.999999999996506e-06

  143  0  0
9.999999999996509e-06
9.999999999996509e-06
9.999999999996508e-06

  144  0  0
9.999999999996509e-06
9.999999999996509e-06
9.999999999996509e-06

  145  0  0
9.999999999996506e-06
9.999999999996509e-06
9.999999999996509e-06

  146  0  0
9.999999999996509e-06
9.999999999996509e-06
9.999999999996508e-06

  147  0  0
9.999999999996509e-06
9.999999999996509e-06
9.999999999996508e-06

  148  0  0
9.999999999996509e-06
9.999999999996509e-06
9.999999999996508e-06

  149  0  0
9.999999999996509e-06
9.999999999996509e-06
9.999999999996509e-06

  150  0  0
9.999999999996509e-06
9.999999999996509e-06
9.999999999996509e-06

  151  0  0
9.999999999996509e-06
9.999999999996509e-06
9.999999999996509e-06

  152  0  0
9.999999999996508e-06
9.999999999996508e-06
9.999999999996509e-06

  153  0  0
9.999999999996509e-06
9.999999999996509e-06
9.999999999996509e-06

  154  0  0
9.999999999996509e-06
9.999999999996509e-06
9.999999999996506e-06

  155  0  0
9.999999999996509e-06
9.999999999996509e-06
9.999999999996509e-06

  156  0  0
9.999999999996509e-06
9.999999999996509e-06
9.999999999996509e-06

  157  0  0
9.999999999996509e-06
9.999999999996509e-06
9.999999999996508e-06

  158  0  0
9.999999999996508e-06
9.999999999996509e-06
9.999999999996508e-06

  159  0  0
9.999999999996509e-06
9.999999999996509e-06
9.999999999996509e-06

  160  0  0
9.999999999996508e-06
9.999999999996509e-06
9.999999999996511e-06

  161  0  0
9.999999999996509e-06
9.999999999996509e-06
9.999999999996509e-06

  162  0  0
9.999999999996509e-06
9.999999999996509e-06
9.999999999996508e-06

  163  0  0
9.999999999996508e-06
9.999999999996509e-06
9.999999999996509e-06

  164  0  0
9.999999999996509e-06
9.999999999996509e-06
9.999999999996509e-06

  165  0  0
9.999999999996509e-06
9.999999999996508e-06
9.999999999996508e-06

  166  0  0
9.999999999996509e-06
9.999999999996509e-06
9.999999999996509e-06

  167  0  0
9.999999999996509e-06
9.999999999996509e-06
9.999999999996509e-06

  168  0  0
9.999999999996509e-06
9.999999999996509e-06
9.999999999996508e-06

  169  0  0
9.999999999996509e-06
9.999999999996509e-06
9.999999999996509e-06

  170  0  0
9.999999999996509e-06
9.999999999996509e-06
9.999999999996509e-06

  171  0  0
9.999999999996509e-06
9.999999999996509e-06
9.999999999996508e-06

  172  0  0
9.999999999996509e-06
9.999999999996508e-06
9.999999999996508e-06

  173  0  0
9.999999999996509e-06
9.999999999996508e-06
9.999999999996509e-06

  174  0  0
9.999999999996509e-06
9.999999999996509e-06
9.999999999996509e-06

  175  0  0
9.999999999996509e-06
9.999999999996509e-06
9.999999999996508e-06

  176  0  0
9.999999999996509e-06
9.999999999996509e-06
9.999999999996509e-06

  177  0  0
9.999999999996509e-06
9.999999999996509e-06
9.999999999996508e-06

  178  0  0
9.999999999996509e-06
9.999999999996509e-06
9.999999999996509e-06

  179  0  0
9.999999999996509e-06
9.999999999996509e-06
9.999999999996509e-06

  180  0  0
9.999999999996509e-06
9.999999999996509e-06
9.999999999996509e-06

  181  0  0
9.999999999996509e-06
9.999999999996509e-06
9.999999999996506e-06

  182  0  0
9.999999999996509e-06
9.999999999996509e-06
9.999999999996508e-06

  183  0  0
9.999999999996509e-06
9.999999999996509e-06
9.999999999996508e-06

  184  0  0
9.999999999996509e-06
9.999999999996509e-06
9.999999999996508e-06

  185  0  0
9.999999999996508e-06
9.999999999996509e-06
9.999999999996509e-06

  186  0  0
9.999999999996509e-06
9.999999999996509e-06
9.999999999996509e-06

  187  0  0
9.999999999996509e-06
9.999999999996509e-06
9.999999999996509e-06

  188  0  0
9.999999999996509e-06
9.999999999996509e-06
9.999999999996508e-06

  189  0  0
9.999999999996509e-06
9.999999999996509e-06
9.999999999996508e-06

  190  0  0
9.999999999996509e-06
9.999999999996508e-06
9.999999999996509e-06

  191  0  0
9.999999999996509e-06
9.999999999996509e-06
9.999999999996509e-06

  192  0  0
9.999999999996509e-06
9.999999999996509e-06
9.999999999996509e-06

  193  0  0
9.999999999996509e-06
9.999999999996509e-06
9.999999999996511e-06

  194  0  0
9.999999999996509e-06
9.999999999996509e-06
9.999999999996506e-06

  195  0  0
9.999999999996508e-06
9.999999999996509e-06
9.999999999996508e-06

  196  0  0
9.999999999996509e-06
9.999999999996509e-06
9.999999999996511e-06

  197  0  0
9.999999999996509e-06
9.999999999996509e-06
9.999999999996509e-06

  198  0  0
9.999999999996509e-06
9.999999999996509e-06
9.999999999996509e-06

  199  0  0
9.999999999996509e-06
9.999999999996508e-06
9.999999999996509e-06

  200  0  0
9.999999999996509e-06
9.999999999996509e-06
9.999999999996509e-06

  201  0  0
9.999999999996509e-06
9.999999999996509e-06
9.999999999996509e-06

  202  0  0
9.999999999996509e-06
9.999999999996509e-06
9.999999999996509e-06

  203  0  0
9.999999999996509e-06
9.999999999996509e-06
9.999999999996509e-06

  204  0  0
9.999999999996509e-06
9.999999999996508e-06
9.999999999996509e-06

  205  0  0
9.999999999996509e-06
9.999999999996508e-06
9.999999999996509e-06

  206  0  0
9.999999999996508e-06
9.999999999996509e-06
9.999999999996506e-06

  207  0  0
9.999999999996509e-06
9.999999999996509e-06
9.999999999996508e-06

  208  0  0
9.999999999996506e-06
9.999999999996509e-06
9.999999999996509e-06

  209  0  0
9.999999999996509e-06
9.999999999996509e-06
9.999999999996508e-06

  210  0  0
9.999999999996509e-06
9.999999999996509e-06
9.999999999996508e-06

  211  0  0
9.999999999996509e-06
9.999999999996509e-06
9.999999999996509e-06

  212  0  0
9.999999999996509e-06
9.999999999996508e-06
9.999999999996509e-06

  213  0  0
9.999999999996509e-06
9.999999999996509e-06
9.999999999996509e-06

  214  0  0
9.999999999996508e-06
9.999999999996509e-06
9.999999999996509e-06

  215  0  0
9.999999999996509e-06
9.999999999996509e-06
9.999999999996509e-06

  216  0  0
9.999999999996508e-06
9.999999999996509e-06
9.999999999996508e-06

  217  0  0
9.999999999996509e-06
9.999999999996509e-06
9.999999999996508e-06

  218  0  0
9.999999999996506e-06
9.999999999996509e-06
9.999999999996509e-06

  219  0  0
9.999999999996508e-06
9.999999999996509e-06
9.999999999996509e-06

  220  0  0
9.999999999996509e-06
9.999999999996509e-06
9.999999999996509e-06

  221  0  0
9.999999999996509e-06
9.999999999996509e-06
9.999999999996508e-06

  222  0  0
9.999999999996508e-06
9.999999999996509e-06
9.999999999996508e-06

  223  0  0
9.999999999996508e-06
9.999999999996509e-06
9.999999999996511e-06

  224  0  0
9.999999999996509e-06
9.999999999996509e-06
9.999999999996509e-06

  225  0  0
9.999999999996509e-06
9.999999999996509e-06
9.999999999996509e-06

  226  0  0
9.999999999996509e-06
9.999999999996509e-06
9.999999999996509e-06

  227  0  0
9.999999999996509e-06
9.999999999996509e-06
9.999999999996508e-06

  228  0  0
9.999999999996508e-06
9.999999999996509e-06
9.999999999996509e-06

  229  0  0
9.999999999996509e-06
9.999999999996509e-06
9.999999999996508e-06

  230  0  0
9.999999999996508e-06
9.999999999996508e-06
9.999999999996508e-06

  231  0  0
9.999999999996509e-06
9.999999999996509e-06
9.999999999996509e-06

  232  0  0
9.999999999996509e-06
9.999999999996509e-06
9.999999999996509e-06

  233  0  0
9.999999999996509e-06
9.999999999996509e-06
9.999999999996509e-06

  234  0  0
9.999999999996509e-06
9.999999999996508e-06
9.999999999996509e-06

  235  0  0
9.999999999996508e-06
9.999999999996509e-06
9.999999999996508e-06

  236  0  0
9.999999999996509e-06
9.999999999996509e-06
9.999999999996509e-06

  237  0  0
9.999999999996509e-06
9.999999999996508e-06
9.999999999996506e-06

  238  0  0
9.999999999996508e-06
9.999999999996509e-06
9.999999999996509e-06

  239  0  0
9.999999999996509e-06
9.999999999996508e-06
9.999999999996509e-06

  240  0  0
9.999999999996509e-06
9.999999999996509e-06
9.999999999996509e-06

  241  0  0
9.999999999996509e-06
9.999999999996509e-06
9.999999999996509e-06

  242  0  0
9.999999999996509e-06
9.999999999996509e-06
9.999999999996506e-06

  243  0  0
9.999999999996509e-06
9.999999999996509e-06
9.999999999996509e-06

  244  0  0
9.999999999996509e-06
9.999999999996509e-06
9.999999999996509e-06

  245  0  0
9.999999999996509e-06
9.999999999996509e-06
9.999999999996508e-06

  246  0  0
9.999999999996509e-06
9.999999999996509e-06
9.999999999996508e-06

  247  0  0
9.999999999996509e-06
9.999999999996509e-06
9.999999999996508e-06

  248  0  0
9.999999999996509e-06
9.999999999996509e-06
9.999999999996509e-06

  249  0  0
9.999999999996509e-06
9.999999999996509e-06
9.999999999996508e-06

  250  0  0
9.999999999996509e-06
9.999999999996508e-06
9.999999999996506e-06

  251  0  0
9.999999999996508e-06
9.999999999996509e-06
9.999999999996509e-06

  252  0  0
9.999999999996508e-06
9.999999999996509e-06
9.999999999996508e-06

  253  0  0
9.999999999996508e-06
9.999999999996509e-06
9.999999999996508e-06

  254  0  0
9.999999999996509e-06
9.999999999996509e-06
9.999999999996508e-06

  255  0  0
9.999999999996509e-06
9.999999999996509e-06
9.999999999996509e-06

  256  0  0
9.999999999996509e-06
9.999999999996509e-06
9.999999999996509e-06

  257  0  0
9.999999999996509e-06
9.999999999996509e-06
9.999999999996509e-06

  258  0  0
9.999999999996509e-06
9.999999999996509e-06
9.999999999996509e-06

  259  0  0
9.999999999996508e-06
9.999999999996509e-06
9.999999999996506e-06

  260  0  0
9.999999999996508e-06
9.999999999996509e-06
9.999999999996509e-06

  261  0  0
9.999999999996509e-06
9.999999999996509e-06
9.999999999996508e-06

  262  0  0
9.999999999996508e-06
9.999999999996509e-06
9.999999999996506e-06

  263  0  0
9.999999999996508e-06
9.999999999996509e-06
9.999999999996509e-06

  264  0  0
9.999999999996509e-06
9.999999999996509e-06
9.999999999996508e-06

  265  0  0
9.999999999996509e-06
9.999999999996509e-06
9.999999999996509e-06

  266  0  0
9.999999999996509e-06
9.999999999996509e-06
9.999999999996509e-06

  267  0  0
9.999999999996508e-06
9.999999999996509e-06
9.999999999996509e-06

  268  0  0
9.999999999996509e-06
9.999999999996509e-06
9.999999999996508e-06

  269  0  0
9.999999999996509e-06
9.999999999996509e-06
9.999999999996509e-06

  270  0  0
9.999999999996509e-06
9.999999999996509e-06
9.999999999996509e-06

  271  0  0
9.999999999996509e-06
9.999999999996509e-06
9.999999999996509e-06

  272  0  0
9.999999999996509e-06
9.999999999996509e-06
9.999999999996509e-06

  273  0  0
9.999999999996506e-06
9.999999999996509e-06
9.999999999996509e-06

  274  0  0
9.999999999996509e-06
9.999999999996509e-06
9.999999999996509e-06

  275  0  0
9.999999999996509e-06
9.999999999996509e-06
9.999999999996508e-06

  276  0  0
9.999999999996509e-06
9.999999999996509e-06
9.999999999996509e-06

  277  0  0
9.999999999996509e-06
9.999999999996509e-06
9.999999999996509e-06

  278  0  0
9.999999999996509e-06
9.999999999996509e-06
9.999999999996509e-06

  279  0  0
9.999999999996509e-06
9.999999999996509e-06
9.999999999996509e-06

  280  0  0
9.999999999996509e-06
9.999999999996508e-06
9.999999999996508e-06

  281  0  0
9.999999999996508e-06
9.999999999996509e-06
9.999999999996508e-06

  282  0  0
9.999999999996508e-06
9.999999999996509e-06
9.999999999996509e-06

  283  0  0
9.999999999996509e-06
9.999999999996509e-06
9.999999999996508e-06

  284  0  0
9.999999999996509e-06
9.999999999996509e-06
9.999999999996509e-06

  285  0  0
9.999999999996508e-06
9.999999999996509e-06
9.999999999996509e-06

  286  0  0
9.999999999996509e-06
9.999999999996509e-06
9.999999999996508e-06

  287  0  0
9.999999999996508e-06
9.999999999996509e-06
9.999999999996509e-06

  288  0  0
9.999999999996509e-06
9.999999999996509e-06
9.999999999996509e-06

  289  0  0
9.999999999996509e-06
9.999999999996509e-06
9.999999999996509e-06

  290  0  0
9.999999999996508e-06
9.999999999996509e-06
9.999999999996508e-06

  291  0  0
9.999999999996506e-06
9.999999999996509e-06
9.999999999996508e-06

  292  0  0
9.999999999996509e-06
9.999999999996509e-06
9.999999999996509e-06

  293  0  0
9.999999999996508e-06
9.999999999996509e-06
9.999999999996508e-06

  294  0  0
9.999999999996508e-06
9.999999999996509e-06
9.999999999996509e-06

  295  0  0
9.999999999996509e-06
9.999999999996509e-06
9.999999999996509e-06

  296  0  0
9.999999999996508e-06
9.999999999996509e-06
9.999999999996511e-06

  297  0  0
9.999999999996509e-06
9.999999999996508e-06
9.999999999996509e-06

  298  0  0
9.999999999996508e-06
9.999999999996509e-06
9.999999999996509e-06

  299  0  0
9.999999999996506e-06
9.999999999996509e-06
9.999999999996508e-06

  300  0  0
9.999999999996509e-06
9.999999999996509e-06
9.999999999996509e-06

  301  0  0
9.999999999996509e-06
9.999999999996509e-06
9.999999999996509e-06

  302  0  0
9.999999999996508e-06
9.999999999996509e-06
9.999999999996506e-06

  303  0  0
9.999999999996509e-06
9.999999999996509e-06
9.999999999996506e-06

  304  0  0
9.999999999996509e-06
9.999999999996509e-06
9.999999999996508e-06

  305  0  0
9.999999999996508e-06
9.999999999996509e-06
9.999999999996509e-06

  306  0  0
9.999999999996509e-06
9.999999999996509e-06
9.999999999996509e-06

  307  0  0
9.999999999996508e-06
9.999999999996511e-06
9.999999999996492e-06

  308  0  0
9.999999999996503e-06
9.999999999996558e-06
9.999999999996235e-06

  309  0  0
9.999999999996545e-06
9.999999999997727e-06
9.999999999987443e-06

  310  0  0
9.999999999996843e-06
1.000000000001890e-05
9.999999999862006e-06

  311  0  0
9.999999999999174e-06
1.000000000031986e-05
9.999999998051352e-06

  312  0  0
1.000000000006294e-05
1.000000000461441e-05
9.999999972024974e-06

  313  0  0
1.000000000139600e-05
1.000000006549629e-05
9.999999600130227e-06

  314  0  0
1.000000002686472e-05
1.000000092232978e-05
9.999994319969135e-06

  315  0  0
1.000000048746549e-05
1.000001288591350e-05
9.999919865699569e-06

  316  0  0
1.000000850053607e-05
1.000017849824287e-05
9.998877761426333e-06

  317  0  0
1.000014351180878e-05
1.000245081301681e-05
9.984413559429047e-06

  318  0  0
1.000229893637399e-05
1.003354672814074e-05
9.786574901899804e-06

  319  0  0
1.002426511774238e-05
1.049907996558000e-05
7.332095009282603e-06

