#Cell    Group    L_mom 
# Element_0
# Element_1
    0  0  0
1.916470312032637e+00
1.842532571591959e+00

    1  0  0
1.846151790703791e+00
1.766359144683647e+00

    2  0  0
1.772556457173615e+00
1.682221631647517e+00

    3  0  0
1.688592100481450e+00
1.586342427555076e+00

    4  0  0
1.603925651599067e+00
1.491541801501681e+00

    5  0  0
1.593449654940515e+00
1.354190594777816e+00

    6  0  0
1.514449146995828e+00
8.688429895858438e-01

    7  0  0
6.732162199578031e-01
9.521816629980094e-02

    8  0  0
2.250355805254965e-03
1.460611447485544e-05

    9  0  0
1.001942691063338e-05
1.000003919622380e-05

   10  0  0
1.000000016566624e-05
1.000000000033083e-05

   11  0  0
9.999999999997924e-06
9.999999999996509e-06

   12  0  0
9.999999999996506e-06
9.999999999996509e-06

   13  0  0
9.999999999996506e-06
9.999999999996509e-06

   14  0  0
9.999999999996506e-06
9.999999999996509e-06

   15  0  0
9.999999999996506e-06
9.999999999996509e-06

   16  0  0
9.999999999996506e-06
9.999999999996506e-06

   17  0  0
9.999999999996459e-06
9.999999999928667e-06

   18  0  0
9.999999994076173e-06
9.999997110233065e-06

   19  0  0
9.999792038818800e-06
9.898502089755286e-06

