#Cell    Group    L_mom 
# Element_0
# Element_1
# Element_2
# Element_3
    0  0  0
1.912682938415096e+00
1.908096203404128e+00
1.902096076995100e+00
1.897482781578411e+00

    1  0  0
1.895018070764526e+00
1.890377190368549e+00
1.884291264938148e+00
1.879604701836166e+00

    2  0  0
1.877102391173822e+00
1.872397905519318e+00
1.866238479575054e+00
1.861496564329346e+00

    3  0  0
1.858961182760640e+00
1.854194840141728e+00
1.847955296099042e+00
1.843150398144309e+00

    4  0  0
1.840574944123491e+00
1.835709528719959e+00
1.829309080675619e+00
1.824377929951137e+00

    5  0  0
1.821748474603815e+00
1.816809264483695e+00
1.810349279088893e+00
1.805377682552063e+00

    6  0  0
1.802717992982983e+00
1.797704473129367e+00
1.791114014936517e+00
1.786023523506789e+00

    7  0  0
1.783299123308608e+00
1.778168740384636e+00
1.771438523550494e+00
1.766249384379000e+00

    8  0  0
1.763470398526728e+00
1.758232724085286e+00
1.751352447198879e+00
1.746041337891992e+00

    9  0  0
1.743194682536968e+00
1.737818479348413e+00
1.730741672779232e+00
1.725275338640018e+00

   10  0  0
1.722349922430152e+00
1.716831222784517e+00
1.709568235313416e+00
1.703948786696228e+00

   11  0  0
1.700936415377401e+00
1.695249906162016e+00
1.687755707530092e+00
1.681946164906531e+00

   12  0  0
1.678825005075725e+00
1.672927715081119e+00
1.665156564096615e+00
1.659142156541777e+00

   13  0  0
1.655912429027187e+00
1.649802687091703e+00
1.641734312147579e+00
1.635476206453696e+00

   14  0  0
1.632114351886306e+00
1.625744711855257e+00
1.617309894008046e+00
1.610748913831923e+00

   15  0  0
1.607223076215087e+00
1.600549211880020e+00
1.591719993156733e+00
1.584846512292296e+00

   16  0  0
1.581142549388767e+00
1.574120783192667e+00
1.564810571523332e+00
1.557551257586403e+00

   17  0  0
1.553632448251362e+00
1.546184500985819e+00
1.536285621204653e+00
1.528564041076009e+00

   18  0  0
1.524400358712092e+00
1.516481043228591e+00
1.505931927196483e+00
1.497671260336919e+00

   19  0  0
1.493208078159881e+00
1.484708310531303e+00
1.473354494588848e+00
1.464431520571775e+00

   20  0  0
1.459597434195944e+00
1.450379747947813e+00
1.438061334601907e+00
1.428370922785701e+00

   21  0  0
1.423106149870953e+00
1.413040654371309e+00
1.399529940391729e+00
1.388870783014155e+00

   22  0  0
1.383073229534072e+00
1.371952811418919e+00
1.356953834626799e+00
1.345067285323049e+00

   23  0  0
1.338593582291264e+00
1.326161563288440e+00
1.309339459275735e+00
1.295938164875251e+00

   24  0  0
1.288604216498215e+00
1.274471936664266e+00
1.255257403955919e+00
1.239875433336364e+00

   25  0  0
1.231415673889112e+00
1.215007814673539e+00
1.192514179687778e+00
1.174392096467512e+00

   26  0  0
1.164407070608286e+00
1.144965190185716e+00
1.118078423370621e+00
1.096149787358717e+00

   27  0  0
1.083961545939581e+00
1.060022228850940e+00
1.026457268745834e+00
9.986392974661376e-01

   28  0  0
9.830065704980598e-01
9.517976073001655e-01
9.071744508477551e-01
8.690327187686244e-01

   29  0  0
8.470753695703532e-01
8.017552295210214e-01
7.337266005282682e-01
6.704921186596098e-01

   30  0  0
6.171979436714957e-01
5.636412489986901e-01
3.488112238143959e-01
1.821551551045115e-02

   31  0  0
-4.294442211086576e-02
3.399681723551934e-04
-1.348434519585014e-04
-2.267003075586363e-04

   32  0  0
3.068227940617010e-04
-7.890972420462220e-05
4.912040634078410e-05
-3.535424947599976e-06

   33  0  0
1.651974260303938e-06
1.211630031580202e-05
9.020845561354413e-06
1.032975899355386e-05

   34  0  0
1.020804626711246e-05
9.946922151032285e-06
1.002454858644209e-05
9.991651777615867e-06

   35  0  0
9.994859698869356e-06
1.000131307582793e-05
9.999392177069892e-06
1.000020821372406e-05

   36  0  0
1.000012572144418e-05
9.999967846792626e-06
1.000001489412412e-05
9.999994866266388e-06

   37  0  0
9.999996951746619e-06
1.000000078037075e-05
9.999999638291608e-06
1.000000012532977e-05

   38  0  0
1.000000007334619e-05
9.999999981202065e-06
1.000000000871233e-05
9.999999996962536e-06

   39  0  0
9.999999998243295e-06
1.000000000044610e-05
9.999999999787912e-06
1.000000000006941e-05

   40  0  0
1.000000000003816e-05
9.999999999985813e-06
1.000000000000147e-05
9.999999999994775e-06

   41  0  0
9.999999999995522e-06
9.999999999996763e-06
9.999999999996391e-06
9.999999999996547e-06

   42  0  0
9.999999999996533e-06
9.999999999996504e-06
9.999999999996513e-06
9.999999999996503e-06

   43  0  0
9.999999999996508e-06
9.999999999996508e-06
9.999999999996509e-06
9.999999999996509e-06

   44  0  0
9.999999999996509e-06
9.999999999996508e-06
9.999999999996506e-06
9.999999999996506e-06

   45  0  0
9.999999999996509e-06
9.999999999996509e-06
9.999999999996511e-06
9.999999999996508e-06

   46  0  0
9.999999999996509e-06
9.999999999996509e-06
9.999999999996509e-06
9.999999999996506e-06

   47  0  0
9.999999999996509e-06
9.999999999996509e-06
9.999999999996509e-06
9.999999999996508e-06

   48  0  0
9.999999999996509e-06
9.999999999996509e-06
9.999999999996509e-06
9.999999999996508e-06

   49  0  0
9.999999999996509e-06
9.999999999996509e-06
9.999999999996509e-06
9.999999999996506e-06

   50  0  0
9.999999999996509e-06
9.999999999996509e-06
9.999999999996508e-06
9.999999999996508e-06

   51  0  0
9.999999999996509e-06
9.999999999996509e-06
9.999999999996509e-06
9.999999999996508e-06

   52  0  0
9.999999999996509e-06
9.999999999996509e-06
9.999999999996508e-06
9.999999999996506e-06

   53  0  0
9.999999999996509e-06
9.999999999996509e-06
9.999999999996511e-06
9.999999999996508e-06

   54  0  0
9.999999999996509e-06
9.999999999996509e-06
9.999999999996509e-06
9.999999999996508e-06

   55  0  0
9.999999999996509e-06
9.999999999996509e-06
9.999999999996509e-06
9.999999999996508e-06

   56  0  0
9.999999999996509e-06
9.999999999996509e-06
9.999999999996508e-06
9.999999999996506e-06

   57  0  0
9.999999999996509e-06
9.999999999996509e-06
9.999999999996509e-06
9.999999999996508e-06

   58  0  0
9.999999999996509e-06
9.999999999996509e-06
9.999999999996508e-06
9.999999999996508e-06

   59  0  0
9.999999999996509e-06
9.999999999996509e-06
9.999999999996511e-06
9.999999999996508e-06

   60  0  0
9.999999999996509e-06
9.999999999996508e-06
9.999999999996506e-06
9.999999999996506e-06

   61  0  0
9.999999999996509e-06
9.999999999996508e-06
9.999999999996509e-06
9.999999999996508e-06

   62  0  0
9.999999999996509e-06
9.999999999996508e-06
9.999999999996506e-06
9.999999999996508e-06

   63  0  0
9.999999999996509e-06
9.999999999996509e-06
9.999999999996509e-06
9.999999999996506e-06

   64  0  0
9.999999999996509e-06
9.999999999996509e-06
9.999999999996511e-06
9.999999999996508e-06

   65  0  0
9.999999999996509e-06
9.999999999996509e-06
9.999999999996509e-06
9.999999999996508e-06

   66  0  0
9.999999999996509e-06
9.999999999996508e-06
9.999999999996508e-06
9.999999999996506e-06

   67  0  0
9.999999999996509e-06
9.999999999996508e-06
9.999999999996506e-06
9.999999999996506e-06

   68  0  0
9.999999999996509e-06
9.999999999996509e-06
9.999999999996511e-06
9.999999999996506e-06

   69  0  0
9.999999999996509e-06
9.999999999996509e-06
9.999999999996509e-06
9.999999999996506e-06

   70  0  0
9.999999999996506e-06
9.999999999996523e-06
9.999999999996475e-06
9.999999999996628e-06

   71  0  0
9.999999999996608e-06
9.999999999995852e-06
9.999999999998359e-06
9.999999999988110e-06

   72  0  0
9.999999999990499e-06
1.000000000002265e-05
9.999999999938300e-06
1.000000000023030e-05

   73  0  0
1.000000000015922e-05
9.999999999282367e-06
1.000000000158580e-05
9.999999993616733e-06

   74  0  0
9.999999995784177e-06
1.000000001905424e-05
9.999999957507456e-06
1.000000017077591e-05

   75  0  0
1.000000010566031e-05
9.999999502967939e-06
1.000000111045647e-05
9.999995529582927e-06

   76  0  0
9.999997452176519e-06
1.000001260709529e-05
9.999971759438687e-06
1.000011391340020e-05

   77  0  0
1.000005826134457e-05
9.999691067166998e-06
1.000069438368928e-05
9.997192370392512e-06

   78  0  0
9.998769493889626e-06
1.000723728193088e-05
9.983673853096284e-06
1.006646234078443e-05

   79  0  0
1.002442218795910e-05
9.838627712135537e-06
1.037412065206578e-05
8.585233484129630e-06

