#Cell 
# Element_0
# Element_1
# Element_2
0
1.164435096833320e+00
1.164320662983120e+00
1.164211245723836e+00

1
1.164205820939219e+00
1.164091428425861e+00
1.163976344553577e+00

2
1.163976081390874e+00
1.163861398728533e+00
1.163746157423941e+00

3
1.163746348914663e+00
1.163630686309011e+00
1.163515867161972e+00

4
1.163514682014036e+00
1.163402665283854e+00
1.163290504151486e+00

5
1.163293599774235e+00
1.163177397794102e+00
1.163061474090460e+00

6
1.163065879450828e+00
1.162932431376319e+00
1.162812267074944e+00

7
1.162813982470956e+00
1.162697538166169e+00
1.162580618589085e+00

8
1.162580559448372e+00
1.162463448611317e+00
1.162346282478715e+00

9
1.162346261798334e+00
1.162228883572767e+00
1.162111327874843e+00

10
1.162111256677556e+00
1.161993504114453e+00
1.161875908015549e+00

11
1.161875818203062e+00
1.161758283412640e+00
1.161640570357436e+00

12
1.161640828257325e+00
1.161522525417895e+00
1.161405009049438e+00

13
1.161407666518713e+00
1.161285655941221e+00
1.161164937291935e+00

14
1.161164579190643e+00
1.161042125237040e+00
1.160923579267659e+00

15
1.160923584438449e+00
1.160803872996325e+00
1.160684273674077e+00

16
1.160684187399764e+00
1.160564108131938e+00
1.160444108431233e+00

17
1.160444139500159e+00
1.160323635144583e+00
1.160203427060485e+00

18
1.160203324972065e+00
1.160082445104486e+00
1.159961778557215e+00

19
1.159961877925914e+00
1.159840516042502e+00
1.159719611835188e+00

20
1.159719489540559e+00
1.159597904253489e+00
1.159476440988544e+00

21
1.159476653358498e+00
1.159354474550466e+00
1.159232891117996e+00

22
1.159232946784334e+00
1.159110294600503e+00
1.158988433463419e+00

23
1.158988427515630e+00
1.158865372768880e+00
1.158743164324840e+00

24
1.158743196388332e+00
1.158619686414626e+00
1.158497052011198e+00

25
1.158497225523898e+00
1.158373280320910e+00
1.158249933990587e+00

26
1.158250230661984e+00
1.158126162526735e+00
1.158002033321786e+00

27
1.158002123702129e+00
1.157878023500959e+00
1.157753790318509e+00

28
1.157753780275137e+00
1.157628649395740e+00
1.157504455756439e+00

29
1.157504641351021e+00
1.157379089464827e+00
1.157253734284787e+00

30
1.157253821004731e+00
1.157128599445320e+00
1.157003130932918e+00

31
1.157003145464072e+00
1.156876983321004e+00
1.156751545695775e+00

32
1.156751714861989e+00
1.156625055071201e+00
1.156498566767591e+00

33
1.156498672289360e+00
1.156372235182263e+00
1.156245495509306e+00

34
1.156245514656384e+00
1.156118212764738e+00
1.155991590796138e+00

35
1.155991713871573e+00
1.155863787185698e+00
1.155736143823113e+00

36
1.155736295573535e+00
1.155608576868727e+00
1.155480498006471e+00

37
1.155480521961715e+00
1.155352086046108e+00
1.155224220306208e+00

38
1.155224286850652e+00
1.155095078768196e+00
1.154966297835603e+00

39
1.154966503794334e+00
1.154837411361882e+00
1.154707983062619e+00

40
1.154708009533931e+00
1.154578440522724e+00
1.154449230660803e+00

41
1.154449253773656e+00
1.154318773480242e+00
1.154188872976912e+00

42
1.154189114625124e+00
1.154058563503789e+00
1.153927801596768e+00

43
1.153927836219452e+00
1.153797108853096e+00
1.153666447642839e+00

44
1.153666454583949e+00
1.153534720710219e+00
1.153403694167736e+00

45
1.153403922927474e+00
1.153271868267541e+00
1.153139806226583e+00

46
1.153139875745507e+00
1.153007909564713e+00
1.152875717693086e+00

47
1.152875729882655e+00
1.152742773386046e+00
1.152610554078824e+00

48
1.152610709971714e+00
1.152477167720267e+00
1.152343857023351e+00

49
1.152344002590345e+00
1.152210646652627e+00
1.152076901701294e+00

50
1.152076921582862e+00
1.151942782569256e+00
1.151809217766695e+00

51
1.151809279349510e+00
1.151674308528817e+00
1.151539817881288e+00

52
1.151540047630171e+00
1.151405119325926e+00
1.151269863761810e+00

53
1.151269888360878e+00
1.151134578752401e+00
1.150999462250847e+00

54
1.150999472625380e+00
1.150863142396900e+00
1.150727512011049e+00

55
1.150727754951714e+00
1.150591141703856e+00
1.150454465618677e+00

56
1.150454530378485e+00
1.150317949423798e+00
1.150181128609734e+00

57
1.150181138986513e+00
1.150043530227787e+00
1.149906667931931e+00

58
1.149906811970246e+00
1.149768556430237e+00
1.149630582059999e+00

59
1.149630756658257e+00
1.149492645105990e+00
1.149354113276056e+00

60
1.149354130185022e+00
1.149215325392935e+00
1.149076955549978e+00

61
1.149076987132796e+00
1.148937225134170e+00
1.148798079300378e+00

62
1.148798335300332e+00
1.148658427592433e+00
1.148518313468580e+00

63
1.148518354524197e+00
1.148378313478787e+00
1.148238142672719e+00

64
1.148238149382595e+00
1.148097022189882e+00
1.147956671543766e+00

65
1.147956845338980e+00
1.147815124887424e+00
1.147673621788912e+00

66
1.147673783369257e+00
1.147532191674865e+00
1.147390159040127e+00

67
1.147390172572713e+00
1.147247817830026e+00
1.147105918380538e+00

68
1.147105952500912e+00
1.146962619845901e+00
1.146819922124508e+00

69
1.146820183703470e+00
1.146676668502778e+00
1.146532956834214e+00

70
1.146533004576552e+00
1.146389374648600e+00
1.146245538903553e+00

71
1.146245545608082e+00
1.146100812763098e+00
1.145956856122589e+00

72
1.145957002942653e+00
1.145811575771606e+00
1.145666462635432e+00

73
1.145666664627222e+00
1.145521319758261e+00
1.145375527454894e+00

74
1.145375540448543e+00
1.145229573523554e+00
1.145083872924971e+00

75
1.145083887895120e+00
1.144936831559338e+00
1.144790527904660e+00

76
1.144790779058006e+00
1.144643344832918e+00
1.144495882883130e+00

77
1.144495980490526e+00
1.144348578967010e+00
1.144200771241695e+00

78
1.144200779331298e+00
1.144052363658427e+00
1.143904597242243e+00

79
1.143904669975743e+00
1.143755336669262e+00
1.143606557884896e+00

80
1.143606824478180e+00
1.143457390269916e+00
1.143307640742611e+00

81
1.143307673672998e+00
1.143157971812825e+00
1.143008130001523e+00

82
1.143008134692412e+00
1.142857257624753e+00
1.142707200612915e+00

83
1.142707364095873e+00
1.142555777308388e+00
1.142404501856308e+00

84
1.142404716022498e+00
1.142253180592476e+00
1.142101167372102e+00

85
1.142101177949901e+00
1.141949013606536e+00
1.141797042246166e+00

86
1.141797053237652e+00
1.141643716919341e+00
1.141491203573305e+00

87
1.141491444163478e+00
1.141337600419135e+00
1.141183833880433e+00

88
1.141183978880698e+00
1.141030187477389e+00
1.140875893744436e+00

89
1.140875899031467e+00
1.140721188099942e+00
1.140566951748185e+00

90
1.140566986320696e+00
1.140411176782104e+00
1.140256110287803e+00

91
1.140256391367114e+00
1.140100247000480e+00
1.139943980921926e+00

92
1.139944070997959e+00
1.139787874683286e+00
1.139631244306022e+00

93
1.139631247670010e+00
1.139473944246471e+00
1.139317306883193e+00

94
1.139317376556269e+00
1.139159058839888e+00
1.139001384236538e+00

95
1.139001675941252e+00
1.138843148605922e+00
1.138684350391467e+00

96
1.138684406157819e+00
1.138525686658387e+00
1.138366633780545e+00

97
1.138366635801753e+00
1.138206702135923e+00
1.138047548302272e+00

98
1.138047652986794e+00
1.137886772515352e+00
1.137726449561113e+00

99
1.137726738299558e+00
1.137565723091072e+00
1.137404337900681e+00

100
1.137404375059760e+00
1.137243043075488e+00
1.137081464843624e+00

101
1.137081466138521e+00
1.136918859588764e+00
1.136757096016153e+00

102
1.136757226996553e+00
1.136593712485628e+00
1.136430700754202e+00

103
1.136430985773886e+00
1.136267369805570e+00
1.136103325877895e+00

104
1.136103354410579e+00
1.135939338328876e+00
1.135775124174300e+00

105
1.135775125046301e+00
1.135609795614249e+00
1.135445343208605e+00

106
1.135445487901038e+00
1.135279255866757e+00
1.135113510385691e+00

107
1.135113797775097e+00
1.134947466170549e+00
1.134780681001518e+00

108
1.134780707793569e+00
1.134613943030912e+00
1.134446978564022e+00

109
1.134446978708643e+00
1.134278871303553e+00
1.134111655474185e+00

110
1.134111800100198e+00
1.133942760267922e+00
1.133774232780701e+00

111
1.133774530695285e+00
1.133605366140366e+00
1.133435752487659e+00

112
1.133435784233914e+00
1.133266205218332e+00
1.133096372591376e+00

113
1.133096371359898e+00
1.132925429580944e+00
1.132755371294095e+00

114
1.132755501973098e+00
1.132583562716598e+00
1.132412204605205e+00

115
1.132412519306636e+00
1.132240399548872e+00
1.132067871236758e+00

116
1.132067917337360e+00
1.131895450046596e+00
1.131722627906963e+00

117
1.131722624638624e+00
1.131548794422937e+00
1.131375801355242e+00

118
1.131375905558956e+00
1.131200979219197e+00
1.131026743097225e+00

119
1.131027074303635e+00
1.130851871692617e+00
1.130676349762978e+00

120
1.130676425312962e+00
1.130500977873791e+00
1.130325043789759e+00

121
1.130325037892801e+00
1.130148269443254e+00
1.129972227074146e+00

122
1.129972296731191e+00
1.129794304846586e+00
1.129617141535264e+00

123
1.129617476704352e+00
1.129439063362337e+00
1.129260482813407e+00

124
1.129260610206989e+00
1.129082061433955e+00
1.128902898610333e+00

125
1.128902890095825e+00
1.128723135190924e+00
1.128543900781558e+00

126
1.128543936031494e+00
1.128362814353771e+00
1.128182661342548e+00

127
1.128182971822697e+00
1.128001231952991e+00
1.127819548132501e+00

128
1.127819752845037e+00
1.127637943597197e+00
1.127455451605529e+00

129
1.127455444664552e+00
1.127272644328399e+00
1.127090050117028e+00

130
1.127090059769798e+00
1.126905762861028e+00
1.126722522076334e+00

131
1.126722768456813e+00
1.126537613518765e+00
1.126352804338670e+00

132
1.126353099597338e+00
1.126167837457766e+00
1.125981944344609e+00

133
1.125981957284163e+00
1.125796014694070e+00
1.125609886064671e+00

134
1.125609881469780e+00
1.125422384859326e+00
1.125235895360531e+00

135
1.125236047963680e+00
1.125047425045740e+00
1.124859479148832e+00

136
1.124859841695707e+00
1.124670930262154e+00
1.124481602983218e+00

137
1.124481680189783e+00
1.124292422931463e+00
1.124102609839581e+00

138
1.124102597150358e+00
1.123911887868695e+00
1.123721913464301e+00

139
1.123721976529722e+00
1.123529866683469e+00
1.123338743205506e+00

140
1.123339098881484e+00
1.123146390794572e+00
1.122953642314695e+00

141
1.122953843533577e+00
1.122761003817624e+00
1.122567413773260e+00

142
1.122567400803465e+00
1.122373437307269e+00
1.122179697199910e+00

143
1.122179706362592e+00
1.121984123210231e+00
1.121789682278025e+00

144
1.121789935108718e+00
1.121593376307246e+00
1.121397258998114e+00

145
1.121397601737287e+00
1.121200860007276e+00
1.121003478508253e+00

146
1.121003508362540e+00
1.120806137667023e+00
1.120608384616909e+00

147
1.120608372182881e+00
1.120409357193884e+00
1.120211303929430e+00

148
1.120211414152841e+00
1.120011034868959e+00
1.119811581345591e+00

149
1.119811977041341e+00
1.119611082015247e+00
1.119409976814618e+00

150
1.119410145004802e+00
1.119209028308943e+00
1.119007131967622e+00

151
1.119007112501621e+00
1.118804679397006e+00
1.118602608398529e+00

152
1.118602625245957e+00
1.118398505256958e+00
1.118195592008021e+00

153
1.118195879046494e+00
1.117990767142064e+00
1.117786071161481e+00

154
1.117786427656203e+00
1.117581109693233e+00
1.117375091871753e+00

155
1.117375120999824e+00
1.117169105731262e+00
1.116962670531253e+00

156
1.116962654221781e+00
1.116754903963536e+00
1.116548139388400e+00

157
1.116548245845432e+00
1.116339019744900e+00
1.116130821696977e+00

158
1.116131235145204e+00
1.115921390956830e+00
1.115711409040774e+00

159
1.115711622231263e+00
1.115501555389007e+00
1.115290630149622e+00

160
1.115290609447886e+00
1.115079266366594e+00
1.114868106259260e+00

161
1.114868110341558e+00
1.114654940694195e+00
1.114443042276516e+00

162
1.114443289996259e+00
1.114228922242554e+00
1.114015204452138e+00

163
1.114015625009652e+00
1.113800920964179e+00
1.113585626798619e+00

164
1.113585709294477e+00
1.113370476694544e+00
1.113154551352078e+00

165
1.113154525201816e+00
1.112937588277781e+00
1.112721397857904e+00

166
1.112721451090572e+00
1.112502779257896e+00
1.112285375979191e+00

167
1.112285754652514e+00
1.112066157657061e+00
1.111846790260822e+00

168
1.111847135026015e+00
1.111627312030353e+00
1.111406625402372e+00

169
1.111406633170862e+00
1.111185860371299e+00
1.110964748733122e+00

170
1.110964729669756e+00
1.110742026044391e+00
1.110520459091124e+00

171
1.110520591388865e+00
1.110296301848533e+00
1.110073122602175e+00

172
1.110073579194650e+00
1.109848596654461e+00
1.109623464285032e+00

173
1.109623711985982e+00
1.109398448094178e+00
1.109172223041738e+00

174
1.109172198961788e+00
1.108945593302220e+00
1.108719041523943e+00

175
1.108719035846217e+00
1.108490412204819e+00
1.108263142999258e+00

176
1.108263365308219e+00
1.108033299172852e+00
1.107804137238607e+00

177
1.107804620758153e+00
1.107574027093650e+00
1.107342983721069e+00

178
1.107343150335635e+00
1.107112123460208e+00
1.106880155188704e+00

179
1.106880119912181e+00
1.106647448014370e+00
1.106415167930313e+00

180
1.106415181089660e+00
1.106180467461966e+00
1.105947211634868e+00

181
1.105947514363054e+00
1.105711469229703e+00
1.105476139481952e+00

182
1.105476622368138e+00
1.105240143256524e+00
1.105003001284125e+00

183
1.105003113364214e+00
1.104766027066284e+00
1.104528064471701e+00

184
1.104528025438513e+00
1.104289079777687e+00
1.104050773102499e+00

185
1.104050806353359e+00
1.103809805959376e+00
1.103570313499250e+00

186
1.103570676560940e+00
1.103328409677242e+00
1.103086722992903e+00

187
1.103087200522686e+00
1.102844534775139e+00
1.102601068549821e+00

188
1.102601150527023e+00
1.102357733148594e+00
1.102113490939600e+00

189
1.102113449767174e+00
1.101868027157077e+00
1.101623394874023e+00

190
1.101623443135322e+00
1.101375933547910e+00
1.101129973262649e+00

191
1.101130374433736e+00
1.100881608959286e+00
1.100633363122431e+00

192
1.100633845565129e+00
1.100384676247833e+00
1.100134630012793e+00

193
1.100134702489264e+00
1.099884694868626e+00
1.099633862377526e+00

194
1.099633818246326e+00
1.099381710449403e+00
1.099130450183858e+00

195
1.099130503117286e+00
1.098876241804207e+00
1.098623586536034e+00

196
1.098624003689501e+00
1.098368437114118e+00
1.098113417523608e+00

197
1.098113922326233e+00
1.097857917437997e+00
1.097601014938099e+00

198
1.097601097940170e+00
1.097344237829463e+00
1.097086484543745e+00

199
1.097086435829909e+00
1.096827427118785e+00
1.096569223389100e+00

200
1.096569268410905e+00
1.096308000698774e+00
1.096048414356266e+00

201
1.096048823397154e+00
1.095786137125599e+00
1.095524122095361e+00

202
1.095524666811440e+00
1.095261474499829e+00
1.094997429932756e+00

203
1.094997547843921e+00
1.094733552892433e+00
1.094468532757090e+00

204
1.094468478629776e+00
1.094202345274363e+00
1.093936857212644e+00

205
1.093936883007917e+00
1.093668351597686e+00
1.093401575123858e+00

206
1.093401947469069e+00
1.093131817588928e+00
1.092862583802976e+00

207
1.092863177674129e+00
1.092592422294531e+00
1.092320952961981e+00

208
1.092321139220123e+00
1.092049687635582e+00
1.091777045579737e+00

209
1.091776988953831e+00
1.091503494884751e+00
1.091230346239624e+00

210
1.091230345631374e+00
1.090954300470775e+00
1.090680032849876e+00

211
1.090680336798930e+00
1.090402446591474e+00
1.090125768794093e+00

212
1.090126401140513e+00
1.089847687464399e+00
1.089568528224920e+00

213
1.089568826044049e+00
1.089289535896046e+00
1.089008920066880e+00

214
1.089008874182762e+00
1.088727755278383e+00
1.088446532870959e+00

215
1.088446503702649e+00
1.088162709599768e+00
1.087880583287370e+00

216
1.087880792420252e+00
1.087594846117072e+00
1.087310482395596e+00

217
1.087311110474728e+00
1.087024042494711e+00
1.086736959676019e+00

218
1.086737411240617e+00
1.086449826764662e+00
1.086160908115604e+00

219
1.086160909133837e+00
1.085871838702628e+00
1.085582106332861e+00

220
1.085582050381566e+00
1.085290285587894e+00
1.084999844858463e+00

221
1.084999950710926e+00
1.084705686929890e+00
1.084413340357608e+00

222
1.084413888486871e+00
1.084118101930911e+00
1.083822897425658e+00

223
1.083823514097206e+00
1.083527116642095e+00
1.083229614599887e+00

224
1.083229735416711e+00
1.082932272255262e+00
1.082633603608285e+00

225
1.082633529835920e+00
1.082333560339674e+00
1.082034262151417e+00

226
1.082034279315122e+00
1.081731482156842e+00
1.081430738734522e+00

227
1.081431125915793e+00
1.081126320360916e+00
1.080822804492917e+00

228
1.080823524470039e+00
1.080517787545167e+00
1.080211496653203e+00

229
1.080211836479357e+00
1.079905383251852e+00
1.079597409280090e+00

230
1.079597356028875e+00
1.079288862782532e+00
1.078980121521387e+00

231
1.078980075374568e+00
1.078668572813220e+00
1.078358843789331e+00

232
1.078359035869453e+00
1.078044990211616e+00
1.077732895110135e+00

233
1.077733566728561e+00
1.077418051503454e+00
1.077102850098347e+00

234
1.077103463875484e+00
1.076787295101166e+00
1.076469754201061e+00

235
1.076469830988614e+00
1.076152287190761e+00
1.075833564716660e+00

236
1.075833480208316e+00
1.075513093168237e+00
1.075193626128036e+00

237
1.075193660173138e+00
1.074870234870155e+00
1.074549071113011e+00

238
1.074549522889286e+00
1.074223955079957e+00
1.073899742289963e+00

239
1.073900531413641e+00
1.073573939838542e+00
1.073246716977430e+00

240
1.073247093210733e+00
1.072919677408365e+00
1.072590586326334e+00

241
1.072590528836896e+00
1.072260913627661e+00
1.071930923982144e+00

242
1.071930863296868e+00
1.071597981239732e+00
1.071266933809466e+00

243
1.071267111393400e+00
1.070931377131135e+00
1.070597873509229e+00

244
1.070598567764656e+00
1.070261082300122e+00
1.069924194889030e+00

245
1.069924930394409e+00
1.069586646351133e+00
1.069247024502320e+00

246
1.069247185532225e+00
1.068907592388692e+00
1.068566470953521e+00

247
1.068566371710112e+00
1.068223884611318e+00
1.067881918791395e+00

248
1.067881908115367e+00
1.067536011340996e+00
1.067192487392842e+00

249
1.067192851264630e+00
1.066844331571956e+00
1.066497734662020e+00

250
1.066498582230776e+00
1.066148628789916e+00
1.065798557834490e+00

251
1.065799159606978e+00
1.065448389900393e+00
1.065095864080771e+00

252
1.065095885830417e+00
1.064743225008606e+00
1.064389430560085e+00

253
1.064389328912506e+00
1.064033289602900e+00
1.063678531503542e+00

254
1.063678591341638e+00
1.063319123399322e+00
1.062962276163528e+00

255
1.062962824164233e+00
1.062600927547489e+00
1.062240571117300e+00

256
1.062241486783116e+00
1.061878359765010e+00
1.061514538975284e+00

257
1.061515006919431e+00
1.061150886324763e+00
1.060784813878804e+00

258
1.060784759542216e+00
1.060418217476872e+00
1.060050981199599e+00

259
1.060050889386059e+00
1.059680644517065e+00
1.059312238520689e+00

260
1.059312376377402e+00
1.058938698316692e+00
1.058567739881810e+00

261
1.058568438222639e+00
1.058192453229180e+00
1.057817680723501e+00

262
1.057818621212623e+00
1.057441492802356e+00
1.057063259236600e+00

263
1.057063632502159e+00
1.056685282430067e+00
1.056304897009247e+00

264
1.056304803528634e+00
1.055923613740038e+00
1.055542074668695e+00

265
1.055541992830082e+00
1.055156858712198e+00
1.054773937863279e+00

266
1.054774141890057e+00
1.054385522919011e+00
1.053999693773353e+00

267
1.054000499876656e+00
1.053609600982846e+00
1.053219718998958e+00

268
1.053220682409959e+00
1.052828635586955e+00
1.052435227200926e+00

269
1.052435557333793e+00
1.052042093451766e+00
1.051646522606345e+00

270
1.051646408914172e+00
1.051249810405908e+00
1.050853033452710e+00

271
1.050852954036748e+00
1.050452194766076e+00
1.050053874179719e+00

272
1.050054115281914e+00
1.049649738635871e+00
1.049248272092424e+00

273
1.049249144838915e+00
1.048842405388466e+00
1.048436667920141e+00

274
1.048437678852209e+00
1.048029719769687e+00
1.047620288522687e+00

275
1.047620632107091e+00
1.047211140811852e+00
1.046799420859528e+00

276
1.046799298707081e+00
1.046386503398150e+00
1.045973479160532e+00

277
1.045973389315335e+00
1.045556215495384e+00
1.045141564238918e+00

278
1.045141802302443e+00
1.044720779265727e+00
1.044302871288056e+00

279
1.044303767129521e+00
1.043880175101436e+00
1.043457786409582e+00

280
1.043458878630940e+00
1.043033930175441e+00
1.042607562661429e+00

281
1.042607985394674e+00
1.042181484099805e+00
1.041752573150574e+00

282
1.041752457816102e+00
1.041322623905543e+00
1.040892257006068e+00

283
1.040892142189231e+00
1.040457718804169e+00
1.040025719876705e+00

284
1.040025911323345e+00
1.039587301386890e+00
1.039152079909386e+00

285
1.039152942589322e+00
1.038711419753586e+00
1.038271543177738e+00

286
1.038272739080515e+00
1.037829628952740e+00
1.037385373248794e+00

287
1.037385955685862e+00
1.036941343911063e+00
1.036494138964550e+00

288
1.036494063338129e+00
1.036046260806551e+00
1.035597358953576e+00

289
1.035597207929875e+00
1.035144660976685e+00
1.034694166070200e+00

290
1.034694273033057e+00
1.034237108753328e+00
1.033783589298193e+00

291
1.033784344031969e+00
1.033323772797099e+00
1.032865530060998e+00

292
1.032866812611063e+00
1.032404274687545e+00
1.031941172441473e+00

293
1.031942004868827e+00
1.031478014282757e+00
1.031011380380692e+00

294
1.031011415900750e+00
1.030544567232010e+00
1.030075845975577e+00

295
1.030075659052327e+00
1.029604064972397e+00
1.029133755576487e+00

296
1.029133755133096e+00
1.028657067895329e+00
1.028184084945399e+00

297
1.028184649397425e+00
1.027703908824862e+00
1.027226346487063e+00

298
1.027227628068777e+00
1.026744336060732e+00
1.026261450637483e+00

299
1.026262599350002e+00
1.025777765222711e+00
1.025290582544518e+00

300
1.025290861127990e+00
1.024803649408421e+00
1.024313767213899e+00

301
1.024313576760529e+00
1.023821906226812e+00
1.023330284803935e+00

302
1.023330172965556e+00
1.022833007157923e+00
1.022339129749110e+00

303
1.022339446102682e+00
1.021837452532090e+00
1.021339446179634e+00

304
1.021340561312440e+00
1.020835200420126e+00
1.020331610114196e+00

305
1.020333043657615e+00
1.019825740508020e+00
1.019316966485916e+00

306
1.019317669499402e+00
1.018808442090646e+00
1.018296073905422e+00

307
1.018295992157346e+00
1.017782970791014e+00
1.017268413065312e+00

308
1.017268206496436e+00
1.016749585621517e+00
1.016233063959209e+00

309
1.016233129992378e+00
1.015708872505449e+00
1.015188959459832e+00

310
1.015189724955238e+00
1.014661075859004e+00
1.014135768710074e+00

311
1.014137276412041e+00
1.013605857715354e+00
1.013074572021577e+00

312
1.013075824527194e+00
1.012542583366334e+00
1.012006527747934e+00

313
1.012006803682037e+00
1.011470692113896e+00
1.010931576438364e+00

314
1.010931347811444e+00
1.010390115404011e+00
1.009848938659559e+00

315
1.009848800441873e+00
1.009301339168767e+00
1.008757550439488e+00

316
1.008757883933813e+00
1.008204879097375e+00
1.007656485601479e+00

317
1.007657702677786e+00
1.007100708065290e+00
1.006546037776488e+00

318
1.006547704353295e+00
1.005988304407548e+00
1.005427593696230e+00

319
1.005428546857704e+00
1.004866990540670e+00
1.004301883076724e+00

320
1.004301877354756e+00
1.003736337936032e+00
1.003168454413631e+00

321
1.003168189518350e+00
1.002596506640569e+00
1.002026378849791e+00

322
1.002026348228228e+00
1.001448082972152e+00
1.000874512209560e+00

323
1.000875153126001e+00
1.000291437389932e+00
9.997121984693217e-01

324
9.997137742777286e-01
9.991263366096859e-01
9.985402247612556e-01

325
9.985419056344266e-01
9.979521509214420e-01
9.973599940160885e-01

326
9.973606864745411e-01
9.967682045849603e-01
9.961718495178385e-01

327
9.961716871064403e-01
9.955742011342793e-01
9.949751225119321e-01

328
9.949748597374261e-01
9.943704566629972e-01
9.937687744572641e-01

329
9.937688614580080e-01
9.931575773355863e-01
9.925516389847375e-01

330
9.925525611815971e-01
9.919357983875551e-01
9.913233240663898e-01

331
9.913251596275774e-01
9.907047523868935e-01
9.900849176923207e-01

332
9.900865896662854e-01
9.894637435675737e-01
9.888377418362930e-01

333
9.888382749073381e-01
9.882121076499799e-01
9.875818899646527e-01

334
9.875816442634834e-01
9.869496378470268e-01
9.863165717597606e-01

335
9.863163121203666e-01
9.856767357303615e-01
9.850406660135411e-01

336
9.850408443734682e-01
9.843940005288989e-01
9.837529978154654e-01

337
9.837541276242939e-01
9.831015829364406e-01
9.824533325451869e-01

338
9.824553675697070e-01
9.817990394892899e-01
9.811429036484340e-01

339
9.811446330308684e-01
9.804856293113723e-01
9.798229883843814e-01

340
9.798234810733532e-01
9.791606804032891e-01
9.784935725385460e-01

341
9.784932836617656e-01
9.778240124076918e-01
9.771538000386473e-01

342
9.771535225412274e-01
9.764760537137430e-01
9.758024907418704e-01

343
9.758026994565164e-01
9.751174048007833e-01
9.744384309967986e-01

344
9.744396647483434e-01
9.737481974462044e-01
9.730613869225184e-01

345
9.730635899459825e-01
9.723679614738451e-01
9.716726198401660e-01

346
9.716745254245386e-01
9.709759218855721e-01
9.702734577371229e-01

347
9.702740487518903e-01
9.695713643486769e-01
9.688639191554732e-01

348
9.688636221885223e-01
9.681540620190678e-01
9.674431289381861e-01

349
9.674428009108808e-01
9.667244142219786e-01
9.660098709856129e-01

350
9.660100263512429e-01
9.652830403263711e-01
9.645628488767830e-01

351
9.645640549643546e-01
9.638301248320075e-01
9.631016549874470e-01

352
9.631039798258352e-01
9.623652236148189e-01
9.616274481153541e-01

353
9.616296657938981e-01
9.608875408135049e-01
9.601417005148404e-01

354
9.601425731562794e-01
9.593962860014175e-01
9.586446248582087e-01

355
9.586443867175635e-01
9.578911087882702e-01
9.571353882289215e-01

356
9.571349802028782e-01
9.563723098754116e-01
9.556127655321136e-01

357
9.556127799342968e-01
9.548405266646605e-01
9.540753587487565e-01

358
9.540763785150753e-01
9.532960672293052e-01
9.525224267723255e-01

359
9.525247536531750e-01
9.517385833462197e-01
9.509548262016790e-01

360
9.509574507112355e-01
9.501672875216935e-01
9.493741896615790e-01

361
9.493755899968738e-01
9.485812986995330e-01
9.477811196379471e-01

362
9.477810963000831e-01
9.469800716317912e-01
9.461749387389460e-01

363
9.461744529043689e-01
9.453637136597576e-01
9.445544468647692e-01

364
9.445542508469430e-01
9.437328295433004e-01
9.429181779303074e-01

365
9.429188500250422e-01
9.420878991487817e-01
9.412649725315897e-01

366
9.412670652947055e-01
9.404287664087939e-01
9.395951073164845e-01

367
9.395980848772248e-01
9.387547131721033e-01
9.379102026476454e-01

368
9.379123968689614e-01
9.370647906482849e-01
9.362114268171831e-01

369
9.362119376566114e-01
9.353582168429779e-01
9.344984850981094e-01

370
9.344980225224494e-01
9.336347932328795e-01
9.327702612515818e-01

371
9.327698259373031e-01
9.318949666958594e-01
9.310252960902451e-01

372
9.310255096007243e-01
9.301393638337896e-01
9.292620746370258e-01

373
9.292636170739410e-01
9.283681280839546e-01
9.274800478856107e-01

374
9.274830471883787e-01
9.265807235763079e-01
9.256803755276997e-01

375
9.256834686734929e-01
9.247762062241287e-01
9.238647475114082e-01

376
9.238662855657290e-01
9.229535816973149e-01
9.220336107561536e-01

377
9.220335153168996e-01
9.211122547073965e-01
9.201861105724634e-01

378
9.201854991062731e-01
9.192523247755031e-01
9.183208661769441e-01

379
9.183206026241877e-01
9.173744023851778e-01
9.164362146386590e-01

380
9.164369647411109e-01
9.154789694509822e-01
9.145307921079825e-01

381
9.145332098786350e-01
9.135658433926850e-01
9.126047098991857e-01

382
9.126083310040711e-01
9.116342212735027e-01
9.106596200845111e-01

383
9.106625909305286e-01
9.096830103195945e-01
9.086969423101474e-01

384
9.086979439289502e-01
9.077112233137445e-01
9.067165476770992e-01

385
9.067161072223188e-01
9.057184311343167e-01
9.047172526231207e-01

386
9.047166020656012e-01
9.037049225629392e-01
9.026974543374409e-01

387
9.026973944275274e-01
9.016713441449347e-01
9.006553448199092e-01

388
9.006566351689982e-01
8.996180008378095e-01
8.985897555839603e-01

389
8.985929235200083e-01
8.975444615616700e-01
8.965012706973180e-01

390
8.965053599321597e-01
8.954497288181672e-01
8.943917460097911e-01

391
8.943946595120355e-01
8.933325881064555e-01
8.922623275446274e-01

392
8.922630303968525e-01
8.911920395502740e-01
8.901125253923720e-01

393
8.901118891994498e-01
8.890277325307503e-01
8.879409298444730e-01

394
8.879402435311444e-01
8.868400349144359e-01
8.857457335226748e-01

395
8.857458204000409e-01
8.846295756878243e-01
8.835249867469984e-01

396
8.835266919895017e-01
8.823965302578256e-01
8.812775876477796e-01

397
8.812813554773422e-01
8.801403006360008e-01
8.790043279771668e-01

398
8.790089192569682e-01
8.778597326156169e-01
8.767071538531666e-01

399
8.767102853241167e-01
8.755534763149371e-01
8.743871054496685e-01

400
8.743877876215200e-01
8.732204409592486e-01
8.720435181052889e-01

401
8.720427672219002e-01
8.708602297636869e-01
8.696748043228649e-01

402
8.696740198055003e-01
8.684731878566088e-01
8.672789607560901e-01

403
8.672790471756509e-01
8.660599194851980e-01
8.648538341093134e-01

404
8.648557179695390e-01
8.636205525396469e-01
8.623981452502429e-01

405
8.624023427650395e-01
8.611544012042146e-01
8.599125959034446e-01

406
8.599178406780807e-01
8.586601769711147e-01
8.573991903451745e-01

407
8.574029733935019e-01
8.561363556776047e-01
8.548591019253181e-01

408
8.548601364744748e-01
8.535816405597064e-01
8.522916833172001e-01

409
8.522909157990376e-01
8.509954319256871e-01
8.496952105860972e-01

410
8.496942332535152e-01
8.483779315526305e-01
8.470674875472517e-01

411
8.470673579273389e-01
8.457297084973568e-01
8.444060744668292e-01

412
8.444077975341824e-01
8.430509337447523e-01
8.417092228711235e-01

413
8.417135665491224e-01
8.403409263488717e-01
8.389771635011662e-01

414
8.389831747755219e-01
8.375982934718194e-01
8.362118469513110e-01

415
8.362168338795821e-01
8.348212973079079e-01
8.334148247604207e-01

416
8.334168110469453e-01
8.320083071927272e-01
8.305857416477308e-01

417
8.305852197569589e-01
8.291583259817975e-01
8.277228183960688e-01

418
8.277215877814982e-01
8.262712280829424e-01
8.248236686998823e-01

419
8.248230853035607e-01
8.233474658038662e-01
8.218855224049777e-01

420
8.218866685543892e-01
8.203873142988743e-01
8.189059127326004e-01

421
8.189098885884192e-01
8.173902185468785e-01
8.158840989513397e-01

422
8.158906878162282e-01
8.143547488319387e-01
8.128215782775230e-01

423
8.128282713809303e-01
8.112789427623435e-01
8.097203709341588e-01

424
8.097242485660904e-01
8.081607306930234e-01
8.065808233249157e-01

425
8.065812465059155e-01
8.049984947016795e-01
8.034013311126652e-01

426
8.033999959492037e-01
8.017914975248496e-01
8.001793300807130e-01

427
8.001781101089284e-01
7.985398356160712e-01
7.969117324814516e-01

428
7.969118984969427e-01
7.952438242963373e-01
7.935952709028283e-01

429
7.935981418796539e-01
7.919031547784138e-01
7.902277379266214e-01

430
7.902341053649717e-01
7.885164995735801e-01
7.868093373426337e-01

431
7.868177020995232e-01
7.850817189352847e-01
7.833421109675285e-01

432
7.833489742381742e-01
7.815962653245080e-01
7.798274717082407e-01

433
7.798303225535381e-01
7.780577007248508e-01
7.762645560213174e-01

434
7.762639370887598e-01
7.744642982260933e-01
7.726507596139952e-01

435
7.726489759975048e-01
7.708153319042030e-01
7.689826797982178e-01

436
7.689816043274014e-01
7.671107957202463e-01
7.652563676014831e-01

437
7.652574351332445e-01
7.633505808668211e-01
7.614679816676325e-01

438
7.614727231811991e-01
7.595336512347973e-01
7.576153897823846e-01

439
7.576241244388795e-01
7.556578388658021e-01
7.536992308125088e-01

440
7.537093646255267e-01
7.517201627333183e-01
7.497215363297874e-01

441
7.497289022995561e-01
7.477172787650513e-01
7.456829478071257e-01

442
7.456853413376078e-01
7.436460909081211e-01
7.415814917258654e-01

443
7.415802098877452e-01
7.395043759615645e-01
7.374134805403422e-01

444
7.374112723741998e-01
7.352909915430784e-01
7.331743686046368e-01

445
7.331733053907319e-01
7.310054474518766e-01
7.288589767487283e-01

446
7.288607957579555e-01
7.266469430712456e-01
7.244623880330479e-01

447
7.244688826050975e-01
7.222135156936134e-01
7.199818066003709e-01

448
7.199930683648236e-01
7.177018901732778e-01
7.154175405554367e-01

449
7.154301931136284e-01
7.131078398413828e-01
7.107712269133133e-01

450
7.107802745629148e-01
7.084266801356801e-01
7.060427192662539e-01

451
7.060456267914909e-01
7.036539620705645e-01
7.012288133129229e-01

452
7.012271719807007e-01
6.987861717476606e-01
6.963242626358431e-01

453
6.963214025493543e-01
6.938209674336495e-01
6.913227046056525e-01

454
6.913212041317127e-01
6.887567120761361e-01
6.862168813719707e-01

455
6.862189059701150e-01
6.835913871635955e-01
6.809995954540931e-01

456
6.810074393861548e-01
6.783215686687686e-01
6.756658371199568e-01

457
6.756799898283180e-01
6.729421523873360e-01
6.702141811935506e-01

458
6.702309477279917e-01
6.674466929045625e-01
6.646451182603896e-01

459
6.646581986202287e-01
6.618279192972788e-01
6.589573935506049e-01

460
6.589627357827049e-01
6.560784866509835e-01
6.531459549293478e-01

461
6.531446350297727e-01
6.501918342620497e-01
6.472027634372152e-01

462
6.471988902554080e-01
6.441626088903691e-01
6.411180088842610e-01

463
6.411152142202705e-01
6.379863121443928e-01
6.348803503233560e-01

464
6.348814945788626e-01
6.316581218445543e-01
6.284776390811713e-01

465
6.284858737672436e-01
6.251714891352753e-01
6.218992157401524e-01

466
6.219164403330972e-01
6.185174280219290e-01
6.151383187789162e-01

467
6.151616250848019e-01
6.116846506831444e-01
6.081914381096059e-01

468
6.082129711974815e-01
6.046600269511668e-01
6.010541570335263e-01

469
6.010664386109281e-01
5.974292792322039e-01
5.937172457667894e-01

470
5.937187506471269e-01
5.899780078494580e-01
5.861662338050058e-01

471
5.861614045949763e-01
5.822924672369478e-01
5.783829174323079e-01

472
5.783774426356864e-01
5.743595313505131e-01
5.703458388074879e-01

473
5.703441423814024e-01
5.661655569756910e-01
5.620303182576526e-01

474
5.620369035151791e-01
5.576943219435307e-01
5.534101956397456e-01

475
5.534297020375664e-01
5.489252316911380e-01
5.444614142287604e-01

476
5.444943431811708e-01
5.398324799371593e-01
5.351637786217971e-01

477
5.352022371482408e-01
5.303848680425409e-01
5.254976583120723e-01

478
5.255284918874701e-01
5.205460477884806e-01
5.154370031033380e-01

479
5.154509538594680e-01
5.102745383842342e-01
5.049441615385772e-01

480
5.049420095996504e-01
4.995248942361210e-01
4.939702002493677e-01

481
4.939604717337884e-01
4.882472143639863e-01
4.824535296375854e-01

482
4.824449441864415e-01
4.763845819345937e-01
4.703192614631065e-01

483
4.703196194743822e-01
4.638719073600923e-01
4.574760282615236e-01

484
4.574957132992934e-01
4.506232307999883e-01
4.438115981559413e-01

485
4.438589483405519e-01
4.365329804256169e-01
4.292066735671791e-01

486
4.292853964574098e-01
4.214618985201746e-01
4.135058693814274e-01

487
4.135963964477332e-01
4.052136798068249e-01
3.965293062708069e-01

488
3.966022316823864e-01
3.875693438785002e-01
3.780294209876598e-01

489
3.780745056899069e-01
3.681386145530021e-01
3.575695571285897e-01

490
3.575499521941413e-01
3.464908326059459e-01
3.347147655828044e-01

491
3.347182538595793e-01
3.219081190869164e-01
3.083147265401934e-01

492
3.082870681201013e-01
2.929038038756187e-01
2.769600913353333e-01

493
2.769660792499577e-01
2.580394492753816e-01
2.374634270145366e-01

494
2.383060895844598e-01
2.087744480076813e-01
1.749884819224364e-01

495
1.740017936607018e-01
1.304606062213327e-01
7.506981666371396e-02

496
7.122541738402528e-02
5.942520846296955e-02
5.484305694928571e-02

497
5.566604943220285e-02
5.617880307253036e-02
5.625880783109258e-02

498
5.624487916187704e-02
5.623520848660274e-02
5.623364998074548e-02

499
5.623392346211106e-02
5.623411173597932e-02
5.623414190021149e-02

500
5.623413656537186e-02
5.623413291838510e-02
5.623413233744681e-02

501
5.623413244110004e-02
5.623413251140195e-02
5.623413252252733e-02

502
5.623413252052243e-02
5.623413251917470e-02
5.623413251896302e-02

503
5.623413251900160e-02
5.623413251902727e-02
5.623413251903128e-02

504
5.623413251903053e-02
5.623413251903005e-02
5.623413251902997e-02

505
5.623413251902998e-02
5.623413251903000e-02
5.623413251903000e-02

506
5.623413251903000e-02
5.623413251903000e-02
5.623413251903000e-02

507
5.623413251903000e-02
5.623413251903000e-02
5.623413251903000e-02

508
5.623413251903000e-02
5.623413251903000e-02
5.623413251903000e-02

509
5.623413251903000e-02
5.623413251903000e-02
5.623413251903000e-02

510
5.623413251903000e-02
5.623413251903000e-02
5.623413251903000e-02

511
5.623413251903000e-02
5.623413251903000e-02
5.623413251903000e-02

512
5.623413251903000e-02
5.623413251903000e-02
5.623413251903000e-02

513
5.623413251903000e-02
5.623413251903000e-02
5.623413251903000e-02

514
5.623413251903000e-02
5.623413251903000e-02
5.623413251903000e-02

515
5.623413251903000e-02
5.623413251903000e-02
5.623413251903000e-02

516
5.623413251903000e-02
5.623413251903000e-02
5.623413251903000e-02

517
5.623413251903000e-02
5.623413251903000e-02
5.623413251903000e-02

518
5.623413251903000e-02
5.623413251903000e-02
5.623413251903000e-02

519
5.623413251903000e-02
5.623413251903000e-02
5.623413251903000e-02

520
5.623413251903000e-02
5.623413251903000e-02
5.623413251903000e-02

521
5.623413251903000e-02
5.623413251903000e-02
5.623413251903000e-02

522
5.623413251903000e-02
5.623413251903000e-02
5.623413251903000e-02

523
5.623413251903000e-02
5.623413251903000e-02
5.623413251903000e-02

524
5.623413251903000e-02
5.623413251903000e-02
5.623413251903000e-02

525
5.623413251903000e-02
5.623413251903000e-02
5.623413251903000e-02

526
5.623413251903000e-02
5.623413251903000e-02
5.623413251903000e-02

527
5.623413251903000e-02
5.623413251903000e-02
5.623413251903000e-02

528
5.623413251903000e-02
5.623413251903000e-02
5.623413251903000e-02

529
5.623413251903000e-02
5.623413251903000e-02
5.623413251903000e-02

530
5.623413251903000e-02
5.623413251903000e-02
5.623413251903000e-02

531
5.623413251903000e-02
5.623413251903000e-02
5.623413251903000e-02

532
5.623413251903000e-02
5.623413251903000e-02
5.623413251903000e-02

533
5.623413251903000e-02
5.623413251903000e-02
5.623413251903000e-02

534
5.623413251903000e-02
5.623413251903000e-02
5.623413251903000e-02

535
5.623413251903000e-02
5.623413251903000e-02
5.623413251903000e-02

536
5.623413251903000e-02
5.623413251903000e-02
5.623413251903000e-02

537
5.623413251903000e-02
5.623413251903000e-02
5.623413251903000e-02

538
5.623413251903000e-02
5.623413251903000e-02
5.623413251903000e-02

539
5.623413251903000e-02
5.623413251903000e-02
5.623413251903000e-02

540
5.623413251903000e-02
5.623413251903000e-02
5.623413251903000e-02

541
5.623413251903000e-02
5.623413251903000e-02
5.623413251903000e-02

542
5.623413251903000e-02
5.623413251903000e-02
5.623413251903000e-02

543
5.623413251903000e-02
5.623413251903000e-02
5.623413251903000e-02

544
5.623413251903000e-02
5.623413251903000e-02
5.623413251903000e-02

545
5.623413251903000e-02
5.623413251903000e-02
5.623413251903000e-02

546
5.623413251903000e-02
5.623413251903000e-02
5.623413251903000e-02

547
5.623413251903000e-02
5.623413251903000e-02
5.623413251903000e-02

548
5.623413251903000e-02
5.623413251903000e-02
5.623413251903000e-02

549
5.623413251903000e-02
5.623413251903000e-02
5.623413251903000e-02

550
5.623413251903000e-02
5.623413251903000e-02
5.623413251903000e-02

551
5.623413251903000e-02
5.623413251903000e-02
5.623413251903000e-02

552
5.623413251903000e-02
5.623413251903000e-02
5.623413251903000e-02

553
5.623413251903000e-02
5.623413251903000e-02
5.623413251903000e-02

554
5.623413251903000e-02
5.623413251903000e-02
5.623413251903000e-02

555
5.623413251903000e-02
5.623413251903000e-02
5.623413251903000e-02

556
5.623413251903000e-02
5.623413251903000e-02
5.623413251903000e-02

557
5.623413251903000e-02
5.623413251903000e-02
5.623413251903000e-02

558
5.623413251903000e-02
5.623413251903000e-02
5.623413251903000e-02

559
5.623413251903000e-02
5.623413251903000e-02
5.623413251903000e-02

560
5.623413251903000e-02
5.623413251903000e-02
5.623413251903000e-02

561
5.623413251903000e-02
5.623413251903000e-02
5.623413251903000e-02

562
5.623413251903000e-02
5.623413251903000e-02
5.623413251903000e-02

563
5.623413251903000e-02
5.623413251903000e-02
5.623413251903000e-02

564
5.623413251903000e-02
5.623413251903000e-02
5.623413251903000e-02

565
5.623413251903000e-02
5.623413251903000e-02
5.623413251903000e-02

566
5.623413251903000e-02
5.623413251903000e-02
5.623413251903000e-02

567
5.623413251903000e-02
5.623413251903000e-02
5.623413251903000e-02

568
5.623413251903000e-02
5.623413251903000e-02
5.623413251903000e-02

569
5.623413251903000e-02
5.623413251903000e-02
5.623413251903000e-02

570
5.623413251903000e-02
5.623413251903000e-02
5.623413251903000e-02

571
5.623413251903000e-02
5.623413251903000e-02
5.623413251903000e-02

572
5.623413251903000e-02
5.623413251903000e-02
5.623413251903000e-02

573
5.623413251903000e-02
5.623413251903000e-02
5.623413251903000e-02

574
5.623413251903000e-02
5.623413251903000e-02
5.623413251903000e-02

575
5.623413251903000e-02
5.623413251903000e-02
5.623413251903000e-02

576
5.623413251903000e-02
5.623413251903000e-02
5.623413251903000e-02

577
5.623413251903000e-02
5.623413251903000e-02
5.623413251903000e-02

578
5.623413251903000e-02
5.623413251903000e-02
5.623413251903000e-02

579
5.623413251903000e-02
5.623413251903000e-02
5.623413251903000e-02

580
5.623413251903000e-02
5.623413251903000e-02
5.623413251903000e-02

581
5.623413251903000e-02
5.623413251903000e-02
5.623413251903000e-02

582
5.623413251903000e-02
5.623413251903000e-02
5.623413251903000e-02

583
5.623413251903000e-02
5.623413251903000e-02
5.623413251903000e-02

584
5.623413251903000e-02
5.623413251903000e-02
5.623413251903000e-02

585
5.623413251903000e-02
5.623413251903000e-02
5.623413251903000e-02

586
5.623413251903000e-02
5.623413251903000e-02
5.623413251903000e-02

587
5.623413251903000e-02
5.623413251903000e-02
5.623413251903000e-02

588
5.623413251903000e-02
5.623413251903000e-02
5.623413251903000e-02

589
5.623413251903000e-02
5.623413251903000e-02
5.623413251903000e-02

590
5.623413251903000e-02
5.623413251903000e-02
5.623413251903000e-02

591
5.623413251903000e-02
5.623413251903000e-02
5.623413251903000e-02

592
5.623413251903000e-02
5.623413251903000e-02
5.623413251903000e-02

593
5.623413251903000e-02
5.623413251903000e-02
5.623413251903000e-02

594
5.623413251903000e-02
5.623413251903000e-02
5.623413251903000e-02

595
5.623413251903000e-02
5.623413251903000e-02
5.623413251903000e-02

596
5.623413251903000e-02
5.623413251903000e-02
5.623413251903000e-02

597
5.623413251903000e-02
5.623413251903000e-02
5.623413251903000e-02

598
5.623413251903000e-02
5.623413251903000e-02
5.623413251903000e-02

599
5.623413251903000e-02
5.623413251903000e-02
5.623413251903000e-02

600
5.623413251903000e-02
5.623413251903000e-02
5.623413251903000e-02

601
5.623413251903000e-02
5.623413251903000e-02
5.623413251903000e-02

602
5.623413251903000e-02
5.623413251903000e-02
5.623413251903000e-02

603
5.623413251903000e-02
5.623413251903000e-02
5.623413251903000e-02

604
5.623413251903000e-02
5.623413251903000e-02
5.623413251903000e-02

605
5.623413251903000e-02
5.623413251903000e-02
5.623413251903000e-02

606
5.623413251903000e-02
5.623413251903000e-02
5.623413251903000e-02

607
5.623413251903000e-02
5.623413251903000e-02
5.623413251903000e-02

608
5.623413251903000e-02
5.623413251903000e-02
5.623413251903000e-02

609
5.623413251903000e-02
5.623413251903000e-02
5.623413251903000e-02

610
5.623413251903000e-02
5.623413251903000e-02
5.623413251903000e-02

611
5.623413251903000e-02
5.623413251903000e-02
5.623413251903000e-02

612
5.623413251903000e-02
5.623413251903000e-02
5.623413251903000e-02

613
5.623413251903000e-02
5.623413251903000e-02
5.623413251903000e-02

614
5.623413251903000e-02
5.623413251903000e-02
5.623413251903000e-02

615
5.623413251903000e-02
5.623413251903000e-02
5.623413251903000e-02

616
5.623413251903000e-02
5.623413251903000e-02
5.623413251903000e-02

617
5.623413251903000e-02
5.623413251903000e-02
5.623413251903000e-02

618
5.623413251903000e-02
5.623413251903000e-02
5.623413251903000e-02

619
5.623413251903000e-02
5.623413251903000e-02
5.623413251903000e-02

620
5.623413251903000e-02
5.623413251903000e-02
5.623413251903000e-02

621
5.623413251903000e-02
5.623413251903000e-02
5.623413251903000e-02

622
5.623413251903000e-02
5.623413251903000e-02
5.623413251903000e-02

623
5.623413251903000e-02
5.623413251903000e-02
5.623413251903000e-02

624
5.623413251903000e-02
5.623413251903000e-02
5.623413251903000e-02

625
5.623413251903000e-02
5.623413251903000e-02
5.623413251903000e-02

626
5.623413251903000e-02
5.623413251903000e-02
5.623413251903000e-02

627
5.623413251903000e-02
5.623413251903000e-02
5.623413251903000e-02

628
5.623413251903000e-02
5.623413251903000e-02
5.623413251903000e-02

629
5.623413251903000e-02
5.623413251903000e-02
5.623413251903000e-02

630
5.623413251903000e-02
5.623413251903000e-02
5.623413251903000e-02

631
5.623413251903000e-02
5.623413251903000e-02
5.623413251903000e-02

632
5.623413251903000e-02
5.623413251903000e-02
5.623413251903000e-02

633
5.623413251903000e-02
5.623413251903000e-02
5.623413251903000e-02

634
5.623413251903000e-02
5.623413251903000e-02
5.623413251903000e-02

635
5.623413251903000e-02
5.623413251903000e-02
5.623413251903000e-02

636
5.623413251903000e-02
5.623413251903000e-02
5.623413251903000e-02

637
5.623413251903000e-02
5.623413251903000e-02
5.623413251903000e-02

638
5.623413251903000e-02
5.623413251903000e-02
5.623413251903000e-02

639
5.623413251903000e-02
5.623413251903000e-02
5.623413251903000e-02

640
5.623413251903000e-02
5.623413251903000e-02
5.623413251903000e-02

641
5.623413251903000e-02
5.623413251903000e-02
5.623413251903000e-02

642
5.623413251903000e-02
5.623413251903000e-02
5.623413251903000e-02

643
5.623413251903000e-02
5.623413251903000e-02
5.623413251903000e-02

644
5.623413251903000e-02
5.623413251903000e-02
5.623413251903000e-02

645
5.623413251903000e-02
5.623413251903000e-02
5.623413251903000e-02

646
5.623413251903000e-02
5.623413251903000e-02
5.623413251903000e-02

647
5.623413251903000e-02
5.623413251903000e-02
5.623413251903000e-02

648
5.623413251903000e-02
5.623413251903000e-02
5.623413251903000e-02

649
5.623413251903000e-02
5.623413251903000e-02
5.623413251903000e-02

650
5.623413251903000e-02
5.623413251903000e-02
5.623413251903000e-02

651
5.623413251903000e-02
5.623413251903000e-02
5.623413251903000e-02

652
5.623413251903000e-02
5.623413251903000e-02
5.623413251903000e-02

653
5.623413251903000e-02
5.623413251903000e-02
5.623413251903000e-02

654
5.623413251903000e-02
5.623413251903000e-02
5.623413251903000e-02

655
5.623413251903000e-02
5.623413251903000e-02
5.623413251903000e-02

656
5.623413251903000e-02
5.623413251903000e-02
5.623413251903000e-02

657
5.623413251903000e-02
5.623413251903000e-02
5.623413251903000e-02

658
5.623413251903000e-02
5.623413251903000e-02
5.623413251903000e-02

659
5.623413251903000e-02
5.623413251903000e-02
5.623413251903000e-02

660
5.623413251903000e-02
5.623413251903000e-02
5.623413251903000e-02

661
5.623413251903000e-02
5.623413251903000e-02
5.623413251903000e-02

662
5.623413251903000e-02
5.623413251903000e-02
5.623413251903000e-02

663
5.623413251903000e-02
5.623413251903000e-02
5.623413251903000e-02

664
5.623413251903000e-02
5.623413251903000e-02
5.623413251903000e-02

665
5.623413251903000e-02
5.623413251903000e-02
5.623413251903000e-02

666
5.623413251903000e-02
5.623413251903000e-02
5.623413251903000e-02

667
5.623413251903000e-02
5.623413251903000e-02
5.623413251903000e-02

668
5.623413251903000e-02
5.623413251903000e-02
5.623413251903000e-02

669
5.623413251903000e-02
5.623413251903000e-02
5.623413251903000e-02

670
5.623413251903000e-02
5.623413251903000e-02
5.623413251903000e-02

671
5.623413251903000e-02
5.623413251903000e-02
5.623413251903000e-02

672
5.623413251903000e-02
5.623413251903000e-02
5.623413251903000e-02

673
5.623413251903000e-02
5.623413251903000e-02
5.623413251903000e-02

674
5.623413251903000e-02
5.623413251903000e-02
5.623413251903000e-02

675
5.623413251903000e-02
5.623413251903000e-02
5.623413251903000e-02

676
5.623413251903000e-02
5.623413251903000e-02
5.623413251903000e-02

677
5.623413251903000e-02
5.623413251903000e-02
5.623413251903000e-02

678
5.623413251903000e-02
5.623413251903000e-02
5.623413251903000e-02

679
5.623413251903000e-02
5.623413251903000e-02
5.623413251903000e-02

680
5.623413251903000e-02
5.623413251903000e-02
5.623413251903000e-02

681
5.623413251903000e-02
5.623413251903000e-02
5.623413251903000e-02

682
5.623413251903000e-02
5.623413251903000e-02
5.623413251903000e-02

683
5.623413251903000e-02
5.623413251903000e-02
5.623413251903000e-02

684
5.623413251903000e-02
5.623413251903000e-02
5.623413251903000e-02

685
5.623413251903000e-02
5.623413251903000e-02
5.623413251903000e-02

686
5.623413251903000e-02
5.623413251903000e-02
5.623413251903000e-02

687
5.623413251903000e-02
5.623413251903000e-02
5.623413251903000e-02

688
5.623413251903000e-02
5.623413251903000e-02
5.623413251903000e-02

689
5.623413251903000e-02
5.623413251903000e-02
5.623413251903000e-02

690
5.623413251903000e-02
5.623413251903000e-02
5.623413251903000e-02

691
5.623413251903000e-02
5.623413251903000e-02
5.623413251903000e-02

692
5.623413251903000e-02
5.623413251903000e-02
5.623413251903000e-02

693
5.623413251903000e-02
5.623413251903000e-02
5.623413251903000e-02

694
5.623413251903000e-02
5.623413251903000e-02
5.623413251903000e-02

695
5.623413251903000e-02
5.623413251903000e-02
5.623413251903000e-02

696
5.623413251903000e-02
5.623413251903000e-02
5.623413251903000e-02

697
5.623413251903000e-02
5.623413251903000e-02
5.623413251903000e-02

698
5.623413251903000e-02
5.623413251903000e-02
5.623413251903000e-02

699
5.623413251903000e-02
5.623413251903000e-02
5.623413251903000e-02

700
5.623413251903000e-02
5.623413251903000e-02
5.623413251903000e-02

701
5.623413251903000e-02
5.623413251903000e-02
5.623413251903000e-02

702
5.623413251903000e-02
5.623413251903000e-02
5.623413251903000e-02

703
5.623413251903000e-02
5.623413251903000e-02
5.623413251903000e-02

704
5.623413251903000e-02
5.623413251903000e-02
5.623413251903000e-02

705
5.623413251903000e-02
5.623413251903000e-02
5.623413251903000e-02

706
5.623413251903000e-02
5.623413251903000e-02
5.623413251903000e-02

707
5.623413251903000e-02
5.623413251903000e-02
5.623413251903000e-02

708
5.623413251903000e-02
5.623413251903000e-02
5.623413251903000e-02

709
5.623413251903000e-02
5.623413251903000e-02
5.623413251903000e-02

710
5.623413251903000e-02
5.623413251903000e-02
5.623413251903000e-02

711
5.623413251903000e-02
5.623413251903000e-02
5.623413251903000e-02

712
5.623413251903000e-02
5.623413251903000e-02
5.623413251903000e-02

713
5.623413251903000e-02
5.623413251903000e-02
5.623413251903000e-02

714
5.623413251903000e-02
5.623413251903000e-02
5.623413251903000e-02

715
5.623413251903000e-02
5.623413251903000e-02
5.623413251903000e-02

716
5.623413251903000e-02
5.623413251903000e-02
5.623413251903000e-02

717
5.623413251903000e-02
5.623413251903000e-02
5.623413251903000e-02

718
5.623413251903000e-02
5.623413251903000e-02
5.623413251903000e-02

719
5.623413251903000e-02
5.623413251903000e-02
5.623413251903000e-02

720
5.623413251903000e-02
5.623413251903000e-02
5.623413251903000e-02

721
5.623413251903000e-02
5.623413251903000e-02
5.623413251903000e-02

722
5.623413251903000e-02
5.623413251903000e-02
5.623413251903000e-02

723
5.623413251903000e-02
5.623413251903000e-02
5.623413251903000e-02

724
5.623413251903000e-02
5.623413251903000e-02
5.623413251903000e-02

725
5.623413251903000e-02
5.623413251903000e-02
5.623413251903000e-02

726
5.623413251903000e-02
5.623413251903000e-02
5.623413251903000e-02

727
5.623413251903000e-02
5.623413251903000e-02
5.623413251903000e-02

728
5.623413251903000e-02
5.623413251903000e-02
5.623413251903000e-02

729
5.623413251903000e-02
5.623413251903000e-02
5.623413251903000e-02

730
5.623413251903000e-02
5.623413251903000e-02
5.623413251903000e-02

731
5.623413251903000e-02
5.623413251903000e-02
5.623413251903000e-02

732
5.623413251903000e-02
5.623413251903000e-02
5.623413251903000e-02

733
5.623413251903000e-02
5.623413251903000e-02
5.623413251903000e-02

734
5.623413251903000e-02
5.623413251903000e-02
5.623413251903000e-02

735
5.623413251903000e-02
5.623413251903000e-02
5.623413251903000e-02

736
5.623413251903000e-02
5.623413251903000e-02
5.623413251903000e-02

737
5.623413251903000e-02
5.623413251903000e-02
5.623413251903000e-02

738
5.623413251903000e-02
5.623413251903000e-02
5.623413251903000e-02

739
5.623413251903000e-02
5.623413251903000e-02
5.623413251903000e-02

740
5.623413251903000e-02
5.623413251903000e-02
5.623413251903000e-02

741
5.623413251903000e-02
5.623413251903000e-02
5.623413251903000e-02

742
5.623413251903000e-02
5.623413251903000e-02
5.623413251903000e-02

743
5.623413251903000e-02
5.623413251903000e-02
5.623413251903000e-02

744
5.623413251903000e-02
5.623413251903000e-02
5.623413251903000e-02

745
5.623413251903000e-02
5.623413251903000e-02
5.623413251903000e-02

746
5.623413251903000e-02
5.623413251903000e-02
5.623413251903000e-02

747
5.623413251903000e-02
5.623413251903000e-02
5.623413251903000e-02

748
5.623413251903000e-02
5.623413251903000e-02
5.623413251903000e-02

749
5.623413251903000e-02
5.623413251903000e-02
5.623413251903000e-02

750
5.623413251903000e-02
5.623413251903000e-02
5.623413251903000e-02

751
5.623413251903000e-02
5.623413251903000e-02
5.623413251903000e-02

752
5.623413251903000e-02
5.623413251903000e-02
5.623413251903000e-02

753
5.623413251903000e-02
5.623413251903000e-02
5.623413251903000e-02

754
5.623413251903000e-02
5.623413251903000e-02
5.623413251903000e-02

755
5.623413251903000e-02
5.623413251903000e-02
5.623413251903000e-02

756
5.623413251903000e-02
5.623413251903000e-02
5.623413251903000e-02

757
5.623413251903000e-02
5.623413251903000e-02
5.623413251903000e-02

758
5.623413251903000e-02
5.623413251903000e-02
5.623413251903000e-02

759
5.623413251903000e-02
5.623413251903000e-02
5.623413251903000e-02

760
5.623413251903000e-02
5.623413251903000e-02
5.623413251903000e-02

761
5.623413251903000e-02
5.623413251903000e-02
5.623413251903000e-02

762
5.623413251903000e-02
5.623413251903000e-02
5.623413251903000e-02

763
5.623413251903000e-02
5.623413251903000e-02
5.623413251903000e-02

764
5.623413251903000e-02
5.623413251903000e-02
5.623413251903000e-02

765
5.623413251903000e-02
5.623413251903000e-02
5.623413251903000e-02

766
5.623413251903000e-02
5.623413251903000e-02
5.623413251903000e-02

767
5.623413251903000e-02
5.623413251903000e-02
5.623413251903000e-02

768
5.623413251903000e-02
5.623413251903000e-02
5.623413251903000e-02

769
5.623413251903000e-02
5.623413251903000e-02
5.623413251903000e-02

770
5.623413251903000e-02
5.623413251903000e-02
5.623413251903000e-02

771
5.623413251903000e-02
5.623413251903000e-02
5.623413251903000e-02

772
5.623413251903000e-02
5.623413251903000e-02
5.623413251903000e-02

773
5.623413251903000e-02
5.623413251903000e-02
5.623413251903000e-02

774
5.623413251903000e-02
5.623413251903000e-02
5.623413251903000e-02

775
5.623413251903000e-02
5.623413251903000e-02
5.623413251903000e-02

776
5.623413251903000e-02
5.623413251903000e-02
5.623413251903000e-02

777
5.623413251903000e-02
5.623413251903000e-02
5.623413251903000e-02

778
5.623413251903000e-02
5.623413251903000e-02
5.623413251903000e-02

779
5.623413251903000e-02
5.623413251903000e-02
5.623413251903000e-02

780
5.623413251903000e-02
5.623413251903000e-02
5.623413251903000e-02

781
5.623413251903000e-02
5.623413251903000e-02
5.623413251903000e-02

782
5.623413251903000e-02
5.623413251903000e-02
5.623413251903000e-02

783
5.623413251903000e-02
5.623413251903000e-02
5.623413251903000e-02

784
5.623413251903000e-02
5.623413251903000e-02
5.623413251903000e-02

785
5.623413251903000e-02
5.623413251903000e-02
5.623413251903000e-02

786
5.623413251903000e-02
5.623413251903000e-02
5.623413251903000e-02

787
5.623413251903000e-02
5.623413251903000e-02
5.623413251903000e-02

788
5.623413251903000e-02
5.623413251903000e-02
5.623413251903000e-02

789
5.623413251903000e-02
5.623413251903000e-02
5.623413251903000e-02

790
5.623413251903000e-02
5.623413251903000e-02
5.623413251903000e-02

791
5.623413251903000e-02
5.623413251903000e-02
5.623413251903000e-02

792
5.623413251903000e-02
5.623413251903000e-02
5.623413251903000e-02

793
5.623413251903000e-02
5.623413251903000e-02
5.623413251903000e-02

794
5.623413251903000e-02
5.623413251903000e-02
5.623413251903000e-02

795
5.623413251903000e-02
5.623413251903000e-02
5.623413251903000e-02

796
5.623413251903000e-02
5.623413251903000e-02
5.623413251903000e-02

797
5.623413251903000e-02
5.623413251903000e-02
5.623413251903000e-02

798
5.623413251903000e-02
5.623413251903000e-02
5.623413251903000e-02

799
5.623413251903000e-02
5.623413251903000e-02
5.623413251903000e-02

800
5.623413251903000e-02
5.623413251903000e-02
5.623413251903000e-02

801
5.623413251903000e-02
5.623413251903000e-02
5.623413251903000e-02

802
5.623413251903000e-02
5.623413251903000e-02
5.623413251903000e-02

803
5.623413251903000e-02
5.623413251903000e-02
5.623413251903000e-02

804
5.623413251903000e-02
5.623413251903000e-02
5.623413251903000e-02

805
5.623413251903000e-02
5.623413251903000e-02
5.623413251903000e-02

806
5.623413251903000e-02
5.623413251903000e-02
5.623413251903000e-02

807
5.623413251903000e-02
5.623413251903000e-02
5.623413251903000e-02

808
5.623413251903000e-02
5.623413251903000e-02
5.623413251903000e-02

809
5.623413251903000e-02
5.623413251903000e-02
5.623413251903000e-02

810
5.623413251903000e-02
5.623413251903000e-02
5.623413251903000e-02

811
5.623413251903000e-02
5.623413251903000e-02
5.623413251903000e-02

812
5.623413251903000e-02
5.623413251903000e-02
5.623413251903000e-02

813
5.623413251903000e-02
5.623413251903000e-02
5.623413251903000e-02

814
5.623413251903000e-02
5.623413251903000e-02
5.623413251903000e-02

815
5.623413251903000e-02
5.623413251903000e-02
5.623413251903000e-02

816
5.623413251903000e-02
5.623413251903000e-02
5.623413251903000e-02

817
5.623413251903000e-02
5.623413251903000e-02
5.623413251903000e-02

818
5.623413251903000e-02
5.623413251903000e-02
5.623413251903000e-02

819
5.623413251903000e-02
5.623413251903000e-02
5.623413251903000e-02

820
5.623413251903000e-02
5.623413251903000e-02
5.623413251903000e-02

821
5.623413251903000e-02
5.623413251903000e-02
5.623413251903000e-02

822
5.623413251903000e-02
5.623413251903000e-02
5.623413251903000e-02

823
5.623413251903000e-02
5.623413251903000e-02
5.623413251903000e-02

824
5.623413251903000e-02
5.623413251903000e-02
5.623413251903000e-02

825
5.623413251903000e-02
5.623413251903000e-02
5.623413251903000e-02

826
5.623413251903000e-02
5.623413251903000e-02
5.623413251903000e-02

827
5.623413251903000e-02
5.623413251903000e-02
5.623413251903000e-02

828
5.623413251903000e-02
5.623413251903000e-02
5.623413251903000e-02

829
5.623413251903000e-02
5.623413251903000e-02
5.623413251903000e-02

830
5.623413251903000e-02
5.623413251903000e-02
5.623413251903000e-02

831
5.623413251903000e-02
5.623413251903000e-02
5.623413251903000e-02

832
5.623413251903000e-02
5.623413251903000e-02
5.623413251903000e-02

833
5.623413251903000e-02
5.623413251903000e-02
5.623413251903000e-02

834
5.623413251903000e-02
5.623413251903000e-02
5.623413251903000e-02

835
5.623413251903000e-02
5.623413251903000e-02
5.623413251903000e-02

836
5.623413251903000e-02
5.623413251903000e-02
5.623413251903000e-02

837
5.623413251903000e-02
5.623413251903000e-02
5.623413251903000e-02

838
5.623413251903000e-02
5.623413251903000e-02
5.623413251903000e-02

839
5.623413251903000e-02
5.623413251903000e-02
5.623413251903000e-02

840
5.623413251903000e-02
5.623413251903000e-02
5.623413251903000e-02

841
5.623413251903000e-02
5.623413251903000e-02
5.623413251903000e-02

842
5.623413251903000e-02
5.623413251903000e-02
5.623413251903000e-02

843
5.623413251903000e-02
5.623413251903000e-02
5.623413251903000e-02

844
5.623413251903000e-02
5.623413251903000e-02
5.623413251903000e-02

845
5.623413251903000e-02
5.623413251903000e-02
5.623413251903000e-02

846
5.623413251903000e-02
5.623413251903000e-02
5.623413251903000e-02

847
5.623413251903000e-02
5.623413251903000e-02
5.623413251903000e-02

848
5.623413251903000e-02
5.623413251903000e-02
5.623413251903000e-02

849
5.623413251903000e-02
5.623413251903000e-02
5.623413251903000e-02

850
5.623413251903000e-02
5.623413251903000e-02
5.623413251903000e-02

851
5.623413251903000e-02
5.623413251903000e-02
5.623413251903000e-02

852
5.623413251903000e-02
5.623413251903000e-02
5.623413251903000e-02

853
5.623413251903000e-02
5.623413251903000e-02
5.623413251903000e-02

854
5.623413251903000e-02
5.623413251903000e-02
5.623413251903000e-02

855
5.623413251903000e-02
5.623413251903000e-02
5.623413251903000e-02

856
5.623413251903000e-02
5.623413251903000e-02
5.623413251903000e-02

857
5.623413251903000e-02
5.623413251903000e-02
5.623413251903000e-02

858
5.623413251903000e-02
5.623413251903000e-02
5.623413251903000e-02

859
5.623413251903000e-02
5.623413251903000e-02
5.623413251903000e-02

860
5.623413251903000e-02
5.623413251903000e-02
5.623413251903000e-02

861
5.623413251903000e-02
5.623413251903000e-02
5.623413251903000e-02

862
5.623413251903000e-02
5.623413251903000e-02
5.623413251903000e-02

863
5.623413251903000e-02
5.623413251903000e-02
5.623413251903000e-02

864
5.623413251903000e-02
5.623413251903000e-02
5.623413251903000e-02

865
5.623413251903000e-02
5.623413251903000e-02
5.623413251903000e-02

866
5.623413251903000e-02
5.623413251903000e-02
5.623413251903000e-02

867
5.623413251903000e-02
5.623413251903000e-02
5.623413251903000e-02

868
5.623413251903000e-02
5.623413251903000e-02
5.623413251903000e-02

869
5.623413251903000e-02
5.623413251903000e-02
5.623413251903000e-02

870
5.623413251903000e-02
5.623413251903000e-02
5.623413251903000e-02

871
5.623413251903000e-02
5.623413251903000e-02
5.623413251903000e-02

872
5.623413251903000e-02
5.623413251903000e-02
5.623413251903000e-02

873
5.623413251903000e-02
5.623413251903000e-02
5.623413251903000e-02

874
5.623413251903000e-02
5.623413251903000e-02
5.623413251903000e-02

875
5.623413251903000e-02
5.623413251903000e-02
5.623413251903000e-02

876
5.623413251903000e-02
5.623413251903000e-02
5.623413251903000e-02

877
5.623413251903000e-02
5.623413251903000e-02
5.623413251903000e-02

878
5.623413251903000e-02
5.623413251903000e-02
5.623413251903000e-02

879
5.623413251903000e-02
5.623413251903000e-02
5.623413251903000e-02

880
5.623413251903000e-02
5.623413251903000e-02
5.623413251903000e-02

881
5.623413251903000e-02
5.623413251903000e-02
5.623413251903000e-02

882
5.623413251903000e-02
5.623413251903000e-02
5.623413251903000e-02

883
5.623413251903000e-02
5.623413251903000e-02
5.623413251903000e-02

884
5.623413251903000e-02
5.623413251903000e-02
5.623413251903000e-02

885
5.623413251903000e-02
5.623413251903000e-02
5.623413251903000e-02

886
5.623413251903000e-02
5.623413251903000e-02
5.623413251903000e-02

887
5.623413251903000e-02
5.623413251903000e-02
5.623413251903000e-02

888
5.623413251903000e-02
5.623413251903000e-02
5.623413251903000e-02

889
5.623413251903000e-02
5.623413251903000e-02
5.623413251903000e-02

890
5.623413251903000e-02
5.623413251903000e-02
5.623413251903000e-02

891
5.623413251903000e-02
5.623413251903000e-02
5.623413251903000e-02

892
5.623413251903000e-02
5.623413251903000e-02
5.623413251903000e-02

893
5.623413251903000e-02
5.623413251903000e-02
5.623413251903000e-02

894
5.623413251903000e-02
5.623413251903000e-02
5.623413251903000e-02

895
5.623413251903000e-02
5.623413251903000e-02
5.623413251903000e-02

896
5.623413251903000e-02
5.623413251903000e-02
5.623413251903000e-02

897
5.623413251903000e-02
5.623413251903000e-02
5.623413251903000e-02

898
5.623413251903000e-02
5.623413251903000e-02
5.623413251903000e-02

899
5.623413251903000e-02
5.623413251903000e-02
5.623413251903000e-02

900
5.623413251903000e-02
5.623413251903000e-02
5.623413251903000e-02

901
5.623413251903000e-02
5.623413251903000e-02
5.623413251903000e-02

902
5.623413251903000e-02
5.623413251903000e-02
5.623413251903000e-02

903
5.623413251903000e-02
5.623413251903000e-02
5.623413251903000e-02

904
5.623413251903000e-02
5.623413251903000e-02
5.623413251903000e-02

905
5.623413251903000e-02
5.623413251903000e-02
5.623413251903000e-02

906
5.623413251903000e-02
5.623413251903000e-02
5.623413251903000e-02

907
5.623413251903000e-02
5.623413251903000e-02
5.623413251903000e-02

908
5.623413251903000e-02
5.623413251903000e-02
5.623413251903000e-02

909
5.623413251903000e-02
5.623413251903000e-02
5.623413251903000e-02

910
5.623413251903000e-02
5.623413251903000e-02
5.623413251903000e-02

911
5.623413251903000e-02
5.623413251903000e-02
5.623413251903000e-02

912
5.623413251903000e-02
5.623413251903000e-02
5.623413251903000e-02

913
5.623413251903000e-02
5.623413251903000e-02
5.623413251903000e-02

914
5.623413251903000e-02
5.623413251903000e-02
5.623413251903000e-02

915
5.623413251903000e-02
5.623413251903000e-02
5.623413251903000e-02

916
5.623413251903000e-02
5.623413251903000e-02
5.623413251903000e-02

917
5.623413251903000e-02
5.623413251903000e-02
5.623413251903000e-02

918
5.623413251903000e-02
5.623413251903000e-02
5.623413251903000e-02

919
5.623413251903000e-02
5.623413251903000e-02
5.623413251903000e-02

920
5.623413251903000e-02
5.623413251903000e-02
5.623413251903000e-02

921
5.623413251903000e-02
5.623413251903000e-02
5.623413251903000e-02

922
5.623413251903000e-02
5.623413251903000e-02
5.623413251903000e-02

923
5.623413251903000e-02
5.623413251903000e-02
5.623413251903000e-02

924
5.623413251903000e-02
5.623413251903000e-02
5.623413251903000e-02

925
5.623413251903000e-02
5.623413251903000e-02
5.623413251903000e-02

926
5.623413251903000e-02
5.623413251903000e-02
5.623413251903000e-02

927
5.623413251903000e-02
5.623413251903000e-02
5.623413251903000e-02

928
5.623413251903000e-02
5.623413251903000e-02
5.623413251903000e-02

929
5.623413251903000e-02
5.623413251903000e-02
5.623413251903000e-02

930
5.623413251903000e-02
5.623413251903000e-02
5.623413251903000e-02

931
5.623413251903000e-02
5.623413251903000e-02
5.623413251903000e-02

932
5.623413251903000e-02
5.623413251903000e-02
5.623413251903000e-02

933
5.623413251903000e-02
5.623413251903000e-02
5.623413251903000e-02

934
5.623413251903000e-02
5.623413251903000e-02
5.623413251903000e-02

935
5.623413251903000e-02
5.623413251903000e-02
5.623413251903000e-02

936
5.623413251903000e-02
5.623413251903000e-02
5.623413251903000e-02

937
5.623413251903000e-02
5.623413251903000e-02
5.623413251903000e-02

938
5.623413251903000e-02
5.623413251903000e-02
5.623413251903000e-02

939
5.623413251903000e-02
5.623413251903000e-02
5.623413251903000e-02

940
5.623413251903000e-02
5.623413251903000e-02
5.623413251903000e-02

941
5.623413251903000e-02
5.623413251903000e-02
5.623413251903000e-02

942
5.623413251903000e-02
5.623413251903000e-02
5.623413251903000e-02

943
5.623413251903000e-02
5.623413251903000e-02
5.623413251903000e-02

944
5.623413251903000e-02
5.623413251903000e-02
5.623413251903000e-02

945
5.623413251903000e-02
5.623413251903000e-02
5.623413251903000e-02

946
5.623413251903000e-02
5.623413251903000e-02
5.623413251903000e-02

947
5.623413251903000e-02
5.623413251903000e-02
5.623413251903000e-02

948
5.623413251903000e-02
5.623413251903000e-02
5.623413251903000e-02

949
5.623413251903000e-02
5.623413251903000e-02
5.623413251903000e-02

950
5.623413251903000e-02
5.623413251903000e-02
5.623413251903000e-02

951
5.623413251903000e-02
5.623413251903000e-02
5.623413251903000e-02

952
5.623413251903000e-02
5.623413251903000e-02
5.623413251903000e-02

953
5.623413251903000e-02
5.623413251903000e-02
5.623413251903000e-02

954
5.623413251903000e-02
5.623413251903000e-02
5.623413251903000e-02

955
5.623413251903000e-02
5.623413251903000e-02
5.623413251903000e-02

956
5.623413251903000e-02
5.623413251903000e-02
5.623413251903000e-02

957
5.623413251903000e-02
5.623413251903000e-02
5.623413251903000e-02

958
5.623413251903000e-02
5.623413251903000e-02
5.623413251903000e-02

959
5.623413251903000e-02
5.623413251903000e-02
5.623413251903000e-02

960
5.623413251903000e-02
5.623413251903000e-02
5.623413251903000e-02

961
5.623413251903000e-02
5.623413251903000e-02
5.623413251903000e-02

962
5.623413251903000e-02
5.623413251903000e-02
5.623413251903000e-02

963
5.623413251903000e-02
5.623413251903000e-02
5.623413251903000e-02

964
5.623413251903000e-02
5.623413251903000e-02
5.623413251903000e-02

965
5.623413251903000e-02
5.623413251903000e-02
5.623413251903000e-02

966
5.623413251903000e-02
5.623413251903000e-02
5.623413251903000e-02

967
5.623413251903000e-02
5.623413251903000e-02
5.623413251903000e-02

968
5.623413251903000e-02
5.623413251903000e-02
5.623413251903000e-02

969
5.623413251903000e-02
5.623413251903000e-02
5.623413251903000e-02

970
5.623413251903000e-02
5.623413251903000e-02
5.623413251903000e-02

971
5.623413251903000e-02
5.623413251903000e-02
5.623413251903000e-02

972
5.623413251903000e-02
5.623413251903000e-02
5.623413251903000e-02

973
5.623413251903000e-02
5.623413251903000e-02
5.623413251903000e-02

974
5.623413251903000e-02
5.623413251903000e-02
5.623413251903000e-02

975
5.623413251903000e-02
5.623413251903000e-02
5.623413251903000e-02

976
5.623413251903000e-02
5.623413251903000e-02
5.623413251903000e-02

977
5.623413251903000e-02
5.623413251903000e-02
5.623413251903000e-02

978
5.623413251903000e-02
5.623413251903000e-02
5.623413251903000e-02

979
5.623413251903000e-02
5.623413251903000e-02
5.623413251903000e-02

980
5.623413251903000e-02
5.623413251903000e-02
5.623413251903000e-02

981
5.623413251903000e-02
5.623413251903000e-02
5.623413251903000e-02

982
5.623413251903000e-02
5.623413251903000e-02
5.623413251903000e-02

983
5.623413251903000e-02
5.623413251903000e-02
5.623413251903000e-02

984
5.623413251903000e-02
5.623413251903000e-02
5.623413251903000e-02

985
5.623413251903000e-02
5.623413251903000e-02
5.623413251903000e-02

986
5.623413251903000e-02
5.623413251903000e-02
5.623413251903000e-02

987
5.623413251903000e-02
5.623413251903000e-02
5.623413251903000e-02

988
5.623413251903000e-02
5.623413251903000e-02
5.623413251903000e-02

989
5.623413251903000e-02
5.623413251903000e-02
5.623413251903000e-02

990
5.623413251903000e-02
5.623413251903000e-02
5.623413251903000e-02

991
5.623413251903000e-02
5.623413251903000e-02
5.623413251903000e-02

992
5.623413251903000e-02
5.623413251903000e-02
5.623413251903000e-02

993
5.623413251903000e-02
5.623413251903000e-02
5.623413251903000e-02

994
5.623413251903000e-02
5.623413251903000e-02
5.623413251903000e-02

995
5.623413251903000e-02
5.623413251903000e-02
5.623413251903000e-02

996
5.623413251903000e-02
5.623413251903000e-02
5.623413251903000e-02

997
5.623413251903000e-02
5.623413251903000e-02
5.623413251903000e-02

998
5.623413251903000e-02
5.623413251903000e-02
5.623413251903000e-02

999
5.623413251903000e-02
5.623413251903000e-02
5.623413251903000e-02

1000
5.623413251903000e-02
5.623413251903000e-02
5.623413251903000e-02

1001
5.623413251903000e-02
5.623413251903000e-02
5.623413251903000e-02

1002
5.623413251903000e-02
5.623413251903000e-02
5.623413251903000e-02

1003
5.623413251903000e-02
5.623413251903000e-02
5.623413251903000e-02

1004
5.623413251903000e-02
5.623413251903000e-02
5.623413251903000e-02

1005
5.623413251903000e-02
5.623413251903000e-02
5.623413251903000e-02

1006
5.623413251903000e-02
5.623413251903000e-02
5.623413251903000e-02

1007
5.623413251903000e-02
5.623413251903000e-02
5.623413251903000e-02

1008
5.623413251903000e-02
5.623413251903000e-02
5.623413251903000e-02

1009
5.623413251903000e-02
5.623413251903000e-02
5.623413251903000e-02

1010
5.623413251903000e-02
5.623413251903000e-02
5.623413251903000e-02

1011
5.623413251903000e-02
5.623413251903000e-02
5.623413251903000e-02

1012
5.623413251903000e-02
5.623413251903000e-02
5.623413251903000e-02

1013
5.623413251903000e-02
5.623413251903000e-02
5.623413251903000e-02

1014
5.623413251903000e-02
5.623413251903000e-02
5.623413251903000e-02

1015
5.623413251903000e-02
5.623413251903000e-02
5.623413251903000e-02

1016
5.623413251903000e-02
5.623413251903000e-02
5.623413251903000e-02

1017
5.623413251903000e-02
5.623413251903000e-02
5.623413251903000e-02

1018
5.623413251903000e-02
5.623413251903000e-02
5.623413251903000e-02

1019
5.623413251903000e-02
5.623413251903000e-02
5.623413251903000e-02

1020
5.623413251903000e-02
5.623413251903000e-02
5.623413251903000e-02

1021
5.623413251903000e-02
5.623413251903000e-02
5.623413251903000e-02

1022
5.623413251903000e-02
5.623413251903000e-02
5.623413251903000e-02

1023
5.623413251903000e-02
5.623413251903000e-02
5.623413251903000e-02

1024
5.623413251903000e-02
5.623413251903000e-02
5.623413251903000e-02

1025
5.623413251903000e-02
5.623413251903000e-02
5.623413251903000e-02

1026
5.623413251903000e-02
5.623413251903000e-02
5.623413251903000e-02

1027
5.623413251903000e-02
5.623413251903000e-02
5.623413251903000e-02

1028
5.623413251903000e-02
5.623413251903000e-02
5.623413251903000e-02

1029
5.623413251903000e-02
5.623413251903000e-02
5.623413251903000e-02

1030
5.623413251903000e-02
5.623413251903000e-02
5.623413251903000e-02

1031
5.623413251903000e-02
5.623413251903000e-02
5.623413251903000e-02

1032
5.623413251903000e-02
5.623413251903000e-02
5.623413251903000e-02

1033
5.623413251903000e-02
5.623413251903000e-02
5.623413251903000e-02

1034
5.623413251903000e-02
5.623413251903000e-02
5.623413251903000e-02

1035
5.623413251903000e-02
5.623413251903000e-02
5.623413251903000e-02

1036
5.623413251903000e-02
5.623413251903000e-02
5.623413251903000e-02

1037
5.623413251903000e-02
5.623413251903000e-02
5.623413251903000e-02

1038
5.623413251903000e-02
5.623413251903000e-02
5.623413251903000e-02

1039
5.623413251903000e-02
5.623413251903000e-02
5.623413251903000e-02

1040
5.623413251903000e-02
5.623413251903000e-02
5.623413251903000e-02

1041
5.623413251903000e-02
5.623413251903000e-02
5.623413251903000e-02

1042
5.623413251903000e-02
5.623413251903000e-02
5.623413251903000e-02

1043
5.623413251903000e-02
5.623413251903000e-02
5.623413251903000e-02

1044
5.623413251903000e-02
5.623413251903000e-02
5.623413251903000e-02

1045
5.623413251903000e-02
5.623413251903000e-02
5.623413251903000e-02

1046
5.623413251903000e-02
5.623413251903000e-02
5.623413251903000e-02

1047
5.623413251903000e-02
5.623413251903000e-02
5.623413251903000e-02

1048
5.623413251903000e-02
5.623413251903000e-02
5.623413251903000e-02

1049
5.623413251903000e-02
5.623413251903000e-02
5.623413251903000e-02

1050
5.623413251903000e-02
5.623413251903000e-02
5.623413251903000e-02

1051
5.623413251903000e-02
5.623413251903000e-02
5.623413251903000e-02

1052
5.623413251903000e-02
5.623413251903000e-02
5.623413251903000e-02

1053
5.623413251903000e-02
5.623413251903000e-02
5.623413251903000e-02

1054
5.623413251903000e-02
5.623413251903000e-02
5.623413251903000e-02

1055
5.623413251903000e-02
5.623413251903000e-02
5.623413251903000e-02

1056
5.623413251903000e-02
5.623413251903000e-02
5.623413251903000e-02

1057
5.623413251903000e-02
5.623413251903000e-02
5.623413251903000e-02

1058
5.623413251903000e-02
5.623413251903000e-02
5.623413251903000e-02

1059
5.623413251903000e-02
5.623413251903000e-02
5.623413251903000e-02

1060
5.623413251903000e-02
5.623413251903000e-02
5.623413251903000e-02

1061
5.623413251903000e-02
5.623413251903000e-02
5.623413251903000e-02

1062
5.623413251903000e-02
5.623413251903000e-02
5.623413251903000e-02

1063
5.623413251903000e-02
5.623413251903000e-02
5.623413251903000e-02

1064
5.623413251903000e-02
5.623413251903000e-02
5.623413251903000e-02

1065
5.623413251903000e-02
5.623413251903000e-02
5.623413251903000e-02

1066
5.623413251903000e-02
5.623413251903000e-02
5.623413251903000e-02

1067
5.623413251903000e-02
5.623413251903000e-02
5.623413251903000e-02

1068
5.623413251903000e-02
5.623413251903000e-02
5.623413251903000e-02

1069
5.623413251903000e-02
5.623413251903000e-02
5.623413251903000e-02

1070
5.623413251903000e-02
5.623413251903000e-02
5.623413251903000e-02

1071
5.623413251903000e-02
5.623413251903000e-02
5.623413251903000e-02

1072
5.623413251903000e-02
5.623413251903000e-02
5.623413251903000e-02

1073
5.623413251903000e-02
5.623413251903000e-02
5.623413251903000e-02

1074
5.623413251903000e-02
5.623413251903000e-02
5.623413251903000e-02

1075
5.623413251903000e-02
5.623413251903000e-02
5.623413251903000e-02

1076
5.623413251903000e-02
5.623413251903000e-02
5.623413251903000e-02

1077
5.623413251903000e-02
5.623413251903000e-02
5.623413251903000e-02

1078
5.623413251903000e-02
5.623413251903000e-02
5.623413251903000e-02

1079
5.623413251903000e-02
5.623413251903000e-02
5.623413251903000e-02

1080
5.623413251903000e-02
5.623413251903000e-02
5.623413251903000e-02

1081
5.623413251903000e-02
5.623413251903000e-02
5.623413251903000e-02

1082
5.623413251903000e-02
5.623413251903000e-02
5.623413251903000e-02

1083
5.623413251903000e-02
5.623413251903000e-02
5.623413251903000e-02

1084
5.623413251903000e-02
5.623413251903000e-02
5.623413251903000e-02

1085
5.623413251903000e-02
5.623413251903000e-02
5.623413251903000e-02

1086
5.623413251903000e-02
5.623413251903000e-02
5.623413251903000e-02

1087
5.623413251903000e-02
5.623413251903000e-02
5.623413251903000e-02

1088
5.623413251903000e-02
5.623413251903000e-02
5.623413251903000e-02

1089
5.623413251903000e-02
5.623413251903000e-02
5.623413251903000e-02

1090
5.623413251903000e-02
5.623413251903000e-02
5.623413251903000e-02

1091
5.623413251903000e-02
5.623413251903000e-02
5.623413251903000e-02

1092
5.623413251903000e-02
5.623413251903000e-02
5.623413251903000e-02

1093
5.623413251903000e-02
5.623413251903000e-02
5.623413251903000e-02

1094
5.623413251903000e-02
5.623413251903000e-02
5.623413251903000e-02

1095
5.623413251903000e-02
5.623413251903000e-02
5.623413251903000e-02

1096
5.623413251903000e-02
5.623413251903000e-02
5.623413251903000e-02

1097
5.623413251903000e-02
5.623413251903000e-02
5.623413251903000e-02

1098
5.623413251903000e-02
5.623413251903000e-02
5.623413251903000e-02

1099
5.623413251903000e-02
5.623413251903000e-02
5.623413251903000e-02

1100
5.623413251903000e-02
5.623413251903000e-02
5.623413251903000e-02

1101
5.623413251903000e-02
5.623413251903000e-02
5.623413251903000e-02

1102
5.623413251903000e-02
5.623413251903000e-02
5.623413251903000e-02

1103
5.623413251903000e-02
5.623413251903000e-02
5.623413251903000e-02

1104
5.623413251903000e-02
5.623413251903000e-02
5.623413251903000e-02

1105
5.623413251903000e-02
5.623413251903000e-02
5.623413251903000e-02

1106
5.623413251903000e-02
5.623413251903000e-02
5.623413251903000e-02

1107
5.623413251903000e-02
5.623413251903000e-02
5.623413251903000e-02

1108
5.623413251903000e-02
5.623413251903000e-02
5.623413251903000e-02

1109
5.623413251903000e-02
5.623413251903000e-02
5.623413251903000e-02

1110
5.623413251903000e-02
5.623413251903000e-02
5.623413251903000e-02

1111
5.623413251903000e-02
5.623413251903000e-02
5.623413251903000e-02

1112
5.623413251903000e-02
5.623413251903000e-02
5.623413251903000e-02

1113
5.623413251903000e-02
5.623413251903000e-02
5.623413251903000e-02

1114
5.623413251903000e-02
5.623413251903000e-02
5.623413251903000e-02

1115
5.623413251903000e-02
5.623413251903000e-02
5.623413251903000e-02

1116
5.623413251903000e-02
5.623413251903000e-02
5.623413251903000e-02

1117
5.623413251903000e-02
5.623413251903000e-02
5.623413251903000e-02

1118
5.623413251903000e-02
5.623413251903000e-02
5.623413251903000e-02

1119
5.623413251903000e-02
5.623413251903000e-02
5.623413251903000e-02

1120
5.623413251903000e-02
5.623413251903000e-02
5.623413251903000e-02

1121
5.623413251903000e-02
5.623413251903000e-02
5.623413251903000e-02

1122
5.623413251903000e-02
5.623413251903000e-02
5.623413251903000e-02

1123
5.623413251903000e-02
5.623413251903000e-02
5.623413251903000e-02

1124
5.623413251903000e-02
5.623413251903000e-02
5.623413251903000e-02

1125
5.623413251903000e-02
5.623413251903000e-02
5.623413251903000e-02

1126
5.623413251903000e-02
5.623413251903000e-02
5.623413251903000e-02

1127
5.623413251903000e-02
5.623413251903000e-02
5.623413251903000e-02

1128
5.623413251903000e-02
5.623413251903000e-02
5.623413251903000e-02

1129
5.623413251903000e-02
5.623413251903000e-02
5.623413251903000e-02

1130
5.623413251903000e-02
5.623413251903000e-02
5.623413251903000e-02

1131
5.623413251903000e-02
5.623413251903000e-02
5.623413251903000e-02

1132
5.623413251903000e-02
5.623413251903000e-02
5.623413251903000e-02

1133
5.623413251903000e-02
5.623413251903000e-02
5.623413251903000e-02

1134
5.623413251903000e-02
5.623413251903000e-02
5.623413251903000e-02

1135
5.623413251903000e-02
5.623413251903000e-02
5.623413251903000e-02

1136
5.623413251903000e-02
5.623413251903000e-02
5.623413251903000e-02

1137
5.623413251903000e-02
5.623413251903000e-02
5.623413251903000e-02

1138
5.623413251903000e-02
5.623413251903000e-02
5.623413251903000e-02

1139
5.623413251903000e-02
5.623413251903000e-02
5.623413251903000e-02

1140
5.623413251903000e-02
5.623413251903000e-02
5.623413251903000e-02

1141
5.623413251903000e-02
5.623413251903000e-02
5.623413251903000e-02

1142
5.623413251903000e-02
5.623413251903000e-02
5.623413251903000e-02

1143
5.623413251903000e-02
5.623413251903000e-02
5.623413251903000e-02

1144
5.623413251903000e-02
5.623413251903000e-02
5.623413251903000e-02

1145
5.623413251903000e-02
5.623413251903000e-02
5.623413251903000e-02

1146
5.623413251903000e-02
5.623413251903000e-02
5.623413251903000e-02

1147
5.623413251903000e-02
5.623413251903000e-02
5.623413251903000e-02

1148
5.623413251903000e-02
5.623413251903000e-02
5.623413251903000e-02

1149
5.623413251903000e-02
5.623413251903000e-02
5.623413251903000e-02

1150
5.623413251903000e-02
5.623413251903000e-02
5.623413251903000e-02

1151
5.623413251903000e-02
5.623413251903000e-02
5.623413251903000e-02

1152
5.623413251903000e-02
5.623413251903000e-02
5.623413251903000e-02

1153
5.623413251903000e-02
5.623413251903000e-02
5.623413251903000e-02

1154
5.623413251903000e-02
5.623413251903000e-02
5.623413251903000e-02

1155
5.623413251903000e-02
5.623413251903000e-02
5.623413251903000e-02

1156
5.623413251903000e-02
5.623413251903000e-02
5.623413251903000e-02

1157
5.623413251903000e-02
5.623413251903000e-02
5.623413251903000e-02

1158
5.623413251903000e-02
5.623413251903000e-02
5.623413251903000e-02

1159
5.623413251903000e-02
5.623413251903000e-02
5.623413251903000e-02

1160
5.623413251903000e-02
5.623413251903000e-02
5.623413251903000e-02

1161
5.623413251903000e-02
5.623413251903000e-02
5.623413251903000e-02

1162
5.623413251903000e-02
5.623413251903000e-02
5.623413251903000e-02

1163
5.623413251903000e-02
5.623413251903000e-02
5.623413251903000e-02

1164
5.623413251903000e-02
5.623413251903000e-02
5.623413251903000e-02

1165
5.623413251903000e-02
5.623413251903000e-02
5.623413251903000e-02

1166
5.623413251903000e-02
5.623413251903000e-02
5.623413251903000e-02

1167
5.623413251903000e-02
5.623413251903000e-02
5.623413251903000e-02

1168
5.623413251903000e-02
5.623413251903000e-02
5.623413251903000e-02

1169
5.623413251903000e-02
5.623413251903000e-02
5.623413251903000e-02

1170
5.623413251903000e-02
5.623413251903000e-02
5.623413251903000e-02

1171
5.623413251903000e-02
5.623413251903000e-02
5.623413251903000e-02

1172
5.623413251903000e-02
5.623413251903000e-02
5.623413251903000e-02

1173
5.623413251903000e-02
5.623413251903000e-02
5.623413251903000e-02

1174
5.623413251903000e-02
5.623413251903000e-02
5.623413251903000e-02

1175
5.623413251903000e-02
5.623413251903000e-02
5.623413251903000e-02

1176
5.623413251903000e-02
5.623413251903000e-02
5.623413251903000e-02

1177
5.623413251903000e-02
5.623413251903000e-02
5.623413251903000e-02

1178
5.623413251903000e-02
5.623413251903000e-02
5.623413251903000e-02

1179
5.623413251903000e-02
5.623413251903000e-02
5.623413251903000e-02

1180
5.623413251903000e-02
5.623413251903000e-02
5.623413251903000e-02

1181
5.623413251903000e-02
5.623413251903000e-02
5.623413251903000e-02

1182
5.623413251903000e-02
5.623413251903000e-02
5.623413251903000e-02

1183
5.623413251903000e-02
5.623413251903000e-02
5.623413251903000e-02

1184
5.623413251903000e-02
5.623413251903000e-02
5.623413251903000e-02

1185
5.623413251903000e-02
5.623413251903000e-02
5.623413251903000e-02

1186
5.623413251903000e-02
5.623413251903000e-02
5.623413251903000e-02

1187
5.623413251903000e-02
5.623413251903000e-02
5.623413251903000e-02

1188
5.623413251903000e-02
5.623413251903000e-02
5.623413251903000e-02

1189
5.623413251903000e-02
5.623413251903000e-02
5.623413251903000e-02

1190
5.623413251903000e-02
5.623413251903000e-02
5.623413251903000e-02

1191
5.623413251903000e-02
5.623413251903000e-02
5.623413251903000e-02

1192
5.623413251903000e-02
5.623413251903000e-02
5.623413251903000e-02

1193
5.623413251903000e-02
5.623413251903000e-02
5.623413251903000e-02

1194
5.623413251903000e-02
5.623413251903000e-02
5.623413251903000e-02

1195
5.623413251903000e-02
5.623413251903000e-02
5.623413251903000e-02

1196
5.623413251903000e-02
5.623413251903000e-02
5.623413251903000e-02

1197
5.623413251903000e-02
5.623413251903000e-02
5.623413251903000e-02

1198
5.623413251903000e-02
5.623413251903000e-02
5.623413251903000e-02

1199
5.623413251903000e-02
5.623413251903000e-02
5.623413251903000e-02

1200
5.623413251903000e-02
5.623413251903000e-02
5.623413251903000e-02

1201
5.623413251903000e-02
5.623413251903000e-02
5.623413251903000e-02

1202
5.623413251903000e-02
5.623413251903000e-02
5.623413251903000e-02

1203
5.623413251903000e-02
5.623413251903000e-02
5.623413251903000e-02

1204
5.623413251903000e-02
5.623413251903000e-02
5.623413251903000e-02

1205
5.623413251903000e-02
5.623413251903000e-02
5.623413251903000e-02

1206
5.623413251903000e-02
5.623413251903000e-02
5.623413251903000e-02

1207
5.623413251903000e-02
5.623413251903000e-02
5.623413251903000e-02

1208
5.623413251903000e-02
5.623413251903000e-02
5.623413251903000e-02

1209
5.623413251903000e-02
5.623413251903000e-02
5.623413251903000e-02

1210
5.623413251903000e-02
5.623413251903000e-02
5.623413251903000e-02

1211
5.623413251903000e-02
5.623413251903000e-02
5.623413251903000e-02

1212
5.623413251903000e-02
5.623413251903000e-02
5.623413251903000e-02

1213
5.623413251903000e-02
5.623413251903000e-02
5.623413251903000e-02

1214
5.623413251903000e-02
5.623413251903000e-02
5.623413251903000e-02

1215
5.623413251903000e-02
5.623413251903000e-02
5.623413251903000e-02

1216
5.623413251903000e-02
5.623413251903000e-02
5.623413251903000e-02

1217
5.623413251903000e-02
5.623413251903000e-02
5.623413251903000e-02

1218
5.623413251903000e-02
5.623413251903000e-02
5.623413251903000e-02

1219
5.623413251903000e-02
5.623413251903000e-02
5.623413251903000e-02

1220
5.623413251903000e-02
5.623413251903000e-02
5.623413251903000e-02

1221
5.623413251903000e-02
5.623413251903000e-02
5.623413251903000e-02

1222
5.623413251903000e-02
5.623413251903000e-02
5.623413251903000e-02

1223
5.623413251903000e-02
5.623413251903000e-02
5.623413251903000e-02

1224
5.623413251903000e-02
5.623413251903000e-02
5.623413251903000e-02

1225
5.623413251903000e-02
5.623413251903000e-02
5.623413251903000e-02

1226
5.623413251903000e-02
5.623413251903000e-02
5.623413251903000e-02

1227
5.623413251903000e-02
5.623413251903000e-02
5.623413251903000e-02

1228
5.623413251903000e-02
5.623413251903000e-02
5.623413251903000e-02

1229
5.623413251903000e-02
5.623413251903000e-02
5.623413251903000e-02

1230
5.623413251903000e-02
5.623413251903000e-02
5.623413251903000e-02

1231
5.623413251903000e-02
5.623413251903000e-02
5.623413251903000e-02

1232
5.623413251903000e-02
5.623413251903000e-02
5.623413251903000e-02

1233
5.623413251903000e-02
5.623413251903000e-02
5.623413251903000e-02

1234
5.623413251903000e-02
5.623413251903000e-02
5.623413251903000e-02

1235
5.623413251903000e-02
5.623413251903000e-02
5.623413251903000e-02

1236
5.623413251903000e-02
5.623413251903000e-02
5.623413251903000e-02

1237
5.623413251903000e-02
5.623413251903000e-02
5.623413251903000e-02

1238
5.623413251903000e-02
5.623413251903000e-02
5.623413251903000e-02

1239
5.623413251903000e-02
5.623413251903000e-02
5.623413251903000e-02

1240
5.623413251903000e-02
5.623413251903000e-02
5.623413251903000e-02

1241
5.623413251903000e-02
5.623413251903000e-02
5.623413251903000e-02

1242
5.623413251903000e-02
5.623413251903000e-02
5.623413251903000e-02

1243
5.623413251903000e-02
5.623413251903000e-02
5.623413251903000e-02

1244
5.623413251903000e-02
5.623413251903000e-02
5.623413251903000e-02

1245
5.623413251903000e-02
5.623413251903000e-02
5.623413251903000e-02

1246
5.623413251903000e-02
5.623413251903000e-02
5.623413251903000e-02

1247
5.623413251903000e-02
5.623413251903000e-02
5.623413251903000e-02

1248
5.623413251903000e-02
5.623413251903000e-02
5.623413251903000e-02

1249
5.623413251903000e-02
5.623413251903000e-02
5.623413251903000e-02

1250
5.623413251903000e-02
5.623413251903000e-02
5.623413251903000e-02

1251
5.623413251903000e-02
5.623413251903000e-02
5.623413251903000e-02

1252
5.623413251903000e-02
5.623413251903000e-02
5.623413251903000e-02

1253
5.623413251903000e-02
5.623413251903000e-02
5.623413251903000e-02

1254
5.623413251903000e-02
5.623413251903000e-02
5.623413251903000e-02

1255
5.623413251903000e-02
5.623413251903000e-02
5.623413251903000e-02

1256
5.623413251903000e-02
5.623413251903000e-02
5.623413251903000e-02

1257
5.623413251903000e-02
5.623413251903000e-02
5.623413251903000e-02

1258
5.623413251903000e-02
5.623413251903000e-02
5.623413251903000e-02

1259
5.623413251903000e-02
5.623413251903000e-02
5.623413251903000e-02

1260
5.623413251903000e-02
5.623413251903000e-02
5.623413251903000e-02

1261
5.623413251903000e-02
5.623413251903000e-02
5.623413251903000e-02

1262
5.623413251903000e-02
5.623413251903000e-02
5.623413251903000e-02

1263
5.623413251903000e-02
5.623413251903000e-02
5.623413251903000e-02

1264
5.623413251903000e-02
5.623413251903000e-02
5.623413251903000e-02

1265
5.623413251903000e-02
5.623413251903000e-02
5.623413251903000e-02

1266
5.623413251903000e-02
5.623413251903000e-02
5.623413251903000e-02

1267
5.623413251903000e-02
5.623413251903000e-02
5.623413251903000e-02

1268
5.623413251903000e-02
5.623413251903000e-02
5.623413251903000e-02

1269
5.623413251903000e-02
5.623413251903000e-02
5.623413251903000e-02

1270
5.623413251903000e-02
5.623413251903000e-02
5.623413251903000e-02

1271
5.623413251903000e-02
5.623413251903000e-02
5.623413251903097e-02

1272
5.623413251903058e-02
5.623413251902318e-02
5.623413251899229e-02

1273
5.623413251900083e-02
5.623413251931279e-02
5.623413252070451e-02

1274
5.623413252058902e-02
5.623413250791966e-02
5.623413245012641e-02

1275
5.623413244423465e-02
5.623413290684315e-02
5.623413508000916e-02

1276
5.623413579205224e-02
5.623412190183455e-02
5.623405291577151e-02

1277
5.623400334945129e-02
5.623422205438384e-02
5.623559579878618e-02

1278
5.623848357272079e-02
5.625129435449831e-02
5.628717102681990e-02

1279
5.609388482003726e-02
5.468320926739137e-02
4.627487161120952e-02

