#Cell  Group   Direction 
# Element_0
# Element_1
# Element_2
    0  0  0
1.809595212701323e-01
1.784864237115447e-01
1.760105465190653e-01

    0  0  1
1.730792736383418e+00
1.726451396348223e+00
1.722080506711380e+00

    1  0  0
1.745609532620707e-01
1.720625709907846e-01
1.695558912043743e-01

    1  0  1
1.719522784599804e+00
1.715103284718041e+00
1.710651019202291e+00

    2  0  0
1.681001691752049e-01
1.656068115427090e-01
1.631233013692728e-01

    2  0  1
1.708044365311285e+00
1.703538372255061e+00
1.698995547829508e+00

    3  0  0
1.616793737669072e-01
1.591895430213266e-01
1.566875004845976e-01

    3  0  1
1.696334169889159e+00
1.691731249948178e+00
1.687086778722348e+00

    4  0  0
1.552238828899606e-01
1.527109744708915e-01
1.502024614481601e-01

    4  0  1
1.684364089982243e+00
1.679651108212328e+00
1.674892084068425e+00

    5  0  0
1.487511083171996e-01
1.462603373681983e-01
1.437715982405450e-01

    5  0  1
1.672100726260262e+00
1.667265909552522e+00
1.662379352118127e+00

    6  0  0
1.423162742079407e-01
1.398067888601930e-01
1.372869124976015e-01

    6  0  1
1.659510960308912e+00
1.654539214365735e+00
1.649508592944589e+00

    7  0  0
1.358213342270408e-01
1.333124055287191e-01
1.308158794929210e-01

    7  0  1
1.646553067838610e+00
1.641425434876998e+00
1.636231384950967e+00

    8  0  0
1.293681832833991e-01
1.268750828740720e-01
1.243732918026502e-01

    8  0  1
1.633177211066203e+00
1.627873532516580e+00
1.622494317548291e+00

    9  0  0
1.229085482955037e-01
1.203914272307011e-01
1.178759709172126e-01

    9  0  1
1.619328065877086e+00
1.613824058356433e+00
1.608233850317766e+00

   10  0  0
1.164209635421161e-01
1.139292113139369e-01
1.114466344264997e-01

   10  0  1
1.604939759955915e+00
1.599206995880865e+00
1.593375549979466e+00

   11  0  0
1.099986873522342e-01
1.075019785186404e-01
1.049943802752797e-01

   11  0  1
1.589935150598131e+00
1.583940341761537e+00
1.577832150107936e+00

   12  0  0
1.035331371244646e-01
1.010321130322968e-01
9.854501817472386e-02

   12  0  1
1.574223701706550e+00
1.567927571933652e+00
1.561500703500137e+00

   13  0  0
9.710749516389260e-02
9.463856552404751e-02
9.216873922055037e-02

   13  0  1
1.557698545338802e+00
1.551054698736793e+00
1.544259498726517e+00

   14  0  0
9.072302149973976e-02
8.823670825523748e-02
8.574964328409780e-02

   14  0  1
1.540233180021600e+00
1.533186430498024e+00
1.525963692528848e+00

   15  0  0
8.431048683112029e-02
8.185155959505885e-02
7.941028984654631e-02

   15  0  1
1.521676822051432e+00
1.514161165128971e+00
1.506439878243391e+00

   16  0  0
7.799372563131826e-02
7.555492993475618e-02
7.310876018769487e-02

   16  0  1
1.501848723524275e+00
1.493784602020046e+00
1.485478896883032e+00

   17  0  0
7.168030712787388e-02
6.923671038809050e-02
6.680890148262132e-02

   17  0  1
1.480530440776239e+00
1.471821159239055e+00
1.462826236457515e+00

   18  0  0
6.540988814965334e-02
6.301713213924515e-02
6.063741721762375e-02

   18  0  1
1.457455568834585e+00
1.447982376118692e+00
1.438168921116028e+00

   19  0  0
5.925049634650097e-02
5.686462136324966e-02
5.447660256311239e-02

   19  0  1
1.432295652970510e+00
1.421910941812176e+00
1.411117312080398e+00

   20  0  0
5.309376103430313e-02
5.074054458007321e-02
4.841603634338402e-02

   20  0  1
1.404640514458860e+00
1.393158137936905e+00
1.381179038229166e+00

   21  0  0
4.707501286248831e-02
4.477892189361190e-02
4.249194733332229e-02

   21  0  1
1.373969836689214e+00
1.361150822821658e+00
1.347720492986156e+00

   22  0  0
4.115859766354239e-02
3.887640519319058e-02
3.661068337988741e-02

   22  0  1
1.339610959805990e+00
1.325141930887082e+00
1.309908083167513e+00

   23  0  0
3.531462107119537e-02
3.311551142479958e-02
3.094870063738440e-02

   23  0  1
1.300673763062940e+00
1.284132459722538e+00
1.266613968896665e+00

   24  0  0
2.969479790738104e-02
2.755553602902396e-02
2.543292547367593e-02

   24  0  1
1.255945047859967e+00
1.236742780359548e+00
1.216256817439447e+00

   25  0  0
2.420213781922943e-02
2.211902829726875e-02
2.008389031374552e-02

   25  0  1
1.203707389230604e+00
1.180985924901661e+00
1.156512274327880e+00

   26  0  0
1.893641098212525e-02
1.699414862832476e-02
1.508581308112249e-02

   26  0  1
1.141402829441506e+00
1.113832718628951e+00
1.083734258060082e+00

   27  0  0
1.398701394277279e-02
1.214552642293060e-02
1.035266679482641e-02

   27  0  1
1.064941344882813e+00
1.030277695944248e+00
9.916313857701365e-01

   28  0  0
9.322638455588833e-03
7.641475275890343e-03
6.078874493920252e-03

   28  0  1
9.670393872859803e-01
9.209585975607635e-01
8.675427280204765e-01

   29  0  0
5.209352938320584e-03
3.788583964612653e-03
2.481766718840862e-03

   29  0  1
8.321096687931266e-01
7.636873639863264e-01
6.764885944551507e-01

   30  0  0
1.762918620615597e-03
7.522471370772805e-04
8.045977266622460e-05

   30  0  1
6.251832640141525e-01
4.701279674947684e-01
1.203895161034543e-01

   31  0  0
5.831523394641409e-14
1.223417464068248e-05
3.133560970166287e-06

   31  0  1
-8.260865223889665e-11
7.210927867035862e-04
-5.722508030130183e-05

   32  0  0
4.755433831105210e-06
5.069320485250577e-06
4.972171663976716e-06

   32  0  1
-2.285607637944300e-05
1.258244155766297e-05
2.310045672907139e-06

   33  0  0
4.996294817588713e-06
5.001033492238045e-06
4.999572848575892e-06

   33  0  1
4.298963196371236e-06
5.180277974265481e-06
4.934737683450854e-06

   34  0  0
4.999955564745034e-06
5.000012514704484e-06
4.999994511928304e-06

   34  0  1
4.983285653433418e-06
5.004301203911602e-06
4.998436528298398e-06

   35  0  0
4.999999820295403e-06
5.000000055472927e-06
4.999999963391791e-06

   35  0  1
4.999607107828286e-06
5.000101250305491e-06
4.999963065782052e-06

   36  0  0
5.000000013164331e-06
4.999999996501119e-06
5.000000000999350e-06

   36  0  1
4.999990879112170e-06
5.000002354524925e-06
4.999999137454577e-06

   37  0  0
5.000000000653972e-06
4.999999999820428e-06
5.000000000058917e-06

   37  0  1
4.999999791524584e-06
5.000000053914379e-06
4.999999980153784e-06

   38  0  0
5.000000000020489e-06
4.999999999992194e-06
5.000000000000407e-06

   38  0  1
4.999999995318392e-06
5.000000001210400e-06
4.999999999550317e-06

   39  0  0
4.999999999998914e-06
4.999999999998064e-06
4.999999999998302e-06

   39  0  1
4.999999999894887e-06
5.000000000025037e-06
4.999999999988315e-06

   40  0  0
4.999999999998272e-06
4.999999999998253e-06
4.999999999998241e-06

   40  0  1
4.999999999995987e-06
4.999999999998843e-06
4.999999999998025e-06

   41  0  0
4.999999999998255e-06
4.999999999998250e-06
4.999999999998253e-06

   41  0  1
4.999999999998200e-06
4.999999999998265e-06
4.999999999998246e-06

   42  0  0
4.999999999998256e-06
4.999999999998249e-06
4.999999999998253e-06

   42  0  1
4.999999999998251e-06
4.999999999998250e-06
4.999999999998253e-06

   43  0  0
4.999999999998256e-06
4.999999999998249e-06
4.999999999998253e-06

   43  0  1
4.999999999998253e-06
4.999999999998249e-06
4.999999999998255e-06

   44  0  0
4.999999999998256e-06
4.999999999998249e-06
4.999999999998253e-06

   44  0  1
4.999999999998253e-06
4.999999999998249e-06
4.999999999998255e-06

   45  0  0
4.999999999998256e-06
4.999999999998249e-06
4.999999999998253e-06

   45  0  1
4.999999999998253e-06
4.999999999998249e-06
4.999999999998255e-06

   46  0  0
4.999999999998256e-06
4.999999999998249e-06
4.999999999998253e-06

   46  0  1
4.999999999998253e-06
4.999999999998249e-06
4.999999999998255e-06

   47  0  0
4.999999999998256e-06
4.999999999998249e-06
4.999999999998253e-06

   47  0  1
4.999999999998253e-06
4.999999999998249e-06
4.999999999998255e-06

   48  0  0
4.999999999998256e-06
4.999999999998249e-06
4.999999999998253e-06

   48  0  1
4.999999999998253e-06
4.999999999998249e-06
4.999999999998255e-06

   49  0  0
4.999999999998256e-06
4.999999999998249e-06
4.999999999998253e-06

   49  0  1
4.999999999998253e-06
4.999999999998249e-06
4.999999999998255e-06

   50  0  0
4.999999999998256e-06
4.999999999998249e-06
4.999999999998253e-06

   50  0  1
4.999999999998253e-06
4.999999999998249e-06
4.999999999998255e-06

   51  0  0
4.999999999998256e-06
4.999999999998249e-06
4.999999999998253e-06

   51  0  1
4.999999999998253e-06
4.999999999998249e-06
4.999999999998255e-06

   52  0  0
4.999999999998256e-06
4.999999999998249e-06
4.999999999998253e-06

   52  0  1
4.999999999998253e-06
4.999999999998249e-06
4.999999999998255e-06

   53  0  0
4.999999999998256e-06
4.999999999998249e-06
4.999999999998253e-06

   53  0  1
4.999999999998253e-06
4.999999999998249e-06
4.999999999998255e-06

   54  0  0
4.999999999998256e-06
4.999999999998249e-06
4.999999999998253e-06

   54  0  1
4.999999999998253e-06
4.999999999998249e-06
4.999999999998255e-06

   55  0  0
4.999999999998256e-06
4.999999999998249e-06
4.999999999998253e-06

   55  0  1
4.999999999998253e-06
4.999999999998249e-06
4.999999999998255e-06

   56  0  0
4.999999999998256e-06
4.999999999998249e-06
4.999999999998253e-06

   56  0  1
4.999999999998253e-06
4.999999999998249e-06
4.999999999998255e-06

   57  0  0
4.999999999998256e-06
4.999999999998249e-06
4.999999999998253e-06

   57  0  1
4.999999999998253e-06
4.999999999998249e-06
4.999999999998255e-06

   58  0  0
4.999999999998256e-06
4.999999999998249e-06
4.999999999998253e-06

   58  0  1
4.999999999998253e-06
4.999999999998249e-06
4.999999999998255e-06

   59  0  0
4.999999999998256e-06
4.999999999998249e-06
4.999999999998253e-06

   59  0  1
4.999999999998253e-06
4.999999999998249e-06
4.999999999998255e-06

   60  0  0
4.999999999998256e-06
4.999999999998249e-06
4.999999999998253e-06

   60  0  1
4.999999999998253e-06
4.999999999998249e-06
4.999999999998255e-06

   61  0  0
4.999999999998256e-06
4.999999999998249e-06
4.999999999998253e-06

   61  0  1
4.999999999998253e-06
4.999999999998249e-06
4.999999999998255e-06

   62  0  0
4.999999999998256e-06
4.999999999998249e-06
4.999999999998253e-06

   62  0  1
4.999999999998253e-06
4.999999999998249e-06
4.999999999998255e-06

   63  0  0
4.999999999998256e-06
4.999999999998249e-06
4.999999999998253e-06

   63  0  1
4.999999999998253e-06
4.999999999998249e-06
4.999999999998255e-06

   64  0  0
4.999999999998256e-06
4.999999999998249e-06
4.999999999998253e-06

   64  0  1
4.999999999998253e-06
4.999999999998249e-06
4.999999999998255e-06

   65  0  0
4.999999999998256e-06
4.999999999998249e-06
4.999999999998253e-06

   65  0  1
4.999999999998253e-06
4.999999999998249e-06
4.999999999998255e-06

   66  0  0
4.999999999998256e-06
4.999999999998249e-06
4.999999999998253e-06

   66  0  1
4.999999999998253e-06
4.999999999998249e-06
4.999999999998255e-06

   67  0  0
4.999999999998256e-06
4.999999999998249e-06
4.999999999998253e-06

   67  0  1
4.999999999998253e-06
4.999999999998249e-06
4.999999999998255e-06

   68  0  0
4.999999999998256e-06
4.999999999998249e-06
4.999999999998253e-06

   68  0  1
4.999999999998253e-06
4.999999999998249e-06
4.999999999998255e-06

   69  0  0
4.999999999998256e-06
4.999999999998249e-06
4.999999999998253e-06

   69  0  1
4.999999999998253e-06
4.999999999998249e-06
4.999999999998255e-06

   70  0  0
4.999999999998251e-06
4.999999999998256e-06
4.999999999998231e-06

   70  0  1
4.999999999998253e-06
4.999999999998249e-06
4.999999999998255e-06

   71  0  0
4.999999999998154e-06
4.999999999998515e-06
4.999999999997202e-06

   71  0  1
4.999999999998252e-06
4.999999999998253e-06
4.999999999998221e-06

   72  0  0
4.999999999994274e-06
5.000000000010914e-06
4.999999999947099e-06

   72  0  1
4.999999999996675e-06
5.000000000003342e-06
4.999999999979106e-06

   73  0  0
4.999999999870701e-06
5.000000000390916e-06
4.999999998423291e-06

   73  0  1
4.999999999939341e-06
5.000000000166449e-06
4.999999999380133e-06

   74  0  0
4.999999996223491e-06
5.000000011743268e-06
4.999999952764547e-06

   74  0  1
4.999999998150375e-06
5.000000005300503e-06
4.999999980495334e-06

   75  0  0
4.999999891976715e-06
5.000000340788211e-06
4.999998625081701e-06

   75  0  1
4.999999943490695e-06
5.000000163315239e-06
4.999999398681951e-06

   76  0  0
4.999997036018339e-06
5.000009521722494e-06
4.999961429033565e-06

   76  0  1
4.999998323261966e-06
5.000004890384350e-06
4.999981971733677e-06

   77  0  0
4.999923064753023e-06
5.000253400091581e-06
4.998968108473511e-06

   77  0  1
4.999952107537754e-06
5.000141357762156e-06
4.999478074883345e-06

   78  0  0
4.998152539698532e-06
5.006317145143313e-06
4.974136541909302e-06

   78  0  1
4.998699147896212e-06
5.003904209545061e-06
4.985572644739295e-06

   79  0  0
4.960126637146029e-06
5.146047014394569e-06
4.425932365604963e-06

   79  0  1
4.966811647738371e-06
5.102758712495844e-06
4.632301829276261e-06

