#Cell    Group    L_mom 
# Element_0
# Element_1
    0  0  0
1.951482232473926e+00
1.933513107649010e+00

    1  0  0
1.934247580604215e+00
1.916005021013688e+00

    2  0  0
1.916815359206755e+00
1.898242192117397e+00

    3  0  0
1.899153395269582e+00
1.880202248366427e+00

    4  0  0
1.881233008738673e+00
1.861853103903648e+00

    5  0  0
1.863022465727174e+00
1.843156322782692e+00

    6  0  0
1.844485316842130e+00
1.824066787080406e+00

    7  0  0
1.825579270929043e+00
1.804531704306879e+00

    8  0  0
1.806255044547252e+00
1.784489247405437e+00

    9  0  0
1.786455015413391e+00
1.763866865150828e+00

   10  0  0
1.766111643648590e+00
1.742579202308017e+00

   11  0  0
1.745145454490783e+00
1.720525318211383e+00

   12  0  0
1.723462595089014e+00
1.697585667047823e+00

   13  0  0
1.700951903813228e+00
1.673617265546079e+00

   14  0  0
1.677480257247634e+00
1.648448244720364e+00

   15  0  0
1.652889078412002e+00
1.621872281224057e+00

   16  0  0
1.626985516829642e+00
1.593630537493772e+00

   17  0  0
1.599532530705231e+00
1.563413933027239e+00

   18  0  0
1.570245729012753e+00
1.530819892861335e+00

   19  0  0
1.538746008281922e+00
1.495324761719799e+00

   20  0  0
1.504609279846973e+00
1.456329602292236e+00

   21  0  0
1.467185753730884e+00
1.412698520087970e+00

   22  0  0
1.425608731833175e+00
1.363551797537710e+00

   23  0  0
1.379578772738385e+00
1.306638512761976e+00

   24  0  0
1.325279443649151e+00
1.236494566021976e+00

   25  0  0
1.259342863485333e+00
1.156768867778675e+00

   26  0  0
1.209463349069503e+00
1.051346597241524e+00

   27  0  0
1.150630238110011e+00
7.711593732471500e-01

   28  0  0
6.410236801533016e-01
1.789632757587097e-01

   29  0  0
1.947668077155578e-02
7.726389455613869e-04

   30  0  0
2.270353262585537e-05
1.010009444528989e-05

   31  0  0
1.000159021755585e-05
1.000001243762010e-05

   32  0  0
1.000000019752468e-05
1.000000000154109e-05

   33  0  0
1.000000000002101e-05
9.999999999996696e-06

   34  0  0
9.999999999996509e-06
9.999999999996508e-06

   35  0  0
9.999999999996508e-06
9.999999999996508e-06

   36  0  0
9.999999999996508e-06
9.999999999996508e-06

   37  0  0
9.999999999996508e-06
9.999999999996508e-06

   38  0  0
9.999999999996508e-06
9.999999999996508e-06

   39  0  0
9.999999999996508e-06
9.999999999996508e-06

   40  0  0
9.999999999996508e-06
9.999999999996508e-06

   41  0  0
9.999999999996508e-06
9.999999999996508e-06

   42  0  0
9.999999999996508e-06
9.999999999996508e-06

   43  0  0
9.999999999996508e-06
9.999999999996508e-06

   44  0  0
9.999999999996508e-06
9.999999999996508e-06

   45  0  0
9.999999999996508e-06
9.999999999996508e-06

   46  0  0
9.999999999996508e-06
9.999999999996508e-06

   47  0  0
9.999999999996508e-06
9.999999999996508e-06

   48  0  0
9.999999999996508e-06
9.999999999996508e-06

   49  0  0
9.999999999996508e-06
9.999999999996508e-06

   50  0  0
9.999999999996508e-06
9.999999999996508e-06

   51  0  0
9.999999999996508e-06
9.999999999996508e-06

   52  0  0
9.999999999996508e-06
9.999999999996508e-06

   53  0  0
9.999999999996508e-06
9.999999999996508e-06

   54  0  0
9.999999999996508e-06
9.999999999996508e-06

   55  0  0
9.999999999996508e-06
9.999999999996508e-06

   56  0  0
9.999999999996508e-06
9.999999999996508e-06

   57  0  0
9.999999999996508e-06
9.999999999996508e-06

   58  0  0
9.999999999996508e-06
9.999999999996508e-06

   59  0  0
9.999999999996508e-06
9.999999999996508e-06

   60  0  0
9.999999999996508e-06
9.999999999996508e-06

   61  0  0
9.999999999996508e-06
9.999999999996508e-06

   62  0  0
9.999999999996508e-06
9.999999999996508e-06

   63  0  0
9.999999999996508e-06
9.999999999996508e-06

   64  0  0
9.999999999996508e-06
9.999999999996508e-06

   65  0  0
9.999999999996508e-06
9.999999999996508e-06

   66  0  0
9.999999999996508e-06
9.999999999996508e-06

   67  0  0
9.999999999996508e-06
9.999999999996508e-06

   68  0  0
9.999999999996508e-06
9.999999999996508e-06

   69  0  0
9.999999999996508e-06
9.999999999996508e-06

   70  0  0
9.999999999996508e-06
9.999999999996508e-06

   71  0  0
9.999999999996508e-06
9.999999999996508e-06

   72  0  0
9.999999999996508e-06
9.999999999996508e-06

   73  0  0
9.999999999996508e-06
9.999999999996508e-06

   74  0  0
9.999999999996508e-06
9.999999999996508e-06

   75  0  0
9.999999999996508e-06
9.999999999996506e-06

   76  0  0
9.999999999996435e-06
9.999999999975432e-06

   77  0  0
9.999999999466553e-06
9.999999934945468e-06

   78  0  0
9.999998566718290e-06
9.999824117259383e-06

   79  0  0
9.996778358582845e-06
9.605630376227228e-06

