#Cell 
# Element_0
# Element_1
# Element_2
# Element_3
0
1.207927351793754e+00
1.207764075839592e+00
1.207501911323122e+00
1.207339489253320e+00

1
1.207339495964191e+00
1.207176571744714e+00
1.206912543725076e+00
1.206748890117434e+00

2
1.206748900040408e+00
1.206584813147751e+00
1.206318484820828e+00
1.206153305495498e+00

3
1.206153312232067e+00
1.205987654184928e+00
1.205718632944231e+00
1.205551722191752e+00

4
1.205551727182325e+00
1.205384295915175e+00
1.205112300952441e+00
1.204943496838070e+00

5
1.204943500872953e+00
1.204774137819072e+00
1.204498927388340e+00
1.204328084692547e+00

6
1.204328088152758e+00
1.204156649260654e+00
1.203877995683274e+00
1.203704974907626e+00

7
1.203704977979552e+00
1.203531323721636e+00
1.203249002542366e+00
1.203073664717147e+00

8
1.203073667502284e+00
1.202897658210517e+00
1.202611442644379e+00
1.202433646545675e+00

9
1.202433649112349e+00
1.202255142441228e+00
1.201964800199827e+00
1.201784400680196e+00

10
1.201784403074897e+00
1.201603252434696e+00
1.201308543549308e+00
1.201125390315378e+00

11
1.201125392572373e+00
1.200941446004143e+00
1.200642121241073e+00
1.200456057988920e+00

12
1.200456060130571e+00
1.200269159470846e+00
1.199964959086099e+00
1.199775822771795e+00

13
1.199775824817607e+00
1.199585805013566e+00
1.199276457757722e+00
1.199084078032465e+00

14
1.199084079995498e+00
1.198890768537947e+00
1.198575990754925e+00
1.198380189411188e+00

15
1.198380191304917e+00
1.198183407707919e+00
1.197862902564879e+00
1.197663493098827e+00

16
1.197663494931711e+00
1.197463050286974e+00
1.197136507046410e+00
1.196933294200700e+00

17
1.196933295981413e+00
1.196728992529223e+00
1.196396085908225e+00
1.196188865307307e+00

18
1.196188867040013e+00
1.195980497795534e+00
1.195640887348703e+00
1.195429445108940e+00

19
1.195429446798569e+00
1.195216795188783e+00
1.194870124774342e+00
1.194654237205979e+00

20
1.194654238853693e+00
1.194437078410331e+00
1.194082975684717e+00
1.193862408974231e+00

21
1.193862410583384e+00
1.193640504652158e+00
1.193278580661031e+00
1.193053090656336e+00

22
1.193053092227920e+00
1.192826193750846e+00
1.192456042585065e+00
1.192225374590308e+00

23
1.192225376127777e+00
1.191993227475681e+00
1.191614426074914e+00
1.191378314774698e+00

24
1.191378316278500e+00
1.191140649178943e+00
1.190752757233971e+00
1.190510926650429e+00

25
1.190510928123439e+00
1.190267463669200e+00
1.189870023738768e+00
1.189622187369239e+00

26
1.189622188810586e+00
1.189372637613650e+00
1.188965175420179e+00
1.188711036454056e+00

27
1.188711037865017e+00
1.188455100339945e+00
1.188037125370607e+00
1.187776377154770e+00

28
1.187776378532754e+00
1.187513745402580e+00
1.187084751829293e+00
1.186817078506265e+00

29
1.186817079850382e+00
1.186547432879216e+00
1.186106900950659e+00
1.185831978456258e+00

30
1.185831979761432e+00
1.185554992829864e+00
1.185102390799006e+00
1.184819888181295e+00

31
1.184819889443736e+00
1.184535230009624e+00
1.184070016813985e+00
1.183779598102949e+00

32
1.183779599311792e+00
1.183486930426360e+00
1.183008559277348e+00
1.182709885927724e+00

33
1.182709887079710e+00
1.182408870041583e+00
1.181916793288097e+00
1.181609527542108e+00

34
1.181609528621367e+00
1.181299826600442e+00
1.180793502027436e+00
1.180477311263307e+00

35
1.180477312159037e+00
1.180158595186449e+00
1.179637494992780e+00
1.179312057476939e+00

36
1.179312058656099e+00
1.178984008385539e+00
1.178447630512609e+00
1.178112644913585e+00

37
1.178112644821133e+00
1.177774969345461e+00
1.177222848942727e+00
1.176878038379358e+00

38
1.176878039459985e+00
1.176530471544969e+00
1.175962227914511e+00
1.175607372814911e+00

39
1.175607376600214e+00
1.175249694525307e+00
1.174664965837580e+00
1.174299899604232e+00

40
1.174299877316862e+00
1.173932034931845e+00
1.173330778077956e+00
1.172955377587702e+00

41
1.172955451841478e+00
1.172577033173595e+00
1.171959072406781e+00
1.171573719762206e+00

42
1.171573513316787e+00
1.171185807365254e+00
1.170551572916864e+00
1.170155461630959e+00

43
1.170155937134306e+00
1.169756305875337e+00
1.169107170389070e+00
1.168704073089242e+00

44
1.168703026670802e+00
1.168299232026953e+00
1.167634005107273e+00
1.167216992543429e+00

45
1.167219050966267e+00
1.166796757972257e+00
1.166124575177732e+00
1.165714544710378e+00

46
1.165710473293802e+00
1.165307026751644e+00
1.164626200841426e+00
1.164189431692523e+00

47
1.164192324468247e+00
1.163744775971452e+00
1.163060401229896e+00
1.162692009132422e+00

48
1.162693985725444e+00
1.162383872991468e+00
1.162015734075698e+00
1.161844337163501e+00

49
1.161841735348140e+00
1.161695431687938e+00
1.161458322073793e+00
1.161306657738930e+00

50
1.161307261403528e+00
1.161149290814698e+00
1.160891570493084e+00
1.160732613556916e+00

51
1.160732465957057e+00
1.160574665126034e+00
1.160319225655553e+00
1.160160847862402e+00

52
1.160160885678912e+00
1.160001870406145e+00
1.159743849966801e+00
1.159584018653246e+00

53
1.159584011138520e+00
1.159423942983106e+00
1.159164296082313e+00
1.159003405786550e+00

54
1.159003408766839e+00
1.158842188561870e+00
1.158580671122573e+00
1.158418634556468e+00

55
1.158418635500481e+00
1.158256281233450e+00
1.157992912235971e+00
1.157829720953723e+00

56
1.157829722161605e+00
1.157666206254154e+00
1.157400950379866e+00
1.157236587794709e+00

57
1.157236589003033e+00
1.157071897235064e+00
1.156804728392171e+00
1.156639177322682e+00

58
1.156639178520125e+00
1.156473293686464e+00
1.156204184610601e+00
1.156037428296422e+00

59
1.156037429497094e+00
1.155870334715347e+00
1.155599257956957e+00
1.155431279393148e+00

60
1.155431280594019e+00
1.155262958851229e+00
1.154989886808103e+00
1.154820668885008e+00

61
1.154820670086618e+00
1.154651104233364e+00
1.154376009082678e+00
1.154205534556766e+00

62
1.154205535759349e+00
1.154034708513335e+00
1.153757562209559e+00
1.153585813695896e+00

63
1.153585814899609e+00
1.153413708835193e+00
1.153134483097182e+00
1.152961443063031e+00

64
1.152961444268108e+00
1.152788041810644e+00
1.152506708114286e+00
1.152332358875956e+00

65
1.152332360082575e+00
1.152157643505770e+00
1.151874173079964e+00
1.151698496799950e+00

66
1.151698498008279e+00
1.151522449430978e+00
1.151236813252243e+00
1.151059791936210e+00

67
1.151059793146498e+00
1.150882394530809e+00
1.150594563322585e+00
1.150416178820370e+00

68
1.150416180032764e+00
1.150237413184740e+00
1.149947357416834e+00
1.149767591420257e+00

69
1.149767592634971e+00
1.149587439202157e+00
1.149295129088057e+00
1.149113963131600e+00

70
1.149113964348866e+00
1.148932405822601e+00
1.148637811324742e+00
1.148455226788120e+00

71
1.148455228008051e+00
1.148272245724327e+00
1.147975336552859e+00
1.147791314659564e+00

72
1.147791315882438e+00
1.147606891021971e+00
1.147307636638168e+00
1.147122158459752e+00

73
1.147122159685720e+00
1.146936273278216e+00
1.146634642900810e+00
1.146447689359773e+00

74
1.146447690588998e+00
1.146260323515749e+00
1.145956286124414e+00
1.145767837996129e+00

75
1.145767839228773e+00
1.145578972224403e+00
1.145272496563192e+00
1.145082534479011e+00

76
1.145082535715328e+00
1.144892149372653e+00
1.144583203960884e+00
1.144391708416220e+00

77
1.144391709656267e+00
1.144199784433063e+00
1.143888337572359e+00
1.143695288927666e+00

78
1.143695290171642e+00
1.143501806391174e+00
1.143187826168471e+00
1.142993204654998e+00

79
1.142993205903158e+00
1.142798143763054e+00
1.142481598068520e+00
1.142285383799043e+00

80
1.142285385051393e+00
1.142088724631258e+00
1.141769581164764e+00
1.141571754134599e+00

81
1.141571755391443e+00
1.141373476655558e+00
1.141051702936429e+00
1.140852243034368e+00

82
1.140852244295820e+00
1.140652327104982e+00
1.140327890490362e+00
1.140126777507116e+00

83
1.140126778773300e+00
1.139925202891687e+00
1.139598070586636e+00
1.139395284222479e+00

84
1.139395285493638e+00
1.139192030598664e+00
1.138862169674786e+00
1.138657689551287e+00

85
1.138657690827482e+00
1.138452736519698e+00
1.138120113928954e+00
1.137913919597138e+00

86
1.137913920878642e+00
1.137707246692212e+00
1.137371829288589e+00
1.137163900245276e+00

87
1.137163901532120e+00
1.136955486950400e+00
1.136617241511547e+00
1.136407557208883e+00

88
1.136407558501251e+00
1.136197382965487e+00
1.135856276207962e+00
1.135644816066163e+00

89
1.135644817364340e+00
1.135432860289685e+00
1.135088858900396e+00
1.134875602329063e+00

90
1.134875603633031e+00
1.134661844427982e+00
1.134314915090183e+00
1.134099841499951e+00

91
1.134099842809867e+00
1.133884260887190e+00
1.133534370300116e+00
1.133317459119044e+00

92
1.133317460435245e+00
1.133100035232812e+00
1.132747150152252e+00
1.132528380852811e+00

93
1.132528382175234e+00
1.132309093180075e+00
1.131953180450207e+00
1.131732532563869e+00

94
1.131732533892748e+00
1.131511360655774e+00
1.131152387237275e+00
1.130929840377930e+00

95
1.130929841713470e+00
1.130706763876659e+00
1.130344696895083e+00
1.130120230788572e+00

96
1.130120232130796e+00
1.129895229454484e+00
1.129530036240235e+00
1.129303630747102e+00

97
1.129303632096248e+00
1.129076684483002e+00
1.128708332613698e+00
1.128479967758757e+00

98
1.128479969114959e+00
1.128251056640443e+00
1.127879513993558e+00
1.127649169999699e+00

99
1.127649171363064e+00
1.127418274310734e+00
1.127043509120166e+00
1.126811166442731e+00

100
1.126811167813362e+00
1.126578266708273e+00
1.126200247618554e+00
1.125965886979347e+00

101
1.125965888357516e+00
1.125730964002620e+00
1.125349660133929e+00
1.125113262565968e+00

102
1.125113263951723e+00
1.124876297473489e+00
1.124491678495186e+00
1.124253225386131e+00

103
1.124253226779532e+00
1.124014199670658e+00
1.123626235870837e+00
1.123385709008355e+00

104
1.123385710409675e+00
1.123144604578261e+00
1.122753266949914e+00
1.122510648577764e+00

105
1.122510649987059e+00
1.122267447812122e+00
1.121872708142355e+00
1.121627981015216e+00

106
1.121627982432650e+00
1.121382666820703e+00
1.120984497787467e+00
1.120737645235167e+00

107
1.120737646660758e+00
1.120490201111867e+00
1.120088576392634e+00
1.119839582387003e+00

108
1.119839583820935e+00
1.119589992497074e+00
1.119184886884095e+00
1.118933736114321e+00

109
1.118933737556767e+00
1.118681985359930e+00
1.118273374891486e+00
1.118020052847201e+00

110
1.118020054298166e+00
1.117766126953842e+00
1.117353989052656e+00
1.117098482113195e+00

111
1.117098483572761e+00
1.116842367723378e+00
1.116426681354390e+00
1.116168976889152e+00

112
1.116168978357371e+00
1.115910661664156e+00
1.115491407503264e+00
1.115231493979070e+00

113
1.115231495456207e+00
1.114970966711189e+00
1.114548127337412e+00
1.114285994444420e+00

114
1.114285995930338e+00
1.114023245184046e+00
1.113596805289623e+00
1.113332444072740e+00

115
1.113332445567417e+00
1.113067464263950e+00
1.112637410882379e+00
1.112370813890203e+00

116
1.112370815393795e+00
1.112103596527355e+00
1.111669919300388e+00
1.111401080756876e+00

117
1.111401082269347e+00
1.111131620558730e+00
1.110694312025938e+00
1.110423228014091e+00

118
1.110423229535326e+00
1.110151521612517e+00
1.109710577531215e+00
1.109437246203342e+00

119
1.109437247733275e+00
1.109163292364047e+00
1.108718712085592e+00
1.108443133905733e+00

120
1.108443135443986e+00
1.108166933776706e+00
1.107718720659808e+00
1.107440898666032e+00

121
1.107440900212938e+00
1.107162456050295e+00
1.106710617932024e+00
1.106430558049235e+00

122
1.106430559603907e+00
1.106149879729045e+00
1.105694429467972e+00
1.105412140856947e+00

123
1.105412142419074e+00
1.105129236957182e+00
1.104670193066222e+00
1.104385688531314e+00

124
1.104385690101796e+00
1.104100572935212e+00
1.103637960260034e+00
1.103351256714488e+00

125
1.103351258284786e+00
1.103063947591131e+00
1.102597798260174e+00
1.102308917269339e+00

126
1.102308918867104e+00
1.102019437516123e+00
1.101549791695087e+00
1.101258760205576e+00

127
1.101258761744149e+00
1.100967138517812e+00
1.100494045995125e+00
1.100200896758802e+00

128
1.100200898460241e+00
1.099907167401914e+00
1.099430688384107e+00
1.099135462009768e+00

129
1.099135463329243e+00
1.098839668362449e+00
1.098359875728065e+00
1.098062618631517e+00

130
1.098062620807593e+00
1.097764808384033e+00
1.097281790215865e+00
1.096982564193840e+00

131
1.096982564496636e+00
1.096682804234739e+00
1.096196662259023e+00
1.095895526465575e+00

132
1.095895530682818e+00
1.095593875558063e+00
1.095104742448032e+00
1.094801801044262e+00

133
1.094801797141674e+00
1.094498374725720e+00
1.094006382410829e+00
1.093701687059758e+00

134
1.093701699417110e+00
1.093396527534683e+00
1.092901889006724e+00
1.092595656313154e+00

135
1.092595636764761e+00
1.092289019941383e+00
1.091791905403244e+00
1.091484086078744e+00

136
1.091484125794231e+00
1.091175849476488e+00
1.090676547574725e+00
1.090367677250635e+00

137
1.090367614283930e+00
1.090058594185799e+00
1.089557593184787e+00
1.089247298239963e+00

138
1.089247389882557e+00
1.088936504708755e+00
1.088433419172667e+00
1.088122778150204e+00

139
1.088122691353156e+00
1.087812519675952e+00
1.087310420973769e+00
1.086999261503150e+00

140
1.086999240514463e+00
1.086687069455283e+00
1.086180446911817e+00
1.085868034959249e+00

141
1.085868359297190e+00
1.085557219625280e+00
1.085059226706559e+00
1.084752631349037e+00

142
1.084751751134105e+00
1.084445364335294e+00
1.083941279352778e+00
1.083626587981631e+00

143
1.083627154418101e+00
1.083311691022938e+00
1.082813713033381e+00
1.082519765199039e+00

144
1.082520368472608e+00
1.082240169576943e+00
1.081820465182236e+00
1.081577341399809e+00

145
1.081576804462244e+00
1.081342896552063e+00
1.080971172937694e+00
1.080742315606157e+00

146
1.080742283510102e+00
1.080512138834538e+00
1.080136484702570e+00
1.079902958214825e+00

147
1.079903004915558e+00
1.079668885818593e+00
1.079289729759133e+00
1.079055119424676e+00

148
1.079055103830056e+00
1.078820219297345e+00
1.078439246264205e+00
1.078203194718158e+00

149
1.078203201504473e+00
1.077966678988152e+00
1.077583082542380e+00
1.077345462691444e+00

150
1.077345463576410e+00
1.077107430390829e+00
1.076721400019511e+00
1.076482264228383e+00

151
1.076482266484715e+00
1.076242698091966e+00
1.075854166644806e+00
1.075613480459220e+00

152
1.075613482443053e+00
1.075372363673365e+00
1.074981319311266e+00
1.074739075695157e+00

153
1.074739077757964e+00
1.074496397151049e+00
1.074102817278841e+00
1.073859001834956e+00

154
1.073859003901075e+00
1.073614748041960e+00
1.073218612046731e+00
1.072973212181668e+00

155
1.072973214268825e+00
1.072727370331908e+00
1.072328657172776e+00
1.072081659833174e+00

156
1.072081661937339e+00
1.071834216917263e+00
1.071432905605299e+00
1.071184297822502e+00

157
1.071184299944964e+00
1.070935240853788e+00
1.070531310347889e+00
1.070281079106920e+00

158
1.070281081247612e+00
1.070030395066051e+00
1.069623824290328e+00
1.069371956558840e+00

159
1.069371958718323e+00
1.069119632409272e+00
1.068710400262516e+00
1.068456882995197e+00

160
1.068456885173398e+00
1.068202905686332e+00
1.067790991041831e+00
1.067535811173858e+00

161
1.067535813371253e+00
1.067280167635901e+00
1.066865549337806e+00
1.066608693790766e+00

162
1.066608696007678e+00
1.066351370943739e+00
1.065934027825745e+00
1.065675483516568e+00

163
1.065675485753061e+00
1.065416468274519e+00
1.064996379158343e+00
1.064736132994539e+00

164
1.064736135251041e+00
1.064475412263086e+00
1.064052555959454e+00
1.063790594845445e+00

165
1.063790597122290e+00
1.063528155529965e+00
1.063102510854990e+00
1.062838821701170e+00

166
1.062838823998514e+00
1.062574650713340e+00
1.062146196493601e+00
1.061880766216010e+00

167
1.061880768534183e+00
1.061614850473371e+00
1.061183565546468e+00
1.060916381070552e+00

168
1.060916383409987e+00
1.060648707503562e+00
1.060214570734830e+00
1.059945619007153e+00

169
1.059945621367969e+00
1.059676174567745e+00
1.059239164858205e+00
1.058968432846703e+00

170
1.058968435229321e+00
1.058697204509629e+00
1.058257300800524e+00
1.057984775501675e+00

171
1.057984777906390e+00
1.057711750272536e+00
1.057268931559825e+00
1.056994600006098e+00

172
1.056994602433225e+00
1.056719764928143e+00
1.056274010272645e+00
1.055997859539357e+00

173
1.055997861989208e+00
1.055721201700675e+00
1.055272490239396e+00
1.054994507450845e+00

174
1.054994509923764e+00
1.054716013990239e+00
1.054264324946814e+00
1.053984497284336e+00

175
1.053984499780654e+00
1.053704155400262e+00
1.053249468099756e+00
1.052967782809922e+00

176
1.052967785329991e+00
1.052685579768226e+00
1.052227873650378e+00
1.051944318054820e+00

177
1.051944320598962e+00
1.051660241199265e+00
1.051199495834388e+00
1.050914057336974e+00

178
1.050914059905502e+00
1.050628094094540e+00
1.050164289192080e+00
1.049876955287243e+00

179
1.049876957880693e+00
1.049589093181165e+00
1.049122208616369e+00
1.048832966906462e+00

180
1.048832969524897e+00
1.048543193568054e+00
1.048073209392425e+00
1.047782047588421e+00

181
1.047782050232471e+00
1.047490350761503e+00
1.047017247217614e+00
1.046724153157164e+00

182
1.046724155827123e+00
1.046430520717024e+00
1.045954278268896e+00
1.045659239929105e+00

183
1.045659242625224e+00
1.045363659891361e+00
1.044884259233683e+00
1.044587264737799e+00

184
1.044587267460690e+00
1.044289725270042e+00
1.043807147354862e+00
1.043508184992994e+00

185
1.043508187742844e+00
1.043208674432601e+00
1.042722900493200e+00
1.042421958731630e+00

186
1.042421961508953e+00
1.042120465596100e+00
1.041631477166661e+00
1.041328544665735e+00

187
1.041328547470923e+00
1.041025057672289e+00
1.040532836620514e+00
1.040227902251146e+00

188
1.040227905084500e+00
1.039922410329962e+00
1.039426938875811e+00
1.039119991733046e+00

189
1.039119994595187e+00
1.038812484046136e+00
1.038313744798969e+00
1.038004774227061e+00

190
1.038004777118162e+00
1.037695240188735e+00
1.037193216174413e+00
1.036882211779383e+00

191
1.036882214700072e+00
1.036570641072240e+00
1.036065315764173e+00
1.035752267438754e+00

192
1.035752270389381e+00
1.035438650038373e+00
1.034930007397594e+00
1.034614905343025e+00

193
1.034614908324021e+00
1.034299231539217e+00
1.033787256047974e+00
1.033470090796361e+00

194
1.033470093808194e+00
1.033152351216908e+00
1.032637027919308e+00
1.032317790359381e+00

195
1.032317793402523e+00
1.031997975996137e+00
1.031479290541919e+00
1.031157971947295e+00

196
1.031157975022140e+00
1.030836074184471e+00
1.030314012873985e+00
1.029990604929858e+00

197
1.029990608036967e+00
1.029666615571921e+00
1.029141165404724e+00
1.028815660241445e+00

198
1.028815663381198e+00
1.028489571546821e+00
1.027960720275439e+00
1.027633110499138e+00

199
1.027633113672079e+00
1.027304915211249e+00
1.026772651394414e+00
1.026442930124779e+00

200
1.026442933331404e+00
1.026112621512421e+00
1.025576934582428e+00
1.025245095492040e+00

201
1.025245098732699e+00
1.024912667385523e+00
1.024373547704389e+00
1.024039585055109e+00

202
1.024039588330534e+00
1.023705031888678e+00
1.023162470825689e+00
1.022826379521274e+00

203
1.022826382831765e+00
1.022489696383059e+00
1.021943686391968e+00
1.021605462021422e+00

204
1.021605465367541e+00
1.021266644697939e+00
1.020717179391827e+00
1.020376818281208e+00

205
1.020376821663584e+00
1.020035863313322e+00
1.019482937562765e+00
1.019140436838233e+00

206
1.019140440257204e+00
1.018797341582482e+00
1.018240951612378e+00
1.017896309258180e+00

207
1.017896312714334e+00
1.017551071947250e+00
1.016991215439102e+00
1.016644430365589e+00

208
1.016644433859488e+00
1.016297050178787e+00
1.015733726391278e+00
1.015384798512675e+00

209
1.015384802044823e+00
1.015035275655970e+00
1.014468485557768e+00
1.014117415875519e+00

210
1.014117419446359e+00
1.013765751664655e+00
1.013195498069712e+00
1.012842288756944e+00

211
1.012842292367094e+00
1.012488485706706e+00
1.011914773430694e+00
1.011559427940209e+00

212
1.011559431590265e+00
1.011203489877273e+00
1.010626325926721e+00
1.010268849104038e+00

213
1.010268852793966e+00
1.009910781275543e+00
1.009330175017942e+00
1.008970573213182e+00

214
1.008970576944462e+00
1.008610382415066e+00
1.008026345823148e+00
1.007664627055085e+00

215
1.007664630826877e+00
1.007302321786482e+00
1.006714869656990e+00
1.006351043743412e+00

216
1.006351047557628e+00
1.005986634360873e+00
1.005395784638712e+00
1.005029863409295e+00

217
1.005029867264905e+00
1.004663362310560e+00
1.004069136292422e+00
1.003701133745265e+00

218
1.003701137643729e+00
1.003332555618536e+00
1.002734978588059e+00
1.002364911219830e+00

219
1.002364915160783e+00
1.001994273184934e+00
1.001393374224097e+00
1.001021261106174e+00

220
1.001021265090557e+00
1.000648583240528e+00
1.000044397008885e+00
9.996702605217526e-01

221
9.996702645431883e-01
9.992955656875100e-01
9.986881303080513e-01
9.983119956253976e-01

222
9.983119997190845e-01
9.979353108460238e-01
9.973246741028285e-01
9.969465716138151e-01

223
9.969465756404854e-01
9.965679268209824e-01
9.959541357832202e-01
9.955740971260042e-01

224
9.955741015342143e-01
9.951935282651867e-01
9.945766524696994e-01
9.941947215429788e-01

225
9.941947250582787e-01
9.938122688141003e-01
9.931923587998925e-01
9.928085690274061e-01

226
9.928085748981701e-01
9.924242760491876e-01
9.918014432290008e-01
9.914158705437782e-01

227
9.914158711989143e-01
9.910298036196941e-01
9.904040877086268e-01
9.900167421539331e-01

228
9.900167536676574e-01
9.896289257734491e-01
9.890005046583455e-01
9.886115497358504e-01

229
9.886115412264368e-01
9.882221505538705e-01
9.875910809329392e-01
9.872004389927460e-01

230
9.872004627307934e-01
9.868093396794955e-01
9.861757518911110e-01
9.857837475090322e-01

231
9.857837295624237e-01
9.853914289971416e-01
9.847557943173001e-01
9.843623171447244e-01

232
9.843623317972736e-01
9.839683138867529e-01
9.833299296111122e-01
9.829351107275502e-01

233
9.829351469047181e-01
9.825402372595129e-01
9.819013037988454e-01
9.815060751866470e-01

234
9.815059683152418e-01
9.811103270759810e-01
9.804682665012937e-01
9.800707098123937e-01

235
9.800708972476296e-01
9.796729485398411e-01
9.790306130351086e-01
9.786346740072634e-01

236
9.786345424273124e-01
9.782394542830911e-01
9.775996116544173e-01
9.772027817325356e-01

237
9.772025627770548e-01
9.768043677365318e-01
9.761567702953837e-01
9.757568470801887e-01

238
9.757572192866286e-01
9.753590190811637e-01
9.747250738690062e-01
9.743408702920531e-01

239
9.743409484605450e-01
9.739629907233530e-01
9.733632633701378e-01
9.729976366219303e-01

240
9.729974575681205e-01
9.726341325443997e-01
9.720468101103232e-01
9.716832060352779e-01

241
9.716832056964535e-01
9.713185656296036e-01
9.707263644053550e-01
9.703592040842635e-01

242
9.703592233361302e-01
9.699913044935206e-01
9.693946981875220e-01
9.690251479762751e-01

243
9.690251478210340e-01
9.686549404302101e-01
9.680544589731044e-01
9.676824057362733e-01

244
9.676824122064426e-01
9.673096244251139e-01
9.667049371400119e-01
9.663302864227465e-01

245
9.663302917564706e-01
9.659549195334206e-01
9.653460552659402e-01
9.649688172741482e-01

246
9.649688227166890e-01
9.645908533406158e-01
9.639777664642311e-01
9.635979083627427e-01

247
9.635979139404353e-01
9.632173178977765e-01
9.625999690593077e-01
9.622174689771246e-01

248
9.622174745890226e-01
9.618342300174386e-01
9.612125815449235e-01
9.608274152875642e-01

249
9.608274209813712e-01
9.604415033723899e-01
9.598155159433818e-01
9.594276593545946e-01

250
9.594276651160117e-01
9.590390503647443e-01
9.584086847764133e-01
9.580181134963038e-01

251
9.580181193308369e-01
9.576267829771157e-01
9.569919995339693e-01
9.565986889604461e-01

252
9.565986948683597e-01
9.562046122582482e-01
9.555653709452847e-01
9.551692962673139e-01

253
9.551693022499783e-01
9.547724485067930e-01
9.541287089454376e-01
9.537298451268654e-01

254
9.537298511854314e-01
9.533302012082819e-01
9.526819226539153e-01
9.522802444307394e-01

255
9.522802505667776e-01
9.518777790281278e-01
9.512249203749369e-01
9.508204022642542e-01

256
9.508204084787693e-01
9.504150898315277e-01
9.497576096124135e-01
9.493502259006945e-01

257
9.493502321951361e-01
9.489420406579053e-01
9.482798970254245e-01
9.478696217684702e-01

258
9.478696281445063e-01
9.474585377111596e-01
9.467916884620445e-01
9.463784954964265e-01

259
9.463785019548318e-01
9.459644863933092e-01
9.452928889457188e-01
9.448767518666280e-01

260
9.448767584095452e-01
9.444597912495687e-01
9.437834026463621e-01
9.433642948263755e-01

261
9.433643014547757e-01
9.429443560036294e-01
9.422631329229035e-01
9.418410275011052e-01

262
9.418410342166563e-01
9.414180835448617e-01
9.407319822799601e-01
9.403068521611222e-01

263
9.403068589654372e-01
9.398808759123087e-01
9.391898523860946e-01
9.387616702455748e-01

264
9.387616771400580e-01
9.383326343131949e-01
9.376366440703099e-01
9.372053823484801e-01

265
9.372053893348301e-01
9.367732591073108e-01
9.360722573137199e-01
9.356378882173918e-01

266
9.356378952972387e-01
9.352026498085353e-01
9.344965912526578e-01
9.340590867554963e-01

267
9.340590939304737e-01
9.336207050867367e-01
9.329095441792583e-01
9.324688760212984e-01

268
9.324688832931354e-01
9.320273227668622e-01
9.313110135396957e-01
9.308671532258133e-01

269
9.308671605962170e-01
9.304223998235730e-01
9.297008959262839e-01
9.292538147266609e-01

270
9.292538221975848e-01
9.288058323829467e-01
9.280790870941145e-01
9.276287560503207e-01

271
9.276287636232314e-01
9.271775157387137e-01
9.264454819538819e-01
9.259918718663743e-01

272
9.259918795435561e-01
9.255373443220144e-01
9.247999745567258e-01
9.243430559980141e-01

273
9.243430637811406e-01
9.238852117291652e-01
9.231424581323135e-01
9.226822014440298e-01

274
9.226822093349886e-01
9.222210107248978e-01
9.214728250626112e-01
9.210092003503288e-01

275
9.210092083513440e-01
9.205446332221984e-01
9.197909668881540e-01
9.193239440294008e-01

276
9.193239521423404e-01
9.188559703044866e-01
9.180967743225215e-01
9.176263229668481e-01

277
9.176263311939018e-01
9.171549122313040e-01
9.163901372596144e-01
9.159162268290927e-01

278
9.159162351721933e-01
9.154413484379882e-01
9.146709447582771e-01
9.141935444430677e-01

279
9.141935529048362e-01
9.137151675256042e-01
9.129390850627956e-01
9.124581638372895e-01

280
9.124581724194407e-01
9.119762573031488e-01
9.111944456223684e-01
9.107099722339156e-01

281
9.107099809391276e-01
9.102245047681502e-01
9.094369130733702e-01
9.089488560496723e-01

282
9.089488648800688e-01
9.084597961167803e-01
9.076663732572350e-01
9.071747009079316e-01

283
9.071747098661970e-01
9.066820167589545e-01
9.058827112443173e-01
9.053873916718950e-01

284
9.053874007600023e-01
9.048910513463395e-01
9.040858113373964e-01
9.035868124234179e-01

285
9.035868216444266e-01
9.030867837436711e-01
9.022755570588262e-01
9.017728464836801e-01

286
9.017728558399120e-01
9.012690970740239e-01
9.004518312146100e-01
8.999453764585742e-01

287
8.999453859524825e-01
8.994378737387392e-01
8.986145158699812e-01
8.981042842063801e-01

288
8.981042938411655e-01
8.975929953960519e-01
8.967634923715683e-01
8.962494508891333e-01

289
8.962494606670697e-01
8.957343430220054e-01
8.948986413921677e-01
8.943807569867718e-01

290
8.943807669109821e-01
8.938617969045125e-01
8.930198429132984e-01
8.924980822995620e-01

291
8.924980923729994e-01
8.919752366682265e-01
8.911269762837345e-01
8.906013060064921e-01

292
8.906013162317885e-01
8.900745413186862e-01
8.892199202244626e-01
8.886903066517117e-01

293
8.886903170324740e-01
8.881595892300906e-01
8.872985528490573e-01
8.867649621998198e-01

294
8.867649727387007e-01
8.862302582196684e-01
8.853627517363342e-01
8.848251500751758e-01

295
8.848251607755214e-01
8.842864255553576e-01
8.834123939048177e-01
8.828707471530057e-01

296
8.828707580184376e-01
8.823279679804498e-01
8.814473558996984e-01
8.809016298594514e-01

297
8.809016408927152e-01
8.803547617964945e-01
8.794675138184460e-01
8.789176741667644e-01

298
8.789176853719778e-01
8.783666828607638e-01
8.774727433470229e-01
8.769187556649022e-01

299
8.769187670451494e-01
8.763636066672957e-01
8.754629198311784e-01
8.749047496111989e-01

300
8.749047611704071e-01
8.743454083924961e-01
8.734379183270874e-01
8.728755309945478e-01

301
8.728755427362359e-01
8.723119629596052e-01
8.713976136620369e-01
8.708309745902902e-01

302
8.708309865185450e-01
8.702631451024783e-01
8.693418805192412e-01
8.687709550608754e-01

303
8.687709671793739e-01
8.681988294650683e-01
8.672705935242327e-01
8.666953470246251e-01

304
8.666953593373665e-01
8.661188906669961e-01
8.651836273128675e-01
8.646040251450136e-01

305
8.646040376568923e-01
8.640232034128129e-01
8.630808566921437e-01
8.624968643009844e-01

306
8.624968770140995e-01
8.619116426520452e-01
8.609621567093630e-01
8.603737396117814e-01

307
8.603737525349795e-01
8.597840836041261e-01
8.588274028430279e-01
8.582345267427026e-01

308
8.582345398713932e-01
8.576404021098347e-01
8.566764711162076e-01
8.560791018292510e-01

309
8.560791151865471e-01
8.554804744722512e-01
8.545092383933595e-01
8.539073421506004e-01

310
8.539073557024663e-01
8.533041783387595e-01
8.523255824543490e-01
8.517191254757048e-01

311
8.517191393063104e-01
8.511113915786864e-01
8.501253823475129e-01
8.495143319158622e-01

312
8.495143458723173e-01
8.489019953091714e-01
8.479085190954804e-01
8.472928417687254e-01

313
8.472928561562028e-01
8.466758690982505e-01
8.456748742737730e-01
8.450545394331476e-01

314
8.450545537145450e-01
8.444329006529991e-01
8.434243358963012e-01
8.427993100038583e-01

315
8.427993250976110e-01
8.421729706551027e-01
8.411567852944849e-01
8.405270414163777e-01

316
8.405270559324745e-01
8.398959777481664e-01
8.388721288132197e-01
8.382376338468530e-01

317
8.382376496125969e-01
8.376018068524975e-01
8.365702351255293e-01
8.359309639283475e-01

318
8.359309792338391e-01
8.352903610488649e-01
8.342510539232388e-01
8.336069852626211e-01

319
8.336070001847834e-01
8.329615651794898e-01
8.319144256403540e-01
8.312655127922606e-01

320
8.312655320209826e-01
8.306152594032287e-01
8.295603436238024e-01
8.289066259928423e-01

321
8.289066353531039e-01
8.282515469572956e-01
8.271887128402314e-01
8.265300571549218e-01

322
8.265300848634659e-01
8.258700339874611e-01
8.247993315253020e-01
8.241358990020068e-01

323
8.241359038037630e-01
8.234711452003162e-01
8.223926681338609e-01
8.217242841674732e-01

324
8.217243048358930e-01
8.210544500864495e-01
8.199677083559578e-01
8.192943699254981e-01

325
8.192944067525721e-01
8.186197954437865e-01
8.175258055970126e-01
8.168479855159813e-01

326
8.168479534024228e-01
8.161687352091398e-01
8.150663369619977e-01
8.143829909948931e-01

327
8.143830649982369e-01
8.136981860215163e-01
8.125877582740729e-01
8.119002374772394e-01

328
8.119002578171721e-01
8.112118351755506e-01
8.100957702666526e-01
8.094041330665940e-01

329
8.094040351093059e-01
8.087107192695421e-01
8.075844403164915e-01
8.068860392031638e-01

330
8.068861349371752e-01
8.061862907382241e-01
8.050530780835911e-01
8.043530491329679e-01

331
8.043531650295117e-01
8.036538171436403e-01
8.025246806814679e-01
8.018278024648371e-01

332
8.018277729924667e-01
8.011311859634264e-01
8.000030964349890e-01
7.993045204154212e-01

333
7.993045050988302e-01
7.986043673189491e-01
7.974675248667390e-01
7.967623162532652e-01

334
7.967623418520104e-01
7.960550507268873e-01
7.949064361429670e-01
7.941939553788778e-01

335
7.941939770849871e-01
7.934794838504263e-01
7.923192654120229e-01
7.915995955466164e-01

336
7.915996163121288e-01
7.908778900089405e-01
7.897058524318159e-01
7.889788147697492e-01

337
7.889788369235821e-01
7.882497001325764e-01
7.870656036301847e-01
7.863310707663412e-01

338
7.863310930771596e-01
7.855944279010431e-01
7.843980764287432e-01
7.836559219129284e-01

339
7.836559446980281e-01
7.829116197048054e-01
7.817027962942892e-01
7.809528847371192e-01

340
7.809529079743402e-01
7.802007875872216e-01
7.789792718769292e-01
7.782214659949362e-01

341
7.782214896887264e-01
7.774614354604710e-01
7.762270008365909e-01
7.754611590215637e-01

342
7.754611831912973e-01
7.746930523578109e-01
7.734454655533305e-01
7.726714421884308e-01

343
7.726714668446548e-01
7.718951126252247e-01
7.706341336771372e-01
7.698517788865539e-01

344
7.698518040448133e-01
7.690670753275045e-01
7.677924571864856e-01
7.670016166787402e-01

345
7.670016423525808e-01
7.662083835694710e-01
7.649198718560366e-01
7.641203867152444e-01

346
7.641204129201661e-01
7.633184638099526e-01
7.620157964301113e-01
7.612075029129163e-01

347
7.612075296649172e-01
7.603967250933055e-01
7.590796319558140e-01
7.582623612911820e-01

348
7.582623886058758e-01
7.574425583352025e-01
7.561107609439702e-01
7.552843390808350e-01

349
7.552843669761727e-01
7.544553354319802e-01
7.531085465308740e-01
7.522727939210702e-01

350
7.522728224140456e-01
7.514344084488246e-01
7.500723316054235e-01
7.492270629270311e-01

351
7.492270920363030e-01
7.483791086517024e-01
7.470014378091437e-01
7.461464616963741e-01

352
7.461464914417162e-01
7.452887455242183e-01
7.438951645771987e-01
7.430302833513535e-01

353
7.430303137516104e-01
7.421626057794181e-01
7.407527880520470e-01
7.398777973722410e-01

354
7.398778284496936e-01
7.389999521532928e-01
7.375735598799195e-01
7.366882484491785e-01

355
7.366882802250052e-01
7.358000222869088e-01
7.343567060954982e-01
7.334608553049095e-01

356
7.334608878015678e-01
7.325620274794142e-01
7.311014257486912e-01
7.301948092732065e-01

357
7.301948425158881e-01
7.292851512499635e-01
7.278068895034376e-01
7.268892729450899e-01

358
7.268893069574891e-01
7.259685479966426e-01
7.244722382435789e-01
7.235433786768349e-01

359
7.235434134857986e-01
7.226113414225377e-01
7.210965814026115e-01
7.201562269228836e-01

360
7.201562625554705e-01
7.192126228712976e-01
7.176789952999491e-01
7.167268845327802e-01

361
7.167269210180676e-01
7.157714495834032e-01
7.142185213322800e-01
7.132543829274601e-01

362
7.132544202944963e-01
7.122868428462238e-01
7.107141640459831e-01
7.097377160791468e-01

363
7.097377543605710e-01
7.087577858954907e-01
7.071648889677083e-01
7.061758383723347e-01

364
7.061758776003445e-01
7.051832218023140e-01
7.035696204767108e-01
7.025676623673558e-01

365
7.025677025775987e-01
7.015620511113351e-01
6.999272392749142e-01
6.989120562704372e-01

366
6.989120974986495e-01
6.978931293364982e-01
6.962365798944408e-01
6.952078413406501e-01

367
6.952078836261302e-01
6.941752642344987e-01
6.924964277715538e-01
6.914537889403604e-01

368
6.914538323236770e-01
6.904072128711555e-01
6.887055163450860e-01
6.876486175751020e-01

369
6.876486620977187e-01
6.865876785432784e-01
6.848625237210543e-01
6.837909894152858e-01

370
6.837910351237179e-01
6.827153072189057e-01
6.809660690801821e-01
6.798795067356500e-01

371
6.798795536761435e-01
6.787886839690940e-01
6.770147089998692e-01
6.759127080613254e-01

372
6.759127562842694e-01
6.748063289244495e-01
6.730069331294037e-01
6.718890637673444e-01

373
6.718891133264357e-01
6.707666928474314e-01
6.689411597528783e-01
6.678069715811277e-01

374
6.678070225318741e-01
6.666681525139538e-01
6.648157308970534e-01
6.636647515098681e-01

375
6.636648039128115e-01
6.625090054928783e-01
6.606289069138677e-01
6.594606403266533e-01

376
6.594606942449750e-01
6.582874645182512e-01
6.563788606609723e-01
6.551927856218590e-01

377
6.551928411220166e-01
6.540016514119593e-01
6.520636711671072e-01
6.508592392636650e-01

378
6.508592964178856e-01
6.496495903299088e-01
6.476813165678204e-01
6.464579502053153e-01

379
6.464580090878784e-01
6.452292004360347e-01
6.432296665075115e-01
6.419867566297950e-01

380
6.419868173232126e-01
6.407382877989579e-01
6.387064736861942e-01
6.374433773721031e-01

381
6.374434399593678e-01
6.361745366459080e-01
6.341093647094820e-01
6.328254023584213e-01

382
6.328254669356893e-01
6.315354994304988e-01
6.294358296869371e-01
6.281302821100208e-01

383
6.281303487739975e-01
6.268185862064207e-01
6.246832112643932e-01
6.233553163328673e-01

384
6.233553851894446e-01
6.220210527301990e-01
6.198486919208955e-01
6.184976408636039e-01

385
6.184977120284944e-01
6.171399871396736e-01
6.149292802815997e-01
6.135542136699440e-01

386
6.135542872635027e-01
6.121722955122126e-01
6.099217958079908e-01
6.085217989772956e-01

387
6.085218751301590e-01
6.071146854841314e-01
6.048228516310993e-01
6.033969496280095e-01

388
6.033970284810164e-01
6.019636481088045e-01
5.996288355476771e-01
5.981759874887703e-01

389
5.981760691938308e-01
5.967154376315542e-01
5.943358887001163e-01
5.928549814277362e-01

390
5.928550661498057e-01
5.913660487502045e-01
5.889398816159735e-01
5.874297225464937e-01

391
5.874298104657516e-01
5.859111910077250e-01
5.834363872410711e-01
5.818956964073136e-01

392
5.818957877176631e-01
5.803462601885535e-01
5.778206507705546e-01
5.762480516478872e-01

393
5.762481465668788e-01
5.746663056301110e-01
5.720875549215430e-01
5.704815642230976e-01

394
5.704816629797458e-01
5.688659934487866e-01
5.662315812856852e-01
5.645905972295705e-01

395
5.645907000779333e-01
5.629395646710129e-01
5.602467655960632e-01
5.585690545145056e-01

396
5.585691617291266e-01
5.568807872434692e-01
5.541266469790265e-01
5.524103279914805e-01

397
5.524104398837385e-01
5.506829012038670e-01
5.478642095834743e-01
5.461072370624455e-01

398
5.461073539498476e-01
5.443385558258330e-01
5.414518153791396e-01
5.396519583265642e-01

399
5.396520806083330e-01
5.378397361254027e-01
5.348811258887152e-01
5.330359446146045e-01

400
5.330360726717844e-01
5.311776791005974e-01
5.281430125191534e-01
5.262498305581923e-01

401
5.262499649050262e-01
5.243427739092602e-01
5.212274487162624e-01
5.192833209144568e-01

402
5.192834620164966e-01
5.173244470677116e-01
5.141233885383091e-01
5.121250625167378e-01

403
5.121252109933433e-01
5.101110256627738e-01
5.068186147409560e-01
5.047624850894200e-01

404
5.047626416308727e-01
5.026895733573725e-01
4.992995691645331e-01
4.971816250941444e-01

405
4.971817902537057e-01
4.950457029029259e-01
4.915511369555408e-01
4.893668924753821e-01

406
4.893670675034671e-01
4.871633298984838e-01
4.835563948804351e-01
4.813008175684507e-01

407
4.813010027270324e-01
4.790244129242445e-01
4.752963103077525e-01
4.729637124196194e-01

408
4.729639097539134e-01
4.706085759248696e-01
4.667493345126446e-01
4.643332662252110e-01

409
4.643334761669163e-01
4.618927141519336e-01
4.578909864841759e-01
4.553840783575119e-01

410
4.553843026483000e-01
4.528504477206239e-01
4.486931827270455e-01
4.460869475619065e-01

411
4.460871891240670e-01
4.434514119409648e-01
4.391235688702184e-01
4.364081976524593e-01

412
4.364084557834190e-01
4.336605173444463e-01
4.291445318965366e-01
4.263085120275195e-01

413
4.263087929868120e-01
4.234366391338682e-01
4.187118409077733e-01
4.157416185571616e-01

414
4.157419227077093e-01
4.127313522004220e-01
4.077732470228106e-01
4.046526424132333e-01

415
4.046529724239724e-01
4.014869221471942e-01
3.962658930954209e-01
3.929752714924392e-01

416
3.929756369677386e-01
3.896333668740261e-01
3.841133795341372e-01
3.806287619207473e-01

417
3.806291623063774e-01
3.770852314736591e-01
3.712216325315070e-01
3.675130095884416e-01

418
3.675134533273095e-01
3.637357839198041e-01
3.574718836697910e-01
3.535009390227151e-01

419
3.535014391520859e-01
3.494489049465690e-01
3.427115535530423e-01
3.384284175507757e-01

420
3.384289793643239e-01
3.340476210842636e-01
3.267395759064711e-01
3.220770651633775e-01

421
3.220776993767732e-01
3.172940477075021e-01
3.092810559841532e-01
3.041451064488969e-01

422
3.041458232388567e-01
2.988558293867138e-01
2.899445438198006e-01
2.841971922430021e-01

423
2.841979768782255e-01
2.782466337605006e-01
2.681420697088046e-01
2.615673838033910e-01

424
2.615681193883969e-01
2.547075019007923e-01
2.429216849140082e-01
2.351493124551949e-01

425
2.351493521282123e-01
2.269409513794343e-01
2.125655844499055e-01
2.028671350854906e-01

426
2.028620520698831e-01
1.924027344251862e-01
1.733967237703376e-01
1.599782520269979e-01

427
1.599731233446102e-01
1.448199721132678e-01
1.149375121597017e-01
9.206012028844660e-02

428
9.087173858751411e-02
6.983401836792165e-02
5.496506743665822e-02
5.709988505088707e-02

429
5.690903766840912e-02
5.637779643496973e-02
5.621867834614504e-02
5.624275121140848e-02

430
5.624084348934433e-02
5.623556550502171e-02
5.623398466999580e-02
5.623421449573302e-02

431
5.623419717735637e-02
5.623414664232582e-02
5.623413113384390e-02
5.623413327878229e-02

432
5.623413312942408e-02
5.623413265658531e-02
5.623413250642023e-02
5.623413252577570e-02

433
5.623413252461022e-02
5.623413252034991e-02
5.623413251892138e-02
5.623413251908497e-02

434
5.623413251907797e-02
5.623413251904236e-02
5.623413251902918e-02
5.623413251903036e-02

435
5.623413251903035e-02
5.623413251903010e-02
5.623413251902999e-02
5.623413251902999e-02

436
5.623413251902999e-02
5.623413251903000e-02
5.623413251903000e-02
5.623413251903000e-02

437
5.623413251903000e-02
5.623413251903000e-02
5.623413251903000e-02
5.623413251903000e-02

438
5.623413251903000e-02
5.623413251903000e-02
5.623413251903000e-02
5.623413251903000e-02

439
5.623413251903000e-02
5.623413251903000e-02
5.623413251903000e-02
5.623413251903000e-02

440
5.623413251903000e-02
5.623413251903000e-02
5.623413251903000e-02
5.623413251903000e-02

441
5.623413251903000e-02
5.623413251903000e-02
5.623413251903000e-02
5.623413251903000e-02

442
5.623413251903000e-02
5.623413251903000e-02
5.623413251903000e-02
5.623413251903000e-02

443
5.623413251903000e-02
5.623413251903000e-02
5.623413251903000e-02
5.623413251903000e-02

444
5.623413251903000e-02
5.623413251903000e-02
5.623413251903000e-02
5.623413251903000e-02

445
5.623413251903000e-02
5.623413251903000e-02
5.623413251903000e-02
5.623413251903000e-02

446
5.623413251903000e-02
5.623413251903000e-02
5.623413251903000e-02
5.623413251903000e-02

447
5.623413251903000e-02
5.623413251903000e-02
5.623413251903000e-02
5.623413251903000e-02

448
5.623413251903000e-02
5.623413251903000e-02
5.623413251903000e-02
5.623413251903000e-02

449
5.623413251903000e-02
5.623413251903000e-02
5.623413251903000e-02
5.623413251903000e-02

450
5.623413251903000e-02
5.623413251903000e-02
5.623413251903000e-02
5.623413251903000e-02

451
5.623413251903000e-02
5.623413251903000e-02
5.623413251903000e-02
5.623413251903000e-02

452
5.623413251903000e-02
5.623413251903000e-02
5.623413251903000e-02
5.623413251903000e-02

453
5.623413251903000e-02
5.623413251903000e-02
5.623413251903000e-02
5.623413251903000e-02

454
5.623413251903000e-02
5.623413251903000e-02
5.623413251903000e-02
5.623413251903000e-02

455
5.623413251903000e-02
5.623413251903000e-02
5.623413251903000e-02
5.623413251903000e-02

456
5.623413251903000e-02
5.623413251903000e-02
5.623413251903000e-02
5.623413251903000e-02

457
5.623413251903000e-02
5.623413251903000e-02
5.623413251903000e-02
5.623413251903000e-02

458
5.623413251903000e-02
5.623413251903000e-02
5.623413251903000e-02
5.623413251903000e-02

459
5.623413251903000e-02
5.623413251903000e-02
5.623413251903000e-02
5.623413251903000e-02

460
5.623413251903000e-02
5.623413251903000e-02
5.623413251903000e-02
5.623413251903000e-02

461
5.623413251903000e-02
5.623413251903000e-02
5.623413251903000e-02
5.623413251903000e-02

462
5.623413251903000e-02
5.623413251903000e-02
5.623413251903000e-02
5.623413251903000e-02

463
5.623413251903000e-02
5.623413251903000e-02
5.623413251903000e-02
5.623413251903000e-02

464
5.623413251903000e-02
5.623413251903000e-02
5.623413251903000e-02
5.623413251903000e-02

465
5.623413251903000e-02
5.623413251903000e-02
5.623413251903000e-02
5.623413251903000e-02

466
5.623413251903000e-02
5.623413251903000e-02
5.623413251903000e-02
5.623413251903000e-02

467
5.623413251903000e-02
5.623413251903000e-02
5.623413251903000e-02
5.623413251903000e-02

468
5.623413251903000e-02
5.623413251903000e-02
5.623413251903000e-02
5.623413251903000e-02

469
5.623413251903000e-02
5.623413251903000e-02
5.623413251903000e-02
5.623413251903000e-02

470
5.623413251903000e-02
5.623413251903000e-02
5.623413251903000e-02
5.623413251903000e-02

471
5.623413251903000e-02
5.623413251903000e-02
5.623413251903000e-02
5.623413251903000e-02

472
5.623413251903000e-02
5.623413251903000e-02
5.623413251903000e-02
5.623413251903000e-02

473
5.623413251903000e-02
5.623413251903000e-02
5.623413251903000e-02
5.623413251903000e-02

474
5.623413251903000e-02
5.623413251903000e-02
5.623413251903000e-02
5.623413251903000e-02

475
5.623413251903000e-02
5.623413251903000e-02
5.623413251903000e-02
5.623413251903000e-02

476
5.623413251903000e-02
5.623413251903000e-02
5.623413251903000e-02
5.623413251903000e-02

477
5.623413251903000e-02
5.623413251903000e-02
5.623413251903000e-02
5.623413251903000e-02

478
5.623413251903000e-02
5.623413251903000e-02
5.623413251903000e-02
5.623413251903000e-02

479
5.623413251903000e-02
5.623413251903000e-02
5.623413251903000e-02
5.623413251903000e-02

480
5.623413251903000e-02
5.623413251903000e-02
5.623413251903000e-02
5.623413251903000e-02

481
5.623413251903000e-02
5.623413251903000e-02
5.623413251903000e-02
5.623413251903000e-02

482
5.623413251903000e-02
5.623413251903000e-02
5.623413251903000e-02
5.623413251903000e-02

483
5.623413251903000e-02
5.623413251903000e-02
5.623413251903000e-02
5.623413251903000e-02

484
5.623413251903000e-02
5.623413251903000e-02
5.623413251903000e-02
5.623413251903000e-02

485
5.623413251903000e-02
5.623413251903000e-02
5.623413251903000e-02
5.623413251903000e-02

486
5.623413251903000e-02
5.623413251903000e-02
5.623413251903000e-02
5.623413251903000e-02

487
5.623413251903000e-02
5.623413251903000e-02
5.623413251903000e-02
5.623413251903000e-02

488
5.623413251903000e-02
5.623413251903000e-02
5.623413251903000e-02
5.623413251903000e-02

489
5.623413251903000e-02
5.623413251903000e-02
5.623413251903000e-02
5.623413251903000e-02

490
5.623413251903000e-02
5.623413251903000e-02
5.623413251903000e-02
5.623413251903000e-02

491
5.623413251903000e-02
5.623413251903000e-02
5.623413251903000e-02
5.623413251903000e-02

492
5.623413251903000e-02
5.623413251903000e-02
5.623413251903000e-02
5.623413251903000e-02

493
5.623413251903000e-02
5.623413251903000e-02
5.623413251903000e-02
5.623413251903000e-02

494
5.623413251903000e-02
5.623413251903000e-02
5.623413251903000e-02
5.623413251903000e-02

495
5.623413251903000e-02
5.623413251903000e-02
5.623413251903000e-02
5.623413251903000e-02

496
5.623413251903000e-02
5.623413251903000e-02
5.623413251903000e-02
5.623413251903000e-02

497
5.623413251903000e-02
5.623413251903000e-02
5.623413251903000e-02
5.623413251903000e-02

498
5.623413251903000e-02
5.623413251903000e-02
5.623413251903000e-02
5.623413251903000e-02

499
5.623413251903000e-02
5.623413251903000e-02
5.623413251903000e-02
5.623413251903000e-02

500
5.623413251903000e-02
5.623413251903000e-02
5.623413251903000e-02
5.623413251903000e-02

501
5.623413251903000e-02
5.623413251903000e-02
5.623413251903000e-02
5.623413251903000e-02

502
5.623413251903000e-02
5.623413251903000e-02
5.623413251903000e-02
5.623413251903000e-02

503
5.623413251903000e-02
5.623413251903000e-02
5.623413251903000e-02
5.623413251903000e-02

504
5.623413251903000e-02
5.623413251903000e-02
5.623413251903000e-02
5.623413251903000e-02

505
5.623413251903000e-02
5.623413251903000e-02
5.623413251903000e-02
5.623413251903000e-02

506
5.623413251903000e-02
5.623413251903000e-02
5.623413251903000e-02
5.623413251903000e-02

507
5.623413251903000e-02
5.623413251903000e-02
5.623413251903000e-02
5.623413251903000e-02

508
5.623413251903000e-02
5.623413251903000e-02
5.623413251903000e-02
5.623413251903000e-02

509
5.623413251903000e-02
5.623413251903000e-02
5.623413251903000e-02
5.623413251903000e-02

510
5.623413251903000e-02
5.623413251903000e-02
5.623413251903000e-02
5.623413251903000e-02

511
5.623413251903000e-02
5.623413251903000e-02
5.623413251903000e-02
5.623413251903000e-02

512
5.623413251903000e-02
5.623413251903000e-02
5.623413251903000e-02
5.623413251903000e-02

513
5.623413251903000e-02
5.623413251903000e-02
5.623413251903000e-02
5.623413251903000e-02

514
5.623413251903000e-02
5.623413251903000e-02
5.623413251903000e-02
5.623413251903000e-02

515
5.623413251903000e-02
5.623413251903000e-02
5.623413251903000e-02
5.623413251903000e-02

516
5.623413251903000e-02
5.623413251903000e-02
5.623413251903000e-02
5.623413251903000e-02

517
5.623413251903000e-02
5.623413251903000e-02
5.623413251903000e-02
5.623413251903000e-02

518
5.623413251903000e-02
5.623413251903000e-02
5.623413251903000e-02
5.623413251903000e-02

519
5.623413251903000e-02
5.623413251903000e-02
5.623413251903000e-02
5.623413251903000e-02

520
5.623413251903000e-02
5.623413251903000e-02
5.623413251903000e-02
5.623413251903000e-02

521
5.623413251903000e-02
5.623413251903000e-02
5.623413251903000e-02
5.623413251903000e-02

522
5.623413251903000e-02
5.623413251903000e-02
5.623413251903000e-02
5.623413251903000e-02

523
5.623413251903000e-02
5.623413251903000e-02
5.623413251903000e-02
5.623413251903000e-02

524
5.623413251903000e-02
5.623413251903000e-02
5.623413251903000e-02
5.623413251903000e-02

525
5.623413251903000e-02
5.623413251903000e-02
5.623413251903000e-02
5.623413251903000e-02

526
5.623413251903000e-02
5.623413251903000e-02
5.623413251903000e-02
5.623413251903000e-02

527
5.623413251903000e-02
5.623413251903000e-02
5.623413251903000e-02
5.623413251903000e-02

528
5.623413251903000e-02
5.623413251903000e-02
5.623413251903000e-02
5.623413251903000e-02

529
5.623413251903000e-02
5.623413251903000e-02
5.623413251903000e-02
5.623413251903000e-02

530
5.623413251903000e-02
5.623413251903000e-02
5.623413251903000e-02
5.623413251903000e-02

531
5.623413251903000e-02
5.623413251903000e-02
5.623413251903000e-02
5.623413251903000e-02

532
5.623413251903000e-02
5.623413251903000e-02
5.623413251903000e-02
5.623413251903000e-02

533
5.623413251903000e-02
5.623413251903000e-02
5.623413251903000e-02
5.623413251903000e-02

534
5.623413251903000e-02
5.623413251903000e-02
5.623413251903000e-02
5.623413251903000e-02

535
5.623413251903000e-02
5.623413251903000e-02
5.623413251903000e-02
5.623413251903000e-02

536
5.623413251903000e-02
5.623413251903000e-02
5.623413251903000e-02
5.623413251903000e-02

537
5.623413251903000e-02
5.623413251903000e-02
5.623413251903000e-02
5.623413251903000e-02

538
5.623413251903000e-02
5.623413251903000e-02
5.623413251903000e-02
5.623413251903000e-02

539
5.623413251903000e-02
5.623413251903000e-02
5.623413251903000e-02
5.623413251903000e-02

540
5.623413251903000e-02
5.623413251903000e-02
5.623413251903000e-02
5.623413251903000e-02

541
5.623413251903000e-02
5.623413251903000e-02
5.623413251903000e-02
5.623413251903000e-02

542
5.623413251903000e-02
5.623413251903000e-02
5.623413251903000e-02
5.623413251903000e-02

543
5.623413251903000e-02
5.623413251903000e-02
5.623413251903000e-02
5.623413251903000e-02

544
5.623413251903000e-02
5.623413251903000e-02
5.623413251903000e-02
5.623413251903000e-02

545
5.623413251903000e-02
5.623413251903000e-02
5.623413251903000e-02
5.623413251903000e-02

546
5.623413251903000e-02
5.623413251903000e-02
5.623413251903000e-02
5.623413251903000e-02

547
5.623413251903000e-02
5.623413251903000e-02
5.623413251903000e-02
5.623413251903000e-02

548
5.623413251903000e-02
5.623413251903000e-02
5.623413251903000e-02
5.623413251903000e-02

549
5.623413251903000e-02
5.623413251903000e-02
5.623413251903000e-02
5.623413251903000e-02

550
5.623413251903000e-02
5.623413251903000e-02
5.623413251903000e-02
5.623413251903000e-02

551
5.623413251903000e-02
5.623413251903000e-02
5.623413251903000e-02
5.623413251903000e-02

552
5.623413251903000e-02
5.623413251903000e-02
5.623413251903000e-02
5.623413251903000e-02

553
5.623413251903000e-02
5.623413251903000e-02
5.623413251903000e-02
5.623413251903000e-02

554
5.623413251903000e-02
5.623413251903000e-02
5.623413251903000e-02
5.623413251903000e-02

555
5.623413251903000e-02
5.623413251903000e-02
5.623413251903000e-02
5.623413251903000e-02

556
5.623413251903000e-02
5.623413251903000e-02
5.623413251903000e-02
5.623413251903000e-02

557
5.623413251903000e-02
5.623413251903000e-02
5.623413251903000e-02
5.623413251903000e-02

558
5.623413251903000e-02
5.623413251903000e-02
5.623413251903000e-02
5.623413251903000e-02

559
5.623413251903000e-02
5.623413251903000e-02
5.623413251903000e-02
5.623413251903000e-02

560
5.623413251903000e-02
5.623413251903000e-02
5.623413251903000e-02
5.623413251903000e-02

561
5.623413251903000e-02
5.623413251903000e-02
5.623413251903000e-02
5.623413251903000e-02

562
5.623413251903000e-02
5.623413251903000e-02
5.623413251903000e-02
5.623413251903000e-02

563
5.623413251903000e-02
5.623413251903000e-02
5.623413251903000e-02
5.623413251903000e-02

564
5.623413251903000e-02
5.623413251903000e-02
5.623413251903000e-02
5.623413251903000e-02

565
5.623413251903000e-02
5.623413251903000e-02
5.623413251903000e-02
5.623413251903000e-02

566
5.623413251903000e-02
5.623413251903000e-02
5.623413251903000e-02
5.623413251903000e-02

567
5.623413251903000e-02
5.623413251903000e-02
5.623413251903000e-02
5.623413251903000e-02

568
5.623413251903000e-02
5.623413251903000e-02
5.623413251903000e-02
5.623413251903000e-02

569
5.623413251903000e-02
5.623413251903000e-02
5.623413251903000e-02
5.623413251903000e-02

570
5.623413251903000e-02
5.623413251903000e-02
5.623413251903000e-02
5.623413251903000e-02

571
5.623413251903000e-02
5.623413251903000e-02
5.623413251903000e-02
5.623413251903000e-02

572
5.623413251903000e-02
5.623413251903000e-02
5.623413251903000e-02
5.623413251903000e-02

573
5.623413251903000e-02
5.623413251903000e-02
5.623413251903000e-02
5.623413251903000e-02

574
5.623413251903000e-02
5.623413251903000e-02
5.623413251903000e-02
5.623413251903000e-02

575
5.623413251903000e-02
5.623413251903000e-02
5.623413251903000e-02
5.623413251903000e-02

576
5.623413251903000e-02
5.623413251903000e-02
5.623413251903000e-02
5.623413251903000e-02

577
5.623413251903000e-02
5.623413251903000e-02
5.623413251903000e-02
5.623413251903000e-02

578
5.623413251903000e-02
5.623413251903000e-02
5.623413251903000e-02
5.623413251903000e-02

579
5.623413251903000e-02
5.623413251903000e-02
5.623413251903000e-02
5.623413251903000e-02

580
5.623413251903000e-02
5.623413251903000e-02
5.623413251903000e-02
5.623413251903000e-02

581
5.623413251903000e-02
5.623413251903000e-02
5.623413251903000e-02
5.623413251903000e-02

582
5.623413251903000e-02
5.623413251903000e-02
5.623413251903000e-02
5.623413251903000e-02

583
5.623413251903000e-02
5.623413251903000e-02
5.623413251903000e-02
5.623413251903000e-02

584
5.623413251903000e-02
5.623413251903000e-02
5.623413251903000e-02
5.623413251903000e-02

585
5.623413251903000e-02
5.623413251903000e-02
5.623413251903000e-02
5.623413251903000e-02

586
5.623413251903000e-02
5.623413251903000e-02
5.623413251903000e-02
5.623413251903000e-02

587
5.623413251903000e-02
5.623413251903000e-02
5.623413251903000e-02
5.623413251903000e-02

588
5.623413251903000e-02
5.623413251903000e-02
5.623413251903000e-02
5.623413251903000e-02

589
5.623413251903000e-02
5.623413251903000e-02
5.623413251903000e-02
5.623413251903000e-02

590
5.623413251903000e-02
5.623413251903000e-02
5.623413251903000e-02
5.623413251903000e-02

591
5.623413251903000e-02
5.623413251903000e-02
5.623413251903000e-02
5.623413251903000e-02

592
5.623413251903000e-02
5.623413251903000e-02
5.623413251903000e-02
5.623413251903000e-02

593
5.623413251903000e-02
5.623413251903000e-02
5.623413251903000e-02
5.623413251903000e-02

594
5.623413251903000e-02
5.623413251903000e-02
5.623413251903000e-02
5.623413251903000e-02

595
5.623413251903000e-02
5.623413251903000e-02
5.623413251903000e-02
5.623413251903000e-02

596
5.623413251903000e-02
5.623413251903000e-02
5.623413251903000e-02
5.623413251903000e-02

597
5.623413251903000e-02
5.623413251903000e-02
5.623413251903000e-02
5.623413251903000e-02

598
5.623413251903000e-02
5.623413251903000e-02
5.623413251903000e-02
5.623413251903000e-02

599
5.623413251903000e-02
5.623413251903000e-02
5.623413251903000e-02
5.623413251903000e-02

600
5.623413251903000e-02
5.623413251903000e-02
5.623413251903000e-02
5.623413251903000e-02

601
5.623413251903000e-02
5.623413251903000e-02
5.623413251903000e-02
5.623413251903000e-02

602
5.623413251903000e-02
5.623413251903000e-02
5.623413251903000e-02
5.623413251903000e-02

603
5.623413251903000e-02
5.623413251903000e-02
5.623413251903000e-02
5.623413251903000e-02

604
5.623413251903000e-02
5.623413251903000e-02
5.623413251903000e-02
5.623413251903000e-02

605
5.623413251903000e-02
5.623413251903000e-02
5.623413251903000e-02
5.623413251903000e-02

606
5.623413251903000e-02
5.623413251903000e-02
5.623413251903000e-02
5.623413251903000e-02

607
5.623413251903000e-02
5.623413251903000e-02
5.623413251903000e-02
5.623413251903000e-02

608
5.623413251903000e-02
5.623413251903000e-02
5.623413251903000e-02
5.623413251903000e-02

609
5.623413251903000e-02
5.623413251903000e-02
5.623413251903000e-02
5.623413251903000e-02

610
5.623413251903000e-02
5.623413251903000e-02
5.623413251903000e-02
5.623413251903000e-02

611
5.623413251903000e-02
5.623413251903000e-02
5.623413251903000e-02
5.623413251903000e-02

612
5.623413251903000e-02
5.623413251903000e-02
5.623413251903000e-02
5.623413251903000e-02

613
5.623413251903000e-02
5.623413251903000e-02
5.623413251903000e-02
5.623413251903000e-02

614
5.623413251903000e-02
5.623413251903000e-02
5.623413251903000e-02
5.623413251903000e-02

615
5.623413251903000e-02
5.623413251903000e-02
5.623413251903000e-02
5.623413251903000e-02

616
5.623413251903000e-02
5.623413251903000e-02
5.623413251903000e-02
5.623413251903000e-02

617
5.623413251903000e-02
5.623413251903000e-02
5.623413251903000e-02
5.623413251903000e-02

618
5.623413251903000e-02
5.623413251903000e-02
5.623413251903000e-02
5.623413251903000e-02

619
5.623413251903000e-02
5.623413251903000e-02
5.623413251903000e-02
5.623413251903000e-02

620
5.623413251903000e-02
5.623413251903000e-02
5.623413251903000e-02
5.623413251903000e-02

621
5.623413251903000e-02
5.623413251903000e-02
5.623413251903000e-02
5.623413251903000e-02

622
5.623413251903000e-02
5.623413251903000e-02
5.623413251903000e-02
5.623413251903000e-02

623
5.623413251903000e-02
5.623413251903000e-02
5.623413251903000e-02
5.623413251903000e-02

624
5.623413251903000e-02
5.623413251903000e-02
5.623413251903000e-02
5.623413251903000e-02

625
5.623413251903000e-02
5.623413251903000e-02
5.623413251903000e-02
5.623413251903000e-02

626
5.623413251903000e-02
5.623413251903000e-02
5.623413251903000e-02
5.623413251903000e-02

627
5.623413251903000e-02
5.623413251903000e-02
5.623413251903000e-02
5.623413251903000e-02

628
5.623413251903000e-02
5.623413251903000e-02
5.623413251903000e-02
5.623413251903000e-02

629
5.623413251903000e-02
5.623413251903000e-02
5.623413251903000e-02
5.623413251903000e-02

630
5.623413251903000e-02
5.623413251903000e-02
5.623413251903000e-02
5.623413251903000e-02

631
5.623413251903000e-02
5.623413251903000e-02
5.623413251903000e-02
5.623413251903000e-02

632
5.623413251903000e-02
5.623413251903000e-02
5.623413251903000e-02
5.623413251903000e-02

633
5.623413251903000e-02
5.623413251903000e-02
5.623413251903000e-02
5.623413251903000e-02

634
5.623413251903000e-02
5.623413251903000e-02
5.623413251903000e-02
5.623413251903000e-02

635
5.623413251903000e-02
5.623413251903000e-02
5.623413251903000e-02
5.623413251903000e-02

636
5.623413251903000e-02
5.623413251903000e-02
5.623413251903000e-02
5.623413251903000e-02

637
5.623413251903000e-02
5.623413251903000e-02
5.623413251903000e-02
5.623413251903000e-02

638
5.623413251903000e-02
5.623413251903000e-02
5.623413251903000e-02
5.623413251903000e-02

639
5.623413251903000e-02
5.623413251903000e-02
5.623413251903000e-02
5.623413251903000e-02

640
5.623413251903000e-02
5.623413251903000e-02
5.623413251903000e-02
5.623413251903000e-02

641
5.623413251903000e-02
5.623413251903000e-02
5.623413251903000e-02
5.623413251903000e-02

642
5.623413251903000e-02
5.623413251903000e-02
5.623413251903000e-02
5.623413251903000e-02

643
5.623413251903000e-02
5.623413251903000e-02
5.623413251903000e-02
5.623413251903000e-02

644
5.623413251903000e-02
5.623413251903000e-02
5.623413251903000e-02
5.623413251903000e-02

645
5.623413251903000e-02
5.623413251903000e-02
5.623413251903000e-02
5.623413251903000e-02

646
5.623413251903000e-02
5.623413251903000e-02
5.623413251903000e-02
5.623413251903000e-02

647
5.623413251903000e-02
5.623413251903000e-02
5.623413251903000e-02
5.623413251903000e-02

648
5.623413251903000e-02
5.623413251903000e-02
5.623413251903000e-02
5.623413251903000e-02

649
5.623413251903000e-02
5.623413251903000e-02
5.623413251903000e-02
5.623413251903000e-02

650
5.623413251903000e-02
5.623413251903000e-02
5.623413251903000e-02
5.623413251903000e-02

651
5.623413251903000e-02
5.623413251903000e-02
5.623413251903000e-02
5.623413251903000e-02

652
5.623413251903000e-02
5.623413251903000e-02
5.623413251903000e-02
5.623413251903000e-02

653
5.623413251903000e-02
5.623413251903000e-02
5.623413251903000e-02
5.623413251903000e-02

654
5.623413251903000e-02
5.623413251903000e-02
5.623413251903000e-02
5.623413251903000e-02

655
5.623413251903000e-02
5.623413251903000e-02
5.623413251903000e-02
5.623413251903000e-02

656
5.623413251903000e-02
5.623413251903000e-02
5.623413251903000e-02
5.623413251903000e-02

657
5.623413251903000e-02
5.623413251903000e-02
5.623413251903000e-02
5.623413251903000e-02

658
5.623413251903000e-02
5.623413251903000e-02
5.623413251903000e-02
5.623413251903000e-02

659
5.623413251903000e-02
5.623413251903000e-02
5.623413251903000e-02
5.623413251903000e-02

660
5.623413251903000e-02
5.623413251903000e-02
5.623413251903000e-02
5.623413251903000e-02

661
5.623413251903000e-02
5.623413251903000e-02
5.623413251903000e-02
5.623413251903000e-02

662
5.623413251903000e-02
5.623413251903000e-02
5.623413251903000e-02
5.623413251903000e-02

663
5.623413251903000e-02
5.623413251903000e-02
5.623413251903000e-02
5.623413251903000e-02

664
5.623413251903000e-02
5.623413251903000e-02
5.623413251903000e-02
5.623413251903000e-02

665
5.623413251903000e-02
5.623413251903000e-02
5.623413251903000e-02
5.623413251903000e-02

666
5.623413251903000e-02
5.623413251903000e-02
5.623413251903000e-02
5.623413251903000e-02

667
5.623413251903000e-02
5.623413251903000e-02
5.623413251903000e-02
5.623413251903000e-02

668
5.623413251903000e-02
5.623413251903000e-02
5.623413251903000e-02
5.623413251903000e-02

669
5.623413251903000e-02
5.623413251903000e-02
5.623413251903000e-02
5.623413251903000e-02

670
5.623413251903000e-02
5.623413251903000e-02
5.623413251903000e-02
5.623413251903000e-02

671
5.623413251903000e-02
5.623413251903000e-02
5.623413251903000e-02
5.623413251903000e-02

672
5.623413251903000e-02
5.623413251903000e-02
5.623413251903000e-02
5.623413251903000e-02

673
5.623413251903000e-02
5.623413251903000e-02
5.623413251903000e-02
5.623413251903000e-02

674
5.623413251903000e-02
5.623413251903000e-02
5.623413251903000e-02
5.623413251903000e-02

675
5.623413251903000e-02
5.623413251903000e-02
5.623413251903000e-02
5.623413251903000e-02

676
5.623413251903000e-02
5.623413251903000e-02
5.623413251903000e-02
5.623413251903000e-02

677
5.623413251903000e-02
5.623413251903000e-02
5.623413251903000e-02
5.623413251903000e-02

678
5.623413251903000e-02
5.623413251903000e-02
5.623413251903000e-02
5.623413251903000e-02

679
5.623413251903000e-02
5.623413251903000e-02
5.623413251903000e-02
5.623413251903000e-02

680
5.623413251903000e-02
5.623413251903000e-02
5.623413251903000e-02
5.623413251903000e-02

681
5.623413251903000e-02
5.623413251903000e-02
5.623413251903000e-02
5.623413251903000e-02

682
5.623413251903000e-02
5.623413251903000e-02
5.623413251903000e-02
5.623413251903000e-02

683
5.623413251903000e-02
5.623413251903000e-02
5.623413251903000e-02
5.623413251903000e-02

684
5.623413251903000e-02
5.623413251903000e-02
5.623413251903000e-02
5.623413251903000e-02

685
5.623413251903000e-02
5.623413251903000e-02
5.623413251903000e-02
5.623413251903000e-02

686
5.623413251903000e-02
5.623413251903000e-02
5.623413251903000e-02
5.623413251903000e-02

687
5.623413251903000e-02
5.623413251903000e-02
5.623413251903000e-02
5.623413251903000e-02

688
5.623413251903000e-02
5.623413251903000e-02
5.623413251903000e-02
5.623413251903000e-02

689
5.623413251903000e-02
5.623413251903000e-02
5.623413251903000e-02
5.623413251903000e-02

690
5.623413251903000e-02
5.623413251903000e-02
5.623413251903000e-02
5.623413251903000e-02

691
5.623413251903000e-02
5.623413251903000e-02
5.623413251903000e-02
5.623413251903000e-02

692
5.623413251903000e-02
5.623413251903000e-02
5.623413251903000e-02
5.623413251903000e-02

693
5.623413251903000e-02
5.623413251903000e-02
5.623413251903000e-02
5.623413251903000e-02

694
5.623413251903000e-02
5.623413251903000e-02
5.623413251903000e-02
5.623413251903000e-02

695
5.623413251903000e-02
5.623413251903000e-02
5.623413251903000e-02
5.623413251903000e-02

696
5.623413251903000e-02
5.623413251903000e-02
5.623413251903000e-02
5.623413251903000e-02

697
5.623413251903000e-02
5.623413251903000e-02
5.623413251903000e-02
5.623413251903000e-02

698
5.623413251903000e-02
5.623413251903000e-02
5.623413251903000e-02
5.623413251903000e-02

699
5.623413251903000e-02
5.623413251903000e-02
5.623413251903000e-02
5.623413251903000e-02

700
5.623413251903000e-02
5.623413251903000e-02
5.623413251903000e-02
5.623413251903000e-02

701
5.623413251903000e-02
5.623413251903000e-02
5.623413251903000e-02
5.623413251903000e-02

702
5.623413251903000e-02
5.623413251903000e-02
5.623413251903000e-02
5.623413251903000e-02

703
5.623413251903000e-02
5.623413251903000e-02
5.623413251903000e-02
5.623413251903000e-02

704
5.623413251903000e-02
5.623413251903000e-02
5.623413251903000e-02
5.623413251903000e-02

705
5.623413251903000e-02
5.623413251903000e-02
5.623413251903000e-02
5.623413251903000e-02

706
5.623413251903000e-02
5.623413251903000e-02
5.623413251903000e-02
5.623413251903000e-02

707
5.623413251903000e-02
5.623413251903000e-02
5.623413251903000e-02
5.623413251903000e-02

708
5.623413251903000e-02
5.623413251903000e-02
5.623413251903000e-02
5.623413251903000e-02

709
5.623413251903000e-02
5.623413251903000e-02
5.623413251903000e-02
5.623413251903000e-02

710
5.623413251903000e-02
5.623413251903000e-02
5.623413251903000e-02
5.623413251903000e-02

711
5.623413251903000e-02
5.623413251903000e-02
5.623413251903000e-02
5.623413251903000e-02

712
5.623413251903000e-02
5.623413251903000e-02
5.623413251903000e-02
5.623413251903000e-02

713
5.623413251903000e-02
5.623413251903000e-02
5.623413251903000e-02
5.623413251903000e-02

714
5.623413251903000e-02
5.623413251903000e-02
5.623413251903000e-02
5.623413251903000e-02

715
5.623413251903000e-02
5.623413251903000e-02
5.623413251903000e-02
5.623413251903000e-02

716
5.623413251903000e-02
5.623413251903000e-02
5.623413251903000e-02
5.623413251903000e-02

717
5.623413251903000e-02
5.623413251903000e-02
5.623413251903000e-02
5.623413251903000e-02

718
5.623413251903000e-02
5.623413251903000e-02
5.623413251903000e-02
5.623413251903000e-02

719
5.623413251903000e-02
5.623413251903000e-02
5.623413251903000e-02
5.623413251903000e-02

720
5.623413251903000e-02
5.623413251903000e-02
5.623413251903000e-02
5.623413251903000e-02

721
5.623413251903000e-02
5.623413251903000e-02
5.623413251903000e-02
5.623413251903000e-02

722
5.623413251903000e-02
5.623413251903000e-02
5.623413251903000e-02
5.623413251903000e-02

723
5.623413251903000e-02
5.623413251903000e-02
5.623413251903000e-02
5.623413251903000e-02

724
5.623413251903000e-02
5.623413251903000e-02
5.623413251903000e-02
5.623413251903000e-02

725
5.623413251903000e-02
5.623413251903000e-02
5.623413251903000e-02
5.623413251903000e-02

726
5.623413251903000e-02
5.623413251903000e-02
5.623413251903000e-02
5.623413251903000e-02

727
5.623413251903000e-02
5.623413251903000e-02
5.623413251903000e-02
5.623413251903000e-02

728
5.623413251903000e-02
5.623413251903000e-02
5.623413251903000e-02
5.623413251903000e-02

729
5.623413251903000e-02
5.623413251903000e-02
5.623413251903000e-02
5.623413251903000e-02

730
5.623413251903000e-02
5.623413251903000e-02
5.623413251903000e-02
5.623413251903000e-02

731
5.623413251903000e-02
5.623413251903000e-02
5.623413251903000e-02
5.623413251903000e-02

732
5.623413251903000e-02
5.623413251903000e-02
5.623413251903000e-02
5.623413251903000e-02

733
5.623413251903000e-02
5.623413251903000e-02
5.623413251903000e-02
5.623413251903000e-02

734
5.623413251903000e-02
5.623413251903000e-02
5.623413251903000e-02
5.623413251903000e-02

735
5.623413251903000e-02
5.623413251903000e-02
5.623413251903000e-02
5.623413251903000e-02

736
5.623413251903000e-02
5.623413251903000e-02
5.623413251903000e-02
5.623413251903000e-02

737
5.623413251903000e-02
5.623413251903000e-02
5.623413251903000e-02
5.623413251903000e-02

738
5.623413251903000e-02
5.623413251903000e-02
5.623413251903000e-02
5.623413251903000e-02

739
5.623413251903000e-02
5.623413251903000e-02
5.623413251903000e-02
5.623413251903000e-02

740
5.623413251903000e-02
5.623413251903000e-02
5.623413251903000e-02
5.623413251903000e-02

741
5.623413251903000e-02
5.623413251903000e-02
5.623413251903000e-02
5.623413251903000e-02

742
5.623413251903000e-02
5.623413251903000e-02
5.623413251903000e-02
5.623413251903000e-02

743
5.623413251903000e-02
5.623413251903000e-02
5.623413251903000e-02
5.623413251903000e-02

744
5.623413251903000e-02
5.623413251903000e-02
5.623413251903000e-02
5.623413251903000e-02

745
5.623413251903000e-02
5.623413251903000e-02
5.623413251903000e-02
5.623413251903000e-02

746
5.623413251903000e-02
5.623413251903000e-02
5.623413251903000e-02
5.623413251903000e-02

747
5.623413251903000e-02
5.623413251903000e-02
5.623413251903000e-02
5.623413251903000e-02

748
5.623413251903000e-02
5.623413251903000e-02
5.623413251903000e-02
5.623413251903000e-02

749
5.623413251903000e-02
5.623413251903000e-02
5.623413251903000e-02
5.623413251903000e-02

750
5.623413251903000e-02
5.623413251903000e-02
5.623413251903000e-02
5.623413251903000e-02

751
5.623413251903000e-02
5.623413251903000e-02
5.623413251903000e-02
5.623413251903000e-02

752
5.623413251903000e-02
5.623413251903000e-02
5.623413251903000e-02
5.623413251903000e-02

753
5.623413251903000e-02
5.623413251903000e-02
5.623413251903000e-02
5.623413251903000e-02

754
5.623413251903000e-02
5.623413251903000e-02
5.623413251903000e-02
5.623413251903000e-02

755
5.623413251903000e-02
5.623413251903000e-02
5.623413251903000e-02
5.623413251903000e-02

756
5.623413251903000e-02
5.623413251903000e-02
5.623413251903000e-02
5.623413251903000e-02

757
5.623413251903000e-02
5.623413251903000e-02
5.623413251903000e-02
5.623413251903000e-02

758
5.623413251903000e-02
5.623413251903000e-02
5.623413251903000e-02
5.623413251903000e-02

759
5.623413251903000e-02
5.623413251903000e-02
5.623413251903000e-02
5.623413251903000e-02

760
5.623413251903000e-02
5.623413251903000e-02
5.623413251903000e-02
5.623413251903000e-02

761
5.623413251903000e-02
5.623413251903000e-02
5.623413251903000e-02
5.623413251903000e-02

762
5.623413251903000e-02
5.623413251903000e-02
5.623413251903000e-02
5.623413251903000e-02

763
5.623413251903000e-02
5.623413251903000e-02
5.623413251903000e-02
5.623413251903000e-02

764
5.623413251903000e-02
5.623413251903000e-02
5.623413251903000e-02
5.623413251903000e-02

765
5.623413251903000e-02
5.623413251903000e-02
5.623413251903000e-02
5.623413251903000e-02

766
5.623413251903000e-02
5.623413251903000e-02
5.623413251903000e-02
5.623413251903000e-02

767
5.623413251903000e-02
5.623413251903000e-02
5.623413251903000e-02
5.623413251903000e-02

768
5.623413251903000e-02
5.623413251903000e-02
5.623413251903000e-02
5.623413251903000e-02

769
5.623413251903000e-02
5.623413251903000e-02
5.623413251903000e-02
5.623413251903000e-02

770
5.623413251903000e-02
5.623413251903000e-02
5.623413251903000e-02
5.623413251903000e-02

771
5.623413251903000e-02
5.623413251903000e-02
5.623413251903000e-02
5.623413251903000e-02

772
5.623413251903000e-02
5.623413251903000e-02
5.623413251903000e-02
5.623413251903000e-02

773
5.623413251903000e-02
5.623413251903000e-02
5.623413251903000e-02
5.623413251903000e-02

774
5.623413251903000e-02
5.623413251903000e-02
5.623413251903000e-02
5.623413251903000e-02

775
5.623413251903000e-02
5.623413251903000e-02
5.623413251903000e-02
5.623413251903000e-02

776
5.623413251903000e-02
5.623413251903000e-02
5.623413251903000e-02
5.623413251903000e-02

777
5.623413251903000e-02
5.623413251903000e-02
5.623413251903000e-02
5.623413251903000e-02

778
5.623413251903000e-02
5.623413251903000e-02
5.623413251903000e-02
5.623413251903000e-02

779
5.623413251903000e-02
5.623413251903000e-02
5.623413251903000e-02
5.623413251903000e-02

780
5.623413251903000e-02
5.623413251903000e-02
5.623413251903000e-02
5.623413251903000e-02

781
5.623413251903000e-02
5.623413251903000e-02
5.623413251903000e-02
5.623413251903000e-02

782
5.623413251903000e-02
5.623413251903000e-02
5.623413251903000e-02
5.623413251903000e-02

783
5.623413251903000e-02
5.623413251903000e-02
5.623413251903000e-02
5.623413251903000e-02

784
5.623413251903000e-02
5.623413251903000e-02
5.623413251903000e-02
5.623413251903000e-02

785
5.623413251903000e-02
5.623413251903000e-02
5.623413251903000e-02
5.623413251903000e-02

786
5.623413251903000e-02
5.623413251903000e-02
5.623413251903000e-02
5.623413251903000e-02

787
5.623413251903000e-02
5.623413251903000e-02
5.623413251903000e-02
5.623413251903000e-02

788
5.623413251903000e-02
5.623413251903000e-02
5.623413251903000e-02
5.623413251903000e-02

789
5.623413251903000e-02
5.623413251903000e-02
5.623413251903000e-02
5.623413251903000e-02

790
5.623413251903000e-02
5.623413251903000e-02
5.623413251903000e-02
5.623413251903000e-02

791
5.623413251903000e-02
5.623413251903000e-02
5.623413251903000e-02
5.623413251903000e-02

792
5.623413251903000e-02
5.623413251903000e-02
5.623413251903000e-02
5.623413251903000e-02

793
5.623413251903000e-02
5.623413251903000e-02
5.623413251903000e-02
5.623413251903000e-02

794
5.623413251903000e-02
5.623413251903000e-02
5.623413251903000e-02
5.623413251903000e-02

795
5.623413251903000e-02
5.623413251903000e-02
5.623413251903000e-02
5.623413251903000e-02

796
5.623413251903000e-02
5.623413251903000e-02
5.623413251903000e-02
5.623413251903000e-02

797
5.623413251903000e-02
5.623413251903000e-02
5.623413251903000e-02
5.623413251903000e-02

798
5.623413251903000e-02
5.623413251903000e-02
5.623413251903000e-02
5.623413251903000e-02

799
5.623413251903000e-02
5.623413251903000e-02
5.623413251903000e-02
5.623413251903000e-02

800
5.623413251903000e-02
5.623413251903000e-02
5.623413251903000e-02
5.623413251903000e-02

801
5.623413251903000e-02
5.623413251903000e-02
5.623413251903000e-02
5.623413251903000e-02

802
5.623413251903000e-02
5.623413251903000e-02
5.623413251903000e-02
5.623413251903000e-02

803
5.623413251903000e-02
5.623413251903000e-02
5.623413251903000e-02
5.623413251903000e-02

804
5.623413251903000e-02
5.623413251903000e-02
5.623413251903000e-02
5.623413251903000e-02

805
5.623413251903000e-02
5.623413251903000e-02
5.623413251903000e-02
5.623413251903000e-02

806
5.623413251903000e-02
5.623413251903000e-02
5.623413251903000e-02
5.623413251903000e-02

807
5.623413251903000e-02
5.623413251903000e-02
5.623413251903000e-02
5.623413251903000e-02

808
5.623413251903000e-02
5.623413251903000e-02
5.623413251903000e-02
5.623413251903000e-02

809
5.623413251903000e-02
5.623413251903000e-02
5.623413251903000e-02
5.623413251903000e-02

810
5.623413251903000e-02
5.623413251903000e-02
5.623413251903000e-02
5.623413251903000e-02

811
5.623413251903000e-02
5.623413251903000e-02
5.623413251903000e-02
5.623413251903000e-02

812
5.623413251903000e-02
5.623413251903000e-02
5.623413251903000e-02
5.623413251903000e-02

813
5.623413251903000e-02
5.623413251903000e-02
5.623413251903000e-02
5.623413251903000e-02

814
5.623413251903000e-02
5.623413251903000e-02
5.623413251903000e-02
5.623413251903000e-02

815
5.623413251903000e-02
5.623413251903000e-02
5.623413251903000e-02
5.623413251903000e-02

816
5.623413251903000e-02
5.623413251903000e-02
5.623413251903000e-02
5.623413251903000e-02

817
5.623413251903000e-02
5.623413251903000e-02
5.623413251903000e-02
5.623413251903000e-02

818
5.623413251903000e-02
5.623413251903000e-02
5.623413251903000e-02
5.623413251903000e-02

819
5.623413251903000e-02
5.623413251903000e-02
5.623413251903000e-02
5.623413251903000e-02

820
5.623413251903000e-02
5.623413251903000e-02
5.623413251903000e-02
5.623413251903000e-02

821
5.623413251903000e-02
5.623413251903000e-02
5.623413251903000e-02
5.623413251903000e-02

822
5.623413251903000e-02
5.623413251903000e-02
5.623413251903000e-02
5.623413251903000e-02

823
5.623413251903000e-02
5.623413251903000e-02
5.623413251903000e-02
5.623413251903000e-02

824
5.623413251903000e-02
5.623413251903000e-02
5.623413251903000e-02
5.623413251903000e-02

825
5.623413251903000e-02
5.623413251903000e-02
5.623413251903000e-02
5.623413251903000e-02

826
5.623413251903000e-02
5.623413251903000e-02
5.623413251903000e-02
5.623413251903000e-02

827
5.623413251903000e-02
5.623413251903000e-02
5.623413251903000e-02
5.623413251903000e-02

828
5.623413251903000e-02
5.623413251903000e-02
5.623413251903000e-02
5.623413251903000e-02

829
5.623413251903000e-02
5.623413251903000e-02
5.623413251903000e-02
5.623413251903000e-02

830
5.623413251903000e-02
5.623413251903000e-02
5.623413251903000e-02
5.623413251903000e-02

831
5.623413251903000e-02
5.623413251903000e-02
5.623413251903000e-02
5.623413251903000e-02

832
5.623413251903000e-02
5.623413251903000e-02
5.623413251903000e-02
5.623413251903000e-02

833
5.623413251903000e-02
5.623413251903000e-02
5.623413251903000e-02
5.623413251903000e-02

834
5.623413251903000e-02
5.623413251903000e-02
5.623413251903000e-02
5.623413251903000e-02

835
5.623413251903000e-02
5.623413251903000e-02
5.623413251903000e-02
5.623413251903000e-02

836
5.623413251903000e-02
5.623413251903000e-02
5.623413251903000e-02
5.623413251903000e-02

837
5.623413251903000e-02
5.623413251903000e-02
5.623413251903000e-02
5.623413251903000e-02

838
5.623413251903000e-02
5.623413251903000e-02
5.623413251903000e-02
5.623413251903000e-02

839
5.623413251903000e-02
5.623413251903000e-02
5.623413251903000e-02
5.623413251903000e-02

840
5.623413251903000e-02
5.623413251903000e-02
5.623413251903000e-02
5.623413251903000e-02

841
5.623413251903000e-02
5.623413251903000e-02
5.623413251903000e-02
5.623413251903000e-02

842
5.623413251903000e-02
5.623413251903000e-02
5.623413251903000e-02
5.623413251903000e-02

843
5.623413251903000e-02
5.623413251903000e-02
5.623413251903000e-02
5.623413251903000e-02

844
5.623413251903000e-02
5.623413251903000e-02
5.623413251903000e-02
5.623413251903000e-02

845
5.623413251903000e-02
5.623413251903000e-02
5.623413251903000e-02
5.623413251903000e-02

846
5.623413251903000e-02
5.623413251903000e-02
5.623413251903000e-02
5.623413251903000e-02

847
5.623413251903000e-02
5.623413251903000e-02
5.623413251903000e-02
5.623413251903000e-02

848
5.623413251903000e-02
5.623413251903000e-02
5.623413251903000e-02
5.623413251903000e-02

849
5.623413251903000e-02
5.623413251903000e-02
5.623413251903000e-02
5.623413251903000e-02

850
5.623413251903000e-02
5.623413251903000e-02
5.623413251903000e-02
5.623413251903000e-02

851
5.623413251903000e-02
5.623413251903000e-02
5.623413251903000e-02
5.623413251903000e-02

852
5.623413251903000e-02
5.623413251903000e-02
5.623413251903000e-02
5.623413251903000e-02

853
5.623413251903000e-02
5.623413251903000e-02
5.623413251903000e-02
5.623413251903000e-02

854
5.623413251903000e-02
5.623413251903000e-02
5.623413251903000e-02
5.623413251903000e-02

855
5.623413251903000e-02
5.623413251903000e-02
5.623413251903000e-02
5.623413251903000e-02

856
5.623413251903000e-02
5.623413251903000e-02
5.623413251903000e-02
5.623413251903000e-02

857
5.623413251903000e-02
5.623413251903000e-02
5.623413251903000e-02
5.623413251903000e-02

858
5.623413251903000e-02
5.623413251903000e-02
5.623413251903000e-02
5.623413251903000e-02

859
5.623413251903000e-02
5.623413251903000e-02
5.623413251903000e-02
5.623413251903000e-02

860
5.623413251903000e-02
5.623413251903000e-02
5.623413251903000e-02
5.623413251903000e-02

861
5.623413251903000e-02
5.623413251903000e-02
5.623413251903000e-02
5.623413251903000e-02

862
5.623413251903000e-02
5.623413251903000e-02
5.623413251903000e-02
5.623413251903000e-02

863
5.623413251903000e-02
5.623413251903000e-02
5.623413251903000e-02
5.623413251903000e-02

864
5.623413251903000e-02
5.623413251903000e-02
5.623413251903000e-02
5.623413251903000e-02

865
5.623413251903000e-02
5.623413251903000e-02
5.623413251903000e-02
5.623413251903000e-02

866
5.623413251903000e-02
5.623413251903000e-02
5.623413251903000e-02
5.623413251903000e-02

867
5.623413251903000e-02
5.623413251903000e-02
5.623413251903000e-02
5.623413251903000e-02

868
5.623413251903000e-02
5.623413251903000e-02
5.623413251903000e-02
5.623413251903000e-02

869
5.623413251903000e-02
5.623413251903000e-02
5.623413251903000e-02
5.623413251903000e-02

870
5.623413251903000e-02
5.623413251903000e-02
5.623413251903000e-02
5.623413251903000e-02

871
5.623413251903000e-02
5.623413251903000e-02
5.623413251903000e-02
5.623413251903000e-02

872
5.623413251903000e-02
5.623413251903000e-02
5.623413251903000e-02
5.623413251903000e-02

873
5.623413251903000e-02
5.623413251903000e-02
5.623413251903000e-02
5.623413251903000e-02

874
5.623413251903000e-02
5.623413251903000e-02
5.623413251903000e-02
5.623413251903000e-02

875
5.623413251903000e-02
5.623413251903000e-02
5.623413251903000e-02
5.623413251903000e-02

876
5.623413251903000e-02
5.623413251903000e-02
5.623413251903000e-02
5.623413251903000e-02

877
5.623413251903000e-02
5.623413251903000e-02
5.623413251903000e-02
5.623413251903000e-02

878
5.623413251903000e-02
5.623413251903000e-02
5.623413251903000e-02
5.623413251903000e-02

879
5.623413251903000e-02
5.623413251903000e-02
5.623413251903000e-02
5.623413251903000e-02

880
5.623413251903000e-02
5.623413251903000e-02
5.623413251903000e-02
5.623413251903000e-02

881
5.623413251903000e-02
5.623413251903000e-02
5.623413251903000e-02
5.623413251903000e-02

882
5.623413251903000e-02
5.623413251903000e-02
5.623413251903000e-02
5.623413251903000e-02

883
5.623413251903000e-02
5.623413251903000e-02
5.623413251903000e-02
5.623413251903000e-02

884
5.623413251903000e-02
5.623413251903000e-02
5.623413251903000e-02
5.623413251903000e-02

885
5.623413251903000e-02
5.623413251903000e-02
5.623413251903000e-02
5.623413251903000e-02

886
5.623413251903000e-02
5.623413251903000e-02
5.623413251903000e-02
5.623413251903000e-02

887
5.623413251903000e-02
5.623413251903000e-02
5.623413251903000e-02
5.623413251903000e-02

888
5.623413251903000e-02
5.623413251903000e-02
5.623413251903000e-02
5.623413251903000e-02

889
5.623413251903000e-02
5.623413251903000e-02
5.623413251903000e-02
5.623413251903000e-02

890
5.623413251903000e-02
5.623413251903000e-02
5.623413251903000e-02
5.623413251903000e-02

891
5.623413251903000e-02
5.623413251903000e-02
5.623413251903000e-02
5.623413251903000e-02

892
5.623413251903000e-02
5.623413251903000e-02
5.623413251903000e-02
5.623413251903000e-02

893
5.623413251903000e-02
5.623413251903000e-02
5.623413251903000e-02
5.623413251903000e-02

894
5.623413251903000e-02
5.623413251903000e-02
5.623413251903000e-02
5.623413251903000e-02

895
5.623413251903000e-02
5.623413251903000e-02
5.623413251903000e-02
5.623413251903000e-02

896
5.623413251903000e-02
5.623413251903000e-02
5.623413251903000e-02
5.623413251903000e-02

897
5.623413251903000e-02
5.623413251903000e-02
5.623413251903000e-02
5.623413251903000e-02

898
5.623413251903000e-02
5.623413251903000e-02
5.623413251903000e-02
5.623413251903000e-02

899
5.623413251903000e-02
5.623413251903000e-02
5.623413251903000e-02
5.623413251903000e-02

900
5.623413251903000e-02
5.623413251903000e-02
5.623413251903000e-02
5.623413251903000e-02

901
5.623413251903000e-02
5.623413251903000e-02
5.623413251903000e-02
5.623413251903000e-02

902
5.623413251903000e-02
5.623413251903000e-02
5.623413251903000e-02
5.623413251903000e-02

903
5.623413251903000e-02
5.623413251903000e-02
5.623413251903000e-02
5.623413251903000e-02

904
5.623413251903000e-02
5.623413251903000e-02
5.623413251903000e-02
5.623413251903000e-02

905
5.623413251903000e-02
5.623413251903000e-02
5.623413251903000e-02
5.623413251903000e-02

906
5.623413251903000e-02
5.623413251903000e-02
5.623413251903000e-02
5.623413251903000e-02

907
5.623413251903000e-02
5.623413251903000e-02
5.623413251903000e-02
5.623413251903000e-02

908
5.623413251903000e-02
5.623413251903000e-02
5.623413251903000e-02
5.623413251903000e-02

909
5.623413251903000e-02
5.623413251903000e-02
5.623413251903000e-02
5.623413251903000e-02

910
5.623413251903000e-02
5.623413251903000e-02
5.623413251903000e-02
5.623413251903000e-02

911
5.623413251903000e-02
5.623413251903000e-02
5.623413251903000e-02
5.623413251903000e-02

912
5.623413251903000e-02
5.623413251903000e-02
5.623413251903000e-02
5.623413251903000e-02

913
5.623413251903000e-02
5.623413251903000e-02
5.623413251903000e-02
5.623413251903000e-02

914
5.623413251903000e-02
5.623413251903000e-02
5.623413251903000e-02
5.623413251903000e-02

915
5.623413251903000e-02
5.623413251903000e-02
5.623413251903000e-02
5.623413251903000e-02

916
5.623413251903000e-02
5.623413251903000e-02
5.623413251903000e-02
5.623413251903000e-02

917
5.623413251903000e-02
5.623413251903000e-02
5.623413251903000e-02
5.623413251903000e-02

918
5.623413251903000e-02
5.623413251903000e-02
5.623413251903000e-02
5.623413251903000e-02

919
5.623413251903000e-02
5.623413251903000e-02
5.623413251903000e-02
5.623413251903000e-02

920
5.623413251903000e-02
5.623413251903000e-02
5.623413251903000e-02
5.623413251903000e-02

921
5.623413251903000e-02
5.623413251903000e-02
5.623413251903000e-02
5.623413251903000e-02

922
5.623413251903000e-02
5.623413251903000e-02
5.623413251903000e-02
5.623413251903000e-02

923
5.623413251903000e-02
5.623413251903000e-02
5.623413251903000e-02
5.623413251903000e-02

924
5.623413251903000e-02
5.623413251903000e-02
5.623413251903000e-02
5.623413251903000e-02

925
5.623413251903000e-02
5.623413251903000e-02
5.623413251903000e-02
5.623413251903000e-02

926
5.623413251903000e-02
5.623413251903000e-02
5.623413251903000e-02
5.623413251903000e-02

927
5.623413251903000e-02
5.623413251903000e-02
5.623413251903000e-02
5.623413251903000e-02

928
5.623413251903000e-02
5.623413251903000e-02
5.623413251903000e-02
5.623413251903000e-02

929
5.623413251903000e-02
5.623413251903000e-02
5.623413251903000e-02
5.623413251903000e-02

930
5.623413251903000e-02
5.623413251903000e-02
5.623413251903000e-02
5.623413251903000e-02

931
5.623413251903000e-02
5.623413251903000e-02
5.623413251903000e-02
5.623413251903000e-02

932
5.623413251903000e-02
5.623413251903000e-02
5.623413251903000e-02
5.623413251903000e-02

933
5.623413251903000e-02
5.623413251903000e-02
5.623413251903000e-02
5.623413251903000e-02

934
5.623413251903000e-02
5.623413251903000e-02
5.623413251903000e-02
5.623413251903000e-02

935
5.623413251903000e-02
5.623413251903000e-02
5.623413251903000e-02
5.623413251903000e-02

936
5.623413251903000e-02
5.623413251903000e-02
5.623413251903000e-02
5.623413251903000e-02

937
5.623413251903000e-02
5.623413251903000e-02
5.623413251903000e-02
5.623413251903000e-02

938
5.623413251903000e-02
5.623413251903000e-02
5.623413251903000e-02
5.623413251903000e-02

939
5.623413251903000e-02
5.623413251903000e-02
5.623413251903000e-02
5.623413251903000e-02

940
5.623413251903000e-02
5.623413251903000e-02
5.623413251903000e-02
5.623413251903000e-02

941
5.623413251903000e-02
5.623413251903000e-02
5.623413251903000e-02
5.623413251903000e-02

942
5.623413251903000e-02
5.623413251903000e-02
5.623413251903000e-02
5.623413251903000e-02

943
5.623413251903000e-02
5.623413251903000e-02
5.623413251903000e-02
5.623413251903000e-02

944
5.623413251903000e-02
5.623413251903000e-02
5.623413251903000e-02
5.623413251903000e-02

945
5.623413251903000e-02
5.623413251903000e-02
5.623413251903000e-02
5.623413251903000e-02

946
5.623413251903000e-02
5.623413251903000e-02
5.623413251903000e-02
5.623413251903000e-02

947
5.623413251903000e-02
5.623413251903000e-02
5.623413251903000e-02
5.623413251903000e-02

948
5.623413251903000e-02
5.623413251903000e-02
5.623413251903000e-02
5.623413251903000e-02

949
5.623413251903000e-02
5.623413251903000e-02
5.623413251903000e-02
5.623413251903000e-02

950
5.623413251903000e-02
5.623413251903000e-02
5.623413251903000e-02
5.623413251903000e-02

951
5.623413251903000e-02
5.623413251903000e-02
5.623413251903000e-02
5.623413251903000e-02

952
5.623413251903000e-02
5.623413251903000e-02
5.623413251903000e-02
5.623413251903000e-02

953
5.623413251903000e-02
5.623413251903000e-02
5.623413251903000e-02
5.623413251903000e-02

954
5.623413251903000e-02
5.623413251903000e-02
5.623413251903000e-02
5.623413251903000e-02

955
5.623413251903000e-02
5.623413251903000e-02
5.623413251903000e-02
5.623413251903000e-02

956
5.623413251903000e-02
5.623413251903000e-02
5.623413251903000e-02
5.623413251903000e-02

957
5.623413251903000e-02
5.623413251903000e-02
5.623413251903000e-02
5.623413251903000e-02

958
5.623413251903000e-02
5.623413251903000e-02
5.623413251903000e-02
5.623413251903000e-02

959
5.623413251903000e-02
5.623413251903000e-02
5.623413251903000e-02
5.623413251903000e-02

960
5.623413251903000e-02
5.623413251903000e-02
5.623413251903000e-02
5.623413251903000e-02

961
5.623413251903000e-02
5.623413251903000e-02
5.623413251903000e-02
5.623413251903000e-02

962
5.623413251903000e-02
5.623413251903000e-02
5.623413251903000e-02
5.623413251903000e-02

963
5.623413251903000e-02
5.623413251903000e-02
5.623413251903000e-02
5.623413251903000e-02

964
5.623413251903000e-02
5.623413251903000e-02
5.623413251903000e-02
5.623413251903000e-02

965
5.623413251903000e-02
5.623413251903000e-02
5.623413251903000e-02
5.623413251903000e-02

966
5.623413251903000e-02
5.623413251903000e-02
5.623413251903000e-02
5.623413251903000e-02

967
5.623413251903000e-02
5.623413251903000e-02
5.623413251903000e-02
5.623413251903000e-02

968
5.623413251903000e-02
5.623413251903000e-02
5.623413251903000e-02
5.623413251903000e-02

969
5.623413251903000e-02
5.623413251903000e-02
5.623413251903000e-02
5.623413251903000e-02

970
5.623413251903000e-02
5.623413251903000e-02
5.623413251903000e-02
5.623413251903000e-02

971
5.623413251903000e-02
5.623413251903000e-02
5.623413251903000e-02
5.623413251903000e-02

972
5.623413251903000e-02
5.623413251903000e-02
5.623413251903000e-02
5.623413251903000e-02

973
5.623413251903000e-02
5.623413251903000e-02
5.623413251903000e-02
5.623413251903000e-02

974
5.623413251903000e-02
5.623413251903000e-02
5.623413251903000e-02
5.623413251903000e-02

975
5.623413251903000e-02
5.623413251903000e-02
5.623413251903000e-02
5.623413251903000e-02

976
5.623413251903000e-02
5.623413251903000e-02
5.623413251903000e-02
5.623413251903000e-02

977
5.623413251903000e-02
5.623413251903000e-02
5.623413251903000e-02
5.623413251903000e-02

978
5.623413251903000e-02
5.623413251903000e-02
5.623413251903000e-02
5.623413251903000e-02

979
5.623413251903000e-02
5.623413251903000e-02
5.623413251903000e-02
5.623413251903000e-02

980
5.623413251903000e-02
5.623413251903000e-02
5.623413251903000e-02
5.623413251903000e-02

981
5.623413251903000e-02
5.623413251903000e-02
5.623413251903000e-02
5.623413251903000e-02

982
5.623413251903000e-02
5.623413251903000e-02
5.623413251903000e-02
5.623413251903000e-02

983
5.623413251903000e-02
5.623413251903000e-02
5.623413251903000e-02
5.623413251903000e-02

984
5.623413251903000e-02
5.623413251903000e-02
5.623413251903000e-02
5.623413251903000e-02

985
5.623413251903000e-02
5.623413251903000e-02
5.623413251903000e-02
5.623413251903000e-02

986
5.623413251903000e-02
5.623413251903000e-02
5.623413251903000e-02
5.623413251903000e-02

987
5.623413251903000e-02
5.623413251903000e-02
5.623413251903000e-02
5.623413251903000e-02

988
5.623413251903000e-02
5.623413251903000e-02
5.623413251903000e-02
5.623413251903000e-02

989
5.623413251903000e-02
5.623413251903000e-02
5.623413251903000e-02
5.623413251903000e-02

990
5.623413251903000e-02
5.623413251903000e-02
5.623413251903000e-02
5.623413251903000e-02

991
5.623413251903000e-02
5.623413251903000e-02
5.623413251903000e-02
5.623413251903000e-02

992
5.623413251903000e-02
5.623413251903000e-02
5.623413251903000e-02
5.623413251903000e-02

993
5.623413251902999e-02
5.623413251903001e-02
5.623413251902998e-02
5.623413251902661e-02

994
5.623413251902817e-02
5.623413251901390e-02
5.623413251883926e-02
5.623413251843087e-02

995
5.623413251883669e-02
5.623413251773379e-02
5.623413249914903e-02
5.623413245605419e-02

996
5.623413249879871e-02
5.623413238278183e-02
5.623413046672501e-02
5.623412596924963e-02

997
5.623413052482093e-02
5.623411811433766e-02
5.623392261573652e-02
5.623345857622093e-02

998
5.623395348711398e-02
5.623260385376921e-02
5.621287068306254e-02
5.616539669737416e-02

999
5.627631351677369e-02
5.608795340561201e-02
5.404357258373750e-02
4.574463331020009e-02

