#Cell  Group   Direction 
# Element_0
# Element_1
    0  0  0
1.818418224371375e-01
1.809184304295131e-01

    0  0  1
1.731462307438326e+00
1.729849119959218e+00

    1  0  0
1.802421286410541e-01
1.793180778131051e-01

    1  0  1
1.728667751513045e+00
1.727047680733677e+00

    2  0  0
1.786409647637376e-01
1.777157963708558e-01

    2  0  1
1.725861179137004e+00
1.724234004233572e+00

    3  0  0
1.770376770568669e-01
1.761112004239824e-01

    3  0  1
1.723042295543787e+00
1.721407878794315e+00

    4  0  0
1.754322217138833e-01
1.745046787973675e-01

    4  0  1
1.720210857939632e+00
1.718569021940640e+00

    5  0  0
1.738252594129591e-01
1.728972273604052e-01

    5  0  1
1.717366559173305e+00
1.715717113094157e+00

    6  0  0
1.722178633767069e-01
1.712899457773462e-01

    6  0  1
1.714509066405196e+00
1.712851796060458e+00

    7  0  0
1.706108777962556e-01
1.696832877366669e-01

    7  0  1
1.711637982482804e+00
1.709972617812415e+00

    8  0  0
1.690042936609235e-01
1.680766635626307e-01

    8  0  1
1.708752863123226e+00
1.707079201021668e+00

    9  0  0
1.673972443710377e-01
1.664689504630322e-01

    9  0  1
1.705853377083218e+00
1.704171232075556e+00

   10  0  0
1.657887452292051e-01
1.648594034483085e-01

   10  0  1
1.702939221827908e+00
1.701248360775952e+00

   11  0  0
1.641784324101722e-01
1.632481361292430e-01

   11  0  1
1.700009898794338e+00
1.698310067032254e+00

   12  0  0
1.625666517754362e-01
1.616357354133472e-01

   12  0  1
1.697065020734646e+00
1.695355965625018e+00

   13  0  0
1.609540347435979e-01
1.600228410707039e-01

   13  0  1
1.694104156998030e+00
1.692385651065113e+00

   14  0  0
1.593410917686214e-01
1.584098227883377e-01

   14  0  1
1.691126914161190e+00
1.689398707931919e+00

   15  0  0
1.577281005091787e-01
1.567968680390932e-01

   15  0  1
1.688132848079851e+00
1.686394639493931e+00

   16  0  0
1.561152330922699e-01
1.551841273235104e-01

   16  0  1
1.685121410944174e+00
1.683372845690152e+00

   17  0  0
1.545025869652862e-01
1.535715762443097e-01

   17  0  1
1.682092025631610e+00
1.680332840384260e+00

   18  0  0
1.528899881855952e-01
1.519588451380977e-01

   18  0  1
1.679044235678630e+00
1.677274131734427e+00

   19  0  0
1.512769458587004e-01
1.503453326519801e-01

   19  0  1
1.675977485638808e+00
1.674196092856916e+00

   20  0  0
1.496628887460376e-01
1.487305343611944e-01

   20  0  1
1.672891171552550e+00
1.671098191103021e+00

   21  0  0
1.480475082616897e-01
1.471144186294376e-01

   21  0  1
1.669784774328100e+00
1.667979876612110e+00

   22  0  0
1.464310523629651e-01
1.454976189033662e-01

   22  0  1
1.666657701540336e+00
1.664840481400621e+00

   23  0  0
1.448144417911204e-01
1.438814012366592e-01

   23  0  1
1.663509261227354e+00
1.661679397371985e+00

   24  0  0
1.431990401089669e-01
1.422671722524462e-01

   24  0  1
1.660338910533668e+00
1.658496030338198e+00

   25  0  0
1.415859656041866e-01
1.406555737683235e-01

   25  0  1
1.657146083499908e+00
1.655289833477092e+00

   26  0  0
1.399753685921525e-01
1.390462003536854e-01

   26  0  1
1.653929968463854e+00
1.652059850079204e+00

   27  0  0
1.383664255269005e-01
1.374376893345199e-01

   27  0  1
1.650689924383037e+00
1.648805903843136e+00

   28  0  0
1.367577410375228e-01
1.358287379397648e-01

   28  0  1
1.647425450367942e+00
1.645526109024819e+00

   29  0  0
1.351479043157333e-01
1.342175136732013e-01

   29  0  1
1.644134577215946e+00
1.642219986566326e+00

   30  0  0
1.335351330270886e-01
1.326026864321734e-01

   30  0  1
1.640817265450373e+00
1.638886959844959e+00

   31  0  0
1.319189039233086e-01
1.309848361124239e-01

   31  0  1
1.637472700585118e+00
1.635526170804851e+00

   32  0  0
1.303007208596982e-01
1.293665020752342e-01

   32  0  1
1.634099995458650e+00
1.632136718548840e+00

   33  0  0
1.286832391348743e-01
1.277501977445488e-01

   33  0  1
1.630698249713149e+00
1.628717695785573e+00

   34  0  0
1.270680503083880e-01
1.261362583401522e-01

   34  0  1
1.627266533326817e+00
1.625268142049120e+00

   35  0  0
1.254544443209348e-01
1.245228317667479e-01

   35  0  1
1.623803882808458e+00
1.621787048143599e+00

   36  0  0
1.238403548456834e-01
1.229077738399785e-01

   36  0  1
1.620309235950337e+00
1.618273382749794e+00

   37  0  0
1.222242174105492e-01
1.212903194379781e-01

   37  0  1
1.616781613717467e+00
1.614726119243997e+00

   38  0  0
1.206061196996822e-01
1.196716174537173e-01

   38  0  1
1.613219957658868e+00
1.611144142807390e+00

   39  0  0
1.189878391614979e-01
1.180541255004219e-01

   39  0  1
1.609623345237896e+00
1.607526550018658e+00

   40  0  0
1.173719648567684e-01
1.164404931016371e-01

   40  0  1
1.605989990104168e+00
1.603871327747021e+00

   41  0  0
1.157601953986584e-01
1.148310822424720e-01

   41  0  1
1.602318728733694e+00
1.600177577329781e+00

   42  0  0
1.141520942535861e-01
1.132245475296027e-01

   42  0  1
1.598608463836249e+00
1.596444054043789e+00

   43  0  0
1.125460675822731e-01
1.116191210147303e-01

   43  0  1
1.594857872804603e+00
1.592669400555212e+00

   44  0  0
1.109405162961898e-01
1.100133109117712e-01

   44  0  1
1.591065552823374e+00
1.588852114103526e+00

   45  0  0
1.093339327991574e-01
1.084055720658323e-01

   45  0  1
1.587229875325235e+00
1.584990556699746e+00

   46  0  0
1.077248920008502e-01
1.067948304844993e-01

   46  0  1
1.583349333305648e+00
1.581083262000909e+00

   47  0  0
1.061130695005775e-01
1.051817938778967e-01

   47  0  1
1.579422359314385e+00
1.577128563610969e+00

   48  0  0
1.044998637400019e-01
1.035685782241136e-01

   48  0  1
1.575447313630167e+00
1.573124866270280e+00

   49  0  0
1.028874700125793e-01
1.019573949876492e-01

   49  0  1
1.571422593150123e+00
1.569070493431574e+00

   50  0  0
1.012777734201793e-01
1.003497059843019e-01

   50  0  1
1.567346433048014e+00
1.564963517181904e+00

   51  0  0
9.967170374283442e-02
9.874568485731811e-02

   51  0  1
1.563216755745255e+00
1.560801769328933e+00

   52  0  0
9.806875210136884e-02
9.714397862874254e-02

   52  0  1
1.559031512417878e+00
1.556583448929870e+00

   53  0  0
9.646740409950433e-02
9.554310130213205e-02

   53  0  1
1.554788951397779e+00
1.552306646677767e+00

   54  0  0
9.486675740396762e-02
9.394293045298353e-02

   54  0  1
1.550486835476933e+00
1.547968661420321e+00

   55  0  0
9.326709133867239e-02
9.234399982897809e-02

   55  0  1
1.546122566123075e+00
1.543567391823456e+00

   56  0  0
9.166884100445093e-02
9.074665850572285e-02

   56  0  1
1.541694114228320e+00
1.539100587577575e+00

   57  0  0
9.007219439339001e-02
8.915094029789546e-02

   57  0  1
1.537199134660513e+00
1.534565753496304e+00

   58  0  0
8.847708454157856e-02
8.755659131098632e-02

   58  0  1
1.532634982917670e+00
1.529960192800025e+00

   59  0  0
8.688299110088493e-02
8.596272399127722e-02

   59  0  1
1.527999033683380e+00
1.525281360437055e+00

   60  0  0
8.528892229134881e-02
8.436837173293420e-02

   60  0  1
1.523288764849294e+00
1.520526521533088e+00

   61  0  0
8.369434211520517e-02
8.277359739989090e-02

   61  0  1
1.518501792000371e+00
1.515693266189871e+00

   62  0  0
8.210018314346060e-02
8.118049852787307e-02

   62  0  1
1.513633776499758e+00
1.510776819363988e+00

   63  0  0
8.050834628860555e-02
7.959047385653112e-02

   63  0  1
1.508682253387368e+00
1.505775049770505e+00

   64  0  0
7.892017100739075e-02
7.800472262879368e-02

   64  0  1
1.503643103246655e+00
1.500683624207832e+00

   65  0  0
7.733604426368887e-02
7.642274510339310e-02

   65  0  1
1.498513663596273e+00
1.495499729520399e+00

   66  0  0
7.575562353965300e-02
7.484442635170574e-02

   66  0  1
1.493289400787435e+00
1.490218604708576e+00

   67  0  0
7.417873440440878e-02
7.326956299290045e-02

   67  0  1
1.487966385566632e+00
1.484836534671833e+00

   68  0  0
7.260534228582191e-02
7.169820063186157e-02

   68  0  1
1.482540907832901e+00
1.479349566190948e+00

   69  0  0
7.103543222347448e-02
7.013022961693859e-02

   69  0  1
1.477008826266363e+00
1.473753464665174e+00

   70  0  0
6.946875657313580e-02
6.856525410238594e-02

   70  0  1
1.471366060182662e+00
1.468043901239746e+00

   71  0  0
6.790526516738284e-02
6.700402148126028e-02

   71  0  1
1.465607007592320e+00
1.462215009889956e+00

   72  0  0
6.634645266101910e-02
6.544883076830076e-02

   72  0  1
1.459727735574110e+00
1.456262911802003e+00

   73  0  0
6.479498932839467e-02
6.390213500528254e-02

   73  0  1
1.453720888053422e+00
1.450179502053489e+00

   74  0  0
6.325040507325497e-02
6.235967901154061e-02

   74  0  1
1.447581360279751e+00
1.443960420384641e+00

   75  0  0
6.170736544506490e-02
6.081570053311056e-02

   75  0  1
1.441303800413212e+00
1.437599773848198e+00

   76  0  0
6.016226357022262e-02
5.926988803838296e-02

   76  0  1
1.434882133067019e+00
1.431091177954661e+00

   77  0  0
5.861788620676154e-02
5.772822902985707e-02

   77  0  1
1.428310026677029e+00
1.424428007982554e+00

   78  0  0
5.708043700009616e-02
5.619633254066973e-02

   78  0  1
1.421579365079425e+00
1.417601831934890e+00

   79  0  0
5.555236481558485e-02
5.467271283219238e-02

   79  0  1
1.414683007618795e+00
1.410605381059285e+00

   80  0  0
5.403029879734714e-02
5.315238853910545e-02

   80  0  1
1.407613283649471e+00
1.403430657177892e+00

   81  0  0
5.251024843486270e-02
5.163298683037228e-02

   81  0  1
1.400360828981978e+00
1.396067760248517e+00

   82  0  0
5.099166942996841e-02
5.011620985297525e-02

   82  0  1
1.392916814854928e+00
1.388508073996849e+00

   83  0  0
4.947807738618718e-02
4.860746641701515e-02

   83  0  1
1.385272098723094e+00
1.380741930648928e+00

   84  0  0
4.797419525436732e-02
4.710973806320087e-02

   84  0  1
1.377416659879382e+00
1.372758729116450e+00

   85  0  0
4.648001685265783e-02
4.561966256334143e-02

   85  0  1
1.369339328303397e+00
1.364546732807678e+00

   86  0  0
4.499124884021542e-02
4.413264800131208e-02

   86  0  1
1.361028604809414e+00
1.356094623337877e+00

   87  0  0
4.350529682971640e-02
4.264865336160484e-02

   87  0  1
1.352473889567829e+00
1.347390739711419e+00

   88  0  0
4.202439287305042e-02
4.117225666228959e-02

   88  0  1
1.343660333849205e+00
1.338418575172909e+00

   89  0  0
4.055224030155995e-02
3.970553955996520e-02

   89  0  1
1.334569658965123e+00
1.329160881610428e+00

   90  0  0
3.908942172657680e-02
3.824897672035150e-02

   90  0  1
1.325189345150907e+00
1.319603249296157e+00

   91  0  0
3.764076216150204e-02
3.681229807150334e-02

   91  0  1
1.315501071746507e+00
1.309727334006965e+00

   92  0  0
3.621407849267844e-02
3.539684994313125e-02

   92  0  1
1.305487182084569e+00
1.299515251235542e+00

   93  0  0
3.480020287238085e-02
3.398257358420147e-02

   93  0  1
1.295131410418089e+00
1.288948849909447e+00

   94  0  0
3.338112983930437e-02
3.255870269420659e-02

   94  0  1
1.284410000177834e+00
1.278001394113145e+00

   95  0  0
3.195676544860859e-02
3.113570721530570e-02

   95  0  1
1.273293064169864e+00
1.266643982398000e+00

   96  0  0
3.053853865204926e-02
2.972456350020282e-02

   96  0  1
1.261759203229451e+00
1.254854717628304e+00

   97  0  0
2.913525875310686e-02
2.833151951787859e-02

   97  0  1
1.249782865010459e+00
1.242604890558209e+00

   98  0  0
2.774914039542756e-02
2.695344932054984e-02

   98  0  1
1.237330501643400e+00
1.229859029901434e+00

   99  0  0
2.637473913157112e-02
2.558472245425829e-02

   99  0  1
1.224368114752203e+00
1.216580185513303e+00

  100  0  0
2.501137036276342e-02
2.422950045763989e-02

  100  0  1
1.210855433616405e+00
1.202724585662485e+00

  101  0  0
2.366295388362242e-02
2.288996672330906e-02

  101  0  1
1.196747475302817e+00
1.188249148052262e+00

  102  0  0
2.233049107310480e-02
2.156754222798085e-02

  102  0  1
1.182001293726413e+00
1.173106047925049e+00

  103  0  0
2.101518598255505e-02
2.026085015047377e-02

  103  0  1
1.166565754524307e+00
1.157240656146900e+00

  104  0  0
1.971495396407351e-02
1.897219201440818e-02

  104  0  1
1.150384150574815e+00
1.140592150147443e+00

  105  0  0
1.844407080208155e-02
1.772782692043792e-02

  105  0  1
1.133393798252867e+00
1.123083163325077e+00

  106  0  0
1.721752506155113e-02
1.651609324617820e-02

  106  0  1
1.115498659497126e+00
1.104622877100948e+00

  107  0  0
1.599613967266580e-02
1.528052909077175e-02

  107  0  1
1.096622869980791e+00
1.085118889598147e+00

  108  0  0
1.475119565596727e-02
1.403204208543449e-02

  108  0  1
1.076654443019450e+00
1.064456902402441e+00

  109  0  0
1.351434675701912e-02
1.281069386292241e-02

  109  0  1
1.055480640058296e+00
1.042508233147514e+00

  110  0  0
1.230766622316778e-02
1.162303593778949e-02

  110  0  1
1.032957091217659e+00
1.019116834679554e+00

  111  0  0
1.113616816586938e-02
1.047306823037532e-02

  111  0  1
1.008930454132446e+00
9.941242817963780e-01

  112  0  0
9.996471455142946e-03
9.342365843910619e-03

  112  0  1
9.832777901320469e-01
9.673246481017991e-01

  113  0  0
8.876145535357722e-03
8.241259400961235e-03

  113  0  1
9.555716990415423e-01
9.382837464941325e-01

  114  0  0
7.794873290197288e-03
7.187653257943573e-03

  114  0  1
9.255500092173770e-01
9.067137938216306e-01

  115  0  0
6.753065133038599e-03
6.155774385812510e-03

  115  0  1
8.928249093934404e-01
8.721799269991583e-01

  116  0  0
5.726802932721098e-03
5.147506836309953e-03

  116  0  1
8.569741661627772e-01
8.342067818969897e-01

  117  0  0
4.742562633479979e-03
4.185281369345239e-03

  117  0  1
8.178069424959488e-01
7.921198324655353e-01

  118  0  0
3.809060402479752e-03
3.285371921806631e-03

  118  0  1
7.731137585540736e-01
7.435700610382483e-01

  119  0  0
2.925485050453999e-03
2.447228283954946e-03

  119  0  1
7.217725525190345e-01
6.870871349490947e-01

  120  0  0
2.130053572595038e-03
1.692550766379001e-03

  120  0  1
6.615370296587587e-01
6.190913716620792e-01

  121  0  0
1.386778612869284e-03
9.811486102555853e-04

  121  0  1
5.880673982682193e-01
5.321576091922530e-01

  122  0  0
7.435801261659935e-04
4.345950262593368e-04

  122  0  1
4.937608251848855e-01
4.041113709268739e-01

  123  0  0
2.639874915326039e-04
4.554957662778885e-05

  123  0  1
3.258248845232241e-01
1.209952328228351e-01

  124  0  0
2.149878536788949e-10
1.262808411198832e-05

  124  0  1
6.939563871231001e-07
-1.411261972832534e-03

  125  0  0
6.151232529868588e-06
4.783611718167758e-06

  125  0  1
-1.459438733749612e-04
3.052914588434499e-05

  126  0  0
4.941834682364915e-06
5.012464984030740e-06

  126  0  1
1.088975176571755e-05
3.756547844891863e-06

  127  0  0
5.003091188154209e-06
4.999340987747121e-06

  127  0  1
4.769871151504580e-06
5.050623996539560e-06

  128  0  0
4.999837224219963e-06
5.000034767967589e-06

  128  0  1
5.007673855480738e-06
4.998145666446865e-06

  129  0  0
5.000008523347738e-06
4.999998176832804e-06

  129  0  1
4.999828851650975e-06
5.000054213553673e-06

  130  0  0
4.999999556127660e-06
5.000000095075593e-06

  130  0  1
4.999997254941281e-06
4.999999371165484e-06

  131  0  0
5.000000022994631e-06
4.999999995065828e-06

  131  0  1
5.000000719621005e-06
4.999999922944157e-06

  132  0  0
4.999999998812672e-06
5.000000000252876e-06

  132  0  1
4.999999934678348e-06
5.000000009360336e-06

  133  0  0
5.000000000059089e-06
4.999999999985171e-06

  133  0  1
5.000000004718641e-06
4.999999999255432e-06

  134  0  0
4.999999999995144e-06
4.999999999998920e-06

  134  0  1
4.999999999690996e-06
5.000000000048910e-06

  135  0  0
4.999999999998414e-06
4.999999999998217e-06

  135  0  1
5.000000000017073e-06
4.999999999995061e-06

  136  0  0
4.999999999998245e-06
4.999999999998254e-06

  136  0  1
4.999999999997147e-06
4.999999999998443e-06

  137  0  0
4.999999999998255e-06
4.999999999998256e-06

  137  0  1
4.999999999998318e-06
4.999999999998242e-06

  138  0  0
4.999999999998255e-06
4.999999999998256e-06

  138  0  1
4.999999999998251e-06
4.999999999998253e-06

  139  0  0
4.999999999998255e-06
4.999999999998256e-06

  139  0  1
4.999999999998255e-06
4.999999999998253e-06

  140  0  0
4.999999999998255e-06
4.999999999998256e-06

  140  0  1
4.999999999998256e-06
4.999999999998254e-06

  141  0  0
4.999999999998255e-06
4.999999999998256e-06

  141  0  1
4.999999999998255e-06
4.999999999998253e-06

  142  0  0
4.999999999998255e-06
4.999999999998256e-06

  142  0  1
4.999999999998256e-06
4.999999999998253e-06

  143  0  0
4.999999999998255e-06
4.999999999998256e-06

  143  0  1
4.999999999998256e-06
4.999999999998254e-06

  144  0  0
4.999999999998255e-06
4.999999999998256e-06

  144  0  1
4.999999999998256e-06
4.999999999998255e-06

  145  0  0
4.999999999998255e-06
4.999999999998256e-06

  145  0  1
4.999999999998255e-06
4.999999999998253e-06

  146  0  0
4.999999999998255e-06
4.999999999998256e-06

  146  0  1
4.999999999998256e-06
4.999999999998253e-06

  147  0  0
4.999999999998255e-06
4.999999999998256e-06

  147  0  1
4.999999999998256e-06
4.999999999998254e-06

  148  0  0
4.999999999998255e-06
4.999999999998256e-06

  148  0  1
4.999999999998255e-06
4.999999999998254e-06

  149  0  0
4.999999999998255e-06
4.999999999998256e-06

  149  0  1
4.999999999998255e-06
4.999999999998254e-06

  150  0  0
4.999999999998255e-06
4.999999999998256e-06

  150  0  1
4.999999999998255e-06
4.999999999998254e-06

  151  0  0
4.999999999998255e-06
4.999999999998256e-06

  151  0  1
4.999999999998255e-06
4.999999999998254e-06

  152  0  0
4.999999999998255e-06
4.999999999998256e-06

  152  0  1
4.999999999998255e-06
4.999999999998254e-06

  153  0  0
4.999999999998255e-06
4.999999999998256e-06

  153  0  1
4.999999999998255e-06
4.999999999998254e-06

  154  0  0
4.999999999998255e-06
4.999999999998256e-06

  154  0  1
4.999999999998255e-06
4.999999999998254e-06

  155  0  0
4.999999999998255e-06
4.999999999998256e-06

  155  0  1
4.999999999998255e-06
4.999999999998254e-06

  156  0  0
4.999999999998255e-06
4.999999999998256e-06

  156  0  1
4.999999999998255e-06
4.999999999998254e-06

  157  0  0
4.999999999998255e-06
4.999999999998256e-06

  157  0  1
4.999999999998255e-06
4.999999999998254e-06

  158  0  0
4.999999999998255e-06
4.999999999998256e-06

  158  0  1
4.999999999998255e-06
4.999999999998254e-06

  159  0  0
4.999999999998255e-06
4.999999999998256e-06

  159  0  1
4.999999999998255e-06
4.999999999998254e-06

  160  0  0
4.999999999998255e-06
4.999999999998256e-06

  160  0  1
4.999999999998255e-06
4.999999999998254e-06

  161  0  0
4.999999999998255e-06
4.999999999998256e-06

  161  0  1
4.999999999998255e-06
4.999999999998254e-06

  162  0  0
4.999999999998255e-06
4.999999999998256e-06

  162  0  1
4.999999999998255e-06
4.999999999998254e-06

  163  0  0
4.999999999998255e-06
4.999999999998256e-06

  163  0  1
4.999999999998255e-06
4.999999999998254e-06

  164  0  0
4.999999999998255e-06
4.999999999998256e-06

  164  0  1
4.999999999998255e-06
4.999999999998254e-06

  165  0  0
4.999999999998255e-06
4.999999999998256e-06

  165  0  1
4.999999999998255e-06
4.999999999998254e-06

  166  0  0
4.999999999998255e-06
4.999999999998256e-06

  166  0  1
4.999999999998255e-06
4.999999999998254e-06

  167  0  0
4.999999999998255e-06
4.999999999998256e-06

  167  0  1
4.999999999998255e-06
4.999999999998254e-06

  168  0  0
4.999999999998255e-06
4.999999999998256e-06

  168  0  1
4.999999999998255e-06
4.999999999998254e-06

  169  0  0
4.999999999998255e-06
4.999999999998256e-06

  169  0  1
4.999999999998255e-06
4.999999999998254e-06

  170  0  0
4.999999999998255e-06
4.999999999998256e-06

  170  0  1
4.999999999998255e-06
4.999999999998254e-06

  171  0  0
4.999999999998255e-06
4.999999999998256e-06

  171  0  1
4.999999999998255e-06
4.999999999998254e-06

  172  0  0
4.999999999998255e-06
4.999999999998256e-06

  172  0  1
4.999999999998255e-06
4.999999999998254e-06

  173  0  0
4.999999999998255e-06
4.999999999998256e-06

  173  0  1
4.999999999998255e-06
4.999999999998254e-06

  174  0  0
4.999999999998255e-06
4.999999999998256e-06

  174  0  1
4.999999999998255e-06
4.999999999998254e-06

  175  0  0
4.999999999998255e-06
4.999999999998256e-06

  175  0  1
4.999999999998255e-06
4.999999999998254e-06

  176  0  0
4.999999999998255e-06
4.999999999998256e-06

  176  0  1
4.999999999998255e-06
4.999999999998254e-06

  177  0  0
4.999999999998255e-06
4.999999999998256e-06

  177  0  1
4.999999999998255e-06
4.999999999998254e-06

  178  0  0
4.999999999998255e-06
4.999999999998256e-06

  178  0  1
4.999999999998255e-06
4.999999999998254e-06

  179  0  0
4.999999999998255e-06
4.999999999998256e-06

  179  0  1
4.999999999998255e-06
4.999999999998254e-06

  180  0  0
4.999999999998255e-06
4.999999999998256e-06

  180  0  1
4.999999999998255e-06
4.999999999998254e-06

  181  0  0
4.999999999998255e-06
4.999999999998256e-06

  181  0  1
4.999999999998255e-06
4.999999999998254e-06

  182  0  0
4.999999999998255e-06
4.999999999998256e-06

  182  0  1
4.999999999998255e-06
4.999999999998254e-06

  183  0  0
4.999999999998255e-06
4.999999999998256e-06

  183  0  1
4.999999999998255e-06
4.999999999998254e-06

  184  0  0
4.999999999998255e-06
4.999999999998256e-06

  184  0  1
4.999999999998255e-06
4.999999999998254e-06

  185  0  0
4.999999999998255e-06
4.999999999998256e-06

  185  0  1
4.999999999998255e-06
4.999999999998254e-06

  186  0  0
4.999999999998255e-06
4.999999999998256e-06

  186  0  1
4.999999999998255e-06
4.999999999998254e-06

  187  0  0
4.999999999998255e-06
4.999999999998256e-06

  187  0  1
4.999999999998255e-06
4.999999999998254e-06

  188  0  0
4.999999999998255e-06
4.999999999998256e-06

  188  0  1
4.999999999998255e-06
4.999999999998254e-06

  189  0  0
4.999999999998255e-06
4.999999999998256e-06

  189  0  1
4.999999999998255e-06
4.999999999998254e-06

  190  0  0
4.999999999998255e-06
4.999999999998256e-06

  190  0  1
4.999999999998255e-06
4.999999999998254e-06

  191  0  0
4.999999999998255e-06
4.999999999998256e-06

  191  0  1
4.999999999998255e-06
4.999999999998254e-06

  192  0  0
4.999999999998255e-06
4.999999999998256e-06

  192  0  1
4.999999999998255e-06
4.999999999998254e-06

  193  0  0
4.999999999998255e-06
4.999999999998256e-06

  193  0  1
4.999999999998255e-06
4.999999999998254e-06

  194  0  0
4.999999999998255e-06
4.999999999998256e-06

  194  0  1
4.999999999998255e-06
4.999999999998254e-06

  195  0  0
4.999999999998255e-06
4.999999999998255e-06

  195  0  1
4.999999999998255e-06
4.999999999998254e-06

  196  0  0
4.999999999998255e-06
4.999999999998256e-06

  196  0  1
4.999999999998255e-06
4.999999999998254e-06

  197  0  0
4.999999999998254e-06
4.999999999998255e-06

  197  0  1
4.999999999998255e-06
4.999999999998254e-06

  198  0  0
4.999999999998255e-06
4.999999999998255e-06

  198  0  1
4.999999999998255e-06
4.999999999998254e-06

  199  0  0
4.999999999998255e-06
4.999999999998255e-06

  199  0  1
4.999999999998255e-06
4.999999999998254e-06

  200  0  0
4.999999999998254e-06
4.999999999998256e-06

  200  0  1
4.999999999998255e-06
4.999999999998254e-06

  201  0  0
4.999999999998255e-06
4.999999999998255e-06

  201  0  1
4.999999999998255e-06
4.999999999998254e-06

  202  0  0
4.999999999998254e-06
4.999999999998255e-06

  202  0  1
4.999999999998255e-06
4.999999999998254e-06

  203  0  0
4.999999999998255e-06
4.999999999998255e-06

  203  0  1
4.999999999998255e-06
4.999999999998254e-06

  204  0  0
4.999999999998255e-06
4.999999999998256e-06

  204  0  1
4.999999999998255e-06
4.999999999998254e-06

  205  0  0
4.999999999998255e-06
4.999999999998256e-06

  205  0  1
4.999999999998255e-06
4.999999999998254e-06

  206  0  0
4.999999999998255e-06
4.999999999998255e-06

  206  0  1
4.999999999998255e-06
4.999999999998254e-06

  207  0  0
4.999999999998254e-06
4.999999999998256e-06

  207  0  1
4.999999999998255e-06
4.999999999998254e-06

  208  0  0
4.999999999998254e-06
4.999999999998256e-06

  208  0  1
4.999999999998255e-06
4.999999999998254e-06

  209  0  0
4.999999999998254e-06
4.999999999998256e-06

  209  0  1
4.999999999998255e-06
4.999999999998254e-06

  210  0  0
4.999999999998254e-06
4.999999999998256e-06

  210  0  1
4.999999999998255e-06
4.999999999998254e-06

  211  0  0
4.999999999998255e-06
4.999999999998256e-06

  211  0  1
4.999999999998255e-06
4.999999999998254e-06

  212  0  0
4.999999999998255e-06
4.999999999998256e-06

  212  0  1
4.999999999998255e-06
4.999999999998254e-06

  213  0  0
4.999999999998255e-06
4.999999999998256e-06

  213  0  1
4.999999999998255e-06
4.999999999998254e-06

  214  0  0
4.999999999998255e-06
4.999999999998256e-06

  214  0  1
4.999999999998255e-06
4.999999999998254e-06

  215  0  0
4.999999999998254e-06
4.999999999998255e-06

  215  0  1
4.999999999998255e-06
4.999999999998254e-06

  216  0  0
4.999999999998254e-06
4.999999999998256e-06

  216  0  1
4.999999999998255e-06
4.999999999998254e-06

  217  0  0
4.999999999998254e-06
4.999999999998255e-06

  217  0  1
4.999999999998255e-06
4.999999999998254e-06

  218  0  0
4.999999999998255e-06
4.999999999998255e-06

  218  0  1
4.999999999998255e-06
4.999999999998254e-06

  219  0  0
4.999999999998254e-06
4.999999999998256e-06

  219  0  1
4.999999999998255e-06
4.999999999998254e-06

  220  0  0
4.999999999998254e-06
4.999999999998256e-06

  220  0  1
4.999999999998255e-06
4.999999999998254e-06

  221  0  0
4.999999999998255e-06
4.999999999998256e-06

  221  0  1
4.999999999998255e-06
4.999999999998254e-06

  222  0  0
4.999999999998255e-06
4.999999999998256e-06

  222  0  1
4.999999999998255e-06
4.999999999998254e-06

  223  0  0
4.999999999998254e-06
4.999999999998256e-06

  223  0  1
4.999999999998255e-06
4.999999999998254e-06

  224  0  0
4.999999999998255e-06
4.999999999998256e-06

  224  0  1
4.999999999998255e-06
4.999999999998254e-06

  225  0  0
4.999999999998255e-06
4.999999999998256e-06

  225  0  1
4.999999999998255e-06
4.999999999998254e-06

  226  0  0
4.999999999998255e-06
4.999999999998255e-06

  226  0  1
4.999999999998255e-06
4.999999999998254e-06

  227  0  0
4.999999999998254e-06
4.999999999998256e-06

  227  0  1
4.999999999998255e-06
4.999999999998254e-06

  228  0  0
4.999999999998254e-06
4.999999999998255e-06

  228  0  1
4.999999999998256e-06
4.999999999998254e-06

  229  0  0
4.999999999998254e-06
4.999999999998256e-06

  229  0  1
4.999999999998254e-06
4.999999999998254e-06

  230  0  0
4.999999999998254e-06
4.999999999998256e-06

  230  0  1
4.999999999998255e-06
4.999999999998254e-06

  231  0  0
4.999999999998255e-06
4.999999999998255e-06

  231  0  1
4.999999999998255e-06
4.999999999998253e-06

  232  0  0
4.999999999998255e-06
4.999999999998256e-06

  232  0  1
4.999999999998255e-06
4.999999999998255e-06

  233  0  0
4.999999999998254e-06
4.999999999998256e-06

  233  0  1
4.999999999998255e-06
4.999999999998253e-06

  234  0  0
4.999999999998255e-06
4.999999999998256e-06

  234  0  1
4.999999999998256e-06
4.999999999998254e-06

  235  0  0
4.999999999998255e-06
4.999999999998256e-06

  235  0  1
4.999999999998255e-06
4.999999999998253e-06

  236  0  0
4.999999999998255e-06
4.999999999998255e-06

  236  0  1
4.999999999998255e-06
4.999999999998254e-06

  237  0  0
4.999999999998254e-06
4.999999999998255e-06

  237  0  1
4.999999999998255e-06
4.999999999998254e-06

  238  0  0
4.999999999998255e-06
4.999999999998256e-06

  238  0  1
4.999999999998256e-06
4.999999999998253e-06

  239  0  0
4.999999999998254e-06
4.999999999998255e-06

  239  0  1
4.999999999998256e-06
4.999999999998254e-06

  240  0  0
4.999999999998254e-06
4.999999999998255e-06

  240  0  1
4.999999999998256e-06
4.999999999998253e-06

  241  0  0
4.999999999998255e-06
4.999999999998255e-06

  241  0  1
4.999999999998255e-06
4.999999999998254e-06

  242  0  0
4.999999999998255e-06
4.999999999998256e-06

  242  0  1
4.999999999998255e-06
4.999999999998254e-06

  243  0  0
4.999999999998254e-06
4.999999999998255e-06

  243  0  1
4.999999999998256e-06
4.999999999998254e-06

  244  0  0
4.999999999998255e-06
4.999999999998255e-06

  244  0  1
4.999999999998256e-06
4.999999999998254e-06

  245  0  0
4.999999999998255e-06
4.999999999998255e-06

  245  0  1
4.999999999998256e-06
4.999999999998254e-06

  246  0  0
4.999999999998255e-06
4.999999999998255e-06

  246  0  1
4.999999999998255e-06
4.999999999998253e-06

  247  0  0
4.999999999998255e-06
4.999999999998255e-06

  247  0  1
4.999999999998254e-06
4.999999999998253e-06

  248  0  0
4.999999999998254e-06
4.999999999998256e-06

  248  0  1
4.999999999998255e-06
4.999999999998253e-06

  249  0  0
4.999999999998255e-06
4.999999999998256e-06

  249  0  1
4.999999999998254e-06
4.999999999998254e-06

  250  0  0
4.999999999998255e-06
4.999999999998255e-06

  250  0  1
4.999999999998255e-06
4.999999999998253e-06

  251  0  0
4.999999999998254e-06
4.999999999998255e-06

  251  0  1
4.999999999998254e-06
4.999999999998254e-06

  252  0  0
4.999999999998255e-06
4.999999999998255e-06

  252  0  1
4.999999999998255e-06
4.999999999998253e-06

  253  0  0
4.999999999998255e-06
4.999999999998256e-06

  253  0  1
4.999999999998256e-06
4.999999999998254e-06

  254  0  0
4.999999999998254e-06
4.999999999998256e-06

  254  0  1
4.999999999998255e-06
4.999999999998253e-06

  255  0  0
4.999999999998254e-06
4.999999999998255e-06

  255  0  1
4.999999999998255e-06
4.999999999998253e-06

  256  0  0
4.999999999998254e-06
4.999999999998256e-06

  256  0  1
4.999999999998256e-06
4.999999999998254e-06

  257  0  0
4.999999999998255e-06
4.999999999998255e-06

  257  0  1
4.999999999998255e-06
4.999999999998253e-06

  258  0  0
4.999999999998254e-06
4.999999999998255e-06

  258  0  1
4.999999999998255e-06
4.999999999998253e-06

  259  0  0
4.999999999998255e-06
4.999999999998255e-06

  259  0  1
4.999999999998256e-06
4.999999999998253e-06

  260  0  0
4.999999999998255e-06
4.999999999998256e-06

  260  0  1
4.999999999998256e-06
4.999999999998253e-06

  261  0  0
4.999999999998254e-06
4.999999999998255e-06

  261  0  1
4.999999999998256e-06
4.999999999998254e-06

  262  0  0
4.999999999998255e-06
4.999999999998255e-06

  262  0  1
4.999999999998255e-06
4.999999999998254e-06

  263  0  0
4.999999999998254e-06
4.999999999998256e-06

  263  0  1
4.999999999998255e-06
4.999999999998253e-06

  264  0  0
4.999999999998255e-06
4.999999999998255e-06

  264  0  1
4.999999999998256e-06
4.999999999998253e-06

  265  0  0
4.999999999998254e-06
4.999999999998255e-06

  265  0  1
4.999999999998256e-06
4.999999999998254e-06

  266  0  0
4.999999999998254e-06
4.999999999998255e-06

  266  0  1
4.999999999998255e-06
4.999999999998254e-06

  267  0  0
4.999999999998254e-06
4.999999999998255e-06

  267  0  1
4.999999999998255e-06
4.999999999998253e-06

  268  0  0
4.999999999998254e-06
4.999999999998256e-06

  268  0  1
4.999999999998256e-06
4.999999999998252e-06

  269  0  0
4.999999999998254e-06
4.999999999998256e-06

  269  0  1
4.999999999998254e-06
4.999999999998253e-06

  270  0  0
4.999999999998255e-06
4.999999999998256e-06

  270  0  1
4.999999999998255e-06
4.999999999998255e-06

  271  0  0
4.999999999998255e-06
4.999999999998255e-06

  271  0  1
4.999999999998255e-06
4.999999999998253e-06

  272  0  0
4.999999999998255e-06
4.999999999998255e-06

  272  0  1
4.999999999998256e-06
4.999999999998253e-06

  273  0  0
4.999999999998255e-06
4.999999999998255e-06

  273  0  1
4.999999999998255e-06
4.999999999998254e-06

  274  0  0
4.999999999998255e-06
4.999999999998255e-06

  274  0  1
4.999999999998256e-06
4.999999999998252e-06

  275  0  0
4.999999999998255e-06
4.999999999998256e-06

  275  0  1
4.999999999998255e-06
4.999999999998254e-06

  276  0  0
4.999999999998255e-06
4.999999999998255e-06

  276  0  1
4.999999999998255e-06
4.999999999998253e-06

  277  0  0
4.999999999998254e-06
4.999999999998256e-06

  277  0  1
4.999999999998255e-06
4.999999999998254e-06

  278  0  0
4.999999999998254e-06
4.999999999998255e-06

  278  0  1
4.999999999998255e-06
4.999999999998253e-06

  279  0  0
4.999999999998255e-06
4.999999999998256e-06

  279  0  1
4.999999999998256e-06
4.999999999998254e-06

  280  0  0
4.999999999998254e-06
4.999999999998255e-06

  280  0  1
4.999999999998255e-06
4.999999999998253e-06

  281  0  0
4.999999999998255e-06
4.999999999998255e-06

  281  0  1
4.999999999998256e-06
4.999999999998252e-06

  282  0  0
4.999999999998255e-06
4.999999999998255e-06

  282  0  1
4.999999999998254e-06
4.999999999998254e-06

  283  0  0
4.999999999998255e-06
4.999999999998256e-06

  283  0  1
4.999999999998255e-06
4.999999999998254e-06

  284  0  0
4.999999999998254e-06
4.999999999998256e-06

  284  0  1
4.999999999998255e-06
4.999999999998254e-06

  285  0  0
4.999999999998254e-06
4.999999999998256e-06

  285  0  1
4.999999999998256e-06
4.999999999998253e-06

  286  0  0
4.999999999998255e-06
4.999999999998256e-06

  286  0  1
4.999999999998256e-06
4.999999999998254e-06

  287  0  0
4.999999999998255e-06
4.999999999998255e-06

  287  0  1
4.999999999998255e-06
4.999999999998253e-06

  288  0  0
4.999999999998254e-06
4.999999999998255e-06

  288  0  1
4.999999999998255e-06
4.999999999998254e-06

  289  0  0
4.999999999998255e-06
4.999999999998255e-06

  289  0  1
4.999999999998255e-06
4.999999999998253e-06

  290  0  0
4.999999999998255e-06
4.999999999998254e-06

  290  0  1
4.999999999998255e-06
4.999999999998253e-06

  291  0  0
4.999999999998255e-06
4.999999999998255e-06

  291  0  1
4.999999999998256e-06
4.999999999998253e-06

  292  0  0
4.999999999998254e-06
4.999999999998256e-06

  292  0  1
4.999999999998256e-06
4.999999999998254e-06

  293  0  0
4.999999999998255e-06
4.999999999998255e-06

  293  0  1
4.999999999998256e-06
4.999999999998255e-06

  294  0  0
4.999999999998254e-06
4.999999999998256e-06

  294  0  1
4.999999999998256e-06
4.999999999998254e-06

  295  0  0
4.999999999998254e-06
4.999999999998255e-06

  295  0  1
4.999999999998254e-06
4.999999999998254e-06

  296  0  0
4.999999999998255e-06
4.999999999998255e-06

  296  0  1
4.999999999998254e-06
4.999999999998255e-06

  297  0  0
4.999999999998255e-06
4.999999999998255e-06

  297  0  1
4.999999999998255e-06
4.999999999998254e-06

  298  0  0
4.999999999998255e-06
4.999999999998255e-06

  298  0  1
4.999999999998256e-06
4.999999999998254e-06

  299  0  0
4.999999999998255e-06
4.999999999998255e-06

  299  0  1
4.999999999998255e-06
4.999999999998253e-06

  300  0  0
4.999999999998255e-06
4.999999999998255e-06

  300  0  1
4.999999999998255e-06
4.999999999998254e-06

  301  0  0
4.999999999998255e-06
4.999999999998255e-06

  301  0  1
4.999999999998255e-06
4.999999999998253e-06

  302  0  0
4.999999999998254e-06
4.999999999998255e-06

  302  0  1
4.999999999998255e-06
4.999999999998254e-06

  303  0  0
4.999999999998255e-06
4.999999999998255e-06

  303  0  1
4.999999999998256e-06
4.999999999998253e-06

  304  0  0
4.999999999998254e-06
4.999999999998256e-06

  304  0  1
4.999999999998256e-06
4.999999999998253e-06

  305  0  0
4.999999999998255e-06
4.999999999998255e-06

  305  0  1
4.999999999998256e-06
4.999999999998253e-06

  306  0  0
4.999999999998253e-06
4.999999999998256e-06

  306  0  1
4.999999999998255e-06
4.999999999998253e-06

  307  0  0
4.999999999998262e-06
4.999999999998217e-06

  307  0  1
4.999999999998256e-06
4.999999999998253e-06

  308  0  0
4.999999999998162e-06
4.999999999999126e-06

  308  0  1
4.999999999998250e-06
4.999999999998506e-06

  309  0  0
5.000000000000092e-06
4.999999999985150e-06

  309  0  1
4.999999999999037e-06
4.999999999993790e-06

  310  0  0
4.999999999972350e-06
5.000000000178725e-06

  310  0  1
4.999999999986050e-06
5.000000000062052e-06

  311  0  0
5.000000000345106e-06
4.999999997554328e-06

  311  0  1
5.000000000169465e-06
4.999999999102111e-06

  312  0  0
4.999999995444147e-06
5.000000032572552e-06

  312  0  1
4.999999997637460e-06
5.000000012428550e-06

  313  0  0
5.000000058542999e-06
4.999999573688812e-06

  313  0  1
5.000000032053092e-06
4.999999830038692e-06

  314  0  0
4.999999266062196e-06
5.000005461413551e-06

  314  0  1
4.999999572453939e-06
5.000002285660178e-06

  315  0  0
5.000008923116934e-06
4.999931787616185e-06

  315  0  1
5.000005583531018e-06
4.999969852372305e-06

  316  0  0
4.999895627506576e-06
5.000826096408098e-06

  316  0  1
4.999928919440025e-06
5.000388551507817e-06

  317  0  0
5.001161499235207e-06
4.990379188715047e-06

  317  0  1
5.000876999455679e-06
4.995133137973682e-06

  318  0  0
4.988094839556498e-06
5.107070618589945e-06

  318  0  1
4.989667721397885e-06
5.058978158096708e-06

  319  0  0
5.125049082144783e-06
3.952245604158425e-06

  319  0  1
5.122393074872975e-06
4.340525144038760e-06

