#Cell 
# Element_0
# Element_1
# Element_2
# Element_3
0
1.163555051546154e+00
1.159584593954014e+00
1.154141735058982e+00
1.149715013055730e+00

1
1.147241183113978e+00
1.142344856491897e+00
1.135441509054950e+00
1.129791857089351e+00

2
1.126553116863105e+00
1.120187661867377e+00
1.111106026369042e+00
1.103334320672001e+00

3
1.098910502110149e+00
1.090080751626564e+00
1.077244612675104e+00
1.066140533948297e+00

4
1.059681825780191e+00
1.046672104686601e+00
1.027360521003677e+00
1.010208405172950e+00

5
1.000122453932337e+00
9.793865490729592e-01
9.475325443525048e-01
9.187213865675182e-01

6
9.012606609146975e-01
8.636494663999127e-01
8.034678993596847e-01
7.413276166585779e-01

7
7.025750654711732e-01
5.983424811183695e-01
3.495578499751466e-01
-2.561532914232968e-01

8
1.923771892771858e-01
3.565114449091074e-02
6.642297264917767e-02
5.440127398233813e-02

9
5.193716515516997e-02
5.742815604765906e-02
5.565625303225554e-02
5.651309688382707e-02

10
5.626753078895193e-02
5.622489593647703e-02
5.623860854311323e-02
5.623197774077995e-02

11
5.623386846067133e-02
5.623420555055610e-02
5.623409712743400e-02
5.623414956104299e-02

12
5.623413460201424e-02
5.623413194292205e-02
5.623413279822426e-02
5.623413238455906e-02

13
5.623413250263409e-02
5.623413252356465e-02
5.623413251683271e-02
5.623413252008672e-02

14
5.623413251914760e-02
5.623413251901901e-02
5.623413251899607e-02
5.623413251920707e-02

15
5.623413251995970e-02
5.623413251698094e-02
5.623413252328802e-02
5.623413250359761e-02

16
5.623413244442858e-02
5.623413268423293e-02
5.623413217554416e-02
5.623413376418399e-02

17
5.623413825127457e-02
5.623411972846655e-02
5.623415913574321e-02
5.623403600199978e-02

18
5.623371640783277e-02
5.623507098728697e-02
5.623217725656988e-02
5.624122576315761e-02

19
5.626204276268139e-02
5.617017773209425e-02
5.636762716099013e-02
5.574968310116459e-02

