#Cell    Group    L_mom 
# Element_0
# Element_1
# Element_2
# Element_3
    0  0  0
1.910085573694602e+00
1.891439070286869e+00
1.866807266360255e+00
1.847781648464378e+00

    1  0  0
1.837547080276404e+00
1.818019897685113e+00
1.791942409002857e+00
1.771550889139239e+00

    2  0  0
1.760576289455138e+00
1.739463414435366e+00
1.710817615563698e+00
1.687937033479595e+00

    3  0  0
1.675483529695949e+00
1.651509416364504e+00
1.618817434525622e+00
1.592341853922932e+00

    4  0  0
1.577605196117864e+00
1.548721209573585e+00
1.508347338262699e+00
1.474815849082792e+00

    5  0  0
1.455723060724874e+00
1.417051298117510e+00
1.360547175687258e+00
1.311428811560134e+00

    6  0  0
1.282711160463105e+00
1.222109735705729e+00
1.126657415719528e+00
1.031105582875578e+00

    7  0  0
9.360313570392491e-01
8.857418820735098e-01
3.257187172406495e-01
-1.671105363893545e-02

    8  0  0
-1.303406223887748e-02
2.089177754281858e-05
-4.907865999898005e-05
7.070658609587918e-06

    9  0  0
2.939967669159485e-05
2.580563642163402e-06
1.325930919186290e-05
8.327102459362370e-06

   10  0  0
9.830166779503537e-06
1.004691374876234e-05
9.977211334554921e-06
1.001110250288066e-05

   11  0  0
1.000118806706095e-05
9.999670960484869e-06
1.000015973461944e-05
9.999922047680842e-06

   12  0  0
9.999991785847408e-06
1.000000227529177e-05
9.999998895200206e-06
1.000000053998749e-05

   13  0  0
1.000000005584826e-05
9.999999984522009e-06
1.000000000751284e-05
9.999999996313175e-06

   14  0  0
9.999999999611601e-06
1.000000000012891e-05
9.999999999885307e-06
1.000000000024265e-05

   15  0  0
1.000000000105648e-05
9.999999997649351e-06
1.000000000487666e-05
9.999999982305315e-06

   16  0  0
9.999999919324975e-06
1.000000018027531e-05
9.999999624778439e-06
1.000000136069096e-05

   17  0  0
1.000000584610292e-05
9.999986807426596e-06
1.000002748807713e-05
9.999900277883787e-06

   18  0  0
9.999605250038812e-06
1.000090362727137e-05
9.998114420449581e-06
1.000684661451948e-05

   19  0  0
1.002408516523378e-05
9.943784684117047e-06
1.011835527639512e-05
9.578547308548726e-06

