#Cell 
# Element_0
# Element_1
# Element_2
# Element_3
# Element_4
0
1.164495011402225e+00
1.161935379389884e+00
1.156830283814103e+00
1.151373460702423e+00
1.148342541094687e+00

1
1.148328023505701e+00
1.145188062946648e+00
1.138809712804518e+00
1.131905246248829e+00
1.127988569145306e+00

2
1.127990587309011e+00
1.123901519038617e+00
1.115525486671512e+00
1.106185608679255e+00
1.100858273375655e+00

3
1.100830485611582e+00
1.095151346730105e+00
1.083461068073803e+00
1.070265120724300e+00
1.062596182291265e+00

4
1.062248465151910e+00
1.054402162919093e+00
1.036998271939590e+00
1.017176278031881e+00
1.004120735527376e+00

5
1.004197633582754e+00
9.910834230136993e-01
9.628166115850628e-01
9.289498603850590e-01
9.082308443702273e-01

6
9.085295837061629e-01
8.848900679720374e-01
8.326190122302009e-01
7.644283358305604e-01
7.188504544442875e-01

7
7.083082652407031e-01
6.674656021098374e-01
4.852433891124580e-01
8.652085166010569e-02
1.596612624321434e-01

8
1.247727989067518e-01
5.866931673445969e-02
5.552285184635333e-02
5.672552621844384e-02
5.533769898653482e-02

9
5.618984626397033e-02
5.623389486180599e-02
5.623420291755377e-02
5.623408411226220e-02
5.623422120663758e-02

10
5.623413702856715e-02
5.623413254298587e-02
5.623413251192799e-02
5.623413252391433e-02
5.623413251006187e-02

11
5.623413251859322e-02
5.623413251902769e-02
5.623413251903067e-02
5.623413251902953e-02
5.623413251903087e-02

12
5.623413251903003e-02
5.623413251903000e-02
5.623413251903000e-02
5.623413251903000e-02
5.623413251903000e-02

13
5.623413251903000e-02
5.623413251903000e-02
5.623413251903000e-02
5.623413251903000e-02
5.623413251903000e-02

14
5.623413251903000e-02
5.623413251903000e-02
5.623413251903000e-02
5.623413251903000e-02
5.623413251903000e-02

15
5.623413251903000e-02
5.623413251903000e-02
5.623413251903000e-02
5.623413251903000e-02
5.623413251903000e-02

16
5.623413251903000e-02
5.623413251903000e-02
5.623413251903000e-02
5.623413251903000e-02
5.623413251903791e-02

17
5.623413251911372e-02
5.623413251898230e-02
5.623413251909964e-02
5.623413251879103e-02
5.623413247368483e-02

18
5.623413208798394e-02
5.623413276713118e-02
5.623413215653753e-02
5.623413376774346e-02
5.623436807538330e-02

19
5.623603164808928e-02
5.623301978847354e-02
5.623576079902243e-02
5.622848640121130e-02
5.514691800601397e-02

