#Cell 
# Element_0
# Element_1
# Element_2
# Element_3
0
1.164457869302222e+00
1.163437259503503e+00
1.161763472207159e+00
1.160703265172218e+00

1
1.160721571804626e+00
1.159643250650100e+00
1.157896683460828e+00
1.156789109371276e+00

2
1.156807524111227e+00
1.155666623278073e+00
1.153821266087599e+00
1.152652712098130e+00

3
1.152652230016419e+00
1.151470126837973e+00
1.149517731142862e+00
1.148288896964142e+00

4
1.148289307422679e+00
1.147037795505321e+00
1.144969782434822e+00
1.143664007803324e+00

5
1.143671364463848e+00
1.142334517996394e+00
1.140142195134437e+00
1.138743011551810e+00

6
1.138750529931183e+00
1.137327635501316e+00
1.134990527483485e+00
1.133494369022452e+00

7
1.133500978553345e+00
1.131980033873935e+00
1.129477262760541e+00
1.127878104660200e+00

8
1.127894774540911e+00
1.126250728132611e+00
1.123571245201392e+00
1.121831744823894e+00

9
1.121835601747669e+00
1.120090959158047e+00
1.117187249544357e+00
1.115342549395376e+00

10
1.115341113638345e+00
1.113456088859678e+00
1.110316961062814e+00
1.108320255976093e+00

11
1.108318841266184e+00
1.106275116890122e+00
1.102866378714083e+00
1.100693755871722e+00

12
1.100693024719572e+00
1.098470870361055e+00
1.094758798578194e+00
1.092391254943595e+00

13
1.092391521026189e+00
1.089962625641820e+00
1.085901761863502e+00
1.083309273301614e+00

14
1.083309632743629e+00
1.080648217908112e+00
1.076190373114752e+00
1.073339719729831e+00

15
1.073358682196945e+00
1.070405782741744e+00
1.065504063853060e+00
1.062324982392634e+00

16
1.062329128576127e+00
1.059082013925822e+00
1.053648840056898e+00
1.050161867530823e+00

17
1.050160934064244e+00
1.046545478773629e+00
1.040498403081557e+00
1.036612527245514e+00

18
1.036616027912290e+00
1.032590232725725e+00
1.025816852616994e+00
1.021467467367296e+00

19
1.021475723320379e+00
1.016958066706147e+00
1.009314951254187e+00
1.004430708930290e+00

20
1.004423564693395e+00
9.993400239773336e-01
9.907367926866626e-01
9.851711814327179e-01

21
9.851689623152866e-01
9.794008241427810e-01
9.696040150431419e-01
9.632455010434957e-01

22
9.632398668011900e-01
9.566487321231493e-01
9.454127256680674e-01
9.380980883690486e-01

23
9.381364499030350e-01
9.304665882393772e-01
9.174728384732724e-01
9.088728119974203e-01

24
9.088624921405395e-01
8.999571646426012e-01
8.846867797455046e-01
8.746550111601277e-01

25
8.747204759865942e-01
8.640250957390986e-01
8.457533428815819e-01
8.337083392636089e-01

26
8.336669883931858e-01
8.208771883287204e-01
7.985755068058866e-01
7.836553544444060e-01

27
7.836552118296770e-01
7.677230213671598e-01
7.395788577919797e-01
7.204424282512536e-01

28
7.204469799679126e-01
6.996467011185811e-01
6.617598889591172e-01
6.352571474522221e-01

29
6.351169275430588e-01
6.056637541496022e-01
5.489383782207281e-01
5.059165484756075e-01

30
5.041891313733285e-01
4.545529849642155e-01
3.134516333896801e-01
1.171802703909550e-01

31
7.155685369783937e-02
5.642702960164041e-02
5.616034984990646e-02
5.634136572951037e-02

32
5.624274981729083e-02
5.623420057456415e-02
5.623410747201169e-02
5.623416923226750e-02

33
5.623413594569888e-02
5.623413254198055e-02
5.623413251069451e-02
5.623413253082883e-02

34
5.623413252054713e-02
5.623413251903955e-02
5.623413251902661e-02
5.623413251903442e-02

35
5.623413251903091e-02
5.623413251903000e-02
5.623413251903000e-02
5.623413251903001e-02

36
5.623413251903000e-02
5.623413251903000e-02
5.623413251903000e-02
5.623413251903000e-02

37
5.623413251903000e-02
5.623413251903000e-02
5.623413251903000e-02
5.623413251903000e-02

38
5.623413251903000e-02
5.623413251903000e-02
5.623413251903000e-02
5.623413251903000e-02

39
5.623413251903000e-02
5.623413251903000e-02
5.623413251903000e-02
5.623413251903000e-02

40
5.623413251903000e-02
5.623413251903000e-02
5.623413251903000e-02
5.623413251903000e-02

41
5.623413251903000e-02
5.623413251903000e-02
5.623413251903000e-02
5.623413251903000e-02

42
5.623413251903000e-02
5.623413251903000e-02
5.623413251903000e-02
5.623413251903000e-02

43
5.623413251903000e-02
5.623413251903000e-02
5.623413251903000e-02
5.623413251903000e-02

44
5.623413251903000e-02
5.623413251903000e-02
5.623413251903000e-02
5.623413251903000e-02

45
5.623413251903000e-02
5.623413251903000e-02
5.623413251903000e-02
5.623413251903000e-02

46
5.623413251903000e-02
5.623413251903000e-02
5.623413251903000e-02
5.623413251903000e-02

47
5.623413251903000e-02
5.623413251903000e-02
5.623413251903000e-02
5.623413251903000e-02

48
5.623413251903000e-02
5.623413251903000e-02
5.623413251903000e-02
5.623413251903000e-02

49
5.623413251903000e-02
5.623413251903000e-02
5.623413251903000e-02
5.623413251903000e-02

50
5.623413251903000e-02
5.623413251903000e-02
5.623413251903000e-02
5.623413251903000e-02

51
5.623413251903000e-02
5.623413251903000e-02
5.623413251903000e-02
5.623413251903000e-02

52
5.623413251903000e-02
5.623413251903000e-02
5.623413251903000e-02
5.623413251903000e-02

53
5.623413251903000e-02
5.623413251903000e-02
5.623413251903000e-02
5.623413251903000e-02

54
5.623413251903000e-02
5.623413251903000e-02
5.623413251903000e-02
5.623413251903000e-02

55
5.623413251903000e-02
5.623413251903000e-02
5.623413251903000e-02
5.623413251903000e-02

56
5.623413251903000e-02
5.623413251903000e-02
5.623413251903000e-02
5.623413251903000e-02

57
5.623413251903000e-02
5.623413251903000e-02
5.623413251903000e-02
5.623413251903000e-02

58
5.623413251903000e-02
5.623413251903000e-02
5.623413251903000e-02
5.623413251903000e-02

59
5.623413251903000e-02
5.623413251903000e-02
5.623413251903000e-02
5.623413251903000e-02

60
5.623413251903000e-02
5.623413251903000e-02
5.623413251903000e-02
5.623413251903000e-02

61
5.623413251903000e-02
5.623413251903000e-02
5.623413251903000e-02
5.623413251903000e-02

62
5.623413251903000e-02
5.623413251903000e-02
5.623413251903000e-02
5.623413251903000e-02

63
5.623413251903000e-02
5.623413251903000e-02
5.623413251903000e-02
5.623413251903000e-02

64
5.623413251903000e-02
5.623413251903000e-02
5.623413251903000e-02
5.623413251903000e-02

65
5.623413251903000e-02
5.623413251903000e-02
5.623413251903000e-02
5.623413251903000e-02

66
5.623413251903000e-02
5.623413251903000e-02
5.623413251903000e-02
5.623413251903000e-02

67
5.623413251903000e-02
5.623413251903000e-02
5.623413251903000e-02
5.623413251903000e-02

68
5.623413251903000e-02
5.623413251903000e-02
5.623413251903000e-02
5.623413251903000e-02

69
5.623413251903000e-02
5.623413251903000e-02
5.623413251903000e-02
5.623413251903000e-02

70
5.623413251903000e-02
5.623413251903000e-02
5.623413251903000e-02
5.623413251903000e-02

71
5.623413251903000e-02
5.623413251903000e-02
5.623413251903000e-02
5.623413251903000e-02

72
5.623413251903000e-02
5.623413251903000e-02
5.623413251903000e-02
5.623413251903000e-02

73
5.623413251903000e-02
5.623413251903000e-02
5.623413251903000e-02
5.623413251903000e-02

74
5.623413251903000e-02
5.623413251903000e-02
5.623413251903000e-02
5.623413251903000e-02

75
5.623413251903000e-02
5.623413251903000e-02
5.623413251903000e-02
5.623413251901712e-02

76
5.623413251896777e-02
5.623413251907788e-02
5.623413251889375e-02
5.623413250952133e-02

77
5.623413247691950e-02
5.623413255192542e-02
5.623413242470597e-02
5.623412599763875e-02

78
5.623410659357649e-02
5.623415326233439e-02
5.623407250359561e-02
5.623003802304563e-02

79
5.622038797002880e-02
5.624560127454044e-02
5.620043944223541e-02
5.381842258519819e-02

