#Cell    Group    L_mom 
# Element_0
# Element_1
# Element_2
# Element_3
# Element_4
    0  0  0
1.913430128629964e+00
1.910205665226581e+00
1.905466197141534e+00
1.900700554362528e+00
1.897434435684685e+00

    1  0  0
1.895765801906662e+00
1.892492298450487e+00
1.887688706893162e+00
1.882868711814361e+00
1.879564685905200e+00

    2  0  0
1.877874778962636e+00
1.874556909044262e+00
1.869690357682739e+00
1.864815562285749e+00
1.861476135054617e+00

    3  0  0
1.859766262021660e+00
1.856403944934905e+00
1.851458696410150e+00
1.846495987523004e+00
1.843098992971099e+00

    4  0  0
1.841361778089921e+00
1.837950085666141e+00
1.832932873167096e+00
1.827890335304300e+00
1.824435316402017e+00

    5  0  0
1.822669987209836e+00
1.819207035174666e+00
1.814117649851070e+00
1.808994099819543e+00
1.805472746389270e+00

    6  0  0
1.803671156182068e+00
1.800133081280712e+00
1.794933880570164e+00
1.789708877908192e+00
1.786122632199012e+00

    7  0  0
1.784287172164207e+00
1.780678053191179e+00
1.775368341553420e+00
1.770035159025044e+00
1.766380931960314e+00

    8  0  0
1.764510262858636e+00
1.760827753107834e+00
1.755394860795831e+00
1.749921697168551e+00
1.746168243825860e+00

    9  0  0
1.744246983350624e+00
1.740468663229826e+00
1.734901134089557e+00
1.729291121010263e+00
1.725436096278182e+00

   10  0  0
1.723461181797439e+00
1.719578903853528e+00
1.713865237244709e+00
1.708108465641824e+00
1.704142016181670e+00

   11  0  0
1.702105999458314e+00
1.698097264427711e+00
1.692188959882082e+00
1.686235484877829e+00
1.682137534766308e+00

   12  0  0
1.680035409473698e+00
1.675896008925225e+00
1.669785368264105e+00
1.663616380368215e+00
1.659371415694921e+00

   13  0  0
1.657196173348468e+00
1.652913097747456e+00
1.646577427673072e+00
1.640156540066956e+00
1.635727648435665e+00

   14  0  0
1.633457252677777e+00
1.628984664107012e+00
1.622370108379659e+00
1.615670002867376e+00
1.611046201395713e+00

   15  0  0
1.608672516765549e+00
1.603989222626792e+00
1.597058218049588e+00
1.590041490510675e+00
1.585197874634167e+00

   16  0  0
1.582706244667887e+00
1.577778840008262e+00
1.570464875735513e+00
1.563046704764490e+00
1.557923739979119e+00

   17  0  0
1.555286840926726e+00
1.550073540163034e+00
1.542331943514769e+00
1.534464530629036e+00
1.529016612903460e+00

   18  0  0
1.526210567451410e+00
1.520665380784966e+00
1.512428417041001e+00
1.504034538199001e+00
1.498197584944300e+00

   19  0  0
1.495186101357806e+00
1.489227567516826e+00
1.480365174525268e+00
1.471323257622114e+00
1.465029008807728e+00

   20  0  0
1.461780199387571e+00
1.455345151779738e+00
1.445747565508527e+00
1.435926877145502e+00
1.429086270117248e+00

   21  0  0
1.425555542601761e+00
1.418548938756504e+00
1.408055531850750e+00
1.397268225927689e+00
1.389737590429328e+00

   22  0  0
1.385845437124579e+00
1.378111734776604e+00
1.366507215073568e+00
1.354547830532285e+00
1.346176113574675e+00

   23  0  0
1.341840393156493e+00
1.333203675521240e+00
1.320207163925400e+00
1.306778657121541e+00
1.297349871462270e+00

   24  0  0
1.292447205500693e+00
1.282646815039687e+00
1.267838197075741e+00
1.252474573792226e+00
1.241640086887640e+00

   25  0  0
1.235991062850252e+00
1.224677870649186e+00
1.207504861509293e+00
1.189568349569487e+00
1.176845786682347e+00

   26  0  0
1.170190001154205e+00
1.156812720869301e+00
1.136384868450741e+00
1.114858003637511e+00
1.099439995331520e+00

   27  0  0
1.091328409208613e+00
1.074952229134570e+00
1.049716345879990e+00
1.022776742740181e+00
1.003251888120782e+00

   28  0  0
9.929114626856299e-01
9.718431962940050e-01
9.388220127043740e-01
9.027882516023750e-01
8.761312216883631e-01

   29  0  0
8.617818724490218e-01
8.320519585735434e-01
7.838624265118928e-01
7.284749355297226e-01
6.851403132506819e-01

   30  0  0
6.661353401560736e-01
6.009785164013949e-01
5.146832952694661e-01
3.756850972381092e-01
1.349985777070095e-01

   31  0  0
2.027348239964450e-03
-8.014655050681042e-04
3.586955477130967e-04
-1.973659823507125e-04
7.619606847790041e-05

   32  0  0
6.610645689954513e-05
-4.907398153094527e-06
1.727726383769092e-05
5.893146167330687e-06
1.143245072045773e-05

   33  0  0
1.107135881976862e-05
9.709619274940431e-06
1.014302688351693e-05
9.918028313366087e-06
1.003306464235730e-05

   34  0  0
1.001717845906055e-05
9.995038764343930e-06
1.000247675735166e-05
9.998531468458913e-06
1.000074954842753e-05

   35  0  0
1.000016030531427e-05
9.999939850274128e-06
1.000003142540705e-05
9.999979313319046e-06
1.000001689550102e-05

   36  0  0
9.999996336184768e-06
1.000000029691900e-05
9.999999928777029e-06
9.999999929182075e-06
1.000000038523171e-05

   37  0  0
9.999999681218836e-06
1.000000006027140e-05
9.999999973138314e-06
1.000000001118669e-05
1.000000000893836e-05

   38  0  0
9.999999985037457e-06
1.000000000312517e-05
9.999999998556540e-06
1.000000000067225e-05
1.000000000020437e-05

   39  0  0
9.999999999403026e-06
1.000000000012590e-05
9.999999999936265e-06
1.000000000002595e-05
1.000000000000116e-05

   40  0  0
9.999999999974778e-06
1.000000000000145e-05
9.999999999994238e-06
9.999999999997666e-06
9.999999999996601e-06

   41  0  0
9.999999999995747e-06
9.999999999996679e-06
9.999999999996426e-06
9.999999999996550e-06
9.999999999996509e-06

   42  0  0
9.999999999996482e-06
9.999999999996513e-06
9.999999999996506e-06
9.999999999996509e-06
9.999999999996508e-06

   43  0  0
9.999999999996506e-06
9.999999999996506e-06
9.999999999996508e-06
9.999999999996509e-06
9.999999999996509e-06

   44  0  0
9.999999999996506e-06
9.999999999996506e-06
9.999999999996508e-06
9.999999999996508e-06
9.999999999996509e-06

   45  0  0
9.999999999996506e-06
9.999999999996506e-06
9.999999999996509e-06
9.999999999996508e-06
9.999999999996509e-06

   46  0  0
9.999999999996506e-06
9.999999999996506e-06
9.999999999996509e-06
9.999999999996508e-06
9.999999999996509e-06

   47  0  0
9.999999999996506e-06
9.999999999996506e-06
9.999999999996509e-06
9.999999999996508e-06
9.999999999996509e-06

   48  0  0
9.999999999996506e-06
9.999999999996506e-06
9.999999999996509e-06
9.999999999996508e-06
9.999999999996509e-06

   49  0  0
9.999999999996506e-06
9.999999999996506e-06
9.999999999996509e-06
9.999999999996508e-06
9.999999999996509e-06

   50  0  0
9.999999999996506e-06
9.999999999996506e-06
9.999999999996509e-06
9.999999999996508e-06
9.999999999996509e-06

   51  0  0
9.999999999996506e-06
9.999999999996506e-06
9.999999999996509e-06
9.999999999996508e-06
9.999999999996509e-06

   52  0  0
9.999999999996506e-06
9.999999999996506e-06
9.999999999996509e-06
9.999999999996508e-06
9.999999999996509e-06

   53  0  0
9.999999999996506e-06
9.999999999996506e-06
9.999999999996509e-06
9.999999999996508e-06
9.999999999996509e-06

   54  0  0
9.999999999996506e-06
9.999999999996506e-06
9.999999999996509e-06
9.999999999996508e-06
9.999999999996509e-06

   55  0  0
9.999999999996506e-06
9.999999999996506e-06
9.999999999996509e-06
9.999999999996508e-06
9.999999999996509e-06

   56  0  0
9.999999999996506e-06
9.999999999996506e-06
9.999999999996509e-06
9.999999999996508e-06
9.999999999996509e-06

   57  0  0
9.999999999996506e-06
9.999999999996506e-06
9.999999999996509e-06
9.999999999996508e-06
9.999999999996509e-06

   58  0  0
9.999999999996506e-06
9.999999999996506e-06
9.999999999996509e-06
9.999999999996508e-06
9.999999999996509e-06

   59  0  0
9.999999999996506e-06
9.999999999996506e-06
9.999999999996509e-06
9.999999999996508e-06
9.999999999996509e-06

   60  0  0
9.999999999996506e-06
9.999999999996506e-06
9.999999999996509e-06
9.999999999996508e-06
9.999999999996509e-06

   61  0  0
9.999999999996506e-06
9.999999999996506e-06
9.999999999996509e-06
9.999999999996508e-06
9.999999999996509e-06

   62  0  0
9.999999999996506e-06
9.999999999996506e-06
9.999999999996509e-06
9.999999999996508e-06
9.999999999996509e-06

   63  0  0
9.999999999996506e-06
9.999999999996506e-06
9.999999999996509e-06
9.999999999996508e-06
9.999999999996509e-06

   64  0  0
9.999999999996506e-06
9.999999999996506e-06
9.999999999996509e-06
9.999999999996508e-06
9.999999999996509e-06

   65  0  0
9.999999999996506e-06
9.999999999996506e-06
9.999999999996509e-06
9.999999999996508e-06
9.999999999996509e-06

   66  0  0
9.999999999996506e-06
9.999999999996506e-06
9.999999999996509e-06
9.999999999996508e-06
9.999999999996509e-06

   67  0  0
9.999999999996506e-06
9.999999999996506e-06
9.999999999996509e-06
9.999999999996508e-06
9.999999999996509e-06

   68  0  0
9.999999999996506e-06
9.999999999996506e-06
9.999999999996509e-06
9.999999999996508e-06
9.999999999996509e-06

   69  0  0
9.999999999996506e-06
9.999999999996508e-06
9.999999999996508e-06
9.999999999996509e-06
9.999999999996504e-06

   70  0  0
9.999999999996506e-06
9.999999999996516e-06
9.999999999996496e-06
9.999999999996538e-06
9.999999999996381e-06

   71  0  0
9.999999999996472e-06
9.999999999996777e-06
9.999999999995999e-06
9.999999999997566e-06
9.999999999989540e-06

   72  0  0
9.999999999997326e-06
1.000000000001079e-05
9.999999999966263e-06
1.000000000006558e-05
9.999999999700986e-06

   73  0  0
1.000000000002925e-05
1.000000000044095e-05
9.999999999112735e-06
1.000000000185683e-05
9.999999992053497e-06

   74  0  0
1.000000000094593e-05
1.000000001168385e-05
9.999999976666030e-06
1.000000004913624e-05
9.999999789713523e-06

   75  0  0
1.000000002952479e-05
1.000000030234714e-05
9.999999393885170e-06
1.000000127738689e-05
9.999994519305413e-06

   76  0  0
1.000000090125947e-05
1.000000766956094e-05
9.999984546808860e-06
1.000003259119850e-05
9.999859724229338e-06

   77  0  0
1.000002698907568e-05
1.000019004252152e-05
9.999614694843685e-06
1.000081336347882e-05
9.996486163516332e-06

   78  0  0
1.000079033238830e-05
1.000458052109245e-05
9.990645085479799e-06
1.001979238371505e-05
9.914442199784140e-06

   79  0  0
1.002142750861026e-05
1.010915142342313e-05
9.778176181023291e-06
1.048357667613978e-05
8.105067881371068e-06

