#Cell  Group   Direction 
# Element_0
# Element_1
    0  0  0
1.810797342335325e-01
1.773757452408763e-01

    0  0  1
1.729701776203951e+00
1.723193922065108e+00

    1  0  0
1.746599409658073e-01
1.709499663269357e-01

    1  0  1
1.718422413957823e+00
1.711793923570957e+00

    2  0  0
1.682308048990365e-01
1.645150561371231e-01

    2  0  1
1.706933146602583e+00
1.700170521563652e+00

    3  0  0
1.617902522292045e-01
1.580674884259909e-01

    3  0  1
1.695210700634852e+00
1.688298554689828e+00

    4  0  0
1.553403012776521e-01
1.516152485856608e-01

    4  0  1
1.683228257428761e+00
1.676148710267380e+00

    5  0  0
1.488860769335534e-01
1.451560292861973e-01

    5  0  1
1.670954871584066e+00
1.663688245496391e+00

    6  0  0
1.424221192475666e-01
1.386882294936911e-01

    6  0  1
1.658355989409242e+00
1.650877730942702e+00

    7  0  0
1.359565397391853e-01
1.322252325513897e-01

    7  0  1
1.645388927056754e+00
1.637671065941753e+00

    8  0  0
1.294922743705123e-01
1.257567897716299e-01

    8  0  1
1.632005042559601e+00
1.624015201595939e+00

    9  0  0
1.230223742265725e-01
1.192900684817653e-01

    9  0  1
1.618147965169427e+00
1.609848373524665e+00

   10  0  0
1.165642754871301e-01
1.128397057618917e-01

   10  0  1
1.603751931732915e+00
1.595098403549232e+00

   11  0  0
1.101120695118278e-01
1.063847420428527e-01

   11  0  1
1.588740004919837e+00
1.579680671504495e+00

   12  0  0
1.036634726181860e-01
9.995196443555668e-02

   12  0  1
1.573021865027658e+00
1.563495588974745e+00

   13  0  0
9.724615200461263e-02
9.354586960828271e-02

   13  0  1
1.556491049428410e+00
1.546425444919948e+00

   14  0  0
9.083727912881019e-02
8.713974325472632e-02

   14  0  1
1.539021493153755e+00
1.528330363470973e+00

   15  0  0
8.445311379032312e-02
8.079084514156840e-02

   15  0  1
1.520463075907828e+00
1.509043108671169e+00

   16  0  0
7.812394931606921e-02
7.447262464262065e-02

   16  0  1
1.500635852156105e+00
1.488362290726558e+00

   17  0  0
7.180557245024645e-02
6.817335886050925e-02

   17  0  1
1.479322508361364e+00
1.466043301002219e+00

   18  0  0
6.555421148873533e-02
6.198227965961248e-02

   18  0  1
1.456258181224347e+00
1.441786002099642e+00

   19  0  0
5.938050743833769e-02
5.581523853814616e-02

   19  0  1
1.431116511709433e+00
1.415217698569870e+00

   20  0  0
5.322818167506167e-02
4.971978234566557e-02

   20  0  1
1.403490444534896e+00
1.385868889345214e+00

   21  0  0
4.721708408854197e-02
4.379501768787390e-02

   21  0  1
1.372864177357082e+00
1.353137640369688e+00

   22  0  0
4.129899021780169e-02
3.788250523181434e-02

   22  0  1
1.338571922383015e+00
1.316235441629446e+00

   23  0  0
3.544462186922789e-02
3.215924977989922e-02

   23  0  1
1.299734586720982e+00
1.274101486541121e+00

   24  0  0
2.984864050358074e-02
2.666974014965161e-02

   24  0  1
1.255157839546263e+00
1.225259145895782e+00

   25  0  0
2.435432342093088e-02
2.120628785944473e-02

   25  0  1
1.203159147034738e+00
1.167558049038805e+00

   26  0  0
1.904839445812532e-02
1.616711040588347e-02

   26  0  1
1.141253238037503e+00
1.097668786645178e+00

   27  0  0
1.418710541415939e-02
1.143056712791658e-02

   27  0  1
1.065528971737085e+00
1.009955557061900e+00

   28  0  0
9.474669030780232e-03
6.886059964079583e-03

   28  0  1
9.692424021192546e-01
8.935725273921038e-01

   29  0  0
5.322475446917248e-03
3.279045244859082e-03

   29  0  1
8.416778567547625e-01
7.214277594300410e-01

   30  0  0
2.113192137032342e-03
5.259529380839015e-04

   30  0  1
6.280811911794486e-01
3.190775412999168e-01

   31  0  0
2.453691337465894e-07
1.046418861703021e-05

   31  0  1
4.529766370492084e-04
-2.016328938477579e-03

   32  0  0
5.242777949192257e-06
4.941409276679996e-06

   32  0  1
-6.276862752347114e-05
2.082209562858680e-05

   33  0  0
4.995351931666771e-06
5.001163262320735e-06

   33  0  1
6.040090202274263e-06
4.744783973299023e-06

   34  0  0
5.000087021633806e-06
4.999978191320888e-06

   34  0  1
4.983632997841377e-06
5.004012503581655e-06

   35  0  0
4.999998415797547e-06
5.000000397591664e-06

   35  0  1
5.000257232015951e-06
4.999936924996473e-06

   36  0  0
5.000000028252826e-06
4.999999992899381e-06

   36  0  1
4.999995964571057e-06
5.000000989740993e-06

   37  0  0
4.999999999502230e-06
5.000000000122964e-06

   37  0  1
5.000000063154239e-06
4.999999984504511e-06

   38  0  0
5.000000000006850e-06
4.999999999996089e-06

   38  0  1
4.999999999012400e-06
5.000000000240165e-06

   39  0  0
4.999999999998108e-06
4.999999999998292e-06

   39  0  1
5.000000000013605e-06
4.999999999994487e-06

   40  0  0
4.999999999998252e-06
4.999999999998253e-06

   40  0  1
4.999999999998012e-06
4.999999999998314e-06

   41  0  0
4.999999999998252e-06
4.999999999998253e-06

   41  0  1
4.999999999998257e-06
4.999999999998252e-06

   42  0  0
4.999999999998252e-06
4.999999999998253e-06

   42  0  1
4.999999999998252e-06
4.999999999998253e-06

   43  0  0
4.999999999998252e-06
4.999999999998253e-06

   43  0  1
4.999999999998252e-06
4.999999999998253e-06

   44  0  0
4.999999999998252e-06
4.999999999998253e-06

   44  0  1
4.999999999998252e-06
4.999999999998253e-06

   45  0  0
4.999999999998252e-06
4.999999999998253e-06

   45  0  1
4.999999999998252e-06
4.999999999998253e-06

   46  0  0
4.999999999998252e-06
4.999999999998253e-06

   46  0  1
4.999999999998252e-06
4.999999999998253e-06

   47  0  0
4.999999999998252e-06
4.999999999998253e-06

   47  0  1
4.999999999998252e-06
4.999999999998253e-06

   48  0  0
4.999999999998252e-06
4.999999999998253e-06

   48  0  1
4.999999999998252e-06
4.999999999998253e-06

   49  0  0
4.999999999998252e-06
4.999999999998253e-06

   49  0  1
4.999999999998252e-06
4.999999999998253e-06

   50  0  0
4.999999999998252e-06
4.999999999998253e-06

   50  0  1
4.999999999998252e-06
4.999999999998253e-06

   51  0  0
4.999999999998252e-06
4.999999999998253e-06

   51  0  1
4.999999999998252e-06
4.999999999998253e-06

   52  0  0
4.999999999998252e-06
4.999999999998253e-06

   52  0  1
4.999999999998252e-06
4.999999999998253e-06

   53  0  0
4.999999999998252e-06
4.999999999998253e-06

   53  0  1
4.999999999998252e-06
4.999999999998253e-06

   54  0  0
4.999999999998252e-06
4.999999999998253e-06

   54  0  1
4.999999999998252e-06
4.999999999998253e-06

   55  0  0
4.999999999998252e-06
4.999999999998253e-06

   55  0  1
4.999999999998252e-06
4.999999999998253e-06

   56  0  0
4.999999999998252e-06
4.999999999998253e-06

   56  0  1
4.999999999998252e-06
4.999999999998253e-06

   57  0  0
4.999999999998252e-06
4.999999999998253e-06

   57  0  1
4.999999999998252e-06
4.999999999998253e-06

   58  0  0
4.999999999998252e-06
4.999999999998253e-06

   58  0  1
4.999999999998252e-06
4.999999999998253e-06

   59  0  0
4.999999999998252e-06
4.999999999998253e-06

   59  0  1
4.999999999998252e-06
4.999999999998253e-06

   60  0  0
4.999999999998252e-06
4.999999999998253e-06

   60  0  1
4.999999999998252e-06
4.999999999998253e-06

   61  0  0
4.999999999998252e-06
4.999999999998253e-06

   61  0  1
4.999999999998252e-06
4.999999999998253e-06

   62  0  0
4.999999999998252e-06
4.999999999998253e-06

   62  0  1
4.999999999998252e-06
4.999999999998253e-06

   63  0  0
4.999999999998252e-06
4.999999999998253e-06

   63  0  1
4.999999999998252e-06
4.999999999998253e-06

   64  0  0
4.999999999998252e-06
4.999999999998253e-06

   64  0  1
4.999999999998252e-06
4.999999999998253e-06

   65  0  0
4.999999999998252e-06
4.999999999998253e-06

   65  0  1
4.999999999998252e-06
4.999999999998253e-06

   66  0  0
4.999999999998252e-06
4.999999999998253e-06

   66  0  1
4.999999999998252e-06
4.999999999998253e-06

   67  0  0
4.999999999998252e-06
4.999999999998253e-06

   67  0  1
4.999999999998252e-06
4.999999999998253e-06

   68  0  0
4.999999999998252e-06
4.999999999998253e-06

   68  0  1
4.999999999998252e-06
4.999999999998253e-06

   69  0  0
4.999999999998252e-06
4.999999999998253e-06

   69  0  1
4.999999999998252e-06
4.999999999998253e-06

   70  0  0
4.999999999998252e-06
4.999999999998255e-06

   70  0  1
4.999999999998252e-06
4.999999999998253e-06

   71  0  0
4.999999999998266e-06
4.999999999998208e-06

   71  0  1
4.999999999998252e-06
4.999999999998253e-06

   72  0  0
4.999999999997680e-06
5.000000000001924e-06

   72  0  1
4.999999999998248e-06
4.999999999999480e-06

   73  0  0
5.000000000035904e-06
4.999999999836894e-06

   73  0  1
5.000000000013618e-06
4.999999999935429e-06

   74  0  0
4.999999998486707e-06
5.000000006487682e-06

   74  0  1
4.999999999344791e-06
5.000000002661681e-06

   75  0  0
5.000000058523177e-06
4.999999747603328e-06

   75  0  1
5.000000026916027e-06
4.999999890014479e-06

   76  0  0
4.999997829566262e-06
5.000009415104299e-06

   76  0  1
4.999998926680262e-06
5.000004399268763e-06

   77  0  0
5.000076062895035e-06
4.999667409422564e-06

   77  0  1
5.000041062050496e-06
4.999831000992375e-06

   78  0  0
4.997538737445466e-06
5.010900008122215e-06

   78  0  1
4.998514222227965e-06
5.006154361097219e-06

   79  0  0
5.071600580550999e-06
4.686104820899655e-06

   79  0  1
5.050209901996666e-06
4.794485058523284e-06

