#Cell  Group   Direction 
# Element_0
# Element_1
# Element_2
    0  0  0
1.822627061007697e-01
1.814614343660058e-01
1.806598100478101e-01

    0  0  1
1.732050781880493e+00
1.730656272877146e+00
1.729258779793381e+00

    1  0  0
1.806598037558834e-01
1.798578571114745e-01
1.790556158990259e-01

    1  0  1
1.729258754587155e+00
1.727858309160936e+00
1.726454813776144e+00

    2  0  0
1.790556476966652e-01
1.782533379783665e-01
1.774509621555035e-01

    2  0  1
1.726454807651862e+00
1.725048264154776e+00
1.723638645427151e+00

    3  0  0
1.774509997674055e-01
1.766487516113595e-01
1.758466064779784e-01

    3  0  1
1.723638640129219e+00
1.722225896682142e+00
1.720809969774838e+00

    4  0  0
1.758466142760707e-01
1.750445468070078e-01
1.742425257333638e-01

    4  0  1
1.720809965187307e+00
1.719390833893968e+00
1.717968443705790e+00

    5  0  0
1.742424976601776e-01
1.734403200721537e-01
1.726379754111991e-01

    5  0  1
1.717968431974581e+00
1.716542770732643e+00
1.715113765424367e+00

    6  0  0
1.726379352320586e-01
1.718351863804498e-01
1.710320397411692e-01

    6  0  1
1.715113766901208e+00
1.713681385645468e+00
1.712245609682613e+00

    7  0  0
1.710320008886639e-01
1.702282902845633e-01
1.694240510107081e-01

    7  0  1
1.712245598658659e+00
1.710806357887910e+00
1.709363590436399e+00

    8  0  0
1.694240482003326e-01
1.686193879651381e-01
1.678143769672581e-01

    8  0  1
1.709363595428296e+00
1.707917261464478e+00
1.706467344906710e+00

    9  0  0
1.678144319908093e-01
1.670094655973395e-01
1.662045406195151e-01

    9  0  1
1.706467334864247e+00
1.705013762628219e+00
1.703556494095207e+00

   10  0  0
1.662045913044596e-01
1.653998505128961e-01
1.645952068888402e-01

   10  0  1
1.703556517399979e+00
1.702095455765980e+00
1.700630625500885e+00

   11  0  0
1.645951554204749e-01
1.637902435439522e-01
1.629850629779752e-01

   11  0  1
1.700630618332074e+00
1.699161915824099e+00
1.697689295018022e+00

   12  0  0
1.629850115077167e-01
1.621794323524522e-01
1.613735605044608e-01

   12  0  1
1.697689283688309e+00
1.696212715434223e+00
1.694732115820734e+00

   13  0  0
1.613736011109796e-01
1.605677523860872e-01
1.597619295644484e-01

   13  0  1
1.694732108125858e+00
1.693247445791237e+00
1.691758649679464e+00

   14  0  0
1.597619648340040e-01
1.589562334350197e-01
1.581505024675204e-01

   14  0  1
1.691758630561652e+00
1.690265644570592e+00
1.688768373567746e+00

   15  0  0
1.581504587652159e-01
1.573444200674597e-01
1.565380780897912e-01

   15  0  1
1.688768355760802e+00
1.687266790315486e+00
1.685760826449195e+00

   16  0  0
1.565380406087291e-01
1.557313016507264e-01
1.549242381834956e-01

   16  0  1
1.685760805727705e+00
1.684250439825736e+00
1.682735546884301e+00

   17  0  0
1.549242663173895e-01
1.541171089590955e-01
1.533098709150437e-01

   17  0  1
1.682735525273113e+00
1.681216103430540e+00
1.679692024688430e+00

   18  0  0
1.533099117687277e-01
1.525027859703917e-01
1.516957385822109e-01

   18  0  1
1.679692006326331e+00
1.678163259550482e+00
1.676629724492897e+00

   19  0  0
1.516957458669287e-01
1.508887538259132e-01
1.500817869070935e-01

   19  0  1
1.676629707231246e+00
1.675091360590183e+00
1.673548084206616e+00

   20  0  0
1.500817623508232e-01
1.492746671237114e-01
1.484674487660614e-01

   20  0  1
1.673548063001947e+00
1.671999835195157e+00
1.670446536718730e+00

   21  0  0
1.484674313487534e-01
1.476600551169608e-01
1.468525710862287e-01

   21  0  1
1.670446536946785e+00
1.668888119194473e+00
1.667324487911841e+00

   22  0  0
1.468525813378225e-01
1.460450828811724e-01
1.452375726245367e-01

   22  0  1
1.667324474415868e+00
1.665755566420618e+00
1.664181283015688e+00

   23  0  0
1.452375802913512e-01
1.444300759947089e-01
1.436225804621400e-01

   23  0  1
1.664181276458597e+00
1.662601580771345e+00
1.661016353726598e+00

   24  0  0
1.436225774463080e-01
1.428151290531389e-01
1.420077574078134e-01

   24  0  1
1.661016337963264e+00
1.659425497466180e+00
1.657828930800467e+00

   25  0  0
1.420077754880483e-01
1.412005798000010e-01
1.403935404114888e-01

   25  0  1
1.657828904974638e+00
1.656226597737538e+00
1.654618394482793e+00

   26  0  0
1.403935365046051e-01
1.395865263717747e-01
1.387794896260930e-01

   26  0  1
1.654618373184731e+00
1.653004246464888e+00
1.651384061287945e+00

   27  0  0
1.387794328401470e-01
1.379720070822934e-01
1.371642087517480e-01

   27  0  1
1.651384050561045e+00
1.649757763901728e+00
1.648125247926517e+00

   28  0  0
1.371641581566409e-01
1.363558492577711e-01
1.355471509528690e-01

   28  0  1
1.648125193261166e+00
1.646486448296649e+00
1.644841089274052e+00

   29  0  0
1.355472004447701e-01
1.347385517623146e-01
1.339299891019054e-01

   29  0  1
1.644841047463456e+00
1.643189142502531e+00
1.641530524702565e+00

   30  0  0
1.339300859844780e-01
1.331220461132142e-01
1.323144116097293e-01

   30  0  1
1.641530484613736e+00
1.639865176494929e+00
1.638192976574931e+00

   31  0  0
1.323144043929658e-01
1.315069016023404e-01
1.306994371600214e-01

   31  0  1
1.638192947097005e+00
1.636513812339438e+00
1.634827537874011e+00

   32  0  0
1.306993422565472e-01
1.298914434853071e-01
1.290831890295673e-01

   32  0  1
1.634827508558486e+00
1.633134052267863e+00
1.631433267703435e+00

   33  0  0
1.290831731432191e-01
1.282746774943148e-01
1.274660409416338e-01

   33  0  1
1.631433246555629e+00
1.629725092233561e+00
1.628009361516190e+00

   34  0  0
1.274661007299240e-01
1.266576563799756e-01
1.258493960423200e-01

   34  0  1
1.628009381323769e+00
1.626285978672095e+00
1.624554781943279e+00

   35  0  0
1.258494061612601e-01
1.250413108066142e-01
1.242333829647253e-01

   35  0  1
1.624554796306886e+00
1.622815666215272e+00
1.621068470630985e+00

   36  0  0
1.242333550748940e-01
1.234254940618991e-01
1.226177540002411e-01

   36  0  1
1.621068468579574e+00
1.619313050235764e+00
1.617549293158661e+00

   37  0  0
1.226177531508057e-01
1.218101768488866e-01
1.210028177222150e-01

   37  0  1
1.617549333014650e+00
1.615777115138398e+00
1.613996397436517e+00

   38  0  0
1.210028166721208e-01
1.201957351356142e-01
1.193889312505206e-01

   38  0  1
1.613996383992616e+00
1.612206821870854e+00
1.610408347776768e+00

   39  0  0
1.193889281601353e-01
1.185823343832159e-01
1.177759573653627e-01

   39  0  1
1.610408389696059e+00
1.608600877255820e+00
1.606784277949691e+00

   40  0  0
1.177759056295242e-01
1.169694596304256e-01
1.161629398003782e-01

   40  0  1
1.606784263575356e+00
1.604958207272804e+00
1.603122619567810e+00

   41  0  0
1.161628865930821e-01
1.153561246301391e-01
1.145492615428308e-01

   41  0  1
1.603122664496118e+00
1.601277409127150e+00
1.599422432917233e+00

   42  0  0
1.145492839820165e-01
1.137426541724527e-01
1.129362892333921e-01

   42  0  1
1.599422412691473e+00
1.597557322237812e+00
1.595682013992102e+00

   43  0  0
1.129363341405216e-01
1.121303440086436e-01
1.113246678843058e-01

   43  0  1
1.595682025518250e+00
1.593796394121514e+00
1.591900271796192e+00

   44  0  0
1.113246194833117e-01
1.105189962304696e-01
1.097134508424628e-01

   44  0  1
1.591900230377158e+00
1.589993359748666e+00
1.588075518028556e+00

   45  0  0
1.097134266177461e-01
1.089079295012780e-01
1.081025308542938e-01

   45  0  1
1.588075460535998e+00
1.586146621342876e+00
1.584206446623779e+00

   46  0  0
1.081025483118782e-01
1.072972933139478e-01
1.064921695575229e-01

   46  0  1
1.584206491179294e+00
1.582254833408323e+00
1.580291606729393e+00

   47  0  0
1.064921199178446e-01
1.056868604711896e-01
1.048815169161816e-01

   47  0  1
1.580291615481842e+00
1.578316420616076e+00
1.576329098143808e+00

   48  0  0
1.048814840065096e-01
1.040761939223754e-01
1.032711688666754e-01

   48  0  1
1.576329091127304e+00
1.574329380351730e+00
1.572317056069573e+00

   49  0  0
1.032712977613248e-01
1.024674300037193e-01
1.016647062900550e-01

   49  0  1
1.572316989797807e+00
1.570292003167530e+00
1.568253918424657e+00

   50  0  0
1.016647944463050e-01
1.008631895370170e-01
1.000623987882725e-01

   50  0  1
1.568253851243947e+00
1.566202623721818e+00
1.564137824839316e+00

   51  0  0
1.000622081071509e-01
9.926101704283638e-02
9.845949946262672e-02

   51  0  1
1.564137744196234e+00
1.562059329723098e+00
1.559966851029658e+00

   52  0  0
9.845938814157990e-02
9.765735757055330e-02
9.685504257406190e-02

   52  0  1
1.559966780541395e+00
1.557860194911846e+00
1.555739039002039e+00

   53  0  0
9.685512460513436e-02
9.605302899893350e-02
9.525109673353005e-02

   53  0  1
1.555738961456028e+00
1.553603158680660e+00
1.551452249690303e+00

   54  0  0
9.525113775746144e-02
9.444955791763522e-02
9.364835744078935e-02

   54  0  1
1.551452233901035e+00
1.549286107335123e+00
1.547104391405617e+00

   55  0  0
9.364837931590274e-02
9.284772973816853e-02
9.204760777680453e-02

   55  0  1
1.547104314754132e+00
1.544906751810974e+00
1.542692932414069e+00

   56  0  0
9.204760734567140e-02
9.124795288855073e-02
9.044876536785039e-02

   56  0  1
1.542692859553699e+00
1.540462650920790e+00
1.538215493779839e+00

   57  0  0
9.044874853707538e-02
8.965001802926600e-02
8.885177138253543e-02

   57  0  1
1.538215398816342e+00
1.535951187927702e+00
1.533669403157610e+00

   58  0  0
8.885177830210161e-02
8.805401311520132e-02
8.725670231461576e-02

   58  0  1
1.533669309619155e+00
1.531369881006172e+00
1.529052228742887e+00

   59  0  0
8.725668927892244e-02
8.645988081867316e-02
8.566366825684028e-02

   59  0  1
1.529052127345149e+00
1.526716186223422e+00
1.524361262208586e+00

   60  0  0
8.566372064265394e-02
8.486834725329832e-02
8.407374922052403e-02

   60  0  1
1.524361176940234e+00
1.521987248076005e+00
1.519593625649327e+00

   61  0  0
8.407370852582692e-02
8.327945817088862e-02
8.248554922734624e-02

   61  0  1
1.519593544729132e+00
1.517180118983148e+00
1.514746129597520e+00

   62  0  0
8.248547205820435e-02
8.169173784732699e-02
8.089833919538364e-02

   62  0  1
1.514745989120669e+00
1.512291422497320e+00
1.509815529228530e+00

   63  0  0
8.089840959873705e-02
8.010579547770244e-02
7.931391123220775e-02

   63  0  1
1.509815378320840e+00
1.507318078670572e+00
1.504798529887055e+00

   64  0  0
7.931394494727330e-02
7.852292926177495e-02
7.773277318405891e-02

   64  0  1
1.504798389333320e+00
1.502256566021464e+00
1.499691634170234e+00

   65  0  0
7.773280113769349e-02
7.694367269491373e-02
7.615554503690065e-02

   65  0  1
1.499691499289680e+00
1.497103387783070e+00
1.494491244301397e+00

   66  0  0
7.615553204424404e-02
7.536818213809969e-02
7.458154752773061e-02

   66  0  1
1.494491093412156e+00
1.491854816134102e+00
1.489193481993982e+00

   67  0  0
7.458147725031607e-02
7.379513708441879e-02
7.300909031335191e-02

   67  0  1
1.489193324858072e+00
1.486506866767727e+00
1.483794298611850e+00

   68  0  0
7.300899960131181e-02
7.222267423803956e-02
7.143609991809163e-02

   68  0  1
1.483794139161252e+00
1.481055378638734e+00
1.478289428380071e+00

   69  0  0
7.143605779366111e-02
7.064967967388039e-02
6.986390832845589e-02

   69  0  1
1.478289250924094e+00
1.475495998867683e+00
1.472674361501154e+00

   70  0  0
6.986423035076955e-02
6.908095432056489e-02
6.829992266973640e-02

   70  0  1
1.472674175564265e+00
1.469824080394512e+00
1.466944367080623e+00

   71  0  0
6.829997169849249e-02
6.752035450629452e-02
6.674167155551926e-02

   71  0  1
1.466944189026298e+00
1.464034734901128e+00
1.461094413074090e+00

   72  0  0
6.674131364225644e-02
6.596207339584456e-02
6.518280757304946e-02

   72  0  1
1.461094178049027e+00
1.458122956765243e+00
1.455119403325199e+00

   73  0  0
6.518290923348032e-02
6.440469258147699e-02
6.362757656066124e-02

   73  0  1
1.455119225750439e+00
1.452083212065605e+00
1.449013497502750e+00

   74  0  0
6.362769328545054e-02
6.285194346111128e-02
6.207739050064445e-02

   74  0  1
1.449013277129414e+00
1.445909746564526e+00
1.442770976402840e+00

   75  0  0
6.207735896130766e-02
6.130394202407353e-02
6.053171888552234e-02

   75  0  1
1.442770702348860e+00
1.439596613160803e+00
1.436385663719744e+00

   76  0  0
6.053172241161842e-02
5.976054701074456e-02
5.899031366099009e-02

   76  0  1
1.436385341509572e+00
1.433137491062488e+00
1.429850987965604e+00

   77  0  0
5.899026510289431e-02
5.822100015887455e-02
5.745289730643794e-02

   77  0  1
1.429850704475607e+00
1.426525528247265e+00
1.423160014737388e+00

   78  0  0
5.745301125593371e-02
5.668652144014454e-02
5.592147504342398e-02

   78  0  1
1.423159820461369e+00
1.419753886547479e+00
1.416305764407937e+00

   79  0  0
5.592135719467023e-02
5.515700494760371e-02
5.439351790727713e-02

   79  0  1
1.416305651959615e+00
1.412814525155579e+00
1.409279056660149e+00

   80  0  0
5.439350158469511e-02
5.363145959386000e-02
5.287113717281959e-02

   80  0  1
1.409278739144629e+00
1.405698754014558e+00
1.402072186875069e+00

   81  0  0
5.287128810515927e-02
5.211290046922364e-02
5.135602989676818e-02

   81  0  1
1.402071788106663e+00
1.398398555142452e+00
1.394676412479469e+00

   82  0  0
5.135585610027788e-02
5.059984711331317e-02
4.984504675931496e-02

   82  0  1
1.394675946707514e+00
1.390904847888665e+00
1.387082245579767e+00

   83  0  0
4.984519536544205e-02
4.909256505012175e-02
4.834191211614491e-02

   83  0  1
1.387081809151740e+00
1.383207720225649e+00
1.379279560688561e+00

   84  0  0
4.834186742656436e-02
4.759243155367086e-02
4.684414951255087e-02

   84  0  1
1.379279104588291e+00
1.375296814413265e+00
1.371257622191295e+00

   85  0  0
4.684409130729801e-02
4.609737481673631e-02
4.535252196260385e-02

   85  0  1
1.371257190403744e+00
1.367160924493124e+00
1.363004913774429e+00

   86  0  0
4.535264618012076e-02
4.460943397364645e-02
4.386738256198833e-02

   86  0  1
1.363004501764113e+00
1.358788612372133e+00
1.354509641486650e+00

   87  0  0
4.386705399519143e-02
4.312523221936809e-02
4.238456906456105e-02

   87  0  1
1.354509453638806e+00
1.350166292860623e+00
1.345756577779587e+00

   88  0  0
4.238493953926867e-02
4.164806669842694e-02
4.091475676530880e-02

   88  0  1
1.345755973570241e+00
1.341279592771002e+00
1.336732615558098e+00

   89  0  0
4.091478430692239e-02
4.018340900595914e-02
3.945336487016102e-02

   89  0  1
1.336732054639173e+00
1.332114178031695e+00
1.327421795303473e+00

   90  0  0
3.945294260899627e-02
3.872368091077744e-02
3.799637864522566e-02

   90  0  1
1.327421147212365e+00
1.322653987387418e+00
1.317807962458056e+00

   91  0  0
3.799688053263044e-02
3.727367837881315e-02
3.655365437476694e-02

   91  0  1
1.317807145562228e+00
1.312882293046272e+00
1.307873777771256e+00

   92  0  0
3.655334822689355e-02
3.583424706971956e-02
3.511646545734277e-02

   92  0  1
1.307873240052576e+00
1.302780232443440e+00
1.297598343921299e+00

   93  0  0
3.511645656347730e-02
3.440131789994724e-02
3.368915880793547e-02

   93  0  1
1.297597462258133e+00
1.292326414667867e+00
1.286960907377008e+00

   94  0  0
3.368931067085666e-02
3.297945515831142e-02
3.227123075532493e-02

   94  0  1
1.286959808007854e+00
1.281499705740066e+00
1.275938514246040e+00

   95  0  0
3.227092040481018e-02
3.156431013624489e-02
3.086045221271152e-02

   95  0  1
1.275937385553451e+00
1.270275432944915e+00
1.264506192174305e+00

   96  0  0
3.086106157014782e-02
3.016234852385665e-02
2.946764406111447e-02

   96  0  1
1.264505202721071e+00
1.258628131196129e+00
1.252635905275531e+00

   97  0  0
2.946711059950539e-02
2.877283102155887e-02
2.807962924730755e-02

   97  0  1
1.252634937188553e+00
1.246526490936287e+00
1.240295052433088e+00

   98  0  0
2.807970083585866e-02
2.739059120983846e-02
2.670637457171570e-02

   98  0  1
1.240293589651503e+00
1.233938892961096e+00
1.227452035041824e+00

   99  0  0
2.670691914477006e-02
2.602763039965126e-02
2.535160057258752e-02

   99  0  1
1.227450390201648e+00
1.220831405485264e+00
1.214070042101912e+00

  100  0  0
2.535077687538584e-02
2.467500002036995e-02
2.400114392946730e-02

  100  0  1
1.214068470164979e+00
1.207164034667459e+00
1.200106542730111e+00

  101  0  0
2.400166174358384e-02
2.333284772727873e-02
2.266820890969726e-02

  101  0  1
1.200104356698541e+00
1.192893974461642e+00
1.185518455381377e+00

  102  0  0
2.266796065649230e-02
2.200519628515332e-02
2.134473513638478e-02

  102  0  1
1.185516598455899e+00
1.177973584670957e+00
1.170250246193229e+00

  103  0  0
2.134489004280573e-02
2.069018495356438e-02
2.004190776635285e-02

  103  0  1
1.170247574584193e+00
1.162343617872201e+00
1.154243293747983e+00

  104  0  0
2.004237088566335e-02
1.939932644290416e-02
1.875952610969340e-02

  104  0  1
1.154240601605233e+00
1.145942941577755e+00
1.137431166850544e+00

  105  0  0
1.875837449503724e-02
1.811824577619509e-02
1.748041202838566e-02

  105  0  1
1.137427618933183e+00
1.128701458680909e+00
1.119740269657471e+00

  106  0  0
1.748153100691841e-02
1.685319718900373e-02
1.623318881861949e-02

  106  0  1
1.119735989607747e+00
1.110540249610380e+00
1.101085266664677e+00

  107  0  0
1.623308945436285e-02
1.561660670761930e-02
1.500249642180133e-02

  107  0  1
1.101080495543164e+00
1.091366170921179e+00
1.081364991739715e+00

  108  0  0
1.500173931023896e-02
1.439147313455960e-02
1.378808844352115e-02

  108  0  1
1.081358914723908e+00
1.071071946917851e+00
1.060465857675424e+00

  109  0  0
1.378976222534282e-02
1.319795040620456e-02
1.261342236361499e-02

  109  0  1
1.060458707815836e+00
1.049533605870401e+00
1.038248847173673e+00

  110  0  0
1.261142253395019e-02
1.202259210763489e-02
1.143225154837793e-02

  110  0  1
1.038240785440234e+00
1.026597380351123e+00
1.014548806241713e+00

  111  0  0
1.143306083017782e-02
1.085350251060535e-02
1.028637687700117e-02

  111  0  1
1.014538724830031e+00
1.002086334230035e+00
9.891722754667720e-01

  112  0  0
1.028802613725251e-02
9.732561080306377e-03
9.183515572619816e-03

  112  0  1
9.891607625738993e-01
9.757839385460159e-01
9.618763072243636e-01

  113  0  0
9.181039364056180e-03
8.631628289365638e-03
8.087949630458150e-03

  113  0  1
9.618611529996481e-01
9.474230767239721e-01
9.323664487181640e-01

  114  0  0
8.090428984058517e-03
7.565014346511925e-03
7.053846309894877e-03

  114  0  1
9.323457902390758e-01
9.166772268621181e-01
9.002738453147319e-01

  115  0  0
7.052285991533925e-03
6.540301231107577e-03
6.028308726680816e-03

  115  0  1
9.002557419597318e-01
8.831015584155713e-01
8.650660814198670e-01

  116  0  0
6.027164198320483e-03
5.522674155355698e-03
5.032293701525202e-03

  116  0  1
8.650281672908563e-01
8.461156417765606e-01
8.261093250364193e-01

  117  0  0
5.035816891800936e-03
4.567860021059914e-03
4.113682296635925e-03

  117  0  1
8.260532980804995e-01
8.049688129157747e-01
7.825056072411987e-01

  118  0  0
4.110373938938326e-03
3.656004541396853e-03
3.208629701951126e-03

  118  0  1
7.824228804430129e-01
7.585741001364353e-01
7.328656184667262e-01

  119  0  0
3.210914453467511e-03
2.788723590745590e-03
2.389280147439145e-03

  119  0  1
7.327176367146044e-01
7.051946347184865e-01
6.750941523672302e-01

  120  0  0
2.389476716574524e-03
2.003664161779687e-03
1.629131002878434e-03

  120  0  1
6.747982274956140e-01
6.421898317833433e-01
6.054662240634954e-01

  121  0  0
1.627012859753381e-03
1.268464991966952e-03
9.357626957804644e-04

  121  0  1
6.043869468180185e-01
5.644785593764143e-01
5.166272187798324e-01

  122  0  0
9.409200893122864e-04
6.516863133951941e-04
3.967015181141664e-04

  122  0  1
5.131237784737810e-01
4.577115232325477e-01
3.896204929451783e-01

  123  0  0
3.964227725168575e-04
1.752882729008150e-04
6.411520849124981e-06

  123  0  1
4.187368656386669e-01
2.855934500106150e-01
5.984244766145851e-02

  124  0  0
1.359337431981640e-05
5.238102188008817e-06
4.807745274154729e-06

  124  0  1
1.746100418117400e-02
5.051715089986894e-04
-3.510999777412697e-04

  125  0  0
4.950707793338037e-06
4.999881473781131e-06
4.999902963155468e-06

  125  0  1
-4.653084641729484e-05
3.617728858985884e-06
6.120250735623916e-06

  126  0  0
5.000147878492757e-06
5.000000370761182e-06
5.000000261626275e-06

  126  0  1
5.162936124477602e-06
5.004359641122969e-06
4.996466102539629e-06

  127  0  0
4.999999563714774e-06
4.999999998952888e-06
4.999999999252285e-06

  127  0  1
4.999487279278491e-06
4.999986317945613e-06
5.000011096542459e-06

  128  0  0
5.000000001238818e-06
5.000000000000987e-06
5.000000000000254e-06

  128  0  1
5.000001606128573e-06
5.000000042754951e-06
4.999999965306406e-06

  129  0  0
4.999999999994955e-06
4.999999999998251e-06
4.999999999998259e-06

  129  0  1
4.999999994986841e-06
4.999999999865065e-06
5.000000000106350e-06

  130  0  0
4.999999999998258e-06
4.999999999998252e-06
4.999999999998259e-06

  130  0  1
5.000000000013848e-06
4.999999999998670e-06
4.999999999997918e-06

  131  0  0
4.999999999998256e-06
4.999999999998256e-06
4.999999999998259e-06

  131  0  1
4.999999999998214e-06
4.999999999998252e-06
4.999999999998255e-06

  132  0  0
4.999999999998256e-06
4.999999999998256e-06
4.999999999998254e-06

  132  0  1
4.999999999998261e-06
4.999999999998256e-06
4.999999999998257e-06

  133  0  0
4.999999999998255e-06
4.999999999998256e-06
4.999999999998259e-06

  133  0  1
4.999999999998256e-06
4.999999999998256e-06
4.999999999998254e-06

  134  0  0
4.999999999998256e-06
4.999999999998256e-06
4.999999999998254e-06

  134  0  1
4.999999999998261e-06
4.999999999998256e-06
4.999999999998257e-06

  135  0  0
4.999999999998255e-06
4.999999999998256e-06
4.999999999998259e-06

  135  0  1
4.999999999998256e-06
4.999999999998256e-06
4.999999999998254e-06

  136  0  0
4.999999999998256e-06
4.999999999998256e-06
4.999999999998254e-06

  136  0  1
4.999999999998261e-06
4.999999999998256e-06
4.999999999998257e-06

  137  0  0
4.999999999998255e-06
4.999999999998256e-06
4.999999999998259e-06

  137  0  1
4.999999999998256e-06
4.999999999998256e-06
4.999999999998254e-06

  138  0  0
4.999999999998256e-06
4.999999999998256e-06
4.999999999998254e-06

  138  0  1
4.999999999998261e-06
4.999999999998256e-06
4.999999999998257e-06

  139  0  0
4.999999999998255e-06
4.999999999998256e-06
4.999999999998259e-06

  139  0  1
4.999999999998256e-06
4.999999999998256e-06
4.999999999998254e-06

  140  0  0
4.999999999998256e-06
4.999999999998256e-06
4.999999999998254e-06

  140  0  1
4.999999999998261e-06
4.999999999998256e-06
4.999999999998257e-06

  141  0  0
4.999999999998255e-06
4.999999999998256e-06
4.999999999998259e-06

  141  0  1
4.999999999998256e-06
4.999999999998256e-06
4.999999999998254e-06

  142  0  0
4.999999999998256e-06
4.999999999998256e-06
4.999999999998254e-06

  142  0  1
4.999999999998261e-06
4.999999999998256e-06
4.999999999998257e-06

  143  0  0
4.999999999998255e-06
4.999999999998256e-06
4.999999999998259e-06

  143  0  1
4.999999999998256e-06
4.999999999998256e-06
4.999999999998254e-06

  144  0  0
4.999999999998256e-06
4.999999999998256e-06
4.999999999998254e-06

  144  0  1
4.999999999998261e-06
4.999999999998256e-06
4.999999999998257e-06

  145  0  0
4.999999999998255e-06
4.999999999998256e-06
4.999999999998259e-06

  145  0  1
4.999999999998256e-06
4.999999999998256e-06
4.999999999998254e-06

  146  0  0
4.999999999998256e-06
4.999999999998256e-06
4.999999999998254e-06

  146  0  1
4.999999999998261e-06
4.999999999998256e-06
4.999999999998257e-06

  147  0  0
4.999999999998255e-06
4.999999999998256e-06
4.999999999998259e-06

  147  0  1
4.999999999998256e-06
4.999999999998256e-06
4.999999999998254e-06

  148  0  0
4.999999999998256e-06
4.999999999998256e-06
4.999999999998254e-06

  148  0  1
4.999999999998261e-06
4.999999999998256e-06
4.999999999998257e-06

  149  0  0
4.999999999998255e-06
4.999999999998256e-06
4.999999999998259e-06

  149  0  1
4.999999999998256e-06
4.999999999998256e-06
4.999999999998254e-06

  150  0  0
4.999999999998256e-06
4.999999999998256e-06
4.999999999998254e-06

  150  0  1
4.999999999998261e-06
4.999999999998256e-06
4.999999999998257e-06

  151  0  0
4.999999999998255e-06
4.999999999998256e-06
4.999999999998259e-06

  151  0  1
4.999999999998256e-06
4.999999999998256e-06
4.999999999998254e-06

  152  0  0
4.999999999998256e-06
4.999999999998256e-06
4.999999999998254e-06

  152  0  1
4.999999999998261e-06
4.999999999998256e-06
4.999999999998257e-06

  153  0  0
4.999999999998255e-06
4.999999999998256e-06
4.999999999998259e-06

  153  0  1
4.999999999998256e-06
4.999999999998256e-06
4.999999999998254e-06

  154  0  0
4.999999999998256e-06
4.999999999998256e-06
4.999999999998254e-06

  154  0  1
4.999999999998261e-06
4.999999999998256e-06
4.999999999998257e-06

  155  0  0
4.999999999998255e-06
4.999999999998256e-06
4.999999999998259e-06

  155  0  1
4.999999999998256e-06
4.999999999998256e-06
4.999999999998254e-06

  156  0  0
4.999999999998256e-06
4.999999999998256e-06
4.999999999998254e-06

  156  0  1
4.999999999998261e-06
4.999999999998256e-06
4.999999999998257e-06

  157  0  0
4.999999999998255e-06
4.999999999998256e-06
4.999999999998259e-06

  157  0  1
4.999999999998256e-06
4.999999999998256e-06
4.999999999998254e-06

  158  0  0
4.999999999998256e-06
4.999999999998256e-06
4.999999999998254e-06

  158  0  1
4.999999999998261e-06
4.999999999998256e-06
4.999999999998257e-06

  159  0  0
4.999999999998255e-06
4.999999999998256e-06
4.999999999998259e-06

  159  0  1
4.999999999998256e-06
4.999999999998256e-06
4.999999999998254e-06

  160  0  0
4.999999999998256e-06
4.999999999998256e-06
4.999999999998254e-06

  160  0  1
4.999999999998261e-06
4.999999999998256e-06
4.999999999998257e-06

  161  0  0
4.999999999998255e-06
4.999999999998256e-06
4.999999999998259e-06

  161  0  1
4.999999999998256e-06
4.999999999998256e-06
4.999999999998254e-06

  162  0  0
4.999999999998256e-06
4.999999999998256e-06
4.999999999998254e-06

  162  0  1
4.999999999998261e-06
4.999999999998256e-06
4.999999999998257e-06

  163  0  0
4.999999999998255e-06
4.999999999998256e-06
4.999999999998259e-06

  163  0  1
4.999999999998256e-06
4.999999999998256e-06
4.999999999998254e-06

  164  0  0
4.999999999998256e-06
4.999999999998256e-06
4.999999999998254e-06

  164  0  1
4.999999999998261e-06
4.999999999998256e-06
4.999999999998257e-06

  165  0  0
4.999999999998255e-06
4.999999999998256e-06
4.999999999998259e-06

  165  0  1
4.999999999998256e-06
4.999999999998256e-06
4.999999999998254e-06

  166  0  0
4.999999999998256e-06
4.999999999998256e-06
4.999999999998254e-06

  166  0  1
4.999999999998261e-06
4.999999999998256e-06
4.999999999998257e-06

  167  0  0
4.999999999998255e-06
4.999999999998256e-06
4.999999999998259e-06

  167  0  1
4.999999999998256e-06
4.999999999998256e-06
4.999999999998254e-06

  168  0  0
4.999999999998256e-06
4.999999999998256e-06
4.999999999998254e-06

  168  0  1
4.999999999998261e-06
4.999999999998256e-06
4.999999999998257e-06

  169  0  0
4.999999999998255e-06
4.999999999998256e-06
4.999999999998259e-06

  169  0  1
4.999999999998256e-06
4.999999999998256e-06
4.999999999998254e-06

  170  0  0
4.999999999998256e-06
4.999999999998256e-06
4.999999999998254e-06

  170  0  1
4.999999999998261e-06
4.999999999998256e-06
4.999999999998257e-06

  171  0  0
4.999999999998255e-06
4.999999999998256e-06
4.999999999998259e-06

  171  0  1
4.999999999998256e-06
4.999999999998256e-06
4.999999999998254e-06

  172  0  0
4.999999999998256e-06
4.999999999998256e-06
4.999999999998254e-06

  172  0  1
4.999999999998261e-06
4.999999999998256e-06
4.999999999998257e-06

  173  0  0
4.999999999998255e-06
4.999999999998256e-06
4.999999999998259e-06

  173  0  1
4.999999999998256e-06
4.999999999998256e-06
4.999999999998254e-06

  174  0  0
4.999999999998256e-06
4.999999999998256e-06
4.999999999998254e-06

  174  0  1
4.999999999998261e-06
4.999999999998256e-06
4.999999999998257e-06

  175  0  0
4.999999999998255e-06
4.999999999998256e-06
4.999999999998259e-06

  175  0  1
4.999999999998256e-06
4.999999999998256e-06
4.999999999998254e-06

  176  0  0
4.999999999998256e-06
4.999999999998256e-06
4.999999999998254e-06

  176  0  1
4.999999999998261e-06
4.999999999998256e-06
4.999999999998257e-06

  177  0  0
4.999999999998255e-06
4.999999999998256e-06
4.999999999998259e-06

  177  0  1
4.999999999998256e-06
4.999999999998256e-06
4.999999999998254e-06

  178  0  0
4.999999999998256e-06
4.999999999998256e-06
4.999999999998254e-06

  178  0  1
4.999999999998261e-06
4.999999999998256e-06
4.999999999998257e-06

  179  0  0
4.999999999998255e-06
4.999999999998256e-06
4.999999999998259e-06

  179  0  1
4.999999999998256e-06
4.999999999998256e-06
4.999999999998254e-06

  180  0  0
4.999999999998256e-06
4.999999999998256e-06
4.999999999998254e-06

  180  0  1
4.999999999998261e-06
4.999999999998256e-06
4.999999999998257e-06

  181  0  0
4.999999999998255e-06
4.999999999998256e-06
4.999999999998259e-06

  181  0  1
4.999999999998256e-06
4.999999999998256e-06
4.999999999998254e-06

  182  0  0
4.999999999998256e-06
4.999999999998256e-06
4.999999999998254e-06

  182  0  1
4.999999999998261e-06
4.999999999998256e-06
4.999999999998257e-06

  183  0  0
4.999999999998255e-06
4.999999999998256e-06
4.999999999998259e-06

  183  0  1
4.999999999998256e-06
4.999999999998256e-06
4.999999999998254e-06

  184  0  0
4.999999999998256e-06
4.999999999998256e-06
4.999999999998254e-06

  184  0  1
4.999999999998261e-06
4.999999999998256e-06
4.999999999998257e-06

  185  0  0
4.999999999998255e-06
4.999999999998256e-06
4.999999999998259e-06

  185  0  1
4.999999999998256e-06
4.999999999998256e-06
4.999999999998254e-06

  186  0  0
4.999999999998256e-06
4.999999999998256e-06
4.999999999998254e-06

  186  0  1
4.999999999998261e-06
4.999999999998256e-06
4.999999999998257e-06

  187  0  0
4.999999999998255e-06
4.999999999998256e-06
4.999999999998259e-06

  187  0  1
4.999999999998256e-06
4.999999999998256e-06
4.999999999998254e-06

  188  0  0
4.999999999998256e-06
4.999999999998256e-06
4.999999999998254e-06

  188  0  1
4.999999999998261e-06
4.999999999998256e-06
4.999999999998257e-06

  189  0  0
4.999999999998255e-06
4.999999999998256e-06
4.999999999998259e-06

  189  0  1
4.999999999998256e-06
4.999999999998256e-06
4.999999999998254e-06

  190  0  0
4.999999999998256e-06
4.999999999998256e-06
4.999999999998254e-06

  190  0  1
4.999999999998261e-06
4.999999999998256e-06
4.999999999998257e-06

  191  0  0
4.999999999998255e-06
4.999999999998256e-06
4.999999999998259e-06

  191  0  1
4.999999999998256e-06
4.999999999998256e-06
4.999999999998254e-06

  192  0  0
4.999999999998256e-06
4.999999999998256e-06
4.999999999998254e-06

  192  0  1
4.999999999998261e-06
4.999999999998256e-06
4.999999999998257e-06

  193  0  0
4.999999999998255e-06
4.999999999998256e-06
4.999999999998259e-06

  193  0  1
4.999999999998256e-06
4.999999999998256e-06
4.999999999998254e-06

  194  0  0
4.999999999998256e-06
4.999999999998256e-06
4.999999999998254e-06

  194  0  1
4.999999999998261e-06
4.999999999998256e-06
4.999999999998257e-06

  195  0  0
4.999999999998255e-06
4.999999999998256e-06
4.999999999998259e-06

  195  0  1
4.999999999998256e-06
4.999999999998256e-06
4.999999999998254e-06

  196  0  0
4.999999999998256e-06
4.999999999998256e-06
4.999999999998254e-06

  196  0  1
4.999999999998261e-06
4.999999999998256e-06
4.999999999998257e-06

  197  0  0
4.999999999998255e-06
4.999999999998256e-06
4.999999999998259e-06

  197  0  1
4.999999999998256e-06
4.999999999998256e-06
4.999999999998254e-06

  198  0  0
4.999999999998256e-06
4.999999999998256e-06
4.999999999998254e-06

  198  0  1
4.999999999998261e-06
4.999999999998256e-06
4.999999999998257e-06

  199  0  0
4.999999999998255e-06
4.999999999998256e-06
4.999999999998259e-06

  199  0  1
4.999999999998256e-06
4.999999999998256e-06
4.999999999998254e-06

  200  0  0
4.999999999998256e-06
4.999999999998256e-06
4.999999999998254e-06

  200  0  1
4.999999999998261e-06
4.999999999998256e-06
4.999999999998257e-06

  201  0  0
4.999999999998255e-06
4.999999999998256e-06
4.999999999998259e-06

  201  0  1
4.999999999998256e-06
4.999999999998256e-06
4.999999999998254e-06

  202  0  0
4.999999999998256e-06
4.999999999998256e-06
4.999999999998254e-06

  202  0  1
4.999999999998261e-06
4.999999999998256e-06
4.999999999998257e-06

  203  0  0
4.999999999998255e-06
4.999999999998256e-06
4.999999999998259e-06

  203  0  1
4.999999999998256e-06
4.999999999998256e-06
4.999999999998254e-06

  204  0  0
4.999999999998256e-06
4.999999999998256e-06
4.999999999998254e-06

  204  0  1
4.999999999998261e-06
4.999999999998256e-06
4.999999999998257e-06

  205  0  0
4.999999999998255e-06
4.999999999998256e-06
4.999999999998259e-06

  205  0  1
4.999999999998256e-06
4.999999999998256e-06
4.999999999998254e-06

  206  0  0
4.999999999998256e-06
4.999999999998256e-06
4.999999999998254e-06

  206  0  1
4.999999999998261e-06
4.999999999998256e-06
4.999999999998257e-06

  207  0  0
4.999999999998255e-06
4.999999999998256e-06
4.999999999998259e-06

  207  0  1
4.999999999998256e-06
4.999999999998256e-06
4.999999999998254e-06

  208  0  0
4.999999999998256e-06
4.999999999998256e-06
4.999999999998254e-06

  208  0  1
4.999999999998261e-06
4.999999999998256e-06
4.999999999998257e-06

  209  0  0
4.999999999998255e-06
4.999999999998256e-06
4.999999999998259e-06

  209  0  1
4.999999999998256e-06
4.999999999998256e-06
4.999999999998254e-06

  210  0  0
4.999999999998256e-06
4.999999999998256e-06
4.999999999998254e-06

  210  0  1
4.999999999998261e-06
4.999999999998256e-06
4.999999999998257e-06

  211  0  0
4.999999999998255e-06
4.999999999998256e-06
4.999999999998259e-06

  211  0  1
4.999999999998256e-06
4.999999999998256e-06
4.999999999998254e-06

  212  0  0
4.999999999998256e-06
4.999999999998256e-06
4.999999999998254e-06

  212  0  1
4.999999999998261e-06
4.999999999998256e-06
4.999999999998257e-06

  213  0  0
4.999999999998255e-06
4.999999999998256e-06
4.999999999998259e-06

  213  0  1
4.999999999998256e-06
4.999999999998256e-06
4.999999999998254e-06

  214  0  0
4.999999999998256e-06
4.999999999998256e-06
4.999999999998254e-06

  214  0  1
4.999999999998261e-06
4.999999999998256e-06
4.999999999998257e-06

  215  0  0
4.999999999998255e-06
4.999999999998256e-06
4.999999999998259e-06

  215  0  1
4.999999999998256e-06
4.999999999998256e-06
4.999999999998254e-06

  216  0  0
4.999999999998256e-06
4.999999999998256e-06
4.999999999998254e-06

  216  0  1
4.999999999998261e-06
4.999999999998256e-06
4.999999999998257e-06

  217  0  0
4.999999999998255e-06
4.999999999998256e-06
4.999999999998259e-06

  217  0  1
4.999999999998256e-06
4.999999999998256e-06
4.999999999998254e-06

  218  0  0
4.999999999998256e-06
4.999999999998256e-06
4.999999999998254e-06

  218  0  1
4.999999999998261e-06
4.999999999998256e-06
4.999999999998257e-06

  219  0  0
4.999999999998255e-06
4.999999999998256e-06
4.999999999998259e-06

  219  0  1
4.999999999998256e-06
4.999999999998256e-06
4.999999999998254e-06

  220  0  0
4.999999999998256e-06
4.999999999998256e-06
4.999999999998254e-06

  220  0  1
4.999999999998261e-06
4.999999999998256e-06
4.999999999998257e-06

  221  0  0
4.999999999998255e-06
4.999999999998256e-06
4.999999999998259e-06

  221  0  1
4.999999999998256e-06
4.999999999998256e-06
4.999999999998254e-06

  222  0  0
4.999999999998256e-06
4.999999999998256e-06
4.999999999998254e-06

  222  0  1
4.999999999998261e-06
4.999999999998256e-06
4.999999999998257e-06

  223  0  0
4.999999999998255e-06
4.999999999998256e-06
4.999999999998259e-06

  223  0  1
4.999999999998256e-06
4.999999999998256e-06
4.999999999998254e-06

  224  0  0
4.999999999998256e-06
4.999999999998256e-06
4.999999999998254e-06

  224  0  1
4.999999999998261e-06
4.999999999998256e-06
4.999999999998257e-06

  225  0  0
4.999999999998255e-06
4.999999999998256e-06
4.999999999998259e-06

  225  0  1
4.999999999998256e-06
4.999999999998256e-06
4.999999999998254e-06

  226  0  0
4.999999999998256e-06
4.999999999998256e-06
4.999999999998254e-06

  226  0  1
4.999999999998261e-06
4.999999999998256e-06
4.999999999998257e-06

  227  0  0
4.999999999998255e-06
4.999999999998256e-06
4.999999999998259e-06

  227  0  1
4.999999999998256e-06
4.999999999998256e-06
4.999999999998254e-06

  228  0  0
4.999999999998256e-06
4.999999999998256e-06
4.999999999998254e-06

  228  0  1
4.999999999998261e-06
4.999999999998256e-06
4.999999999998257e-06

  229  0  0
4.999999999998255e-06
4.999999999998256e-06
4.999999999998259e-06

  229  0  1
4.999999999998256e-06
4.999999999998256e-06
4.999999999998254e-06

  230  0  0
4.999999999998256e-06
4.999999999998256e-06
4.999999999998254e-06

  230  0  1
4.999999999998261e-06
4.999999999998256e-06
4.999999999998257e-06

  231  0  0
4.999999999998255e-06
4.999999999998256e-06
4.999999999998259e-06

  231  0  1
4.999999999998256e-06
4.999999999998256e-06
4.999999999998254e-06

  232  0  0
4.999999999998256e-06
4.999999999998256e-06
4.999999999998254e-06

  232  0  1
4.999999999998261e-06
4.999999999998256e-06
4.999999999998257e-06

  233  0  0
4.999999999998255e-06
4.999999999998256e-06
4.999999999998259e-06

  233  0  1
4.999999999998256e-06
4.999999999998256e-06
4.999999999998254e-06

  234  0  0
4.999999999998256e-06
4.999999999998256e-06
4.999999999998254e-06

  234  0  1
4.999999999998261e-06
4.999999999998256e-06
4.999999999998257e-06

  235  0  0
4.999999999998255e-06
4.999999999998256e-06
4.999999999998259e-06

  235  0  1
4.999999999998256e-06
4.999999999998256e-06
4.999999999998254e-06

  236  0  0
4.999999999998256e-06
4.999999999998256e-06
4.999999999998254e-06

  236  0  1
4.999999999998261e-06
4.999999999998256e-06
4.999999999998257e-06

  237  0  0
4.999999999998255e-06
4.999999999998256e-06
4.999999999998259e-06

  237  0  1
4.999999999998256e-06
4.999999999998256e-06
4.999999999998254e-06

  238  0  0
4.999999999998256e-06
4.999999999998256e-06
4.999999999998254e-06

  238  0  1
4.999999999998261e-06
4.999999999998256e-06
4.999999999998257e-06

  239  0  0
4.999999999998255e-06
4.999999999998256e-06
4.999999999998259e-06

  239  0  1
4.999999999998256e-06
4.999999999998256e-06
4.999999999998254e-06

  240  0  0
4.999999999998256e-06
4.999999999998256e-06
4.999999999998254e-06

  240  0  1
4.999999999998261e-06
4.999999999998256e-06
4.999999999998257e-06

  241  0  0
4.999999999998255e-06
4.999999999998256e-06
4.999999999998259e-06

  241  0  1
4.999999999998256e-06
4.999999999998256e-06
4.999999999998254e-06

  242  0  0
4.999999999998256e-06
4.999999999998256e-06
4.999999999998254e-06

  242  0  1
4.999999999998261e-06
4.999999999998256e-06
4.999999999998257e-06

  243  0  0
4.999999999998255e-06
4.999999999998256e-06
4.999999999998259e-06

  243  0  1
4.999999999998256e-06
4.999999999998256e-06
4.999999999998254e-06

  244  0  0
4.999999999998256e-06
4.999999999998256e-06
4.999999999998254e-06

  244  0  1
4.999999999998261e-06
4.999999999998256e-06
4.999999999998257e-06

  245  0  0
4.999999999998255e-06
4.999999999998256e-06
4.999999999998259e-06

  245  0  1
4.999999999998256e-06
4.999999999998256e-06
4.999999999998254e-06

  246  0  0
4.999999999998256e-06
4.999999999998256e-06
4.999999999998254e-06

  246  0  1
4.999999999998261e-06
4.999999999998256e-06
4.999999999998257e-06

  247  0  0
4.999999999998255e-06
4.999999999998256e-06
4.999999999998259e-06

  247  0  1
4.999999999998256e-06
4.999999999998256e-06
4.999999999998254e-06

  248  0  0
4.999999999998256e-06
4.999999999998256e-06
4.999999999998254e-06

  248  0  1
4.999999999998261e-06
4.999999999998256e-06
4.999999999998257e-06

  249  0  0
4.999999999998255e-06
4.999999999998256e-06
4.999999999998259e-06

  249  0  1
4.999999999998256e-06
4.999999999998256e-06
4.999999999998254e-06

  250  0  0
4.999999999998256e-06
4.999999999998256e-06
4.999999999998254e-06

  250  0  1
4.999999999998261e-06
4.999999999998256e-06
4.999999999998257e-06

  251  0  0
4.999999999998255e-06
4.999999999998256e-06
4.999999999998259e-06

  251  0  1
4.999999999998256e-06
4.999999999998256e-06
4.999999999998254e-06

  252  0  0
4.999999999998256e-06
4.999999999998256e-06
4.999999999998254e-06

  252  0  1
4.999999999998261e-06
4.999999999998256e-06
4.999999999998257e-06

  253  0  0
4.999999999998255e-06
4.999999999998256e-06
4.999999999998259e-06

  253  0  1
4.999999999998256e-06
4.999999999998256e-06
4.999999999998254e-06

  254  0  0
4.999999999998256e-06
4.999999999998256e-06
4.999999999998254e-06

  254  0  1
4.999999999998261e-06
4.999999999998256e-06
4.999999999998257e-06

  255  0  0
4.999999999998255e-06
4.999999999998256e-06
4.999999999998259e-06

  255  0  1
4.999999999998256e-06
4.999999999998256e-06
4.999999999998254e-06

  256  0  0
4.999999999998256e-06
4.999999999998256e-06
4.999999999998254e-06

  256  0  1
4.999999999998261e-06
4.999999999998256e-06
4.999999999998257e-06

  257  0  0
4.999999999998255e-06
4.999999999998256e-06
4.999999999998259e-06

  257  0  1
4.999999999998256e-06
4.999999999998256e-06
4.999999999998254e-06

  258  0  0
4.999999999998256e-06
4.999999999998256e-06
4.999999999998254e-06

  258  0  1
4.999999999998261e-06
4.999999999998256e-06
4.999999999998257e-06

  259  0  0
4.999999999998255e-06
4.999999999998256e-06
4.999999999998259e-06

  259  0  1
4.999999999998256e-06
4.999999999998256e-06
4.999999999998254e-06

  260  0  0
4.999999999998256e-06
4.999999999998256e-06
4.999999999998254e-06

  260  0  1
4.999999999998261e-06
4.999999999998256e-06
4.999999999998257e-06

  261  0  0
4.999999999998255e-06
4.999999999998256e-06
4.999999999998259e-06

  261  0  1
4.999999999998256e-06
4.999999999998256e-06
4.999999999998254e-06

  262  0  0
4.999999999998256e-06
4.999999999998256e-06
4.999999999998254e-06

  262  0  1
4.999999999998261e-06
4.999999999998256e-06
4.999999999998257e-06

  263  0  0
4.999999999998255e-06
4.999999999998256e-06
4.999999999998259e-06

  263  0  1
4.999999999998256e-06
4.999999999998256e-06
4.999999999998254e-06

  264  0  0
4.999999999998256e-06
4.999999999998256e-06
4.999999999998254e-06

  264  0  1
4.999999999998261e-06
4.999999999998256e-06
4.999999999998257e-06

  265  0  0
4.999999999998255e-06
4.999999999998256e-06
4.999999999998259e-06

  265  0  1
4.999999999998256e-06
4.999999999998256e-06
4.999999999998254e-06

  266  0  0
4.999999999998256e-06
4.999999999998256e-06
4.999999999998254e-06

  266  0  1
4.999999999998261e-06
4.999999999998256e-06
4.999999999998257e-06

  267  0  0
4.999999999998255e-06
4.999999999998256e-06
4.999999999998259e-06

  267  0  1
4.999999999998256e-06
4.999999999998256e-06
4.999999999998254e-06

  268  0  0
4.999999999998256e-06
4.999999999998256e-06
4.999999999998254e-06

  268  0  1
4.999999999998261e-06
4.999999999998256e-06
4.999999999998257e-06

  269  0  0
4.999999999998255e-06
4.999999999998256e-06
4.999999999998259e-06

  269  0  1
4.999999999998256e-06
4.999999999998256e-06
4.999999999998254e-06

  270  0  0
4.999999999998256e-06
4.999999999998256e-06
4.999999999998254e-06

  270  0  1
4.999999999998261e-06
4.999999999998256e-06
4.999999999998257e-06

  271  0  0
4.999999999998255e-06
4.999999999998256e-06
4.999999999998259e-06

  271  0  1
4.999999999998256e-06
4.999999999998256e-06
4.999999999998254e-06

  272  0  0
4.999999999998256e-06
4.999999999998256e-06
4.999999999998254e-06

  272  0  1
4.999999999998261e-06
4.999999999998256e-06
4.999999999998257e-06

  273  0  0
4.999999999998255e-06
4.999999999998256e-06
4.999999999998259e-06

  273  0  1
4.999999999998256e-06
4.999999999998256e-06
4.999999999998254e-06

  274  0  0
4.999999999998256e-06
4.999999999998256e-06
4.999999999998254e-06

  274  0  1
4.999999999998261e-06
4.999999999998256e-06
4.999999999998257e-06

  275  0  0
4.999999999998255e-06
4.999999999998256e-06
4.999999999998259e-06

  275  0  1
4.999999999998256e-06
4.999999999998256e-06
4.999999999998254e-06

  276  0  0
4.999999999998256e-06
4.999999999998256e-06
4.999999999998254e-06

  276  0  1
4.999999999998261e-06
4.999999999998256e-06
4.999999999998257e-06

  277  0  0
4.999999999998255e-06
4.999999999998256e-06
4.999999999998259e-06

  277  0  1
4.999999999998256e-06
4.999999999998256e-06
4.999999999998254e-06

  278  0  0
4.999999999998256e-06
4.999999999998256e-06
4.999999999998254e-06

  278  0  1
4.999999999998261e-06
4.999999999998256e-06
4.999999999998257e-06

  279  0  0
4.999999999998255e-06
4.999999999998256e-06
4.999999999998259e-06

  279  0  1
4.999999999998256e-06
4.999999999998256e-06
4.999999999998254e-06

  280  0  0
4.999999999998256e-06
4.999999999998256e-06
4.999999999998254e-06

  280  0  1
4.999999999998261e-06
4.999999999998256e-06
4.999999999998257e-06

  281  0  0
4.999999999998255e-06
4.999999999998256e-06
4.999999999998259e-06

  281  0  1
4.999999999998256e-06
4.999999999998256e-06
4.999999999998254e-06

  282  0  0
4.999999999998256e-06
4.999999999998256e-06
4.999999999998254e-06

  282  0  1
4.999999999998261e-06
4.999999999998256e-06
4.999999999998257e-06

  283  0  0
4.999999999998255e-06
4.999999999998256e-06
4.999999999998259e-06

  283  0  1
4.999999999998256e-06
4.999999999998256e-06
4.999999999998254e-06

  284  0  0
4.999999999998256e-06
4.999999999998256e-06
4.999999999998254e-06

  284  0  1
4.999999999998261e-06
4.999999999998256e-06
4.999999999998257e-06

  285  0  0
4.999999999998255e-06
4.999999999998256e-06
4.999999999998259e-06

  285  0  1
4.999999999998256e-06
4.999999999998256e-06
4.999999999998254e-06

  286  0  0
4.999999999998256e-06
4.999999999998256e-06
4.999999999998254e-06

  286  0  1
4.999999999998261e-06
4.999999999998256e-06
4.999999999998257e-06

  287  0  0
4.999999999998255e-06
4.999999999998256e-06
4.999999999998259e-06

  287  0  1
4.999999999998256e-06
4.999999999998256e-06
4.999999999998254e-06

  288  0  0
4.999999999998256e-06
4.999999999998256e-06
4.999999999998254e-06

  288  0  1
4.999999999998261e-06
4.999999999998256e-06
4.999999999998257e-06

  289  0  0
4.999999999998255e-06
4.999999999998256e-06
4.999999999998259e-06

  289  0  1
4.999999999998256e-06
4.999999999998256e-06
4.999999999998254e-06

  290  0  0
4.999999999998256e-06
4.999999999998256e-06
4.999999999998254e-06

  290  0  1
4.999999999998261e-06
4.999999999998256e-06
4.999999999998257e-06

  291  0  0
4.999999999998255e-06
4.999999999998256e-06
4.999999999998259e-06

  291  0  1
4.999999999998256e-06
4.999999999998256e-06
4.999999999998254e-06

  292  0  0
4.999999999998256e-06
4.999999999998256e-06
4.999999999998254e-06

  292  0  1
4.999999999998261e-06
4.999999999998256e-06
4.999999999998257e-06

  293  0  0
4.999999999998255e-06
4.999999999998256e-06
4.999999999998259e-06

  293  0  1
4.999999999998256e-06
4.999999999998256e-06
4.999999999998254e-06

  294  0  0
4.999999999998256e-06
4.999999999998256e-06
4.999999999998254e-06

  294  0  1
4.999999999998261e-06
4.999999999998256e-06
4.999999999998257e-06

  295  0  0
4.999999999998255e-06
4.999999999998256e-06
4.999999999998259e-06

  295  0  1
4.999999999998256e-06
4.999999999998256e-06
4.999999999998254e-06

  296  0  0
4.999999999998256e-06
4.999999999998256e-06
4.999999999998254e-06

  296  0  1
4.999999999998261e-06
4.999999999998256e-06
4.999999999998257e-06

  297  0  0
4.999999999998255e-06
4.999999999998256e-06
4.999999999998259e-06

  297  0  1
4.999999999998256e-06
4.999999999998256e-06
4.999999999998254e-06

  298  0  0
4.999999999998255e-06
4.999999999998256e-06
4.999999999998259e-06

  298  0  1
4.999999999998261e-06
4.999999999998256e-06
4.999999999998257e-06

  299  0  0
4.999999999998256e-06
4.999999999998256e-06
4.999999999998254e-06

  299  0  1
4.999999999998256e-06
4.999999999998256e-06
4.999999999998254e-06

  300  0  0
4.999999999998255e-06
4.999999999998256e-06
4.999999999998253e-06

  300  0  1
4.999999999998261e-06
4.999999999998256e-06
4.999999999998257e-06

  301  0  0
4.999999999998255e-06
4.999999999998256e-06
4.999999999998254e-06

  301  0  1
4.999999999998256e-06
4.999999999998256e-06
4.999999999998254e-06

  302  0  0
4.999999999998255e-06
4.999999999998256e-06
4.999999999998254e-06

  302  0  1
4.999999999998261e-06
4.999999999998256e-06
4.999999999998257e-06

  303  0  0
4.999999999998255e-06
4.999999999998256e-06
4.999999999998259e-06

  303  0  1
4.999999999998256e-06
4.999999999998256e-06
4.999999999998254e-06

  304  0  0
4.999999999998256e-06
4.999999999998256e-06
4.999999999998259e-06

  304  0  1
4.999999999998261e-06
4.999999999998256e-06
4.999999999998257e-06

  305  0  0
4.999999999998255e-06
4.999999999998256e-06
4.999999999998259e-06

  305  0  1
4.999999999998256e-06
4.999999999998256e-06
4.999999999998254e-06

  306  0  0
4.999999999998256e-06
4.999999999998256e-06
4.999999999998254e-06

  306  0  1
4.999999999998261e-06
4.999999999998256e-06
4.999999999998257e-06

  307  0  0
4.999999999998256e-06
4.999999999998256e-06
4.999999999998259e-06

  307  0  1
4.999999999998256e-06
4.999999999998256e-06
4.999999999998254e-06

  308  0  0
4.999999999998255e-06
4.999999999998256e-06
4.999999999998254e-06

  308  0  1
4.999999999998261e-06
4.999999999998256e-06
4.999999999998257e-06

  309  0  0
4.999999999998255e-06
4.999999999998256e-06
4.999999999998259e-06

  309  0  1
4.999999999998256e-06
4.999999999998256e-06
4.999999999998254e-06

  310  0  0
4.999999999998255e-06
4.999999999998256e-06
4.999999999998259e-06

  310  0  1
4.999999999998261e-06
4.999999999998256e-06
4.999999999998257e-06

  311  0  0
4.999999999998256e-06
4.999999999998256e-06
4.999999999998255e-06

  311  0  1
4.999999999998256e-06
4.999999999998256e-06
4.999999999998254e-06

  312  0  0
4.999999999998256e-06
4.999999999998249e-06
4.999999999998266e-06

  312  0  1
4.999999999998255e-06
4.999999999998256e-06
4.999999999998255e-06

  313  0  0
4.999999999998315e-06
4.999999999998178e-06
4.999999999995920e-06

  313  0  1
4.999999999998229e-06
4.999999999998278e-06
4.999999999997486e-06

  314  0  0
4.999999999989491e-06
5.000000000011586e-06
5.000000000270921e-06

  314  0  1
4.999999999998792e-06
4.999999999999097e-06
5.000000000097811e-06

  315  0  0
5.000000000974165e-06
4.999999998496706e-06
4.999999970164691e-06

  315  0  1
4.999999999942568e-06
4.999999999891097e-06
4.999999988294004e-06

  316  0  0
4.999999897711344e-06
5.000000160512010e-06
5.000003086348791e-06

  316  0  1
5.000000006515042e-06
5.000000012770962e-06
5.000001316176972e-06

  317  0  0
5.000009998595642e-06
4.999983879913074e-06
4.999702936964050e-06

  317  0  1
4.999999271180011e-06
4.999998538138075e-06
4.999860060887706e-06

  318  0  0
4.999110952554323e-06
5.001491553289922e-06
5.025931348153457e-06

  318  0  1
5.000076722489736e-06
5.000159278621421e-06
5.013810912306635e-06

  319  0  0
5.068647002938790e-06
4.878373869658282e-06
3.033229648398613e-06

  319  0  1
4.990640027695630e-06
4.985427872815230e-06
3.739968558280732e-06

