#Cell
# Element_0
# Element_1
# Element_2
# Element_3
    0
0.000000000000000e+00
2.763932022500211e-04
7.236067977499789e-04
1.000000000000000e-03

    1
1.000000000000000e-03
1.276393202250021e-03
1.723606797749979e-03
2.000000000000000e-03

    2
2.000000000000000e-03
2.276393202250021e-03
2.723606797749979e-03
3.000000000000000e-03

    3
3.000000000000000e-03
3.276393202250021e-03
3.723606797749979e-03
4.000000000000000e-03

    4
4.000000000000000e-03
4.276393202250021e-03
4.723606797749979e-03
5.000000000000000e-03

    5
5.000000000000000e-03
5.276393202250021e-03
5.723606797749979e-03
6.000000000000000e-03

    6
6.000000000000000e-03
6.276393202250021e-03
6.723606797749979e-03
7.000000000000000e-03

    7
7.000000000000000e-03
7.276393202250021e-03
7.723606797749979e-03
8.000000000000000e-03

    8
8.000000000000000e-03
8.276393202250020e-03
8.723606797749979e-03
9.000000000000001e-03

    9
9.000000000000001e-03
9.276393202250021e-03
9.723606797749980e-03
1.000000000000000e-02

   10
1.000000000000000e-02
1.027639320225002e-02
1.072360679774998e-02
1.100000000000000e-02

   11
1.100000000000000e-02
1.127639320225002e-02
1.172360679774998e-02
1.200000000000000e-02

   12
1.200000000000000e-02
1.227639320225002e-02
1.272360679774998e-02
1.300000000000000e-02

   13
1.300000000000000e-02
1.327639320225002e-02
1.372360679774998e-02
1.400000000000001e-02

   14
1.400000000000001e-02
1.427639320225003e-02
1.472360679774998e-02
1.500000000000001e-02

   15
1.500000000000001e-02
1.527639320225003e-02
1.572360679774999e-02
1.600000000000001e-02

   16
1.600000000000001e-02
1.627639320225003e-02
1.672360679774999e-02
1.700000000000001e-02

   17
1.700000000000001e-02
1.727639320225003e-02
1.772360679774999e-02
1.800000000000001e-02

   18
1.800000000000001e-02
1.827639320225003e-02
1.872360679774999e-02
1.900000000000001e-02

   19
1.900000000000001e-02
1.927639320225003e-02
1.972360679774999e-02
2.000000000000001e-02

   20
2.000000000000001e-02
2.027639320225003e-02
2.072360679774999e-02
2.100000000000001e-02

   21
2.100000000000001e-02
2.127639320225003e-02
2.172360679774999e-02
2.200000000000001e-02

   22
2.200000000000001e-02
2.227639320225003e-02
2.272360679774999e-02
2.300000000000001e-02

   23
2.300000000000001e-02
2.327639320225004e-02
2.372360679774999e-02
2.400000000000001e-02

   24
2.400000000000001e-02
2.427639320225004e-02
2.472360679774999e-02
2.500000000000002e-02

   25
2.500000000000002e-02
2.527639320225004e-02
2.572360679774999e-02
2.600000000000002e-02

   26
2.600000000000002e-02
2.627639320225004e-02
2.672360679774999e-02
2.700000000000002e-02

   27
2.700000000000002e-02
2.727639320225004e-02
2.772360679775000e-02
2.800000000000002e-02

   28
2.800000000000002e-02
2.827639320225004e-02
2.872360679775000e-02
2.900000000000002e-02

   29
2.900000000000002e-02
2.927639320225004e-02
2.972360679775000e-02
3.000000000000002e-02

   30
3.000000000000002e-02
3.027639320225004e-02
3.072360679775000e-02
3.100000000000002e-02

   31
3.100000000000002e-02
3.127639320225004e-02
3.172360679775000e-02
3.200000000000002e-02

   32
3.200000000000002e-02
3.227639320225004e-02
3.272360679775000e-02
3.300000000000002e-02

   33
3.300000000000002e-02
3.327639320225004e-02
3.372360679775000e-02
3.400000000000002e-02

   34
3.400000000000002e-02
3.427639320225005e-02
3.472360679775000e-02
3.500000000000002e-02

   35
3.500000000000002e-02
3.527639320225005e-02
3.572360679775000e-02
3.600000000000003e-02

   36
3.600000000000003e-02
3.627639320225005e-02
3.672360679775000e-02
3.700000000000003e-02

   37
3.700000000000003e-02
3.727639320225005e-02
3.772360679775000e-02
3.800000000000003e-02

   38
3.800000000000003e-02
3.827639320225005e-02
3.872360679775001e-02
3.900000000000003e-02

   39
3.900000000000003e-02
3.927639320225005e-02
3.972360679775001e-02
4.000000000000003e-02

   40
4.000000000000003e-02
4.027639320225005e-02
4.072360679775001e-02
4.100000000000003e-02

   41
4.100000000000003e-02
4.127639320225005e-02
4.172360679775001e-02
4.200000000000003e-02

   42
4.200000000000003e-02
4.227639320225005e-02
4.272360679775001e-02
4.300000000000003e-02

   43
4.300000000000003e-02
4.327639320225005e-02
4.372360679775001e-02
4.400000000000003e-02

   44
4.400000000000003e-02
4.427639320225005e-02
4.472360679775001e-02
4.500000000000003e-02

   45
4.500000000000003e-02
4.527639320225006e-02
4.572360679775001e-02
4.600000000000003e-02

   46
4.600000000000003e-02
4.627639320225006e-02
4.672360679775001e-02
4.700000000000003e-02

   47
4.700000000000003e-02
4.727639320225006e-02
4.772360679775001e-02
4.800000000000004e-02

   48
4.800000000000004e-02
4.827639320225006e-02
4.872360679775001e-02
4.900000000000004e-02

   49
4.900000000000004e-02
4.927639320225006e-02
4.972360679775002e-02
5.000000000000004e-02

   50
5.000000000000004e-02
5.027639320225006e-02
5.072360679775002e-02
5.100000000000004e-02

   51
5.100000000000004e-02
5.127639320225006e-02
5.172360679775002e-02
5.200000000000004e-02

   52
5.200000000000004e-02
5.227639320225006e-02
5.272360679775002e-02
5.300000000000004e-02

   53
5.300000000000004e-02
5.327639320225006e-02
5.372360679775002e-02
5.400000000000004e-02

   54
5.400000000000004e-02
5.427639320225006e-02
5.472360679775002e-02
5.500000000000004e-02

   55
5.500000000000004e-02
5.527639320225006e-02
5.572360679775002e-02
5.600000000000004e-02

   56
5.600000000000004e-02
5.627639320225006e-02
5.672360679775002e-02
5.700000000000004e-02

   57
5.700000000000004e-02
5.727639320225007e-02
5.772360679775002e-02
5.800000000000004e-02

   58
5.800000000000004e-02
5.827639320225007e-02
5.872360679775002e-02
5.900000000000005e-02

   59
5.900000000000005e-02
5.927639320225007e-02
5.972360679775002e-02
6.000000000000005e-02

   60
6.000000000000005e-02
6.027639320225007e-02
6.072360679775003e-02
6.100000000000005e-02

   61
6.100000000000005e-02
6.127639320225007e-02
6.172360679775003e-02
6.200000000000005e-02

   62
6.200000000000005e-02
6.227639320225007e-02
6.272360679775003e-02
6.300000000000004e-02

   63
6.300000000000004e-02
6.327639320225006e-02
6.372360679775002e-02
6.400000000000004e-02

   64
6.400000000000004e-02
6.427639320225007e-02
6.472360679775002e-02
6.500000000000004e-02

   65
6.500000000000004e-02
6.527639320225007e-02
6.572360679775002e-02
6.600000000000004e-02

   66
6.600000000000004e-02
6.627639320225007e-02
6.672360679775002e-02
6.700000000000005e-02

   67
6.700000000000005e-02
6.727639320225007e-02
6.772360679775002e-02
6.800000000000005e-02

   68
6.800000000000005e-02
6.827639320225007e-02
6.872360679775003e-02
6.900000000000005e-02

   69
6.900000000000005e-02
6.927639320225007e-02
6.972360679775003e-02
7.000000000000005e-02

   70
7.000000000000005e-02
7.027639320225007e-02
7.072360679775003e-02
7.100000000000005e-02

   71
7.100000000000005e-02
7.127639320225007e-02
7.172360679775003e-02
7.200000000000005e-02

   72
7.200000000000005e-02
7.227639320225007e-02
7.272360679775003e-02
7.300000000000005e-02

   73
7.300000000000005e-02
7.327639320225007e-02
7.372360679775003e-02
7.400000000000005e-02

   74
7.400000000000005e-02
7.427639320225007e-02
7.472360679775003e-02
7.500000000000005e-02

   75
7.500000000000005e-02
7.527639320225007e-02
7.572360679775003e-02
7.600000000000005e-02

   76
7.600000000000005e-02
7.627639320225008e-02
7.672360679775003e-02
7.700000000000005e-02

   77
7.700000000000005e-02
7.727639320225008e-02
7.772360679775003e-02
7.800000000000006e-02

   78
7.800000000000006e-02
7.827639320225008e-02
7.872360679775003e-02
7.900000000000006e-02

   79
7.900000000000006e-02
7.927639320225008e-02
7.972360679775004e-02
8.000000000000006e-02

   80
8.000000000000006e-02
8.027639320225008e-02
8.072360679775004e-02
8.100000000000006e-02

   81
8.100000000000006e-02
8.127639320225008e-02
8.172360679775004e-02
8.200000000000006e-02

   82
8.200000000000006e-02
8.227639320225008e-02
8.272360679775004e-02
8.300000000000006e-02

   83
8.300000000000006e-02
8.327639320225008e-02
8.372360679775004e-02
8.400000000000006e-02

   84
8.400000000000006e-02
8.427639320225008e-02
8.472360679775004e-02
8.500000000000006e-02

   85
8.500000000000006e-02
8.527639320225008e-02
8.572360679775004e-02
8.600000000000006e-02

   86
8.600000000000006e-02
8.627639320225008e-02
8.672360679775004e-02
8.700000000000006e-02

   87
8.700000000000006e-02
8.727639320225009e-02
8.772360679775004e-02
8.800000000000006e-02

   88
8.800000000000006e-02
8.827639320225009e-02
8.872360679775004e-02
8.900000000000007e-02

   89
8.900000000000007e-02
8.927639320225009e-02
8.972360679775004e-02
9.000000000000007e-02

   90
9.000000000000007e-02
9.027639320225009e-02
9.072360679775004e-02
9.100000000000007e-02

   91
9.100000000000007e-02
9.127639320225009e-02
9.172360679775005e-02
9.200000000000007e-02

   92
9.200000000000007e-02
9.227639320225009e-02
9.272360679775005e-02
9.300000000000007e-02

   93
9.300000000000007e-02
9.327639320225009e-02
9.372360679775005e-02
9.400000000000007e-02

   94
9.400000000000007e-02
9.427639320225009e-02
9.472360679775005e-02
9.500000000000007e-02

   95
9.500000000000007e-02
9.527639320225009e-02
9.572360679775005e-02
9.600000000000007e-02

   96
9.600000000000007e-02
9.627639320225009e-02
9.672360679775005e-02
9.700000000000007e-02

   97
9.700000000000007e-02
9.727639320225009e-02
9.772360679775005e-02
9.800000000000007e-02

   98
9.800000000000007e-02
9.827639320225010e-02
9.872360679775005e-02
9.900000000000007e-02

   99
9.900000000000007e-02
9.927639320225010e-02
9.972360679775005e-02
1.000000000000001e-01

  100
1.000000000000001e-01
1.002763932022501e-01
1.007236067977501e-01
1.010000000000001e-01

  101
1.010000000000001e-01
1.012763932022501e-01
1.017236067977501e-01
1.020000000000001e-01

  102
1.020000000000001e-01
1.022763932022501e-01
1.027236067977501e-01
1.030000000000001e-01

  103
1.030000000000001e-01
1.032763932022501e-01
1.037236067977501e-01
1.040000000000001e-01

  104
1.040000000000001e-01
1.042763932022501e-01
1.047236067977501e-01
1.050000000000001e-01

  105
1.050000000000001e-01
1.052763932022501e-01
1.057236067977501e-01
1.060000000000001e-01

  106
1.060000000000001e-01
1.062763932022501e-01
1.067236067977501e-01
1.070000000000001e-01

  107
1.070000000000001e-01
1.072763932022501e-01
1.077236067977501e-01
1.080000000000001e-01

  108
1.080000000000001e-01
1.082763932022501e-01
1.087236067977501e-01
1.090000000000001e-01

  109
1.090000000000001e-01
1.092763932022501e-01
1.097236067977501e-01
1.100000000000001e-01

  110
1.100000000000001e-01
1.102763932022501e-01
1.107236067977501e-01
1.110000000000001e-01

  111
1.110000000000001e-01
1.112763932022501e-01
1.117236067977501e-01
1.120000000000001e-01

  112
1.120000000000001e-01
1.122763932022501e-01
1.127236067977501e-01
1.130000000000001e-01

  113
1.130000000000001e-01
1.132763932022501e-01
1.137236067977501e-01
1.140000000000001e-01

  114
1.140000000000001e-01
1.142763932022501e-01
1.147236067977501e-01
1.150000000000001e-01

  115
1.150000000000001e-01
1.152763932022501e-01
1.157236067977501e-01
1.160000000000001e-01

  116
1.160000000000001e-01
1.162763932022501e-01
1.167236067977501e-01
1.170000000000001e-01

  117
1.170000000000001e-01
1.172763932022501e-01
1.177236067977501e-01
1.180000000000001e-01

  118
1.180000000000001e-01
1.182763932022501e-01
1.187236067977501e-01
1.190000000000001e-01

  119
1.190000000000001e-01
1.192763932022501e-01
1.197236067977501e-01
1.200000000000001e-01

  120
1.200000000000001e-01
1.202763932022501e-01
1.207236067977501e-01
1.210000000000001e-01

  121
1.210000000000001e-01
1.212763932022501e-01
1.217236067977501e-01
1.220000000000001e-01

  122
1.220000000000001e-01
1.222763932022501e-01
1.227236067977501e-01
1.230000000000001e-01

  123
1.230000000000001e-01
1.232763932022501e-01
1.237236067977501e-01
1.240000000000001e-01

  124
1.240000000000001e-01
1.242763932022501e-01
1.247236067977501e-01
1.250000000000001e-01

  125
1.250000000000001e-01
1.252763932022501e-01
1.257236067977501e-01
1.260000000000001e-01

  126
1.260000000000001e-01
1.262763932022501e-01
1.267236067977501e-01
1.270000000000001e-01

  127
1.270000000000001e-01
1.272763932022501e-01
1.277236067977501e-01
1.280000000000001e-01

  128
1.280000000000001e-01
1.282763932022501e-01
1.287236067977501e-01
1.290000000000001e-01

  129
1.290000000000001e-01
1.292763932022501e-01
1.297236067977501e-01
1.300000000000001e-01

  130
1.300000000000001e-01
1.302763932022501e-01
1.307236067977501e-01
1.310000000000001e-01

  131
1.310000000000001e-01
1.312763932022501e-01
1.317236067977501e-01
1.320000000000001e-01

  132
1.320000000000001e-01
1.322763932022501e-01
1.327236067977501e-01
1.330000000000001e-01

  133
1.330000000000001e-01
1.332763932022501e-01
1.337236067977501e-01
1.340000000000001e-01

  134
1.340000000000001e-01
1.342763932022501e-01
1.347236067977501e-01
1.350000000000001e-01

  135
1.350000000000001e-01
1.352763932022501e-01
1.357236067977501e-01
1.360000000000001e-01

  136
1.360000000000001e-01
1.362763932022501e-01
1.367236067977501e-01
1.370000000000001e-01

  137
1.370000000000001e-01
1.372763932022501e-01
1.377236067977501e-01
1.380000000000001e-01

  138
1.380000000000001e-01
1.382763932022501e-01
1.387236067977501e-01
1.390000000000001e-01

  139
1.390000000000001e-01
1.392763932022501e-01
1.397236067977501e-01
1.400000000000001e-01

  140
1.400000000000001e-01
1.402763932022501e-01
1.407236067977501e-01
1.410000000000001e-01

  141
1.410000000000001e-01
1.412763932022501e-01
1.417236067977501e-01
1.420000000000001e-01

  142
1.420000000000001e-01
1.422763932022501e-01
1.427236067977501e-01
1.430000000000001e-01

  143
1.430000000000001e-01
1.432763932022501e-01
1.437236067977501e-01
1.440000000000001e-01

  144
1.440000000000001e-01
1.442763932022501e-01
1.447236067977501e-01
1.450000000000001e-01

  145
1.450000000000001e-01
1.452763932022501e-01
1.457236067977501e-01
1.460000000000001e-01

  146
1.460000000000001e-01
1.462763932022501e-01
1.467236067977501e-01
1.470000000000001e-01

  147
1.470000000000001e-01
1.472763932022501e-01
1.477236067977501e-01
1.480000000000001e-01

  148
1.480000000000001e-01
1.482763932022501e-01
1.487236067977501e-01
1.490000000000001e-01

  149
1.490000000000001e-01
1.492763932022501e-01
1.497236067977501e-01
1.500000000000001e-01

  150
1.500000000000001e-01
1.502763932022501e-01
1.507236067977501e-01
1.510000000000001e-01

  151
1.510000000000001e-01
1.512763932022501e-01
1.517236067977501e-01
1.520000000000001e-01

  152
1.520000000000001e-01
1.522763932022501e-01
1.527236067977501e-01
1.530000000000001e-01

  153
1.530000000000001e-01
1.532763932022501e-01
1.537236067977501e-01
1.540000000000001e-01

  154
1.540000000000001e-01
1.542763932022501e-01
1.547236067977501e-01
1.550000000000001e-01

  155
1.550000000000001e-01
1.552763932022501e-01
1.557236067977501e-01
1.560000000000001e-01

  156
1.560000000000001e-01
1.562763932022501e-01
1.567236067977501e-01
1.570000000000001e-01

  157
1.570000000000001e-01
1.572763932022501e-01
1.577236067977501e-01
1.580000000000001e-01

  158
1.580000000000001e-01
1.582763932022501e-01
1.587236067977501e-01
1.590000000000001e-01

  159
1.590000000000001e-01
1.592763932022501e-01
1.597236067977501e-01
1.600000000000001e-01

  160
1.600000000000001e-01
1.602763932022501e-01
1.607236067977501e-01
1.610000000000001e-01

  161
1.610000000000001e-01
1.612763932022501e-01
1.617236067977501e-01
1.620000000000001e-01

  162
1.620000000000001e-01
1.622763932022501e-01
1.627236067977501e-01
1.630000000000001e-01

  163
1.630000000000001e-01
1.632763932022501e-01
1.637236067977501e-01
1.640000000000001e-01

  164
1.640000000000001e-01
1.642763932022501e-01
1.647236067977501e-01
1.650000000000001e-01

  165
1.650000000000001e-01
1.652763932022501e-01
1.657236067977501e-01
1.660000000000001e-01

  166
1.660000000000001e-01
1.662763932022501e-01
1.667236067977501e-01
1.670000000000001e-01

  167
1.670000000000001e-01
1.672763932022501e-01
1.677236067977501e-01
1.680000000000001e-01

  168
1.680000000000001e-01
1.682763932022501e-01
1.687236067977501e-01
1.690000000000001e-01

  169
1.690000000000001e-01
1.692763932022501e-01
1.697236067977501e-01
1.700000000000001e-01

  170
1.700000000000001e-01
1.702763932022501e-01
1.707236067977501e-01
1.710000000000001e-01

  171
1.710000000000001e-01
1.712763932022501e-01
1.717236067977501e-01
1.720000000000001e-01

  172
1.720000000000001e-01
1.722763932022501e-01
1.727236067977501e-01
1.730000000000001e-01

  173
1.730000000000001e-01
1.732763932022501e-01
1.737236067977501e-01
1.740000000000001e-01

  174
1.740000000000001e-01
1.742763932022501e-01
1.747236067977501e-01
1.750000000000001e-01

  175
1.750000000000001e-01
1.752763932022501e-01
1.757236067977501e-01
1.760000000000001e-01

  176
1.760000000000001e-01
1.762763932022501e-01
1.767236067977501e-01
1.770000000000001e-01

  177
1.770000000000001e-01
1.772763932022501e-01
1.777236067977501e-01
1.780000000000001e-01

  178
1.780000000000001e-01
1.782763932022501e-01
1.787236067977501e-01
1.790000000000001e-01

  179
1.790000000000001e-01
1.792763932022501e-01
1.797236067977501e-01
1.800000000000001e-01

  180
1.800000000000001e-01
1.802763932022501e-01
1.807236067977501e-01
1.810000000000001e-01

  181
1.810000000000001e-01
1.812763932022501e-01
1.817236067977501e-01
1.820000000000001e-01

  182
1.820000000000001e-01
1.822763932022501e-01
1.827236067977501e-01
1.830000000000001e-01

  183
1.830000000000001e-01
1.832763932022501e-01
1.837236067977501e-01
1.840000000000001e-01

  184
1.840000000000001e-01
1.842763932022501e-01
1.847236067977501e-01
1.850000000000001e-01

  185
1.850000000000001e-01
1.852763932022501e-01
1.857236067977501e-01
1.860000000000001e-01

  186
1.860000000000001e-01
1.862763932022501e-01
1.867236067977501e-01
1.870000000000001e-01

  187
1.870000000000001e-01
1.872763932022501e-01
1.877236067977501e-01
1.880000000000001e-01

  188
1.880000000000001e-01
1.882763932022501e-01
1.887236067977501e-01
1.890000000000001e-01

  189
1.890000000000001e-01
1.892763932022501e-01
1.897236067977501e-01
1.900000000000001e-01

  190
1.900000000000001e-01
1.902763932022501e-01
1.907236067977501e-01
1.910000000000001e-01

  191
1.910000000000001e-01
1.912763932022502e-01
1.917236067977501e-01
1.920000000000001e-01

  192
1.920000000000001e-01
1.922763932022502e-01
1.927236067977501e-01
1.930000000000001e-01

  193
1.930000000000001e-01
1.932763932022502e-01
1.937236067977501e-01
1.940000000000001e-01

  194
1.940000000000001e-01
1.942763932022502e-01
1.947236067977501e-01
1.950000000000001e-01

  195
1.950000000000001e-01
1.952763932022502e-01
1.957236067977501e-01
1.960000000000001e-01

  196
1.960000000000001e-01
1.962763932022502e-01
1.967236067977501e-01
1.970000000000001e-01

  197
1.970000000000001e-01
1.972763932022502e-01
1.977236067977501e-01
1.980000000000001e-01

  198
1.980000000000001e-01
1.982763932022502e-01
1.987236067977501e-01
1.990000000000001e-01

  199
1.990000000000001e-01
1.992763932022502e-01
1.997236067977501e-01
2.000000000000001e-01

  200
2.000000000000001e-01
2.002763932022502e-01
2.007236067977501e-01
2.010000000000002e-01

  201
2.010000000000002e-01
2.012763932022502e-01
2.017236067977501e-01
2.020000000000002e-01

  202
2.020000000000002e-01
2.022763932022502e-01
2.027236067977501e-01
2.030000000000002e-01

  203
2.030000000000002e-01
2.032763932022502e-01
2.037236067977501e-01
2.040000000000002e-01

  204
2.040000000000002e-01
2.042763932022502e-01
2.047236067977501e-01
2.050000000000002e-01

  205
2.050000000000002e-01
2.052763932022502e-01
2.057236067977501e-01
2.060000000000002e-01

  206
2.060000000000002e-01
2.062763932022502e-01
2.067236067977501e-01
2.070000000000002e-01

  207
2.070000000000002e-01
2.072763932022502e-01
2.077236067977501e-01
2.080000000000002e-01

  208
2.080000000000002e-01
2.082763932022502e-01
2.087236067977501e-01
2.090000000000002e-01

  209
2.090000000000002e-01
2.092763932022502e-01
2.097236067977502e-01
2.100000000000002e-01

  210
2.100000000000002e-01
2.102763932022502e-01
2.107236067977502e-01
2.110000000000002e-01

  211
2.110000000000002e-01
2.112763932022502e-01
2.117236067977502e-01
2.120000000000002e-01

  212
2.120000000000002e-01
2.122763932022502e-01
2.127236067977502e-01
2.130000000000002e-01

  213
2.130000000000002e-01
2.132763932022502e-01
2.137236067977502e-01
2.140000000000002e-01

  214
2.140000000000002e-01
2.142763932022502e-01
2.147236067977502e-01
2.150000000000002e-01

  215
2.150000000000002e-01
2.152763932022502e-01
2.157236067977502e-01
2.160000000000002e-01

  216
2.160000000000002e-01
2.162763932022502e-01
2.167236067977502e-01
2.170000000000002e-01

  217
2.170000000000002e-01
2.172763932022502e-01
2.177236067977502e-01
2.180000000000002e-01

  218
2.180000000000002e-01
2.182763932022502e-01
2.187236067977502e-01
2.190000000000002e-01

  219
2.190000000000002e-01
2.192763932022502e-01
2.197236067977502e-01
2.200000000000002e-01

  220
2.200000000000002e-01
2.202763932022502e-01
2.207236067977502e-01
2.210000000000002e-01

  221
2.210000000000002e-01
2.212763932022502e-01
2.217236067977502e-01
2.220000000000002e-01

  222
2.220000000000002e-01
2.222763932022502e-01
2.227236067977502e-01
2.230000000000002e-01

  223
2.230000000000002e-01
2.232763932022502e-01
2.237236067977502e-01
2.240000000000002e-01

  224
2.240000000000002e-01
2.242763932022502e-01
2.247236067977502e-01
2.250000000000002e-01

  225
2.250000000000002e-01
2.252763932022502e-01
2.257236067977502e-01
2.260000000000002e-01

  226
2.260000000000002e-01
2.262763932022502e-01
2.267236067977502e-01
2.270000000000002e-01

  227
2.270000000000002e-01
2.272763932022502e-01
2.277236067977502e-01
2.280000000000002e-01

  228
2.280000000000002e-01
2.282763932022502e-01
2.287236067977502e-01
2.290000000000002e-01

  229
2.290000000000002e-01
2.292763932022502e-01
2.297236067977502e-01
2.300000000000002e-01

  230
2.300000000000002e-01
2.302763932022502e-01
2.307236067977502e-01
2.310000000000002e-01

  231
2.310000000000002e-01
2.312763932022502e-01
2.317236067977502e-01
2.320000000000002e-01

  232
2.320000000000002e-01
2.322763932022502e-01
2.327236067977502e-01
2.330000000000002e-01

  233
2.330000000000002e-01
2.332763932022502e-01
2.337236067977502e-01
2.340000000000002e-01

  234
2.340000000000002e-01
2.342763932022502e-01
2.347236067977502e-01
2.350000000000002e-01

  235
2.350000000000002e-01
2.352763932022502e-01
2.357236067977502e-01
2.360000000000002e-01

  236
2.360000000000002e-01
2.362763932022502e-01
2.367236067977502e-01
2.370000000000002e-01

  237
2.370000000000002e-01
2.372763932022502e-01
2.377236067977502e-01
2.380000000000002e-01

  238
2.380000000000002e-01
2.382763932022502e-01
2.387236067977502e-01
2.390000000000002e-01

  239
2.390000000000002e-01
2.392763932022502e-01
2.397236067977502e-01
2.400000000000002e-01

  240
2.400000000000002e-01
2.402763932022502e-01
2.407236067977502e-01
2.410000000000002e-01

  241
2.410000000000002e-01
2.412763932022502e-01
2.417236067977502e-01
2.420000000000002e-01

  242
2.420000000000002e-01
2.422763932022502e-01
2.427236067977502e-01
2.430000000000002e-01

  243
2.430000000000002e-01
2.432763932022502e-01
2.437236067977502e-01
2.440000000000002e-01

  244
2.440000000000002e-01
2.442763932022502e-01
2.447236067977502e-01
2.450000000000002e-01

  245
2.450000000000002e-01
2.452763932022502e-01
2.457236067977502e-01
2.460000000000002e-01

  246
2.460000000000002e-01
2.462763932022502e-01
2.467236067977502e-01
2.470000000000002e-01

  247
2.470000000000002e-01
2.472763932022502e-01
2.477236067977502e-01
2.480000000000002e-01

  248
2.480000000000002e-01
2.482763932022502e-01
2.487236067977502e-01
2.490000000000002e-01

  249
2.490000000000002e-01
2.492763932022502e-01
2.497236067977502e-01
2.500000000000002e-01

  250
2.500000000000002e-01
2.502763932022502e-01
2.507236067977501e-01
2.510000000000002e-01

  251
2.510000000000002e-01
2.512763932022502e-01
2.517236067977501e-01
2.520000000000002e-01

  252
2.520000000000002e-01
2.522763932022502e-01
2.527236067977501e-01
2.530000000000002e-01

  253
2.530000000000002e-01
2.532763932022502e-01
2.537236067977501e-01
2.540000000000002e-01

  254
2.540000000000002e-01
2.542763932022502e-01
2.547236067977501e-01
2.550000000000002e-01

  255
2.550000000000002e-01
2.552763932022502e-01
2.557236067977501e-01
2.560000000000002e-01

  256
2.560000000000002e-01
2.562763932022502e-01
2.567236067977501e-01
2.570000000000002e-01

  257
2.570000000000002e-01
2.572763932022502e-01
2.577236067977501e-01
2.580000000000002e-01

  258
2.580000000000002e-01
2.582763932022502e-01
2.587236067977501e-01
2.590000000000002e-01

  259
2.590000000000002e-01
2.592763932022502e-01
2.597236067977501e-01
2.600000000000002e-01

  260
2.600000000000002e-01
2.602763932022502e-01
2.607236067977501e-01
2.610000000000002e-01

  261
2.610000000000002e-01
2.612763932022502e-01
2.617236067977501e-01
2.620000000000002e-01

  262
2.620000000000002e-01
2.622763932022502e-01
2.627236067977501e-01
2.630000000000002e-01

  263
2.630000000000002e-01
2.632763932022502e-01
2.637236067977501e-01
2.640000000000002e-01

  264
2.640000000000002e-01
2.642763932022502e-01
2.647236067977501e-01
2.650000000000002e-01

  265
2.650000000000002e-01
2.652763932022502e-01
2.657236067977501e-01
2.660000000000002e-01

  266
2.660000000000002e-01
2.662763932022502e-01
2.667236067977501e-01
2.670000000000002e-01

  267
2.670000000000002e-01
2.672763932022502e-01
2.677236067977501e-01
2.680000000000002e-01

  268
2.680000000000002e-01
2.682763932022502e-01
2.687236067977501e-01
2.690000000000002e-01

  269
2.690000000000002e-01
2.692763932022502e-01
2.697236067977501e-01
2.700000000000002e-01

  270
2.700000000000002e-01
2.702763932022502e-01
2.707236067977501e-01
2.710000000000002e-01

  271
2.710000000000002e-01
2.712763932022502e-01
2.717236067977502e-01
2.720000000000002e-01

  272
2.720000000000002e-01
2.722763932022502e-01
2.727236067977502e-01
2.730000000000002e-01

  273
2.730000000000002e-01
2.732763932022502e-01
2.737236067977502e-01
2.740000000000002e-01

  274
2.740000000000002e-01
2.742763932022502e-01
2.747236067977502e-01
2.750000000000002e-01

  275
2.750000000000002e-01
2.752763932022502e-01
2.757236067977502e-01
2.760000000000002e-01

  276
2.760000000000002e-01
2.762763932022502e-01
2.767236067977502e-01
2.770000000000002e-01

  277
2.770000000000002e-01
2.772763932022502e-01
2.777236067977502e-01
2.780000000000002e-01

  278
2.780000000000002e-01
2.782763932022502e-01
2.787236067977502e-01
2.790000000000002e-01

  279
2.790000000000002e-01
2.792763932022502e-01
2.797236067977502e-01
2.800000000000002e-01

  280
2.800000000000002e-01
2.802763932022502e-01
2.807236067977502e-01
2.810000000000002e-01

  281
2.810000000000002e-01
2.812763932022502e-01
2.817236067977502e-01
2.820000000000002e-01

  282
2.820000000000002e-01
2.822763932022502e-01
2.827236067977502e-01
2.830000000000002e-01

  283
2.830000000000002e-01
2.832763932022502e-01
2.837236067977502e-01
2.840000000000002e-01

  284
2.840000000000002e-01
2.842763932022502e-01
2.847236067977502e-01
2.850000000000002e-01

  285
2.850000000000002e-01
2.852763932022502e-01
2.857236067977502e-01
2.860000000000002e-01

  286
2.860000000000002e-01
2.862763932022502e-01
2.867236067977502e-01
2.870000000000002e-01

  287
2.870000000000002e-01
2.872763932022502e-01
2.877236067977502e-01
2.880000000000002e-01

  288
2.880000000000002e-01
2.882763932022502e-01
2.887236067977502e-01
2.890000000000002e-01

  289
2.890000000000002e-01
2.892763932022502e-01
2.897236067977502e-01
2.900000000000002e-01

  290
2.900000000000002e-01
2.902763932022502e-01
2.907236067977502e-01
2.910000000000002e-01

  291
2.910000000000002e-01
2.912763932022502e-01
2.917236067977502e-01
2.920000000000002e-01

  292
2.920000000000002e-01
2.922763932022502e-01
2.927236067977502e-01
2.930000000000002e-01

  293
2.930000000000002e-01
2.932763932022502e-01
2.937236067977502e-01
2.940000000000002e-01

  294
2.940000000000002e-01
2.942763932022502e-01
2.947236067977502e-01
2.950000000000002e-01

  295
2.950000000000002e-01
2.952763932022502e-01
2.957236067977502e-01
2.960000000000002e-01

  296
2.960000000000002e-01
2.962763932022502e-01
2.967236067977502e-01
2.970000000000002e-01

  297
2.970000000000002e-01
2.972763932022502e-01
2.977236067977502e-01
2.980000000000002e-01

  298
2.980000000000002e-01
2.982763932022502e-01
2.987236067977502e-01
2.990000000000002e-01

  299
2.990000000000002e-01
2.992763932022502e-01
2.997236067977502e-01
3.000000000000002e-01

  300
3.000000000000002e-01
3.002763932022502e-01
3.007236067977502e-01
3.010000000000002e-01

  301
3.010000000000002e-01
3.012763932022502e-01
3.017236067977502e-01
3.020000000000002e-01

  302
3.020000000000002e-01
3.022763932022502e-01
3.027236067977502e-01
3.030000000000002e-01

  303
3.030000000000002e-01
3.032763932022502e-01
3.037236067977502e-01
3.040000000000002e-01

  304
3.040000000000002e-01
3.042763932022503e-01
3.047236067977502e-01
3.050000000000002e-01

  305
3.050000000000002e-01
3.052763932022503e-01
3.057236067977502e-01
3.060000000000002e-01

  306
3.060000000000002e-01
3.062763932022503e-01
3.067236067977502e-01
3.070000000000002e-01

  307
3.070000000000002e-01
3.072763932022503e-01
3.077236067977502e-01
3.080000000000002e-01

  308
3.080000000000002e-01
3.082763932022503e-01
3.087236067977502e-01
3.090000000000002e-01

  309
3.090000000000002e-01
3.092763932022503e-01
3.097236067977502e-01
3.100000000000002e-01

  310
3.100000000000002e-01
3.102763932022503e-01
3.107236067977502e-01
3.110000000000002e-01

  311
3.110000000000002e-01
3.112763932022503e-01
3.117236067977502e-01
3.120000000000002e-01

  312
3.120000000000002e-01
3.122763932022503e-01
3.127236067977502e-01
3.130000000000002e-01

  313
3.130000000000002e-01
3.132763932022503e-01
3.137236067977502e-01
3.140000000000002e-01

  314
3.140000000000002e-01
3.142763932022503e-01
3.147236067977502e-01
3.150000000000002e-01

  315
3.150000000000002e-01
3.152763932022503e-01
3.157236067977502e-01
3.160000000000002e-01

  316
3.160000000000002e-01
3.162763932022503e-01
3.167236067977502e-01
3.170000000000002e-01

  317
3.170000000000002e-01
3.172763932022503e-01
3.177236067977502e-01
3.180000000000002e-01

  318
3.180000000000002e-01
3.182763932022503e-01
3.187236067977502e-01
3.190000000000002e-01

  319
3.190000000000002e-01
3.192763932022503e-01
3.197236067977502e-01
3.200000000000002e-01

  320
3.200000000000002e-01
3.202763932022503e-01
3.207236067977502e-01
3.210000000000002e-01

  321
3.210000000000002e-01
3.212763932022503e-01
3.217236067977502e-01
3.220000000000002e-01

  322
3.220000000000002e-01
3.222763932022503e-01
3.227236067977502e-01
3.230000000000002e-01

  323
3.230000000000002e-01
3.232763932022503e-01
3.237236067977502e-01
3.240000000000002e-01

  324
3.240000000000002e-01
3.242763932022503e-01
3.247236067977502e-01
3.250000000000002e-01

  325
3.250000000000002e-01
3.252763932022503e-01
3.257236067977502e-01
3.260000000000002e-01

  326
3.260000000000002e-01
3.262763932022503e-01
3.267236067977502e-01
3.270000000000002e-01

  327
3.270000000000002e-01
3.272763932022503e-01
3.277236067977502e-01
3.280000000000002e-01

  328
3.280000000000002e-01
3.282763932022503e-01
3.287236067977502e-01
3.290000000000002e-01

  329
3.290000000000002e-01
3.292763932022503e-01
3.297236067977502e-01
3.300000000000002e-01

  330
3.300000000000002e-01
3.302763932022503e-01
3.307236067977502e-01
3.310000000000002e-01

  331
3.310000000000002e-01
3.312763932022503e-01
3.317236067977502e-01
3.320000000000002e-01

  332
3.320000000000002e-01
3.322763932022503e-01
3.327236067977502e-01
3.330000000000002e-01

  333
3.330000000000002e-01
3.332763932022503e-01
3.337236067977502e-01
3.340000000000002e-01

  334
3.340000000000002e-01
3.342763932022503e-01
3.347236067977502e-01
3.350000000000002e-01

  335
3.350000000000002e-01
3.352763932022503e-01
3.357236067977502e-01
3.360000000000002e-01

  336
3.360000000000002e-01
3.362763932022503e-01
3.367236067977502e-01
3.370000000000002e-01

  337
3.370000000000002e-01
3.372763932022503e-01
3.377236067977502e-01
3.380000000000002e-01

  338
3.380000000000002e-01
3.382763932022503e-01
3.387236067977502e-01
3.390000000000002e-01

  339
3.390000000000002e-01
3.392763932022503e-01
3.397236067977502e-01
3.400000000000002e-01

  340
3.400000000000002e-01
3.402763932022503e-01
3.407236067977502e-01
3.410000000000002e-01

  341
3.410000000000002e-01
3.412763932022503e-01
3.417236067977502e-01
3.420000000000002e-01

  342
3.420000000000002e-01
3.422763932022503e-01
3.427236067977502e-01
3.430000000000002e-01

  343
3.430000000000002e-01
3.432763932022503e-01
3.437236067977502e-01
3.440000000000003e-01

  344
3.440000000000003e-01
3.442763932022503e-01
3.447236067977502e-01
3.450000000000003e-01

  345
3.450000000000003e-01
3.452763932022503e-01
3.457236067977502e-01
3.460000000000003e-01

  346
3.460000000000003e-01
3.462763932022503e-01
3.467236067977502e-01
3.470000000000003e-01

  347
3.470000000000003e-01
3.472763932022503e-01
3.477236067977502e-01
3.480000000000003e-01

  348
3.480000000000003e-01
3.482763932022503e-01
3.487236067977502e-01
3.490000000000003e-01

  349
3.490000000000003e-01
3.492763932022503e-01
3.497236067977502e-01
3.500000000000003e-01

  350
3.500000000000003e-01
3.502763932022503e-01
3.507236067977502e-01
3.510000000000003e-01

  351
3.510000000000003e-01
3.512763932022503e-01
3.517236067977502e-01
3.520000000000003e-01

  352
3.520000000000003e-01
3.522763932022503e-01
3.527236067977502e-01
3.530000000000003e-01

  353
3.530000000000003e-01
3.532763932022503e-01
3.537236067977502e-01
3.540000000000003e-01

  354
3.540000000000003e-01
3.542763932022503e-01
3.547236067977502e-01
3.550000000000003e-01

  355
3.550000000000003e-01
3.552763932022503e-01
3.557236067977502e-01
3.560000000000003e-01

  356
3.560000000000003e-01
3.562763932022503e-01
3.567236067977502e-01
3.570000000000003e-01

  357
3.570000000000003e-01
3.572763932022503e-01
3.577236067977502e-01
3.580000000000003e-01

  358
3.580000000000003e-01
3.582763932022503e-01
3.587236067977502e-01
3.590000000000003e-01

  359
3.590000000000003e-01
3.592763932022503e-01
3.597236067977502e-01
3.600000000000003e-01

  360
3.600000000000003e-01
3.602763932022503e-01
3.607236067977502e-01
3.610000000000003e-01

  361
3.610000000000003e-01
3.612763932022503e-01
3.617236067977502e-01
3.620000000000003e-01

  362
3.620000000000003e-01
3.622763932022503e-01
3.627236067977502e-01
3.630000000000003e-01

  363
3.630000000000003e-01
3.632763932022503e-01
3.637236067977502e-01
3.640000000000003e-01

  364
3.640000000000003e-01
3.642763932022503e-01
3.647236067977502e-01
3.650000000000003e-01

  365
3.650000000000003e-01
3.652763932022503e-01
3.657236067977502e-01
3.660000000000003e-01

  366
3.660000000000003e-01
3.662763932022503e-01
3.667236067977502e-01
3.670000000000003e-01

  367
3.670000000000003e-01
3.672763932022503e-01
3.677236067977502e-01
3.680000000000003e-01

  368
3.680000000000003e-01
3.682763932022503e-01
3.687236067977502e-01
3.690000000000003e-01

  369
3.690000000000003e-01
3.692763932022503e-01
3.697236067977502e-01
3.700000000000003e-01

  370
3.700000000000003e-01
3.702763932022503e-01
3.707236067977502e-01
3.710000000000003e-01

  371
3.710000000000003e-01
3.712763932022503e-01
3.717236067977502e-01
3.720000000000003e-01

  372
3.720000000000003e-01
3.722763932022503e-01
3.727236067977502e-01
3.730000000000003e-01

  373
3.730000000000003e-01
3.732763932022503e-01
3.737236067977502e-01
3.740000000000003e-01

  374
3.740000000000003e-01
3.742763932022503e-01
3.747236067977502e-01
3.750000000000003e-01

  375
3.750000000000003e-01
3.752763932022503e-01
3.757236067977502e-01
3.760000000000003e-01

  376
3.760000000000003e-01
3.762763932022503e-01
3.767236067977502e-01
3.770000000000003e-01

  377
3.770000000000003e-01
3.772763932022503e-01
3.777236067977502e-01
3.780000000000003e-01

  378
3.780000000000003e-01
3.782763932022503e-01
3.787236067977502e-01
3.790000000000003e-01

  379
3.790000000000003e-01
3.792763932022503e-01
3.797236067977502e-01
3.800000000000003e-01

  380
3.800000000000003e-01
3.802763932022503e-01
3.807236067977502e-01
3.810000000000003e-01

  381
3.810000000000003e-01
3.812763932022503e-01
3.817236067977502e-01
3.820000000000003e-01

  382
3.820000000000003e-01
3.822763932022503e-01
3.827236067977502e-01
3.830000000000003e-01

  383
3.830000000000003e-01
3.832763932022503e-01
3.837236067977502e-01
3.840000000000003e-01

  384
3.840000000000003e-01
3.842763932022503e-01
3.847236067977503e-01
3.850000000000003e-01

  385
3.850000000000003e-01
3.852763932022503e-01
3.857236067977503e-01
3.860000000000003e-01

  386
3.860000000000003e-01
3.862763932022503e-01
3.867236067977503e-01
3.870000000000003e-01

  387
3.870000000000003e-01
3.872763932022503e-01
3.877236067977503e-01
3.880000000000003e-01

  388
3.880000000000003e-01
3.882763932022503e-01
3.887236067977503e-01
3.890000000000003e-01

  389
3.890000000000003e-01
3.892763932022503e-01
3.897236067977503e-01
3.900000000000003e-01

  390
3.900000000000003e-01
3.902763932022503e-01
3.907236067977503e-01
3.910000000000003e-01

  391
3.910000000000003e-01
3.912763932022503e-01
3.917236067977503e-01
3.920000000000003e-01

  392
3.920000000000003e-01
3.922763932022503e-01
3.927236067977503e-01
3.930000000000003e-01

  393
3.930000000000003e-01
3.932763932022503e-01
3.937236067977503e-01
3.940000000000003e-01

  394
3.940000000000003e-01
3.942763932022503e-01
3.947236067977503e-01
3.950000000000003e-01

  395
3.950000000000003e-01
3.952763932022503e-01
3.957236067977503e-01
3.960000000000003e-01

  396
3.960000000000003e-01
3.962763932022503e-01
3.967236067977503e-01
3.970000000000003e-01

  397
3.970000000000003e-01
3.972763932022503e-01
3.977236067977503e-01
3.980000000000003e-01

  398
3.980000000000003e-01
3.982763932022503e-01
3.987236067977503e-01
3.990000000000003e-01

  399
3.990000000000003e-01
3.992763932022503e-01
3.997236067977503e-01
4.000000000000003e-01

  400
4.000000000000003e-01
4.002763932022503e-01
4.007236067977503e-01
4.010000000000003e-01

  401
4.010000000000003e-01
4.012763932022503e-01
4.017236067977503e-01
4.020000000000003e-01

  402
4.020000000000003e-01
4.022763932022503e-01
4.027236067977503e-01
4.030000000000003e-01

  403
4.030000000000003e-01
4.032763932022503e-01
4.037236067977503e-01
4.040000000000003e-01

  404
4.040000000000003e-01
4.042763932022503e-01
4.047236067977503e-01
4.050000000000003e-01

  405
4.050000000000003e-01
4.052763932022503e-01
4.057236067977503e-01
4.060000000000003e-01

  406
4.060000000000003e-01
4.062763932022503e-01
4.067236067977503e-01
4.070000000000003e-01

  407
4.070000000000003e-01
4.072763932022503e-01
4.077236067977503e-01
4.080000000000003e-01

  408
4.080000000000003e-01
4.082763932022503e-01
4.087236067977503e-01
4.090000000000003e-01

  409
4.090000000000003e-01
4.092763932022503e-01
4.097236067977503e-01
4.100000000000003e-01

  410
4.100000000000003e-01
4.102763932022503e-01
4.107236067977503e-01
4.110000000000003e-01

  411
4.110000000000003e-01
4.112763932022503e-01
4.117236067977503e-01
4.120000000000003e-01

  412
4.120000000000003e-01
4.122763932022503e-01
4.127236067977503e-01
4.130000000000003e-01

  413
4.130000000000003e-01
4.132763932022503e-01
4.137236067977503e-01
4.140000000000003e-01

  414
4.140000000000003e-01
4.142763932022503e-01
4.147236067977503e-01
4.150000000000003e-01

  415
4.150000000000003e-01
4.152763932022503e-01
4.157236067977503e-01
4.160000000000003e-01

  416
4.160000000000003e-01
4.162763932022503e-01
4.167236067977503e-01
4.170000000000003e-01

  417
4.170000000000003e-01
4.172763932022504e-01
4.177236067977503e-01
4.180000000000003e-01

  418
4.180000000000003e-01
4.182763932022504e-01
4.187236067977503e-01
4.190000000000003e-01

  419
4.190000000000003e-01
4.192763932022504e-01
4.197236067977503e-01
4.200000000000003e-01

  420
4.200000000000003e-01
4.202763932022504e-01
4.207236067977503e-01
4.210000000000003e-01

  421
4.210000000000003e-01
4.212763932022504e-01
4.217236067977503e-01
4.220000000000003e-01

  422
4.220000000000003e-01
4.222763932022504e-01
4.227236067977503e-01
4.230000000000003e-01

  423
4.230000000000003e-01
4.232763932022504e-01
4.237236067977503e-01
4.240000000000003e-01

  424
4.240000000000003e-01
4.242763932022504e-01
4.247236067977503e-01
4.250000000000003e-01

  425
4.250000000000003e-01
4.252763932022504e-01
4.257236067977503e-01
4.260000000000003e-01

  426
4.260000000000003e-01
4.262763932022504e-01
4.267236067977503e-01
4.270000000000003e-01

  427
4.270000000000003e-01
4.272763932022504e-01
4.277236067977503e-01
4.280000000000003e-01

  428
4.280000000000003e-01
4.282763932022504e-01
4.287236067977503e-01
4.290000000000003e-01

  429
4.290000000000003e-01
4.292763932022504e-01
4.297236067977503e-01
4.300000000000003e-01

  430
4.300000000000003e-01
4.302763932022504e-01
4.307236067977503e-01
4.310000000000003e-01

  431
4.310000000000003e-01
4.312763932022504e-01
4.317236067977503e-01
4.320000000000003e-01

  432
4.320000000000003e-01
4.322763932022504e-01
4.327236067977503e-01
4.330000000000003e-01

  433
4.330000000000003e-01
4.332763932022504e-01
4.337236067977503e-01
4.340000000000003e-01

  434
4.340000000000003e-01
4.342763932022504e-01
4.347236067977503e-01
4.350000000000003e-01

  435
4.350000000000003e-01
4.352763932022504e-01
4.357236067977503e-01
4.360000000000003e-01

  436
4.360000000000003e-01
4.362763932022504e-01
4.367236067977503e-01
4.370000000000003e-01

  437
4.370000000000003e-01
4.372763932022504e-01
4.377236067977503e-01
4.380000000000003e-01

  438
4.380000000000003e-01
4.382763932022504e-01
4.387236067977503e-01
4.390000000000003e-01

  439
4.390000000000003e-01
4.392763932022504e-01
4.397236067977503e-01
4.400000000000003e-01

  440
4.400000000000003e-01
4.402763932022504e-01
4.407236067977503e-01
4.410000000000003e-01

  441
4.410000000000003e-01
4.412763932022504e-01
4.417236067977503e-01
4.420000000000003e-01

  442
4.420000000000003e-01
4.422763932022504e-01
4.427236067977503e-01
4.430000000000003e-01

  443
4.430000000000003e-01
4.432763932022504e-01
4.437236067977503e-01
4.440000000000003e-01

  444
4.440000000000003e-01
4.442763932022504e-01
4.447236067977503e-01
4.450000000000003e-01

  445
4.450000000000003e-01
4.452763932022504e-01
4.457236067977503e-01
4.460000000000003e-01

  446
4.460000000000003e-01
4.462763932022504e-01
4.467236067977503e-01
4.470000000000003e-01

  447
4.470000000000003e-01
4.472763932022504e-01
4.477236067977503e-01
4.480000000000003e-01

  448
4.480000000000003e-01
4.482763932022504e-01
4.487236067977503e-01
4.490000000000003e-01

  449
4.490000000000003e-01
4.492763932022504e-01
4.497236067977503e-01
4.500000000000003e-01

  450
4.500000000000003e-01
4.502763932022504e-01
4.507236067977503e-01
4.510000000000003e-01

  451
4.510000000000003e-01
4.512763932022504e-01
4.517236067977503e-01
4.520000000000003e-01

  452
4.520000000000003e-01
4.522763932022504e-01
4.527236067977503e-01
4.530000000000003e-01

  453
4.530000000000003e-01
4.532763932022504e-01
4.537236067977503e-01
4.540000000000003e-01

  454
4.540000000000003e-01
4.542763932022504e-01
4.547236067977503e-01
4.550000000000003e-01

  455
4.550000000000003e-01
4.552763932022504e-01
4.557236067977503e-01
4.560000000000003e-01

  456
4.560000000000003e-01
4.562763932022504e-01
4.567236067977503e-01
4.570000000000004e-01

  457
4.570000000000004e-01
4.572763932022504e-01
4.577236067977503e-01
4.580000000000004e-01

  458
4.580000000000004e-01
4.582763932022504e-01
4.587236067977503e-01
4.590000000000004e-01

  459
4.590000000000004e-01
4.592763932022504e-01
4.597236067977503e-01
4.600000000000004e-01

  460
4.600000000000004e-01
4.602763932022504e-01
4.607236067977503e-01
4.610000000000004e-01

  461
4.610000000000004e-01
4.612763932022504e-01
4.617236067977503e-01
4.620000000000004e-01

  462
4.620000000000004e-01
4.622763932022504e-01
4.627236067977503e-01
4.630000000000004e-01

  463
4.630000000000004e-01
4.632763932022504e-01
4.637236067977503e-01
4.640000000000004e-01

  464
4.640000000000004e-01
4.642763932022504e-01
4.647236067977503e-01
4.650000000000004e-01

  465
4.650000000000004e-01
4.652763932022504e-01
4.657236067977503e-01
4.660000000000004e-01

  466
4.660000000000004e-01
4.662763932022504e-01
4.667236067977503e-01
4.670000000000004e-01

  467
4.670000000000004e-01
4.672763932022504e-01
4.677236067977503e-01
4.680000000000004e-01

  468
4.680000000000004e-01
4.682763932022504e-01
4.687236067977503e-01
4.690000000000004e-01

  469
4.690000000000004e-01
4.692763932022504e-01
4.697236067977503e-01
4.700000000000004e-01

  470
4.700000000000004e-01
4.702763932022504e-01
4.707236067977503e-01
4.710000000000004e-01

  471
4.710000000000004e-01
4.712763932022504e-01
4.717236067977503e-01
4.720000000000004e-01

  472
4.720000000000004e-01
4.722763932022504e-01
4.727236067977503e-01
4.730000000000004e-01

  473
4.730000000000004e-01
4.732763932022504e-01
4.737236067977503e-01
4.740000000000004e-01

  474
4.740000000000004e-01
4.742763932022504e-01
4.747236067977503e-01
4.750000000000004e-01

  475
4.750000000000004e-01
4.752763932022504e-01
4.757236067977503e-01
4.760000000000004e-01

  476
4.760000000000004e-01
4.762763932022504e-01
4.767236067977503e-01
4.770000000000004e-01

  477
4.770000000000004e-01
4.772763932022504e-01
4.777236067977503e-01
4.780000000000004e-01

  478
4.780000000000004e-01
4.782763932022504e-01
4.787236067977503e-01
4.790000000000004e-01

  479
4.790000000000004e-01
4.792763932022504e-01
4.797236067977503e-01
4.800000000000004e-01

  480
4.800000000000004e-01
4.802763932022504e-01
4.807236067977503e-01
4.810000000000004e-01

  481
4.810000000000004e-01
4.812763932022504e-01
4.817236067977503e-01
4.820000000000004e-01

  482
4.820000000000004e-01
4.822763932022504e-01
4.827236067977503e-01
4.830000000000004e-01

  483
4.830000000000004e-01
4.832763932022504e-01
4.837236067977503e-01
4.840000000000004e-01

  484
4.840000000000004e-01
4.842763932022504e-01
4.847236067977503e-01
4.850000000000004e-01

  485
4.850000000000004e-01
4.852763932022504e-01
4.857236067977503e-01
4.860000000000004e-01

  486
4.860000000000004e-01
4.862763932022504e-01
4.867236067977503e-01
4.870000000000004e-01

  487
4.870000000000004e-01
4.872763932022504e-01
4.877236067977503e-01
4.880000000000004e-01

  488
4.880000000000004e-01
4.882763932022504e-01
4.887236067977503e-01
4.890000000000004e-01

  489
4.890000000000004e-01
4.892763932022504e-01
4.897236067977503e-01
4.900000000000004e-01

  490
4.900000000000004e-01
4.902763932022504e-01
4.907236067977503e-01
4.910000000000004e-01

  491
4.910000000000004e-01
4.912763932022504e-01
4.917236067977503e-01
4.920000000000004e-01

  492
4.920000000000004e-01
4.922763932022504e-01
4.927236067977503e-01
4.930000000000004e-01

  493
4.930000000000004e-01
4.932763932022504e-01
4.937236067977503e-01
4.940000000000004e-01

  494
4.940000000000004e-01
4.942763932022504e-01
4.947236067977503e-01
4.950000000000004e-01

  495
4.950000000000004e-01
4.952763932022504e-01
4.957236067977503e-01
4.960000000000004e-01

  496
4.960000000000004e-01
4.962763932022504e-01
4.967236067977503e-01
4.970000000000004e-01

  497
4.970000000000004e-01
4.972763932022504e-01
4.977236067977504e-01
4.980000000000004e-01

  498
4.980000000000004e-01
4.982763932022504e-01
4.987236067977504e-01
4.990000000000004e-01

  499
4.990000000000004e-01
4.992763932022504e-01
4.997236067977504e-01
5.000000000000003e-01

  500
5.000000000000003e-01
5.002763932022504e-01
5.007236067977503e-01
5.010000000000003e-01

  501
5.010000000000003e-01
5.012763932022504e-01
5.017236067977503e-01
5.020000000000003e-01

  502
5.020000000000003e-01
5.022763932022504e-01
5.027236067977503e-01
5.030000000000003e-01

  503
5.030000000000003e-01
5.032763932022504e-01
5.037236067977503e-01
5.040000000000003e-01

  504
5.040000000000003e-01
5.042763932022504e-01
5.047236067977503e-01
5.050000000000003e-01

  505
5.050000000000003e-01
5.052763932022504e-01
5.057236067977503e-01
5.060000000000003e-01

  506
5.060000000000003e-01
5.062763932022504e-01
5.067236067977503e-01
5.070000000000003e-01

  507
5.070000000000003e-01
5.072763932022504e-01
5.077236067977503e-01
5.080000000000003e-01

  508
5.080000000000003e-01
5.082763932022504e-01
5.087236067977503e-01
5.090000000000003e-01

  509
5.090000000000003e-01
5.092763932022504e-01
5.097236067977503e-01
5.100000000000003e-01

  510
5.100000000000003e-01
5.102763932022504e-01
5.107236067977503e-01
5.110000000000003e-01

  511
5.110000000000003e-01
5.112763932022504e-01
5.117236067977503e-01
5.120000000000003e-01

  512
5.120000000000003e-01
5.122763932022504e-01
5.127236067977503e-01
5.130000000000003e-01

  513
5.130000000000003e-01
5.132763932022504e-01
5.137236067977503e-01
5.140000000000003e-01

  514
5.140000000000003e-01
5.142763932022504e-01
5.147236067977503e-01
5.150000000000003e-01

  515
5.150000000000003e-01
5.152763932022504e-01
5.157236067977503e-01
5.160000000000003e-01

  516
5.160000000000003e-01
5.162763932022504e-01
5.167236067977503e-01
5.170000000000003e-01

  517
5.170000000000003e-01
5.172763932022504e-01
5.177236067977503e-01
5.180000000000003e-01

  518
5.180000000000003e-01
5.182763932022504e-01
5.187236067977503e-01
5.190000000000003e-01

  519
5.190000000000003e-01
5.192763932022504e-01
5.197236067977503e-01
5.200000000000004e-01

  520
5.200000000000004e-01
5.202763932022504e-01
5.207236067977503e-01
5.210000000000004e-01

  521
5.210000000000004e-01
5.212763932022504e-01
5.217236067977503e-01
5.220000000000004e-01

  522
5.220000000000004e-01
5.222763932022504e-01
5.227236067977503e-01
5.230000000000004e-01

  523
5.230000000000004e-01
5.232763932022504e-01
5.237236067977503e-01
5.240000000000004e-01

  524
5.240000000000004e-01
5.242763932022504e-01
5.247236067977503e-01
5.250000000000004e-01

  525
5.250000000000004e-01
5.252763932022504e-01
5.257236067977503e-01
5.260000000000004e-01

  526
5.260000000000004e-01
5.262763932022504e-01
5.267236067977503e-01
5.270000000000004e-01

  527
5.270000000000004e-01
5.272763932022504e-01
5.277236067977503e-01
5.280000000000004e-01

  528
5.280000000000004e-01
5.282763932022504e-01
5.287236067977503e-01
5.290000000000004e-01

  529
5.290000000000004e-01
5.292763932022504e-01
5.297236067977503e-01
5.300000000000004e-01

  530
5.300000000000004e-01
5.302763932022504e-01
5.307236067977503e-01
5.310000000000004e-01

  531
5.310000000000004e-01
5.312763932022504e-01
5.317236067977503e-01
5.320000000000004e-01

  532
5.320000000000004e-01
5.322763932022504e-01
5.327236067977503e-01
5.330000000000004e-01

  533
5.330000000000004e-01
5.332763932022504e-01
5.337236067977503e-01
5.340000000000004e-01

  534
5.340000000000004e-01
5.342763932022504e-01
5.347236067977503e-01
5.350000000000004e-01

  535
5.350000000000004e-01
5.352763932022504e-01
5.357236067977503e-01
5.360000000000004e-01

  536
5.360000000000004e-01
5.362763932022504e-01
5.367236067977503e-01
5.370000000000004e-01

  537
5.370000000000004e-01
5.372763932022504e-01
5.377236067977503e-01
5.380000000000004e-01

  538
5.380000000000004e-01
5.382763932022504e-01
5.387236067977503e-01
5.390000000000004e-01

  539
5.390000000000004e-01
5.392763932022504e-01
5.397236067977503e-01
5.400000000000004e-01

  540
5.400000000000004e-01
5.402763932022504e-01
5.407236067977503e-01
5.410000000000004e-01

  541
5.410000000000004e-01
5.412763932022504e-01
5.417236067977503e-01
5.420000000000004e-01

  542
5.420000000000004e-01
5.422763932022504e-01
5.427236067977503e-01
5.430000000000004e-01

  543
5.430000000000004e-01
5.432763932022504e-01
5.437236067977503e-01
5.440000000000004e-01

  544
5.440000000000004e-01
5.442763932022504e-01
5.447236067977503e-01
5.450000000000004e-01

  545
5.450000000000004e-01
5.452763932022504e-01
5.457236067977503e-01
5.460000000000004e-01

  546
5.460000000000004e-01
5.462763932022504e-01
5.467236067977503e-01
5.470000000000004e-01

  547
5.470000000000004e-01
5.472763932022504e-01
5.477236067977503e-01
5.480000000000004e-01

  548
5.480000000000004e-01
5.482763932022504e-01
5.487236067977503e-01
5.490000000000004e-01

  549
5.490000000000004e-01
5.492763932022504e-01
5.497236067977503e-01
5.500000000000004e-01

  550
5.500000000000004e-01
5.502763932022504e-01
5.507236067977503e-01
5.510000000000004e-01

  551
5.510000000000004e-01
5.512763932022504e-01
5.517236067977503e-01
5.520000000000004e-01

  552
5.520000000000004e-01
5.522763932022504e-01
5.527236067977503e-01
5.530000000000004e-01

  553
5.530000000000004e-01
5.532763932022504e-01
5.537236067977503e-01
5.540000000000004e-01

  554
5.540000000000004e-01
5.542763932022504e-01
5.547236067977503e-01
5.550000000000004e-01

  555
5.550000000000004e-01
5.552763932022504e-01
5.557236067977503e-01
5.560000000000004e-01

  556
5.560000000000004e-01
5.562763932022504e-01
5.567236067977503e-01
5.570000000000004e-01

  557
5.570000000000004e-01
5.572763932022504e-01
5.577236067977503e-01
5.580000000000004e-01

  558
5.580000000000004e-01
5.582763932022504e-01
5.587236067977503e-01
5.590000000000004e-01

  559
5.590000000000004e-01
5.592763932022504e-01
5.597236067977504e-01
5.600000000000004e-01

  560
5.600000000000004e-01
5.602763932022504e-01
5.607236067977504e-01
5.610000000000004e-01

  561
5.610000000000004e-01
5.612763932022504e-01
5.617236067977504e-01
5.620000000000004e-01

  562
5.620000000000004e-01
5.622763932022504e-01
5.627236067977504e-01
5.630000000000004e-01

  563
5.630000000000004e-01
5.632763932022504e-01
5.637236067977504e-01
5.640000000000004e-01

  564
5.640000000000004e-01
5.642763932022504e-01
5.647236067977504e-01
5.650000000000004e-01

  565
5.650000000000004e-01
5.652763932022504e-01
5.657236067977504e-01
5.660000000000004e-01

  566
5.660000000000004e-01
5.662763932022504e-01
5.667236067977504e-01
5.670000000000004e-01

  567
5.670000000000004e-01
5.672763932022504e-01
5.677236067977504e-01
5.680000000000004e-01

  568
5.680000000000004e-01
5.682763932022504e-01
5.687236067977504e-01
5.690000000000004e-01

  569
5.690000000000004e-01
5.692763932022504e-01
5.697236067977504e-01
5.700000000000004e-01

  570
5.700000000000004e-01
5.702763932022504e-01
5.707236067977504e-01
5.710000000000004e-01

  571
5.710000000000004e-01
5.712763932022504e-01
5.717236067977504e-01
5.720000000000004e-01

  572
5.720000000000004e-01
5.722763932022504e-01
5.727236067977504e-01
5.730000000000004e-01

  573
5.730000000000004e-01
5.732763932022504e-01
5.737236067977504e-01
5.740000000000004e-01

  574
5.740000000000004e-01
5.742763932022504e-01
5.747236067977504e-01
5.750000000000004e-01

  575
5.750000000000004e-01
5.752763932022504e-01
5.757236067977504e-01
5.760000000000004e-01

  576
5.760000000000004e-01
5.762763932022504e-01
5.767236067977504e-01
5.770000000000004e-01

  577
5.770000000000004e-01
5.772763932022504e-01
5.777236067977504e-01
5.780000000000004e-01

  578
5.780000000000004e-01
5.782763932022504e-01
5.787236067977504e-01
5.790000000000004e-01

  579
5.790000000000004e-01
5.792763932022504e-01
5.797236067977504e-01
5.800000000000004e-01

  580
5.800000000000004e-01
5.802763932022504e-01
5.807236067977504e-01
5.810000000000004e-01

  581
5.810000000000004e-01
5.812763932022504e-01
5.817236067977504e-01
5.820000000000004e-01

  582
5.820000000000004e-01
5.822763932022504e-01
5.827236067977504e-01
5.830000000000004e-01

  583
5.830000000000004e-01
5.832763932022504e-01
5.837236067977504e-01
5.840000000000004e-01

  584
5.840000000000004e-01
5.842763932022504e-01
5.847236067977504e-01
5.850000000000004e-01

  585
5.850000000000004e-01
5.852763932022504e-01
5.857236067977504e-01
5.860000000000004e-01

  586
5.860000000000004e-01
5.862763932022504e-01
5.867236067977504e-01
5.870000000000004e-01

  587
5.870000000000004e-01
5.872763932022504e-01
5.877236067977504e-01
5.880000000000004e-01

  588
5.880000000000004e-01
5.882763932022504e-01
5.887236067977504e-01
5.890000000000004e-01

  589
5.890000000000004e-01
5.892763932022504e-01
5.897236067977504e-01
5.900000000000004e-01

  590
5.900000000000004e-01
5.902763932022504e-01
5.907236067977504e-01
5.910000000000004e-01

  591
5.910000000000004e-01
5.912763932022504e-01
5.917236067977504e-01
5.920000000000004e-01

  592
5.920000000000004e-01
5.922763932022505e-01
5.927236067977504e-01
5.930000000000004e-01

  593
5.930000000000004e-01
5.932763932022505e-01
5.937236067977504e-01
5.940000000000004e-01

  594
5.940000000000004e-01
5.942763932022505e-01
5.947236067977504e-01
5.950000000000004e-01

  595
5.950000000000004e-01
5.952763932022505e-01
5.957236067977504e-01
5.960000000000004e-01

  596
5.960000000000004e-01
5.962763932022505e-01
5.967236067977504e-01
5.970000000000004e-01

  597
5.970000000000004e-01
5.972763932022505e-01
5.977236067977504e-01
5.980000000000004e-01

  598
5.980000000000004e-01
5.982763932022505e-01
5.987236067977504e-01
5.990000000000004e-01

  599
5.990000000000004e-01
5.992763932022505e-01
5.997236067977504e-01
6.000000000000004e-01

  600
6.000000000000004e-01
6.002763932022505e-01
6.007236067977504e-01
6.010000000000004e-01

  601
6.010000000000004e-01
6.012763932022505e-01
6.017236067977504e-01
6.020000000000004e-01

  602
6.020000000000004e-01
6.022763932022505e-01
6.027236067977504e-01
6.030000000000004e-01

  603
6.030000000000004e-01
6.032763932022505e-01
6.037236067977504e-01
6.040000000000004e-01

  604
6.040000000000004e-01
6.042763932022505e-01
6.047236067977504e-01
6.050000000000004e-01

  605
6.050000000000004e-01
6.052763932022505e-01
6.057236067977504e-01
6.060000000000004e-01

  606
6.060000000000004e-01
6.062763932022505e-01
6.067236067977504e-01
6.070000000000004e-01

  607
6.070000000000004e-01
6.072763932022505e-01
6.077236067977504e-01
6.080000000000004e-01

  608
6.080000000000004e-01
6.082763932022505e-01
6.087236067977504e-01
6.090000000000004e-01

  609
6.090000000000004e-01
6.092763932022505e-01
6.097236067977504e-01
6.100000000000004e-01

  610
6.100000000000004e-01
6.102763932022505e-01
6.107236067977504e-01
6.110000000000004e-01

  611
6.110000000000004e-01
6.112763932022505e-01
6.117236067977504e-01
6.120000000000004e-01

  612
6.120000000000004e-01
6.122763932022505e-01
6.127236067977504e-01
6.130000000000004e-01

  613
6.130000000000004e-01
6.132763932022505e-01
6.137236067977504e-01
6.140000000000004e-01

  614
6.140000000000004e-01
6.142763932022505e-01
6.147236067977504e-01
6.150000000000004e-01

  615
6.150000000000004e-01
6.152763932022505e-01
6.157236067977504e-01
6.160000000000004e-01

  616
6.160000000000004e-01
6.162763932022505e-01
6.167236067977504e-01
6.170000000000004e-01

  617
6.170000000000004e-01
6.172763932022505e-01
6.177236067977504e-01
6.180000000000004e-01

  618
6.180000000000004e-01
6.182763932022505e-01
6.187236067977504e-01
6.190000000000004e-01

  619
6.190000000000004e-01
6.192763932022505e-01
6.197236067977504e-01
6.200000000000004e-01

  620
6.200000000000004e-01
6.202763932022505e-01
6.207236067977504e-01
6.210000000000004e-01

  621
6.210000000000004e-01
6.212763932022505e-01
6.217236067977504e-01
6.220000000000004e-01

  622
6.220000000000004e-01
6.222763932022505e-01
6.227236067977504e-01
6.230000000000004e-01

  623
6.230000000000004e-01
6.232763932022505e-01
6.237236067977504e-01
6.240000000000004e-01

  624
6.240000000000004e-01
6.242763932022505e-01
6.247236067977504e-01
6.250000000000004e-01

  625
6.250000000000004e-01
6.252763932022505e-01
6.257236067977504e-01
6.260000000000004e-01

  626
6.260000000000004e-01
6.262763932022505e-01
6.267236067977504e-01
6.270000000000004e-01

  627
6.270000000000004e-01
6.272763932022505e-01
6.277236067977504e-01
6.280000000000004e-01

  628
6.280000000000004e-01
6.282763932022505e-01
6.287236067977504e-01
6.290000000000004e-01

  629
6.290000000000004e-01
6.292763932022505e-01
6.297236067977504e-01
6.300000000000004e-01

  630
6.300000000000004e-01
6.302763932022505e-01
6.307236067977504e-01
6.310000000000004e-01

  631
6.310000000000004e-01
6.312763932022505e-01
6.317236067977504e-01
6.320000000000005e-01

  632
6.320000000000005e-01
6.322763932022505e-01
6.327236067977504e-01
6.330000000000005e-01

  633
6.330000000000005e-01
6.332763932022505e-01
6.337236067977504e-01
6.340000000000005e-01

  634
6.340000000000005e-01
6.342763932022505e-01
6.347236067977504e-01
6.350000000000005e-01

  635
6.350000000000005e-01
6.352763932022505e-01
6.357236067977504e-01
6.360000000000005e-01

  636
6.360000000000005e-01
6.362763932022505e-01
6.367236067977504e-01
6.370000000000005e-01

  637
6.370000000000005e-01
6.372763932022505e-01
6.377236067977504e-01
6.380000000000005e-01

  638
6.380000000000005e-01
6.382763932022505e-01
6.387236067977504e-01
6.390000000000005e-01

  639
6.390000000000005e-01
6.392763932022505e-01
6.397236067977504e-01
6.400000000000005e-01

  640
6.400000000000005e-01
6.402763932022505e-01
6.407236067977504e-01
6.410000000000005e-01

  641
6.410000000000005e-01
6.412763932022505e-01
6.417236067977504e-01
6.420000000000005e-01

  642
6.420000000000005e-01
6.422763932022505e-01
6.427236067977504e-01
6.430000000000005e-01

  643
6.430000000000005e-01
6.432763932022505e-01
6.437236067977504e-01
6.440000000000005e-01

  644
6.440000000000005e-01
6.442763932022505e-01
6.447236067977504e-01
6.450000000000005e-01

  645
6.450000000000005e-01
6.452763932022505e-01
6.457236067977504e-01
6.460000000000005e-01

  646
6.460000000000005e-01
6.462763932022505e-01
6.467236067977504e-01
6.470000000000005e-01

  647
6.470000000000005e-01
6.472763932022505e-01
6.477236067977504e-01
6.480000000000005e-01

  648
6.480000000000005e-01
6.482763932022505e-01
6.487236067977504e-01
6.490000000000005e-01

  649
6.490000000000005e-01
6.492763932022505e-01
6.497236067977504e-01
6.500000000000005e-01

  650
6.500000000000005e-01
6.502763932022505e-01
6.507236067977504e-01
6.510000000000005e-01

  651
6.510000000000005e-01
6.512763932022505e-01
6.517236067977504e-01
6.520000000000005e-01

  652
6.520000000000005e-01
6.522763932022505e-01
6.527236067977504e-01
6.530000000000005e-01

  653
6.530000000000005e-01
6.532763932022505e-01
6.537236067977504e-01
6.540000000000005e-01

  654
6.540000000000005e-01
6.542763932022505e-01
6.547236067977504e-01
6.550000000000005e-01

  655
6.550000000000005e-01
6.552763932022505e-01
6.557236067977504e-01
6.560000000000005e-01

  656
6.560000000000005e-01
6.562763932022505e-01
6.567236067977504e-01
6.570000000000005e-01

  657
6.570000000000005e-01
6.572763932022505e-01
6.577236067977504e-01
6.580000000000005e-01

  658
6.580000000000005e-01
6.582763932022505e-01
6.587236067977504e-01
6.590000000000005e-01

  659
6.590000000000005e-01
6.592763932022505e-01
6.597236067977504e-01
6.600000000000005e-01

  660
6.600000000000005e-01
6.602763932022505e-01
6.607236067977504e-01
6.610000000000005e-01

  661
6.610000000000005e-01
6.612763932022505e-01
6.617236067977504e-01
6.620000000000005e-01

  662
6.620000000000005e-01
6.622763932022505e-01
6.627236067977504e-01
6.630000000000005e-01

  663
6.630000000000005e-01
6.632763932022505e-01
6.637236067977504e-01
6.640000000000005e-01

  664
6.640000000000005e-01
6.642763932022505e-01
6.647236067977504e-01
6.650000000000005e-01

  665
6.650000000000005e-01
6.652763932022505e-01
6.657236067977504e-01
6.660000000000005e-01

  666
6.660000000000005e-01
6.662763932022505e-01
6.667236067977504e-01
6.670000000000005e-01

  667
6.670000000000005e-01
6.672763932022505e-01
6.677236067977504e-01
6.680000000000005e-01

  668
6.680000000000005e-01
6.682763932022505e-01
6.687236067977504e-01
6.690000000000005e-01

  669
6.690000000000005e-01
6.692763932022505e-01
6.697236067977504e-01
6.700000000000005e-01

  670
6.700000000000005e-01
6.702763932022505e-01
6.707236067977504e-01
6.710000000000005e-01

  671
6.710000000000005e-01
6.712763932022505e-01
6.717236067977504e-01
6.720000000000005e-01

  672
6.720000000000005e-01
6.722763932022505e-01
6.727236067977505e-01
6.730000000000005e-01

  673
6.730000000000005e-01
6.732763932022505e-01
6.737236067977505e-01
6.740000000000005e-01

  674
6.740000000000005e-01
6.742763932022505e-01
6.747236067977505e-01
6.750000000000005e-01

  675
6.750000000000005e-01
6.752763932022505e-01
6.757236067977505e-01
6.760000000000005e-01

  676
6.760000000000005e-01
6.762763932022505e-01
6.767236067977505e-01
6.770000000000005e-01

  677
6.770000000000005e-01
6.772763932022505e-01
6.777236067977505e-01
6.780000000000005e-01

  678
6.780000000000005e-01
6.782763932022505e-01
6.787236067977505e-01
6.790000000000005e-01

  679
6.790000000000005e-01
6.792763932022505e-01
6.797236067977505e-01
6.800000000000005e-01

  680
6.800000000000005e-01
6.802763932022505e-01
6.807236067977505e-01
6.810000000000005e-01

  681
6.810000000000005e-01
6.812763932022505e-01
6.817236067977505e-01
6.820000000000005e-01

  682
6.820000000000005e-01
6.822763932022505e-01
6.827236067977505e-01
6.830000000000005e-01

  683
6.830000000000005e-01
6.832763932022505e-01
6.837236067977505e-01
6.840000000000005e-01

  684
6.840000000000005e-01
6.842763932022505e-01
6.847236067977505e-01
6.850000000000005e-01

  685
6.850000000000005e-01
6.852763932022505e-01
6.857236067977505e-01
6.860000000000005e-01

  686
6.860000000000005e-01
6.862763932022505e-01
6.867236067977505e-01
6.870000000000005e-01

  687
6.870000000000005e-01
6.872763932022505e-01
6.877236067977505e-01
6.880000000000005e-01

  688
6.880000000000005e-01
6.882763932022505e-01
6.887236067977505e-01
6.890000000000005e-01

  689
6.890000000000005e-01
6.892763932022505e-01
6.897236067977505e-01
6.900000000000005e-01

  690
6.900000000000005e-01
6.902763932022505e-01
6.907236067977505e-01
6.910000000000005e-01

  691
6.910000000000005e-01
6.912763932022505e-01
6.917236067977505e-01
6.920000000000005e-01

  692
6.920000000000005e-01
6.922763932022505e-01
6.927236067977505e-01
6.930000000000005e-01

  693
6.930000000000005e-01
6.932763932022505e-01
6.937236067977505e-01
6.940000000000005e-01

  694
6.940000000000005e-01
6.942763932022505e-01
6.947236067977505e-01
6.950000000000005e-01

  695
6.950000000000005e-01
6.952763932022505e-01
6.957236067977505e-01
6.960000000000005e-01

  696
6.960000000000005e-01
6.962763932022505e-01
6.967236067977505e-01
6.970000000000005e-01

  697
6.970000000000005e-01
6.972763932022505e-01
6.977236067977505e-01
6.980000000000005e-01

  698
6.980000000000005e-01
6.982763932022505e-01
6.987236067977505e-01
6.990000000000005e-01

  699
6.990000000000005e-01
6.992763932022505e-01
6.997236067977505e-01
7.000000000000005e-01

  700
7.000000000000005e-01
7.002763932022505e-01
7.007236067977505e-01
7.010000000000005e-01

  701
7.010000000000005e-01
7.012763932022505e-01
7.017236067977505e-01
7.020000000000005e-01

  702
7.020000000000005e-01
7.022763932022505e-01
7.027236067977505e-01
7.030000000000005e-01

  703
7.030000000000005e-01
7.032763932022505e-01
7.037236067977505e-01
7.040000000000005e-01

  704
7.040000000000005e-01
7.042763932022506e-01
7.047236067977505e-01
7.050000000000005e-01

  705
7.050000000000005e-01
7.052763932022506e-01
7.057236067977505e-01
7.060000000000005e-01

  706
7.060000000000005e-01
7.062763932022506e-01
7.067236067977505e-01
7.070000000000005e-01

  707
7.070000000000005e-01
7.072763932022506e-01
7.077236067977505e-01
7.080000000000005e-01

  708
7.080000000000005e-01
7.082763932022506e-01
7.087236067977505e-01
7.090000000000005e-01

  709
7.090000000000005e-01
7.092763932022506e-01
7.097236067977505e-01
7.100000000000005e-01

  710
7.100000000000005e-01
7.102763932022506e-01
7.107236067977505e-01
7.110000000000005e-01

  711
7.110000000000005e-01
7.112763932022506e-01
7.117236067977505e-01
7.120000000000005e-01

  712
7.120000000000005e-01
7.122763932022506e-01
7.127236067977505e-01
7.130000000000005e-01

  713
7.130000000000005e-01
7.132763932022506e-01
7.137236067977505e-01
7.140000000000005e-01

  714
7.140000000000005e-01
7.142763932022506e-01
7.147236067977505e-01
7.150000000000005e-01

  715
7.150000000000005e-01
7.152763932022506e-01
7.157236067977505e-01
7.160000000000005e-01

  716
7.160000000000005e-01
7.162763932022506e-01
7.167236067977505e-01
7.170000000000005e-01

  717
7.170000000000005e-01
7.172763932022506e-01
7.177236067977505e-01
7.180000000000005e-01

  718
7.180000000000005e-01
7.182763932022506e-01
7.187236067977505e-01
7.190000000000005e-01

  719
7.190000000000005e-01
7.192763932022506e-01
7.197236067977505e-01
7.200000000000005e-01

  720
7.200000000000005e-01
7.202763932022506e-01
7.207236067977505e-01
7.210000000000005e-01

  721
7.210000000000005e-01
7.212763932022506e-01
7.217236067977505e-01
7.220000000000005e-01

  722
7.220000000000005e-01
7.222763932022506e-01
7.227236067977505e-01
7.230000000000005e-01

  723
7.230000000000005e-01
7.232763932022506e-01
7.237236067977505e-01
7.240000000000005e-01

  724
7.240000000000005e-01
7.242763932022506e-01
7.247236067977505e-01
7.250000000000005e-01

  725
7.250000000000005e-01
7.252763932022506e-01
7.257236067977505e-01
7.260000000000005e-01

  726
7.260000000000005e-01
7.262763932022506e-01
7.267236067977505e-01
7.270000000000005e-01

  727
7.270000000000005e-01
7.272763932022506e-01
7.277236067977505e-01
7.280000000000005e-01

  728
7.280000000000005e-01
7.282763932022506e-01
7.287236067977505e-01
7.290000000000005e-01

  729
7.290000000000005e-01
7.292763932022506e-01
7.297236067977505e-01
7.300000000000005e-01

  730
7.300000000000005e-01
7.302763932022506e-01
7.307236067977505e-01
7.310000000000005e-01

  731
7.310000000000005e-01
7.312763932022506e-01
7.317236067977505e-01
7.320000000000005e-01

  732
7.320000000000005e-01
7.322763932022506e-01
7.327236067977505e-01
7.330000000000005e-01

  733
7.330000000000005e-01
7.332763932022506e-01
7.337236067977505e-01
7.340000000000005e-01

  734
7.340000000000005e-01
7.342763932022506e-01
7.347236067977505e-01
7.350000000000005e-01

  735
7.350000000000005e-01
7.352763932022506e-01
7.357236067977505e-01
7.360000000000005e-01

  736
7.360000000000005e-01
7.362763932022506e-01
7.367236067977505e-01
7.370000000000005e-01

  737
7.370000000000005e-01
7.372763932022506e-01
7.377236067977505e-01
7.380000000000005e-01

  738
7.380000000000005e-01
7.382763932022506e-01
7.387236067977505e-01
7.390000000000005e-01

  739
7.390000000000005e-01
7.392763932022506e-01
7.397236067977505e-01
7.400000000000005e-01

  740
7.400000000000005e-01
7.402763932022506e-01
7.407236067977505e-01
7.410000000000005e-01

  741
7.410000000000005e-01
7.412763932022506e-01
7.417236067977505e-01
7.420000000000005e-01

  742
7.420000000000005e-01
7.422763932022506e-01
7.427236067977505e-01
7.430000000000005e-01

  743
7.430000000000005e-01
7.432763932022506e-01
7.437236067977505e-01
7.440000000000005e-01

  744
7.440000000000005e-01
7.442763932022506e-01
7.447236067977505e-01
7.450000000000006e-01

  745
7.450000000000006e-01
7.452763932022506e-01
7.457236067977505e-01
7.460000000000006e-01

  746
7.460000000000006e-01
7.462763932022506e-01
7.467236067977505e-01
7.470000000000006e-01

  747
7.470000000000006e-01
7.472763932022506e-01
7.477236067977505e-01
7.480000000000006e-01

  748
7.480000000000006e-01
7.482763932022506e-01
7.487236067977505e-01
7.490000000000006e-01

  749
7.490000000000006e-01
7.492763932022506e-01
7.497236067977505e-01
7.500000000000006e-01

  750
7.500000000000006e-01
7.502763932022506e-01
7.507236067977505e-01
7.510000000000006e-01

  751
7.510000000000006e-01
7.512763932022506e-01
7.517236067977505e-01
7.520000000000006e-01

  752
7.520000000000006e-01
7.522763932022506e-01
7.527236067977505e-01
7.530000000000006e-01

  753
7.530000000000006e-01
7.532763932022506e-01
7.537236067977505e-01
7.540000000000006e-01

  754
7.540000000000006e-01
7.542763932022506e-01
7.547236067977505e-01
7.550000000000006e-01

  755
7.550000000000006e-01
7.552763932022506e-01
7.557236067977505e-01
7.560000000000006e-01

  756
7.560000000000006e-01
7.562763932022506e-01
7.567236067977505e-01
7.570000000000006e-01

  757
7.570000000000006e-01
7.572763932022506e-01
7.577236067977505e-01
7.580000000000006e-01

  758
7.580000000000006e-01
7.582763932022506e-01
7.587236067977505e-01
7.590000000000006e-01

  759
7.590000000000006e-01
7.592763932022506e-01
7.597236067977505e-01
7.600000000000006e-01

  760
7.600000000000006e-01
7.602763932022506e-01
7.607236067977505e-01
7.610000000000006e-01

  761
7.610000000000006e-01
7.612763932022506e-01
7.617236067977505e-01
7.620000000000006e-01

  762
7.620000000000006e-01
7.622763932022506e-01
7.627236067977505e-01
7.630000000000006e-01

  763
7.630000000000006e-01
7.632763932022506e-01
7.637236067977505e-01
7.640000000000006e-01

  764
7.640000000000006e-01
7.642763932022506e-01
7.647236067977505e-01
7.650000000000006e-01

  765
7.650000000000006e-01
7.652763932022506e-01
7.657236067977505e-01
7.660000000000006e-01

  766
7.660000000000006e-01
7.662763932022506e-01
7.667236067977505e-01
7.670000000000006e-01

  767
7.670000000000006e-01
7.672763932022506e-01
7.677236067977505e-01
7.680000000000006e-01

  768
7.680000000000006e-01
7.682763932022506e-01
7.687236067977505e-01
7.690000000000006e-01

  769
7.690000000000006e-01
7.692763932022506e-01
7.697236067977505e-01
7.700000000000006e-01

  770
7.700000000000006e-01
7.702763932022506e-01
7.707236067977505e-01
7.710000000000006e-01

  771
7.710000000000006e-01
7.712763932022506e-01
7.717236067977505e-01
7.720000000000006e-01

  772
7.720000000000006e-01
7.722763932022506e-01
7.727236067977505e-01
7.730000000000006e-01

  773
7.730000000000006e-01
7.732763932022506e-01
7.737236067977505e-01
7.740000000000006e-01

  774
7.740000000000006e-01
7.742763932022506e-01
7.747236067977505e-01
7.750000000000006e-01

  775
7.750000000000006e-01
7.752763932022506e-01
7.757236067977505e-01
7.760000000000006e-01

  776
7.760000000000006e-01
7.762763932022506e-01
7.767236067977505e-01
7.770000000000006e-01

  777
7.770000000000006e-01
7.772763932022506e-01
7.777236067977505e-01
7.780000000000006e-01

  778
7.780000000000006e-01
7.782763932022506e-01
7.787236067977505e-01
7.790000000000006e-01

  779
7.790000000000006e-01
7.792763932022506e-01
7.797236067977505e-01
7.800000000000006e-01

  780
7.800000000000006e-01
7.802763932022506e-01
7.807236067977505e-01
7.810000000000006e-01

  781
7.810000000000006e-01
7.812763932022506e-01
7.817236067977505e-01
7.820000000000006e-01

  782
7.820000000000006e-01
7.822763932022506e-01
7.827236067977505e-01
7.830000000000006e-01

  783
7.830000000000006e-01
7.832763932022506e-01
7.837236067977505e-01
7.840000000000006e-01

  784
7.840000000000006e-01
7.842763932022506e-01
7.847236067977506e-01
7.850000000000006e-01

  785
7.850000000000006e-01
7.852763932022506e-01
7.857236067977506e-01
7.860000000000006e-01

  786
7.860000000000006e-01
7.862763932022506e-01
7.867236067977506e-01
7.870000000000006e-01

  787
7.870000000000006e-01
7.872763932022506e-01
7.877236067977506e-01
7.880000000000006e-01

  788
7.880000000000006e-01
7.882763932022506e-01
7.887236067977506e-01
7.890000000000006e-01

  789
7.890000000000006e-01
7.892763932022506e-01
7.897236067977506e-01
7.900000000000006e-01

  790
7.900000000000006e-01
7.902763932022506e-01
7.907236067977506e-01
7.910000000000006e-01

  791
7.910000000000006e-01
7.912763932022506e-01
7.917236067977506e-01
7.920000000000006e-01

  792
7.920000000000006e-01
7.922763932022506e-01
7.927236067977506e-01
7.930000000000006e-01

  793
7.930000000000006e-01
7.932763932022506e-01
7.937236067977506e-01
7.940000000000006e-01

  794
7.940000000000006e-01
7.942763932022506e-01
7.947236067977506e-01
7.950000000000006e-01

  795
7.950000000000006e-01
7.952763932022506e-01
7.957236067977506e-01
7.960000000000006e-01

  796
7.960000000000006e-01
7.962763932022506e-01
7.967236067977506e-01
7.970000000000006e-01

  797
7.970000000000006e-01
7.972763932022506e-01
7.977236067977506e-01
7.980000000000006e-01

  798
7.980000000000006e-01
7.982763932022506e-01
7.987236067977506e-01
7.990000000000006e-01

  799
7.990000000000006e-01
7.992763932022506e-01
7.997236067977506e-01
8.000000000000006e-01

  800
8.000000000000006e-01
8.002763932022506e-01
8.007236067977506e-01
8.010000000000006e-01

  801
8.010000000000006e-01
8.012763932022506e-01
8.017236067977506e-01
8.020000000000006e-01

  802
8.020000000000006e-01
8.022763932022506e-01
8.027236067977506e-01
8.030000000000006e-01

  803
8.030000000000006e-01
8.032763932022506e-01
8.037236067977506e-01
8.040000000000006e-01

  804
8.040000000000006e-01
8.042763932022506e-01
8.047236067977506e-01
8.050000000000006e-01

  805
8.050000000000006e-01
8.052763932022506e-01
8.057236067977506e-01
8.060000000000006e-01

  806
8.060000000000006e-01
8.062763932022506e-01
8.067236067977506e-01
8.070000000000006e-01

  807
8.070000000000006e-01
8.072763932022506e-01
8.077236067977506e-01
8.080000000000006e-01

  808
8.080000000000006e-01
8.082763932022506e-01
8.087236067977506e-01
8.090000000000006e-01

  809
8.090000000000006e-01
8.092763932022506e-01
8.097236067977506e-01
8.100000000000006e-01

  810
8.100000000000006e-01
8.102763932022506e-01
8.107236067977506e-01
8.110000000000006e-01

  811
8.110000000000006e-01
8.112763932022506e-01
8.117236067977506e-01
8.120000000000006e-01

  812
8.120000000000006e-01
8.122763932022506e-01
8.127236067977506e-01
8.130000000000006e-01

  813
8.130000000000006e-01
8.132763932022506e-01
8.137236067977506e-01
8.140000000000006e-01

  814
8.140000000000006e-01
8.142763932022506e-01
8.147236067977506e-01
8.150000000000006e-01

  815
8.150000000000006e-01
8.152763932022506e-01
8.157236067977506e-01
8.160000000000006e-01

  816
8.160000000000006e-01
8.162763932022506e-01
8.167236067977506e-01
8.170000000000006e-01

  817
8.170000000000006e-01
8.172763932022507e-01
8.177236067977506e-01
8.180000000000006e-01

  818
8.180000000000006e-01
8.182763932022507e-01
8.187236067977506e-01
8.190000000000006e-01

  819
8.190000000000006e-01
8.192763932022507e-01
8.197236067977506e-01
8.200000000000006e-01

  820
8.200000000000006e-01
8.202763932022507e-01
8.207236067977506e-01
8.210000000000006e-01

  821
8.210000000000006e-01
8.212763932022507e-01
8.217236067977506e-01
8.220000000000006e-01

  822
8.220000000000006e-01
8.222763932022507e-01
8.227236067977506e-01
8.230000000000006e-01

  823
8.230000000000006e-01
8.232763932022507e-01
8.237236067977506e-01
8.240000000000006e-01

  824
8.240000000000006e-01
8.242763932022507e-01
8.247236067977506e-01
8.250000000000006e-01

  825
8.250000000000006e-01
8.252763932022507e-01
8.257236067977506e-01
8.260000000000006e-01

  826
8.260000000000006e-01
8.262763932022507e-01
8.267236067977506e-01
8.270000000000006e-01

  827
8.270000000000006e-01
8.272763932022507e-01
8.277236067977506e-01
8.280000000000006e-01

  828
8.280000000000006e-01
8.282763932022507e-01
8.287236067977506e-01
8.290000000000006e-01

  829
8.290000000000006e-01
8.292763932022507e-01
8.297236067977506e-01
8.300000000000006e-01

  830
8.300000000000006e-01
8.302763932022507e-01
8.307236067977506e-01
8.310000000000006e-01

  831
8.310000000000006e-01
8.312763932022507e-01
8.317236067977506e-01
8.320000000000006e-01

  832
8.320000000000006e-01
8.322763932022507e-01
8.327236067977506e-01
8.330000000000006e-01

  833
8.330000000000006e-01
8.332763932022507e-01
8.337236067977506e-01
8.340000000000006e-01

  834
8.340000000000006e-01
8.342763932022507e-01
8.347236067977506e-01
8.350000000000006e-01

  835
8.350000000000006e-01
8.352763932022507e-01
8.357236067977506e-01
8.360000000000006e-01

  836
8.360000000000006e-01
8.362763932022507e-01
8.367236067977506e-01
8.370000000000006e-01

  837
8.370000000000006e-01
8.372763932022507e-01
8.377236067977506e-01
8.380000000000006e-01

  838
8.380000000000006e-01
8.382763932022507e-01
8.387236067977506e-01
8.390000000000006e-01

  839
8.390000000000006e-01
8.392763932022507e-01
8.397236067977506e-01
8.400000000000006e-01

  840
8.400000000000006e-01
8.402763932022507e-01
8.407236067977506e-01
8.410000000000006e-01

  841
8.410000000000006e-01
8.412763932022507e-01
8.417236067977506e-01
8.420000000000006e-01

  842
8.420000000000006e-01
8.422763932022507e-01
8.427236067977506e-01
8.430000000000006e-01

  843
8.430000000000006e-01
8.432763932022507e-01
8.437236067977506e-01
8.440000000000006e-01

  844
8.440000000000006e-01
8.442763932022507e-01
8.447236067977506e-01
8.450000000000006e-01

  845
8.450000000000006e-01
8.452763932022507e-01
8.457236067977506e-01
8.460000000000006e-01

  846
8.460000000000006e-01
8.462763932022507e-01
8.467236067977506e-01
8.470000000000006e-01

  847
8.470000000000006e-01
8.472763932022507e-01
8.477236067977506e-01
8.480000000000006e-01

  848
8.480000000000006e-01
8.482763932022507e-01
8.487236067977506e-01
8.490000000000006e-01

  849
8.490000000000006e-01
8.492763932022507e-01
8.497236067977506e-01
8.500000000000006e-01

  850
8.500000000000006e-01
8.502763932022507e-01
8.507236067977506e-01
8.510000000000006e-01

  851
8.510000000000006e-01
8.512763932022507e-01
8.517236067977506e-01
8.520000000000006e-01

  852
8.520000000000006e-01
8.522763932022507e-01
8.527236067977506e-01
8.530000000000006e-01

  853
8.530000000000006e-01
8.532763932022507e-01
8.537236067977506e-01
8.540000000000006e-01

  854
8.540000000000006e-01
8.542763932022507e-01
8.547236067977506e-01
8.550000000000006e-01

  855
8.550000000000006e-01
8.552763932022507e-01
8.557236067977506e-01
8.560000000000006e-01

  856
8.560000000000006e-01
8.562763932022507e-01
8.567236067977506e-01
8.570000000000007e-01

  857
8.570000000000007e-01
8.572763932022507e-01
8.577236067977506e-01
8.580000000000007e-01

  858
8.580000000000007e-01
8.582763932022507e-01
8.587236067977506e-01
8.590000000000007e-01

  859
8.590000000000007e-01
8.592763932022507e-01
8.597236067977506e-01
8.600000000000007e-01

  860
8.600000000000007e-01
8.602763932022507e-01
8.607236067977506e-01
8.610000000000007e-01

  861
8.610000000000007e-01
8.612763932022507e-01
8.617236067977506e-01
8.620000000000007e-01

  862
8.620000000000007e-01
8.622763932022507e-01
8.627236067977506e-01
8.630000000000007e-01

  863
8.630000000000007e-01
8.632763932022507e-01
8.637236067977506e-01
8.640000000000007e-01

  864
8.640000000000007e-01
8.642763932022507e-01
8.647236067977506e-01
8.650000000000007e-01

  865
8.650000000000007e-01
8.652763932022507e-01
8.657236067977506e-01
8.660000000000007e-01

  866
8.660000000000007e-01
8.662763932022507e-01
8.667236067977506e-01
8.670000000000007e-01

  867
8.670000000000007e-01
8.672763932022507e-01
8.677236067977506e-01
8.680000000000007e-01

  868
8.680000000000007e-01
8.682763932022507e-01
8.687236067977506e-01
8.690000000000007e-01

  869
8.690000000000007e-01
8.692763932022507e-01
8.697236067977506e-01
8.700000000000007e-01

  870
8.700000000000007e-01
8.702763932022507e-01
8.707236067977506e-01
8.710000000000007e-01

  871
8.710000000000007e-01
8.712763932022507e-01
8.717236067977506e-01
8.720000000000007e-01

  872
8.720000000000007e-01
8.722763932022507e-01
8.727236067977506e-01
8.730000000000007e-01

  873
8.730000000000007e-01
8.732763932022507e-01
8.737236067977506e-01
8.740000000000007e-01

  874
8.740000000000007e-01
8.742763932022507e-01
8.747236067977506e-01
8.750000000000007e-01

  875
8.750000000000007e-01
8.752763932022507e-01
8.757236067977506e-01
8.760000000000007e-01

  876
8.760000000000007e-01
8.762763932022507e-01
8.767236067977506e-01
8.770000000000007e-01

  877
8.770000000000007e-01
8.772763932022507e-01
8.777236067977506e-01
8.780000000000007e-01

  878
8.780000000000007e-01
8.782763932022507e-01
8.787236067977506e-01
8.790000000000007e-01

  879
8.790000000000007e-01
8.792763932022507e-01
8.797236067977506e-01
8.800000000000007e-01

  880
8.800000000000007e-01
8.802763932022507e-01
8.807236067977506e-01
8.810000000000007e-01

  881
8.810000000000007e-01
8.812763932022507e-01
8.817236067977506e-01
8.820000000000007e-01

  882
8.820000000000007e-01
8.822763932022507e-01
8.827236067977506e-01
8.830000000000007e-01

  883
8.830000000000007e-01
8.832763932022507e-01
8.837236067977506e-01
8.840000000000007e-01

  884
8.840000000000007e-01
8.842763932022507e-01
8.847236067977506e-01
8.850000000000007e-01

  885
8.850000000000007e-01
8.852763932022507e-01
8.857236067977506e-01
8.860000000000007e-01

  886
8.860000000000007e-01
8.862763932022507e-01
8.867236067977506e-01
8.870000000000007e-01

  887
8.870000000000007e-01
8.872763932022507e-01
8.877236067977506e-01
8.880000000000007e-01

  888
8.880000000000007e-01
8.882763932022507e-01
8.887236067977506e-01
8.890000000000007e-01

  889
8.890000000000007e-01
8.892763932022507e-01
8.897236067977506e-01
8.900000000000007e-01

  890
8.900000000000007e-01
8.902763932022507e-01
8.907236067977506e-01
8.910000000000007e-01

  891
8.910000000000007e-01
8.912763932022507e-01
8.917236067977506e-01
8.920000000000007e-01

  892
8.920000000000007e-01
8.922763932022507e-01
8.927236067977506e-01
8.930000000000007e-01

  893
8.930000000000007e-01
8.932763932022507e-01
8.937236067977506e-01
8.940000000000007e-01

  894
8.940000000000007e-01
8.942763932022507e-01
8.947236067977506e-01
8.950000000000007e-01

  895
8.950000000000007e-01
8.952763932022507e-01
8.957236067977506e-01
8.960000000000007e-01

  896
8.960000000000007e-01
8.962763932022507e-01
8.967236067977506e-01
8.970000000000007e-01

  897
8.970000000000007e-01
8.972763932022507e-01
8.977236067977507e-01
8.980000000000007e-01

  898
8.980000000000007e-01
8.982763932022507e-01
8.987236067977507e-01
8.990000000000007e-01

  899
8.990000000000007e-01
8.992763932022507e-01
8.997236067977507e-01
9.000000000000007e-01

  900
9.000000000000007e-01
9.002763932022507e-01
9.007236067977507e-01
9.010000000000007e-01

  901
9.010000000000007e-01
9.012763932022507e-01
9.017236067977507e-01
9.020000000000007e-01

  902
9.020000000000007e-01
9.022763932022507e-01
9.027236067977507e-01
9.030000000000007e-01

  903
9.030000000000007e-01
9.032763932022507e-01
9.037236067977507e-01
9.040000000000007e-01

  904
9.040000000000007e-01
9.042763932022507e-01
9.047236067977507e-01
9.050000000000007e-01

  905
9.050000000000007e-01
9.052763932022507e-01
9.057236067977507e-01
9.060000000000007e-01

  906
9.060000000000007e-01
9.062763932022507e-01
9.067236067977507e-01
9.070000000000007e-01

  907
9.070000000000007e-01
9.072763932022507e-01
9.077236067977507e-01
9.080000000000007e-01

  908
9.080000000000007e-01
9.082763932022507e-01
9.087236067977507e-01
9.090000000000007e-01

  909
9.090000000000007e-01
9.092763932022507e-01
9.097236067977507e-01
9.100000000000007e-01

  910
9.100000000000007e-01
9.102763932022507e-01
9.107236067977507e-01
9.110000000000007e-01

  911
9.110000000000007e-01
9.112763932022507e-01
9.117236067977507e-01
9.120000000000007e-01

  912
9.120000000000007e-01
9.122763932022507e-01
9.127236067977507e-01
9.130000000000007e-01

  913
9.130000000000007e-01
9.132763932022507e-01
9.137236067977507e-01
9.140000000000007e-01

  914
9.140000000000007e-01
9.142763932022507e-01
9.147236067977507e-01
9.150000000000007e-01

  915
9.150000000000007e-01
9.152763932022507e-01
9.157236067977507e-01
9.160000000000007e-01

  916
9.160000000000007e-01
9.162763932022507e-01
9.167236067977507e-01
9.170000000000007e-01

  917
9.170000000000007e-01
9.172763932022507e-01
9.177236067977507e-01
9.180000000000007e-01

  918
9.180000000000007e-01
9.182763932022507e-01
9.187236067977507e-01
9.190000000000007e-01

  919
9.190000000000007e-01
9.192763932022507e-01
9.197236067977507e-01
9.200000000000007e-01

  920
9.200000000000007e-01
9.202763932022507e-01
9.207236067977507e-01
9.210000000000007e-01

  921
9.210000000000007e-01
9.212763932022507e-01
9.217236067977507e-01
9.220000000000007e-01

  922
9.220000000000007e-01
9.222763932022507e-01
9.227236067977507e-01
9.230000000000007e-01

  923
9.230000000000007e-01
9.232763932022507e-01
9.237236067977507e-01
9.240000000000007e-01

  924
9.240000000000007e-01
9.242763932022507e-01
9.247236067977507e-01
9.250000000000007e-01

  925
9.250000000000007e-01
9.252763932022507e-01
9.257236067977507e-01
9.260000000000007e-01

  926
9.260000000000007e-01
9.262763932022507e-01
9.267236067977507e-01
9.270000000000007e-01

  927
9.270000000000007e-01
9.272763932022507e-01
9.277236067977507e-01
9.280000000000007e-01

  928
9.280000000000007e-01
9.282763932022507e-01
9.287236067977507e-01
9.290000000000007e-01

  929
9.290000000000007e-01
9.292763932022508e-01
9.297236067977507e-01
9.300000000000007e-01

  930
9.300000000000007e-01
9.302763932022508e-01
9.307236067977507e-01
9.310000000000007e-01

  931
9.310000000000007e-01
9.312763932022508e-01
9.317236067977507e-01
9.320000000000007e-01

  932
9.320000000000007e-01
9.322763932022508e-01
9.327236067977507e-01
9.330000000000007e-01

  933
9.330000000000007e-01
9.332763932022508e-01
9.337236067977507e-01
9.340000000000007e-01

  934
9.340000000000007e-01
9.342763932022508e-01
9.347236067977507e-01
9.350000000000007e-01

  935
9.350000000000007e-01
9.352763932022508e-01
9.357236067977507e-01
9.360000000000007e-01

  936
9.360000000000007e-01
9.362763932022508e-01
9.367236067977507e-01
9.370000000000007e-01

  937
9.370000000000007e-01
9.372763932022508e-01
9.377236067977507e-01
9.380000000000007e-01

  938
9.380000000000007e-01
9.382763932022508e-01
9.387236067977507e-01
9.390000000000007e-01

  939
9.390000000000007e-01
9.392763932022508e-01
9.397236067977507e-01
9.400000000000007e-01

  940
9.400000000000007e-01
9.402763932022508e-01
9.407236067977507e-01
9.410000000000007e-01

  941
9.410000000000007e-01
9.412763932022508e-01
9.417236067977507e-01
9.420000000000007e-01

  942
9.420000000000007e-01
9.422763932022508e-01
9.427236067977507e-01
9.430000000000007e-01

  943
9.430000000000007e-01
9.432763932022508e-01
9.437236067977507e-01
9.440000000000007e-01

  944
9.440000000000007e-01
9.442763932022508e-01
9.447236067977507e-01
9.450000000000007e-01

  945
9.450000000000007e-01
9.452763932022508e-01
9.457236067977507e-01
9.460000000000007e-01

  946
9.460000000000007e-01
9.462763932022508e-01
9.467236067977507e-01
9.470000000000007e-01

  947
9.470000000000007e-01
9.472763932022508e-01
9.477236067977507e-01
9.480000000000007e-01

  948
9.480000000000007e-01
9.482763932022508e-01
9.487236067977507e-01
9.490000000000007e-01

  949
9.490000000000007e-01
9.492763932022508e-01
9.497236067977507e-01
9.500000000000007e-01

  950
9.500000000000007e-01
9.502763932022508e-01
9.507236067977507e-01
9.510000000000007e-01

  951
9.510000000000007e-01
9.512763932022508e-01
9.517236067977507e-01
9.520000000000007e-01

  952
9.520000000000007e-01
9.522763932022508e-01
9.527236067977507e-01
9.530000000000007e-01

  953
9.530000000000007e-01
9.532763932022508e-01
9.537236067977507e-01
9.540000000000007e-01

  954
9.540000000000007e-01
9.542763932022508e-01
9.547236067977507e-01
9.550000000000007e-01

  955
9.550000000000007e-01
9.552763932022508e-01
9.557236067977507e-01
9.560000000000007e-01

  956
9.560000000000007e-01
9.562763932022508e-01
9.567236067977507e-01
9.570000000000007e-01

  957
9.570000000000007e-01
9.572763932022508e-01
9.577236067977507e-01
9.580000000000007e-01

  958
9.580000000000007e-01
9.582763932022508e-01
9.587236067977507e-01
9.590000000000007e-01

  959
9.590000000000007e-01
9.592763932022508e-01
9.597236067977507e-01
9.600000000000007e-01

  960
9.600000000000007e-01
9.602763932022508e-01
9.607236067977507e-01
9.610000000000007e-01

  961
9.610000000000007e-01
9.612763932022508e-01
9.617236067977507e-01
9.620000000000007e-01

  962
9.620000000000007e-01
9.622763932022508e-01
9.627236067977507e-01
9.630000000000007e-01

  963
9.630000000000007e-01
9.632763932022508e-01
9.637236067977507e-01
9.640000000000007e-01

  964
9.640000000000007e-01
9.642763932022508e-01
9.647236067977507e-01
9.650000000000007e-01

  965
9.650000000000007e-01
9.652763932022508e-01
9.657236067977507e-01
9.660000000000007e-01

  966
9.660000000000007e-01
9.662763932022508e-01
9.667236067977507e-01
9.670000000000007e-01

  967
9.670000000000007e-01
9.672763932022508e-01
9.677236067977507e-01
9.680000000000007e-01

  968
9.680000000000007e-01
9.682763932022508e-01
9.687236067977507e-01
9.690000000000007e-01

  969
9.690000000000007e-01
9.692763932022508e-01
9.697236067977507e-01
9.700000000000008e-01

  970
9.700000000000008e-01
9.702763932022508e-01
9.707236067977507e-01
9.710000000000008e-01

  971
9.710000000000008e-01
9.712763932022508e-01
9.717236067977507e-01
9.720000000000008e-01

  972
9.720000000000008e-01
9.722763932022508e-01
9.727236067977507e-01
9.730000000000008e-01

  973
9.730000000000008e-01
9.732763932022508e-01
9.737236067977507e-01
9.740000000000008e-01

  974
9.740000000000008e-01
9.742763932022508e-01
9.747236067977507e-01
9.750000000000008e-01

  975
9.750000000000008e-01
9.752763932022508e-01
9.757236067977507e-01
9.760000000000008e-01

  976
9.760000000000008e-01
9.762763932022508e-01
9.767236067977507e-01
9.770000000000008e-01

  977
9.770000000000008e-01
9.772763932022508e-01
9.777236067977507e-01
9.780000000000008e-01

  978
9.780000000000008e-01
9.782763932022508e-01
9.787236067977507e-01
9.790000000000008e-01

  979
9.790000000000008e-01
9.792763932022508e-01
9.797236067977507e-01
9.800000000000008e-01

  980
9.800000000000008e-01
9.802763932022508e-01
9.807236067977507e-01
9.810000000000008e-01

  981
9.810000000000008e-01
9.812763932022508e-01
9.817236067977507e-01
9.820000000000008e-01

  982
9.820000000000008e-01
9.822763932022508e-01
9.827236067977507e-01
9.830000000000008e-01

  983
9.830000000000008e-01
9.832763932022508e-01
9.837236067977507e-01
9.840000000000008e-01

  984
9.840000000000008e-01
9.842763932022508e-01
9.847236067977507e-01
9.850000000000008e-01

  985
9.850000000000008e-01
9.852763932022508e-01
9.857236067977507e-01
9.860000000000008e-01

  986
9.860000000000008e-01
9.862763932022508e-01
9.867236067977507e-01
9.870000000000008e-01

  987
9.870000000000008e-01
9.872763932022508e-01
9.877236067977507e-01
9.880000000000008e-01

  988
9.880000000000008e-01
9.882763932022508e-01
9.887236067977507e-01
9.890000000000008e-01

  989
9.890000000000008e-01
9.892763932022508e-01
9.897236067977507e-01
9.900000000000008e-01

  990
9.900000000000008e-01
9.902763932022508e-01
9.907236067977507e-01
9.910000000000008e-01

  991
9.910000000000008e-01
9.912763932022508e-01
9.917236067977507e-01
9.920000000000008e-01

  992
9.920000000000008e-01
9.922763932022508e-01
9.927236067977507e-01
9.930000000000008e-01

  993
9.930000000000008e-01
9.932763932022508e-01
9.937236067977507e-01
9.940000000000008e-01

  994
9.940000000000008e-01
9.942763932022508e-01
9.947236067977507e-01
9.950000000000008e-01

  995
9.950000000000008e-01
9.952763932022508e-01
9.957236067977507e-01
9.960000000000008e-01

  996
9.960000000000008e-01
9.962763932022508e-01
9.967236067977507e-01
9.970000000000008e-01

  997
9.970000000000008e-01
9.972763932022508e-01
9.977236067977507e-01
9.980000000000008e-01

  998
9.980000000000008e-01
9.982763932022508e-01
9.987236067977507e-01
9.990000000000008e-01

  999
9.990000000000008e-01
9.992763932022508e-01
9.997236067977507e-01
1.000000000000001e+00

