#Cell 
# Element_0
# Element_1
# Element_2
# Element_3
0
1.204529175480288e+00
1.204408367975029e+00
1.204214893618395e+00
1.204095003822699e+00

1
1.204094997438669e+00
1.203974753423649e+00
1.203780252678826e+00
1.203659869866862e+00

2
1.203659878437555e+00
1.203539312431182e+00
1.203343969930490e+00
1.203223032543782e+00

3
1.203223037522040e+00
1.203101922693661e+00
1.202905623863976e+00
1.202784079750377e+00

4
1.202784083859946e+00
1.202662353128880e+00
1.202465028250273e+00
1.202342838869909e+00

5
1.202342842666243e+00
1.202220459377352e+00
1.202022059756380e+00
1.201899196839668e+00

6
1.201899200295408e+00
1.201776138103589e+00
1.201576624963839e+00
1.201453065875748e+00

7
1.201453068962568e+00
1.201329306104242e+00
1.201128646127832e+00
1.201004371169024e+00

8
1.201004373925205e+00
1.200879891085998e+00
1.200678054252022e+00
1.200553045496072e+00

9
1.200553047981493e+00
1.200427827402906e+00
1.200224785918119e+00
1.200099026609290e+00

10
1.200099028886955e+00
1.199973053866722e+00
1.199768781423244e+00
1.199642255573016e+00

11
1.199642257693175e+00
1.199515512252654e+00
1.199309983513350e+00
1.199182675645567e+00

12
1.199182677641153e+00
1.199055146315753e+00
1.198848336622025e+00
1.198720231627169e+00

13
1.198720233518748e+00
1.198591901217575e+00
1.198383786398563e+00
1.198254869422544e+00

14
1.198254871222846e+00
1.198125723105757e+00
1.197916279299241e+00
1.197786535639521e+00

15
1.197786537358236e+00
1.197656558725714e+00
1.197445762233653e+00
1.197315177263832e+00

16
1.197315178910130e+00
1.197184355121803e+00
1.196972182301410e+00
1.196840741409614e+00

17
1.196840742992241e+00
1.196709059408513e+00
1.196495486595093e+00
1.196363175146772e+00

18
1.196363176673733e+00
1.196230618628105e+00
1.196015622096102e+00
1.195882425410600e+00

19
1.195882426887765e+00
1.195748979663745e+00
1.195532535583882e+00
1.195398438905926e+00

20
1.195398440338291e+00
1.195264089143925e+00
1.195046173547747e+00
1.194911162029404e+00

21
1.194911163420822e+00
1.194775893367636e+00
1.194556482114277e+00
1.194420540792422e+00

22
1.194420542146840e+00
1.194284338226740e+00
1.194063406970764e+00
1.193926520751152e+00

23
1.193926522072057e+00
1.193789369143351e+00
1.193566893315400e+00
1.193429046961721e+00

24
1.193429048252107e+00
1.193290931029838e+00
1.193066885822356e+00
1.192928063948121e+00

25
1.192928065210467e+00
1.192788968257518e+00
1.192563328606831e+00
1.192423515661198e+00

26
1.192423516897864e+00
1.192283424610250e+00
1.192056165177017e+00
1.191915345438123e+00

27
1.191915346651271e+00
1.191774243254729e+00
1.191545338421642e+00
1.191403495993018e+00

28
1.191403497184310e+00
1.191261366725887e+00
1.191030790576683e+00
1.190887909371939e+00

29
1.190887910543309e+00
1.190744736880004e+00
1.190512463190245e+00
1.190368526933942e+00

30
1.190368528086801e+00
1.190224294886399e+00
1.189990297121859e+00
1.189845289343600e+00

31
1.189845290479291e+00
1.189699981212147e+00
1.189464232513107e+00
1.189318136538473e+00

32
1.189318137658317e+00
1.189171735589694e+00
1.188934208761899e+00
1.188787007708878e+00

33
1.188787008814077e+00
1.188639497001736e+00
1.188400164514595e+00
1.188251841293175e+00

34
1.188251842384680e+00
1.188103203677256e+00
1.187862037656714e+00
1.187712574960331e+00

35
1.187712576039126e+00
1.187562793066064e+00
1.187319765279354e+00
1.187169145579370e+00

36
1.187169146646533e+00
1.187018201816981e+00
1.186773283677173e+00
1.186621489226905e+00

37
1.186621490283015e+00
1.186469365785777e+00
1.186222528342701e+00
1.186069541165895e+00

38
1.186069542211892e+00
1.185916220004877e+00
1.185667433933658e+00
1.185513235823973e+00

39
1.185513236860576e+00
1.185358698672444e+00
1.185107934276860e+00
1.184952506796759e+00

40
1.184952507824548e+00
1.184796735150743e+00
1.184543962353307e+00
1.184387286827913e+00

41
1.184387287847594e+00
1.184230261946004e+00
1.183975450283514e+00
1.183817507798672e+00

42
1.183817508810804e+00
1.183659210699065e+00
1.183402329318072e+00
1.183243100718098e+00

43
1.183243101723255e+00
1.183083512177574e+00
1.182824529832523e+00
1.182663995717611e+00

44
1.182663996716225e+00
1.182503096266525e+00
1.182241981309754e+00
1.182080122030397e+00

45
1.182080123023132e+00
1.181917891950795e+00
1.181654612334404e+00
1.181491407994795e+00

46
1.181491408981894e+00
1.181327827320241e+00
1.181062350589777e+00
1.180897781038634e+00

47
1.180897782020687e+00
1.180732829546536e+00
1.180465122832543e+00
1.180299167664234e+00

48
1.180299168641654e+00
1.180132824878854e+00
1.179862854903014e+00
1.179695493457655e+00

49
1.179695494430685e+00
1.179527738646087e+00
1.179255471709081e+00
1.179086683064060e+00

50
1.179086684033249e+00
1.178917495231334e+00
1.178642897210518e+00
1.178472660183036e+00

51
1.178472661148664e+00
1.178302018073681e+00
1.178025054424494e+00
1.177853347569829e+00

52
1.177853348532224e+00
1.177681229665663e+00
1.177401865416018e+00
1.177228667023531e+00

53
1.177228667982973e+00
1.177055051538848e+00
1.176773251281275e+00
1.176598539370377e+00

54
1.176598540327344e+00
1.176423404250971e+00
1.176139132146465e+00
1.175962884472366e+00

55
1.175962885426956e+00
1.175786207398841e+00
1.175499427175669e+00
1.175321621221232e+00

56
1.175321622173764e+00
1.175143379599326e+00
1.174854054538185e+00
1.174674667511050e+00

57
1.174674668461992e+00
1.174494838474365e+00
1.174202931419852e+00
1.174021940259470e+00

58
1.174021941208799e+00
1.173840500670626e+00
1.173545974024198e+00
1.173363355392240e+00

59
1.173363356340392e+00
1.173180281836113e+00
1.172883097549267e+00
1.172698827830760e+00

60
1.172698828777938e+00
1.172514096615739e+00
1.172214216193510e+00
1.172028271497379e+00

61
1.172028272443832e+00
1.171841858655802e+00
1.171539243156028e+00
1.171351599314261e+00

62
1.171351600260129e+00
1.171163480600124e+00
1.170858090627366e+00
1.170668723189852e+00

63
1.170668724135484e+00
1.170478874075444e+00
1.170170669780231e+00
1.169979554018915e+00

64
1.169979554964480e+00
1.169787949699514e+00
1.169476890784264e+00
1.169284001691991e+00

65
1.169284002637577e+00
1.169090617081133e+00
1.168776662788909e+00
1.168581975073971e+00

66
1.168581976020018e+00
1.168386784803166e+00
1.168069893924483e+00
1.167873382018061e+00

67
1.167873382964527e+00
1.167676360440183e+00
1.167356491311979e+00
1.167158129361561e+00

68
1.167158130308784e+00
1.166959250545729e+00
1.166636361046259e+00
1.166436122918360e+00

69
1.166436123866500e+00
1.166235360653917e+00
1.165909408210207e+00
1.165707267491716e+00

70
1.165707268440904e+00
1.165504595287241e+00
1.165175536870716e+00
1.164971466866876e+00

71
1.164971467817343e+00
1.164766857950080e+00
1.164434650078321e+00
1.164228623814047e+00

72
1.164228624765953e+00
1.164022051132194e+00
1.163686649870331e+00
1.163478640092491e+00

73
1.163478641046044e+00
1.163270076316332e+00
1.162931437283021e+00
1.162721416461687e+00

74
1.162721417416896e+00
1.162510833982780e+00
1.162168912342270e+00
1.161956852666128e+00

75
1.161956853623447e+00
1.161744223598010e+00
1.161398974070790e+00
1.161184847458959e+00

76
1.161184848418275e+00
1.160970143645092e+00
1.160621520512841e+00
1.160405298609214e+00

77
1.160405299570771e+00
1.160188491616650e+00
1.159836448713143e+00
1.159618102887489e+00

78
1.159618103851582e+00
1.159399164012601e+00
1.159043654739422e+00
1.158823156096889e+00

79
1.158823157063474e+00
1.158602056370601e+00
1.158243033699051e+00
1.158020353077587e+00

80
1.158020354046917e+00
1.157797063264362e+00
1.157434479735288e+00
1.157209587708148e+00

81
1.157209588680369e+00
1.156984078308569e+00
1.156617886039131e+00
1.156390752920256e+00

82
1.156390753895585e+00
1.156162994178290e+00
1.155793144874710e+00
1.155563740725847e+00

83
1.155563741704224e+00
1.155333702631965e+00
1.154960147587983e+00
1.154728442213874e+00

84
1.154728443195698e+00
1.154496094503612e+00
1.154118784606225e+00
1.153884747566725e+00

85
1.153884748552058e+00
1.153650059733907e+00
1.153268945483365e+00
1.153032546098636e+00

86
1.153032547087477e+00
1.152795487395495e+00
1.152410518899824e+00
1.152171726248680e+00

87
1.152171727241444e+00
1.151932265690504e+00
1.151543392681737e+00
1.151302175615544e+00

88
1.151302176612158e+00
1.151060281990573e+00
1.150667453835715e+00
1.150423780980417e+00

89
1.150423781981151e+00
1.150179422853766e+00
1.149782588562759e+00
1.149536428327196e+00

90
1.149536429332127e+00
1.149289574048478e+00
1.148888682286682e+00
1.148640002868866e+00

91
1.148640003878228e+00
1.148390620579743e+00
1.147985619682288e+00
1.147734389080589e+00

92
1.147734390094418e+00
1.147482446724988e+00
1.147073284710349e+00
1.146819470728227e+00

93
1.146819471746747e+00
1.146564936057104e+00
1.146151560637602e+00
1.145895130895302e+00

94
1.145895131918724e+00
1.145637971481344e+00
1.145220330088890e+00
1.144961252036287e+00

95
1.144961253064526e+00
1.144701435281460e+00
1.144279475073462e+00
1.144017715992650e+00

96
1.144017717026172e+00
1.143755209136996e+00
1.143328877020462e+00
1.143064404047571e+00

97
1.143064405086275e+00
1.142799174188027e+00
1.142368416844008e+00
1.142101196976057e+00

98
1.142101198020141e+00
1.141833211072472e+00
1.141397974965996e+00
1.141127975072800e+00

99
1.141127976122510e+00
1.140857199963617e+00
1.140417431374507e+00
1.140144618217570e+00

100
1.140144619272946e+00
1.139871020636343e+00
1.139426665683349e+00
1.139151005930073e+00

101
1.139151006991259e+00
1.138874552520783e+00
1.138425557185575e+00
1.138147017422813e+00

102
1.138147018489930e+00
1.137867674752123e+00
1.137413984901158e+00
1.137132531652841e+00

103
1.137132532726219e+00
1.136850266233060e+00
1.136391827660539e+00
1.136107427414456e+00

104
1.136107428493866e+00
1.135822205723599e+00
1.135358964173434e+00
1.135071583388293e+00

105
1.135071584474185e+00
1.134783371881836e+00
1.134315273076594e+00
1.134024878211145e+00

106
1.134024879303590e+00
1.133733643352977e+00
1.133260633044798e+00
1.132967190582625e+00

107
1.132967191681584e+00
1.132672898864882e+00
1.132194922860989e+00
1.131898399326872e+00

108
1.131898400432702e+00
1.131601017291510e+00
1.131118021496932e+00
1.130818383487604e+00

109
1.130818384600329e+00
1.130517877755508e+00
1.130029808219456e+00
1.129727022430530e+00

110
1.129727023550344e+00
1.129423359730014e+00
1.128930162692445e+00
1.128624195947776e+00

111
1.128624197074701e+00
1.128317343141863e+00
1.127818965075996e+00
1.127509784353460e+00

112
1.127509785487875e+00
1.127199708470019e+00
1.126696096139052e+00
1.126383668611775e+00

113
1.126383669753618e+00
1.126070336883033e+00
1.125561437398996e+00
1.125245730464068e+00

114
1.125245731613542e+00
1.124929110354193e+00
1.124414871224596e+00
1.124095852539693e+00

115
1.124095853697119e+00
1.123775911787664e+00
1.123256280991995e+00
1.122933918521575e+00

116
1.122933919686809e+00
1.122610625180902e+00
1.122085551227154e+00
1.121759813274728e+00

117
1.121759814448237e+00
1.121433135752218e+00
1.120902567749218e+00
1.120573423009671e+00

118
1.120573424191412e+00
1.120243330115751e+00
1.119707217852357e+00
1.119374635455756e+00

119
1.119374636645966e+00
1.119041096449210e+00
1.118499390468263e+00
1.118163340030100e+00

120
1.118163341228915e+00
1.117826324669738e+00
1.117278976354300e+00
1.116939428028290e+00

121
1.116939429235926e+00
1.116598906626679e+00
1.116045868290619e+00
1.115702792828797e+00

122
1.115702794045362e+00
1.115358736313847e+00
1.114799961300895e+00
1.114453330111090e+00

123
1.114453331336653e+00
1.114105710080872e+00
1.113541152853561e+00
1.113190938059307e+00

124
1.113190939294335e+00
1.112839726850346e+00
1.112269343112672e+00
1.111915517633731e+00

125
1.111915518877978e+00
1.111560688395455e+00
1.110984435203126e+00
1.110626972814862e+00

126
1.110626974068754e+00
1.110268499572585e+00
1.109686335444019e+00
1.109325210858859e+00

127
1.109325212122586e+00
1.108963068600068e+00
1.108374953662564e+00
1.108010142617115e+00

128
1.108010143890649e+00
1.107644307374461e+00
1.107050203493787e+00
1.106681682829505e+00

129
1.106681684113161e+00
1.106312131766474e+00
1.105712002692283e+00
1.105339750449361e+00

130
1.105339751743260e+00
1.104966461954124e+00
1.104360273476578e+00
1.103984268994445e+00

131
1.103984270298872e+00
1.103607222785409e+00
1.102994942910877e+00
1.102615166937247e+00

132
1.102615168252072e+00
1.102234344167472e+00
1.101615943282897e+00
1.101232378074268e+00

133
1.101232379400051e+00
1.100847761440434e+00
1.100223212505834e+00
1.099835841959459e+00

134
1.099835843296137e+00
1.099447415834223e+00
1.098816694595433e+00
1.098425504372591e+00

135
1.098425505720271e+00
1.098033254925935e+00
1.097396340112094e+00
1.097001317768685e+00

136
1.097001319127809e+00
1.096605233108117e+00
1.095962106673401e+00
1.095563241814592e+00

137
1.095563243185030e+00
1.095163312136414e+00
1.094513959502444e+00
1.094111243930800e+00

138
1.094111245312924e+00
1.093707461674563e+00
1.093051871990519e+00
1.092645299875646e+00

139
1.092645301269475e+00
1.092237659895116e+00
1.091575826319430e+00
1.091165394372831e+00

140
1.091165395778654e+00
1.090753894115738e+00
1.090085814116851e+00
1.089671521786324e+00

141
1.089671523204149e+00
1.089256161491159e+00
1.088581837169861e+00
1.088163686837976e+00

142
1.088163688268051e+00
1.087744469736007e+00
1.087063908164170e+00
1.086641905370447e+00

143
1.086641906812973e+00
1.086218837916259e+00
1.085532051520995e+00
1.085106205199761e+00

144
1.085106206654579e+00
1.084679297305914e+00
1.083986304250663e+00
1.083556626972722e+00

145
1.083556628440406e+00
1.083125892265833e+00
1.082426716889531e+00
1.081993225148834e+00

146
1.081993226629098e+00
1.081558681255882e+00
1.080853354537983e+00
1.080416069035214e+00

147
1.080416070528312e+00
1.079977737873622e+00
1.079266297918930e+00
1.078825243878475e+00

148
1.078825245384559e+00
1.078383151983695e+00
1.077665644572732e+00
1.077220852090333e+00

149
1.077220853609342e+00
1.076775030967675e+00
1.076051510138285e+00
1.075603014550401e+00

150
1.075603016082401e+00
1.075153501054472e+00
1.074424029733684e+00
1.073971872018333e+00

151
1.073971873563273e+00
1.073518708760783e+00
1.072783359446040e+00
1.072327586660682e+00

152
1.072327588218780e+00
1.071870822465167e+00
1.071129677990889e+00
1.070670343762259e+00

153
1.070670345332970e+00
1.070210034157535e+00
1.069463188504615e+00
1.069000353535663e+00

154
1.069000355119238e+00
1.068536561280697e+00
1.067784120467244e+00
1.067317853121580e+00

155
1.067317854717788e+00
1.066850648808152e+00
1.066092731898878e+00
1.065623108836535e+00

156
1.065623110444696e+00
1.065152571534253e+00
1.064389311711528e+00
1.063916418575477e+00

157
1.063916420195884e+00
1.063442636545443e+00
1.062674182320627e+00
1.062198114521294e+00

158
1.062198116152317e+00
1.061721186020645e+00
1.060947702576203e+00
1.060468566145441e+00

159
1.060468567788550e+00
1.059988600308417e+00
1.059210271004142e+00
1.058728183576072e+00

160
1.058728185226011e+00
1.058245301424230e+00
1.057462329444060e+00
1.056977421298935e+00

161
1.056977422962568e+00
1.056491756832319e+00
1.055704367171805e+00
1.055216782548745e+00

162
1.055216784211860e+00
1.054728484063082e+00
1.053936925455164e+00
1.053446823785977e+00

163
1.053446825462856e+00
1.052956055293092e+00
1.052160603261969e+00
1.051668161079741e+00

164
1.051668162757219e+00
1.051175103881060e+00
1.050376062150957e+00
1.049881474388229e+00

165
1.049881476038972e+00
1.049386329523399e+00
1.048584036646813e+00
1.048087519754061e+00

166
1.048087521506968e+00
1.047590508562846e+00
1.046785334387005e+00
1.046287127323712e+00

167
1.046287128769140e+00
1.045788498765515e+00
1.044980865164869e+00
1.044481234868744e+00

168
1.044481236980625e+00
1.043981257253342e+00
1.043171609063392e+00
1.042670850169450e+00

169
1.042670850889190e+00
1.042169841182392e+00
1.041358726593860e+00
1.040857173505771e+00

170
1.040857176484331e+00
1.040355449148192e+00
1.039543371836625e+00
1.039041385485457e+00

171
1.039041385478034e+00
1.038539377229533e+00
1.037727136181041e+00
1.037225165811917e+00

172
1.037225166727176e+00
1.036723223931172e+00
1.035911240485642e+00
1.035409669725286e+00

173
1.035409680096650e+00
1.034908407135766e+00
1.034098141127203e+00
1.033597764454163e+00

174
1.033597731381204e+00
1.033097627816235e+00
1.032288862068721e+00
1.031789671160630e+00

175
1.031789765010775e+00
1.031291259660646e+00
1.030487168769729e+00
1.029991372700335e+00

176
1.029991164577283e+00
1.029496183569456e+00
1.028695035841885e+00
1.028200472837984e+00

177
1.028200856581342e+00
1.027706939593204e+00
1.026913672368108e+00
1.026426841247515e+00

178
1.026426290408505e+00
1.025942301398773e+00
1.025158602735198e+00
1.024673267478276e+00

179
1.024673717379261e+00
1.024187165251937e+00
1.023405189388025e+00
1.022928997636379e+00

180
1.022929275792803e+00
1.022460405156727e+00
1.021716671814711e+00
1.021259539856230e+00

181
1.021257508181218e+00
1.020799950001627e+00
1.020041735777408e+00
1.019570723337661e+00

182
1.019572503861855e+00
1.019105751008226e+00
1.018398325141977e+00
1.018003517810865e+00

183
1.018004665941305e+00
1.017648588903897e+00
1.017158741929690e+00
1.016896926098241e+00

184
1.016895662643724e+00
1.016656469120180e+00
1.016286858337475e+00
1.016061446751480e+00

185
1.016061344069450e+00
1.015833650536174e+00
1.015458752254593e+00
1.015224523787053e+00

186
1.015224642484766e+00
1.014989481573568e+00
1.014609337750245e+00
1.014374554252410e+00

187
1.014374514474335e+00
1.014139771311188e+00
1.013759202179352e+00
1.013523430706593e+00

188
1.013523442755964e+00
1.013287178854864e+00
1.012904049803346e+00
1.012666781755505e+00

189
1.012666782725071e+00
1.012429168897177e+00
1.012043958853206e+00
1.011805408203483e+00

190
1.011805410734712e+00
1.011566479975515e+00
1.011179089551097e+00
1.010939178226548e+00

191
1.010939180776849e+00
1.010698890680857e+00
1.010309306448421e+00
1.010068038414197e+00

192
1.010068040901711e+00
1.009826390422756e+00
1.009434594810342e+00
1.009191954646842e+00

193
1.009191957197440e+00
1.008948931077179e+00
1.008554903313218e+00
1.008310879446026e+00

194
1.008310882009140e+00
1.008066468791549e+00
1.007670189287002e+00
1.007424769204848e+00

195
1.007424771796599e+00
1.007178958850052e+00
1.006780407301362e+00
1.006533578484019e+00

196
1.006533581100191e+00
1.006286355880151e+00
1.005885511836564e+00
1.005637261562105e+00

197
1.005637264204604e+00
1.005388613938236e+00
1.004985456653499e+00
1.004735772048055e+00

198
1.004735774716598e+00
1.004485686484920e+00
1.004080194955964e+00
1.003829062976781e+00

199
1.003829065672038e+00
1.003577526385837e+00
1.003169679338224e+00
1.002917086776809e+00

200
1.002917089498895e+00
1.002664085900793e+00
1.002253861781505e+00
1.001999795253357e+00

201
1.001999798003049e+00
1.001745316661677e+00
1.001332693643891e+00
1.001077139602295e+00

202
1.001077142379627e+00
1.000821169701782e+00
1.000406125690352e+00
1.000149070413025e+00

203
1.000149073218368e+00
9.998915954286614e-01
9.994741080275371e-01
9.992155376089047e-01

204
9.992155404431812e-01
9.989565435904059e-01
9.985365901310889e-01
9.982764905015274e-01

205
9.982764933644150e-01
9.980159633275956e-01
9.975935208533061e-01
9.973318777548729e-01

206
9.973318806473287e-01
9.970698031168823e-01
9.966448483691505e-01
9.963816473637640e-01

207
9.963816502860072e-01
9.961180107736132e-01
9.956905202041342e-01
9.954257466706031e-01

208
9.954257496230789e-01
9.951605334549150e-01
9.947304832131446e-01
9.944641223445596e-01

209
9.944641253277088e-01
9.941973176449013e-01
9.937646835784611e-01
9.934967203771692e-01

210
9.934967233913644e-01
9.932283091405494e-01
9.927930667795907e-01
9.925234860537065e-01

211
9.925234890997020e-01
9.922534530378956e-01
9.918155776111744e-01
9.915443639825983e-01

212
9.915443670602750e-01
9.912726937516575e-01
9.908321601628385e-01
9.905592980449542e-01

213
9.905593011554468e-01
9.902859749582394e-01
9.898427577868135e-01
9.895682314015458e-01

214
9.895682345448569e-01
9.892932396259301e-01
9.888473131352032e-01
9.885711064989938e-01

215
9.885711096756766e-01
9.882944299907626e-01
9.878457680976663e-01
9.875678650160611e-01

216
9.875678682269299e-01
9.872894875263597e-01
9.868380638223035e-01
9.865584479000149e-01

217
9.865584511450395e-01
9.862783529723308e-01
9.858241407030001e-01
9.855427953249449e-01

218
9.855427986051262e-01
9.852609662856043e-01
9.848039383476288e-01
9.845208466866188e-01

219
9.845208500021208e-01
9.842372666470209e-01
9.837773955854894e-01
9.834925405924514e-01

220
9.834925439440921e-01
9.832071924430930e-01
9.827444504470224e-01
9.824578148558917e-01

221
9.824578182438777e-01
9.821706812677397e-01
9.817050401633896e-01
9.814166064751300e-01

222
9.814166099002268e-01
9.811276698834004e-01
9.806591011155359e-01
9.803688516019987e-01

223
9.803688550649365e-01
9.800780942188534e-01
9.796065688763869e-01
9.793144855861823e-01

224
9.793144890868443e-01
9.790218893897542e-01
9.785473781663673e-01
9.782534428951325e-01

225
9.782534464349630e-01
9.779589896162275e-01
9.774814628149381e-01
9.771856571275045e-01

226
9.771856607064973e-01
9.768893282644920e-01
9.764087558078428e-01
9.761110610236563e-01

227
9.761110646425183e-01
9.758128378249533e-01
9.753291892238989e-01
9.750295864091051e-01

228
9.750295900685871e-01
9.747294498719369e-01
9.742426942320839e-01
9.739411642004849e-01

229
9.739411679010583e-01
9.736390950663433e-01
9.731492010772720e-01
9.728457243862261e-01

230
9.728457281286833e-01
9.725417031428066e-01
9.720486390825420e-01
9.717431960311773e-01

231
9.717431998157258e-01
9.714372028996447e-01
9.709409366035195e-01
9.706335072125112e-01

232
9.706335110405361e-01
9.703255221417701e-01
9.698260210147813e-01
9.695165850475991e-01

233
9.695165889190349e-01
9.692065877249966e-01
9.687038187380881e-01
9.683923556756555e-01

234
9.683923595914848e-01
9.680803255013138e-01
9.675742551560312e-01
9.672607441951890e-01

235
9.672607481563303e-01
9.669466602912254e-01
9.664372546454850e-01
9.661216747068112e-01

236
9.661216787133791e-01
9.658055159100871e-01
9.652927405474192e-01
9.649750702516741e-01

237
9.649750743050109e-01
9.646568151032366e-01
9.641406351323639e-01
9.638208528111281e-01

238
9.638208569114460e-01
9.635004795581833e-01
9.629808596052486e-01
9.626589432842333e-01

239
9.626589474326578e-01
9.623364298684206e-01
9.618133340651811e-01
9.614892614681660e-01

240
9.614892656651439e-01
9.611645855270478e-01
9.606379775067905e-01
9.603117260410173e-01

241
9.603117302874977e-01
9.599848648924671e-01
9.594547077695234e-01
9.591262545262567e-01

242
9.591262588231060e-01
9.587971851758242e-01
9.582634415593031e-01
9.579327633113217e-01

243
9.579327676588332e-01
9.576014624355009e-01
9.570640943877519e-01
9.567311675649166e-01

244
9.567311719647631e-01
9.563976115049836e-01
9.558565805571104e-01
9.555213812695114e-01

245
9.555213857216376e-01
9.551855460403048e-01
9.546408131813870e-01
9.543033171881022e-01

246
9.543033216938204e-01
9.539651784497131e-01
9.534167040906788e-01
9.530768868001386e-01

247
9.530768913604029e-01
9.527364198664729e-01
9.521841638623117e-01
9.518420003357020e-01

248
9.518420049509752e-01
9.514991801656593e-01
9.509431017858440e-01
9.505985667175710e-01

249
9.505985713891490e-01
9.502533679052820e-01
9.496934258275743e-01
9.493464935448985e-01

250
9.493464982733208e-01
9.489988903109000e-01
9.484350426012029e-01
9.480856870497895e-01

251
9.480856918365497e-01
9.477356532378273e-01
9.471678573579426e-01
9.468160521138108e-01

252
9.468160569590754e-01
9.464635611899077e-01
9.458917739732833e-01
9.455374922079650e-01

253
9.455374971133087e-01
9.451825172312033e-01
9.446066948532564e-01
9.442499093422434e-01

254
9.442499143086771e-01
9.438924229816604e-01
9.433125209908223e-01
9.429532041148078e-01

255
9.429532091426412e-01
9.425931786311388e-01
9.420091518945102e-01
9.416472756038787e-01

256
9.416472806950754e-01
9.412846828334708e-01
9.406964855387743e-01
9.403320213715677e-01

257
9.403320265264598e-01
9.399668327328361e-01
9.393744183823958e-01
9.390073374416358e-01

258
9.390073426616881e-01
9.386395239161157e-01
9.380428453010639e-01
9.376731182525980e-01

259
9.376731235386683e-01
9.373026503823266e-01
9.367016595753291e-01
9.363292566317543e-01

260
9.363292619850994e-01
9.359561045010927e-01
9.353507528306718e-01
9.349756437482523e-01

261
9.349756491701179e-01
9.345997769883406e-01
9.339900150479440e-01
9.336121691210079e-01

262
9.336121746120202e-01
9.332335568889311e-01
9.326193344879445e-01
9.322387205197693e-01

263
9.322387260820306e-01
9.318573314887436e-01
9.312385976628786e-01
9.308551839856680e-01

264
9.308551896194162e-01
9.304709863488848e-01
9.298476893393020e-01
9.294614437757837e-01

265
9.294614494828858e-01
9.290744052135395e-01
9.284464924284082e-01
9.280573822950083e-01

266
9.280573880766935e-01
9.276674699849824e-01
9.270348880195498e-01
9.266428801212753e-01

267
9.266428859783334e-01
9.262500607173421e-01
9.256127553010881e-01
9.252178159010199e-01

268
9.252178218355082e-01
9.248220555198273e-01
9.241799715162595e-01
9.237820663446156e-01

269
9.237820723572121e-01
9.233833305616682e-01
9.227364119463284e-01
9.223355061742161e-01

270
9.223355122668528e-01
9.219337600063983e-01
9.212819498485648e-01
9.208780080884698e-01

271
9.208780142620040e-01
9.204732159869119e-01
9.198164564253845e-01
9.194094427006930e-01

272
9.194094489570809e-01
9.190015685246872e-01
9.183398007402611e-01
9.179296784905024e-01

273
9.179296848310906e-01
9.175186855181008e-01
9.168518497464405e-01
9.164385818132954e-01

274
9.164385882389922e-01
9.160244327079706e-01
9.153524681657692e-01
9.149360167528677e-01

275
9.149360232664004e-01
9.145186735492282e-01
9.138415184482420e-01
9.134218451478185e-01

276
9.134218517496117e-01
9.130012692591416e-01
9.123188607861098e-01
9.118959265353190e-01

277
9.118959332275558e-01
9.114720787137213e-01
9.107843529751880e-01
9.103581180472745e-01

278
9.103581248316140e-01
9.099309583817823e-01
9.092378504086390e-01
9.088082744038148e-01

279
9.088082812817203e-01
9.083777623016969e-01
9.076792060098375e-01
9.072462478357188e-01

280
9.072462548091922e-01
9.068123420123957e-01
9.061082701908051e-01
9.056718880494833e-01

281
9.056718951197665e-01
9.052345465012297e-01
9.045248907560695e-01
9.040850421105221e-01

282
9.040850492803790e-01
9.036442221008792e-01
9.029289128599931e-01
9.024855544506303e-01

283
9.024855617207951e-01
9.020412125085594e-01
9.013201789855815e-01
9.008732667775304e-01

284
9.008732741506128e-01
9.004253586498875e-01
8.996985287850224e-01
8.992480179647007e-01

285
8.992480254427200e-01
8.987964986240788e-01
8.980637991041489e-01
8.976096440717317e-01

286
8.976096516559187e-01
8.971544676867312e-01
8.964158238702162e-01
8.959579781924710e-01

287
8.959579858858921e-01
8.954990981029034e-01
8.947544340091870e-01
8.942928504281822e-01

288
8.942928582320040e-01
8.938302191372948e-01
8.930794574114851e-01
8.926140878015569e-01

289
8.926140957185881e-01
8.921476569414802e-01
8.913907188113062e-01
8.909215141726051e-01

290
8.909215222046197e-01
8.904512344953430e-01
8.896880397486108e-01
8.892149501741007e-01

291
8.892149583235262e-01
8.887407715149357e-01
8.879712384434658e-01
8.874942131018734e-01

292
8.874942213711905e-01
8.870160843729866e-01
8.862401297662038e-01
8.857591168836175e-01

293
8.857591252744840e-01
8.852769860352954e-01
8.844945250974174e-01
8.840094719079032e-01

294
8.840094804239735e-01
8.835232859052347e-01
8.827342322528249e-01
8.822450850148927e-01

295
8.822450936573158e-01
8.817547898319443e-01
8.809590554457373e-01
8.804657593760744e-01

296
8.804657681482012e-01
8.799712999354032e-01
8.791687950807889e-01
8.786712943421555e-01

297
8.786713032467121e-01
8.781726145152530e-01
8.773632477532698e-01
8.768614854412230e-01

298
8.768614944801180e-01
8.763585280125601e-01
8.755422061129455e-01
8.750361241996371e-01

299
8.750361333765289e-01
8.745288308303242e-01
8.737054587365118e-01
8.731949980608837e-01

300
8.731950073778446e-01
8.726833092638517e-01
8.718527900377239e-01
8.713378902593248e-01

301
8.713378997200506e-01
8.708217453666972e-01
8.699839801516164e-01
8.694645797421962e-01

302
8.694645893487464e-01
8.689439168830603e-01
8.680988048414229e-01
8.675748410183822e-01

303
8.675748507744954e-01
8.670495970556454e-01
8.661970352863619e-01
8.656684439972825e-01

304
8.656684539063125e-01
8.651385545275994e-01
8.642784380735342e-01
8.637451539766102e-01

305
8.637451640405924e-01
8.632105532785754e-01
8.623427750019609e-01
8.618047313824975e-01

306
8.618047416063648e-01
8.612653523647313e-01
8.603898029102716e-01
8.598469316889827e-01

307
8.598469420749315e-01
8.593027058803899e-01
8.584192736293456e-01
8.578715052964919e-01

308
8.578715158485758e-01
8.573223627814128e-01
8.564309337511541e-01
8.558781973305400e-01

309
8.558782080523584e-01
8.553240667202447e-01
8.544245245231987e-01
8.538667475304319e-01

310
8.538667584254244e-01
8.533075559082957e-01
8.523997816540920e-01
8.518368900460629e-01

311
8.518369011186904e-01
8.512725629350461e-01
8.503564351915057e-01
8.497883533373092e-01

312
8.497883645904174e-01
8.492188146450683e-01
8.482942093197035e-01
8.477208599167311e-01

313
8.477208713557964e-01
8.471460318778309e-01
8.462128221624596e-01
8.456341262306198e-01

314
8.456341378585612e-01
8.450539293830208e-01
8.441119856803442e-01
8.435278624739972e-01

315
8.435278742956663e-01
8.429422155688214e-01
8.419914053565769e-01
8.414017723183511e-01

316
8.414017843386412e-01
8.408105922947210e-01
8.398507801029752e-01
8.392555528308885e-01

317
8.392555650530688e-01
8.386587547492694e-01
8.376898020093998e-01
8.370888941526954e-01

318
8.370889065830436e-01
8.364863911209462e-01
8.355081560884230e-01
8.349014793292641e-01

319
8.349014919713833e-01
8.342931824650501e-01
8.333055201292765e-01
8.326929840919771e-01

320
8.326929969515829e-01
8.320788024369817e-01
8.310815643908008e-01
8.304630765870252e-01

321
8.304630896689712e-01
8.298429170534435e-01
8.288359514018122e-01
8.282114171514462e-01

322
8.282114304610325e-01
8.275851844329796e-01
8.265683356478472e-01
8.259376580094785e-01

323
8.259376715528409e-01
8.253052545326299e-01
8.242783633869984e-01
8.236414431029108e-01

324
8.236414568842119e-01
8.230027689351506e-01
8.219656723091198e-01
8.213224076709539e-01

325
8.213224216980672e-01
8.206773604228369e-01
8.196298912030074e-01
8.189801780339329e-01

326
8.189801923113654e-01
8.183286528219014e-01
8.172706397981806e-01
8.166143713300640e-01

327
8.166143858643681e-01
8.159562606421739e-01
8.148875282851932e-01
8.142245950577511e-01

328
8.142246098562319e-01
8.135597886805687e-01
8.124801570570170e-01
8.118104468588001e-01

329
8.118104619268549e-01
8.111388317874132e-01
8.100481163732919e-01
8.093715141090624e-01

330
8.093715294548495e-01
8.086929744366329e-01
8.075909859624990e-01
8.069073735756082e-01

331
8.069073892049992e-01
8.062217903930486e-01
8.051083346532127e-01
8.044175909821758e-01

332
8.044176069039327e-01
8.037248422535183e-01
8.025997199354674e-01
8.019017206437157e-01

333
8.019017368644960e-01
8.012016811261341e-01
8.000646876498391e-01
7.993593050770341e-01

334
7.993593216046875e-01
7.986518461541695e-01
7.975027713943519e-01
7.967898744180819e-01

335
7.967898912621956e-01
7.960748639996129e-01
7.949134921648636e-01
7.941929461224952e-01

336
7.941929632894674e-01
7.934702485188118e-01
7.922963578802720e-01
7.915680243629345e-01

337
7.915680418635548e-01
7.908375001085556e-01
7.896508627629522e-01
7.889145995216075e-01

338
7.889146173638135e-01
7.881761052708263e-01
7.869764869439563e-01
7.862321477137936e-01

339
7.862321659073899e-01
7.854855360518815e-01
7.842726957837582e-01
7.835201301201566e-01

340
7.835201486754545e-01
7.827652494191372e-01
7.815389393476825e-01
7.807779924764237e-01

341
7.807780114025753e-01
7.800146867153096e-01
7.787746517496310e-01
7.780051643577004e-01

342
7.780051836669063e-01
7.772332729421192e-01
7.759792505028238e-01
7.752010585933533e-01

343
7.752010782947558e-01
7.744204161745837e-01
7.731521358485911e-01
7.723650704867078e-01

344
7.723650905935634e-01
7.715755067300498e-01
7.702926899370917e-01
7.694965770956746e-01

345
7.694965976189686e-01
7.686979165207378e-01
7.674002762221810e-01
7.665949365367549e-01

346
7.665949574884093e-01
7.657869982385418e-01
7.644742384584976e-01
7.636594869633662e-01

347
7.636595083581843e-01
7.628420843978311e-01
7.615138999334886e-01
7.606895458881828e-01

348
7.606895677372704e-01
7.598624866457023e-01
7.585185626176447e-01
7.576844091723082e-01

349
7.576844314915099e-01
7.568474946624641e-01
7.554875060410364e-01
7.546433499994498e-01

350
7.546433728024466e-01
7.537963752108542e-01
7.524199864087595e-01
7.515656179242365e-01

351
7.515656412266469e-01
7.507083711040868e-01
7.493152354430991e-01
7.484504377136474e-01

352
7.484504615315202e-01
7.475827000743009e-01
7.461724593049758e-01
7.452970082430616e-01

353
7.452970325919096e-01
7.444185535942909e-01
7.429908372638505e-01
7.421045011115169e-01

354
7.421045260111069e-01
7.412150955222361e-01
7.397695204790224e-01
7.388720595170828e-01

355
7.388720849826738e-01
7.379714609644862e-01
7.365076306914234e-01
7.355987967504710e-01

356
7.355988228028795e-01
7.346867546452434e-01
7.332042585301325e-01
7.322837946146087e-01

357
7.322838212738580e-01
7.313600494444756e-01
7.298584621985297e-01
7.289261020589174e-01

358
7.289261293441528e-01
7.279903848948233e-01
7.264692656758729e-01
7.255247332668076e-01

359
7.255247612018760e-01
7.245767652693124e-01
7.230356569315675e-01
7.220786659614898e-01

360
7.220786945674116e-01
7.211181578823606e-01
7.195565860977507e-01
7.185868394299439e-01

361
7.185868687325214e-01
7.176134910255768e-01
7.160309633532195e-01
7.150481524687995e-01

362
7.150481824914589e-01
7.140616519393074e-01
7.124576568579176e-01
7.114614611824364e-01

363
7.114614919525225e-01
7.104614844818578e-01
7.088354902627538e-01
7.078255765095374e-01

364
7.078256080559684e-01
7.068117867112296e-01
7.051632403912526e-01
7.041392618763580e-01

365
7.041392942252516e-01
7.031113084037444e-01
7.014396344309087e-01
7.004012302043633e-01

366
7.004012633905535e-01
6.993587480294391e-01
6.976633470342745e-01
6.966101411565044e-01

367
6.966101752095838e-01
6.955527500005297e-01
6.938329973830282e-01
6.927645979421398e-01

368
6.927646328970651e-01
6.916919012765008e-01
6.899471455724425e-01
6.888631437289165e-01

369
6.888631796232598e-01
6.877747278517070e-01
6.860042892326743e-01
6.849042582177673e-01

370
6.849042950876305e-01
6.837996911537918e-01
6.820028595237378e-01
6.808863534312730e-01

371
6.808863913192525e-01
6.797651837609661e-01
6.779412168789779e-01
6.768077695051560e-01

372
6.768078084517103e-01
6.756695251354713e-01
6.738176465041936e-01
6.726667699473937e-01

373
6.726668100012889e-01
6.715109567169628e-01
6.696303533259924e-01
6.684615366249347e-01

374
6.684615778308173e-01
6.672876368727656e-01
6.653774567422716e-01
6.641901642204467e-01

375
6.641902066306677e-01
6.629976350977387e-01
6.610569844807271e-01
6.598506540379326e-01

376
6.598506977102393e-01
6.586389258193407e-01
6.566668664622347e-01
6.554409078149274e-01

377
6.554409528003977e-01
6.542093819714424e-01
6.522049277307818e-01
6.509587201795857e-01

378
6.509587665463316e-01
6.497067672131321e-01
6.476688805879671e-01
6.464017709233248e-01

379
6.464018187347045e-01
6.451287281619690e-01
6.430563165432087e-01
6.417676165416148e-01

380
6.417676658668545e-01
6.404727855429762e-01
6.383646968398201e-01
6.370536805280763e-01

381
6.370537314443667e-01
6.357363243389430e-01
6.335913424363022e-01
6.322572431503721e-01

382
6.322572957374196e-01
6.309165832167946e-01
6.287334227506661e-01
6.273754298034460e-01

383
6.273754841494658e-01
6.260106426013418e-01
6.237879433785659e-01
6.224051985156007e-01

384
6.224052547087149e-01
6.210154118410630e-01
6.187517324657807e-01
6.173433256551245e-01

385
6.173433838030120e-01
6.159276143602015e-01
6.136214252312522e-01
6.121863903509313e-01

386
6.121864505557592e-01
6.107437718549101e-01
6.083934475277469e-01
6.069307572927333e-01

387
6.069308196705344e-01
6.054601863288254e-01
6.030639966021888e-01
6.015725568827899e-01

388
6.015726215667759e-01
6.000729197396721e-01
5.976290201280878e-01
5.961076638808243e-01

389
5.961077309989211e-01
5.945777719918393e-01
5.920841927106244e-01
5.905316727380850e-01

390
5.905317424440669e-01
5.889702553050915e-01
5.864248889300067e-01
5.848398700601712e-01

391
5.848399425155023e-01
5.832455659520985e-01
5.806461536743321e-01
5.790272037400560e-01

392
5.790272791201931e-01
5.773985520785858e-01
5.747426677598954e-01
5.730882474148512e-01

393
5.730883259113675e-01
5.714236771140062e-01
5.687087095539090e-01
5.670171606632226e-01

394
5.670172424905253e-01
5.653149783292466e-01
5.625381106640320e-01
5.608076429710960e-01

395
5.608077283638464e-01
5.590660190816060e-01
5.562242054385882e-01
5.544528815175324e-01

396
5.544529707217586e-01
5.526698347232119e-01
5.497597732131213e-01
5.479454906035783e-01

397
5.479455839167567e-01
5.461188692137964e-01
5.431369705681695e-01
5.412774416474545e-01

398
5.412775393789726e-01
5.394049026127785e-01
5.363472542572212e-01
5.344399825989121e-01

399
5.344400850885078e-01
5.325189667097863e-01
5.293812900253445e-01
5.274235423826868e-01

400
5.274236500406196e-01
5.254512452570899e-01
5.222288461392149e-01
5.202176201843410e-01

401
5.202177334380156e-01
5.181909581996994e-01
5.148786683036329e-01
5.128106539169618e-01

402
5.128107732528330e-01
5.107262236886322e-01
5.073183305215714e-01
5.051898637522600e-01

403
5.051899897463561e-01
5.030438939575902e-01
4.995340577364209e-01
4.973410657888394e-01

404
4.973411990656081e-01
4.951293588379430e-01
4.915105114549324e-01
4.892484461233247e-01

405
4.892485873974587e-01
4.869663082558554e-01
4.832305317021737e-01
4.808942881855344e-01

406
4.808944383052860e-01
4.785364434839906e-01
4.746748198496359e-01
4.722586369142757e-01

407
4.722587968367956e-01
4.698191213042858e-01
4.658215477617115e-01
4.633188844498770e-01

408
4.633190552638629e-01
4.607909146796002e-01
4.566458728440916e-01
4.540492528560767e-01

409
4.540494358986341e-01
4.514250605536085e-01
4.471193240503221e-01
4.444201390804041e-01

410
4.444203358783859e-01
4.416907600416639e-01
4.372090215101224e-01
4.343972786799314e-01

411
4.343974910106924e-01
4.315522812910432e-01
4.268766677943831e-01
4.239406589187280e-01

412
4.239408890338205e-01
4.209677879968917e-01
4.160772237806613e-01
4.130030892791481e-01

413
4.130033397513067e-01
4.098877919526656e-01
4.047571429484410e-01
4.015282816321243e-01

414
4.015285556267206e-01
3.982530644958491e-01
3.928519698671806e-01
3.894482261611545e-01

415
3.894485276570123e-01
3.859917639620309e-01
3.802830029405874e-01
3.766795214919530e-01

416
3.766798552066418e-01
3.730153896337682e-01
3.669525341593471e-01
3.631180965769878e-01

417
3.631184683971510e-01
3.592129190672442e-01
3.527368642237404e-01
3.486313992064711e-01

418
3.486318162527361e-01
3.444420450721342e-01
3.374756812675357e-01
3.330463859280668e-01

419
3.330468561911663e-01
3.285155494759113e-01
3.209552204394740e-01
3.161302325845916e-01

420
3.161307632209847e-01
3.111791173452333e-01
3.028801725633478e-01
2.975576232977443e-01

421
2.975582141103618e-01
2.920730479274302e-01
2.828236823625101e-01
2.768513104589581e-01

422
2.768519257585632e-01
2.706611122120165e-01
2.601306413586563e-01
2.532639446703245e-01

423
2.532643857616903e-01
2.460848312263179e-01
2.337084028596391e-01
2.255123441624587e-01

424
2.255114972128011e-01
2.168217110480104e-01
2.014950531151324e-01
1.910628887219564e-01

425
1.910520001706409e-01
1.797067242198569e-01
1.587318503851546e-01
1.435953279479231e-01

426
1.439072214982778e-01
1.259121728377101e-01
9.098466759198270e-02
6.728724523750026e-02

427
6.501023830458222e-02
5.806432094448873e-02
5.593874200011516e-02
5.641222681096611e-02

428
5.635923538421306e-02
5.625582433203789e-02
5.623074719340004e-02
5.623613770546088e-02

429
5.623554513354947e-02
5.623438042396864e-02
5.623409488297647e-02
5.623415467272625e-02

430
5.623414817878817e-02
5.623413529996165e-02
5.623413210789027e-02
5.623413276144711e-02

431
5.623413269062219e-02
5.623413254972654e-02
5.623413251458062e-02
5.623413252166846e-02

432
5.623413252089788e-02
5.623413251936552e-02
5.623413251898189e-02
5.623413251905857e-02

433
5.623413251905024e-02
5.623413251903368e-02
5.623413251902949e-02
5.623413251903029e-02

434
5.623413251903021e-02
5.623413251903004e-02
5.623413251903000e-02
5.623413251903000e-02

435
5.623413251903000e-02
5.623413251903000e-02
5.623413251903000e-02
5.623413251903000e-02

436
5.623413251903000e-02
5.623413251903000e-02
5.623413251903000e-02
5.623413251903000e-02

437
5.623413251903000e-02
5.623413251903000e-02
5.623413251903000e-02
5.623413251903000e-02

438
5.623413251903000e-02
5.623413251903000e-02
5.623413251903000e-02
5.623413251903000e-02

439
5.623413251903000e-02
5.623413251903000e-02
5.623413251903000e-02
5.623413251903000e-02

440
5.623413251903000e-02
5.623413251903000e-02
5.623413251903000e-02
5.623413251903000e-02

441
5.623413251903000e-02
5.623413251903000e-02
5.623413251903000e-02
5.623413251903000e-02

442
5.623413251903000e-02
5.623413251903000e-02
5.623413251903000e-02
5.623413251903000e-02

443
5.623413251903000e-02
5.623413251903000e-02
5.623413251903000e-02
5.623413251903000e-02

444
5.623413251903000e-02
5.623413251903000e-02
5.623413251903000e-02
5.623413251903000e-02

445
5.623413251903000e-02
5.623413251903000e-02
5.623413251903000e-02
5.623413251903000e-02

446
5.623413251903000e-02
5.623413251903000e-02
5.623413251903000e-02
5.623413251903000e-02

447
5.623413251903000e-02
5.623413251903000e-02
5.623413251903000e-02
5.623413251903000e-02

448
5.623413251903000e-02
5.623413251903000e-02
5.623413251903000e-02
5.623413251903000e-02

449
5.623413251903000e-02
5.623413251903000e-02
5.623413251903000e-02
5.623413251903000e-02

450
5.623413251903000e-02
5.623413251903000e-02
5.623413251903000e-02
5.623413251903000e-02

451
5.623413251903000e-02
5.623413251903000e-02
5.623413251903000e-02
5.623413251903000e-02

452
5.623413251903000e-02
5.623413251903000e-02
5.623413251903000e-02
5.623413251903000e-02

453
5.623413251903000e-02
5.623413251903000e-02
5.623413251903000e-02
5.623413251903000e-02

454
5.623413251903000e-02
5.623413251903000e-02
5.623413251903000e-02
5.623413251903000e-02

455
5.623413251903000e-02
5.623413251903000e-02
5.623413251903000e-02
5.623413251903000e-02

456
5.623413251903000e-02
5.623413251903000e-02
5.623413251903000e-02
5.623413251903000e-02

457
5.623413251903000e-02
5.623413251903000e-02
5.623413251903000e-02
5.623413251903000e-02

458
5.623413251903000e-02
5.623413251903000e-02
5.623413251903000e-02
5.623413251903000e-02

459
5.623413251903000e-02
5.623413251903000e-02
5.623413251903000e-02
5.623413251903000e-02

460
5.623413251903000e-02
5.623413251903000e-02
5.623413251903000e-02
5.623413251903000e-02

461
5.623413251903000e-02
5.623413251903000e-02
5.623413251903000e-02
5.623413251903000e-02

462
5.623413251903000e-02
5.623413251903000e-02
5.623413251903000e-02
5.623413251903000e-02

463
5.623413251903000e-02
5.623413251903000e-02
5.623413251903000e-02
5.623413251903000e-02

464
5.623413251903000e-02
5.623413251903000e-02
5.623413251903000e-02
5.623413251903000e-02

465
5.623413251903000e-02
5.623413251903000e-02
5.623413251903000e-02
5.623413251903000e-02

466
5.623413251903000e-02
5.623413251903000e-02
5.623413251903000e-02
5.623413251903000e-02

467
5.623413251903000e-02
5.623413251903000e-02
5.623413251903000e-02
5.623413251903000e-02

468
5.623413251903000e-02
5.623413251903000e-02
5.623413251903000e-02
5.623413251903000e-02

469
5.623413251903000e-02
5.623413251903000e-02
5.623413251903000e-02
5.623413251903000e-02

470
5.623413251903000e-02
5.623413251903000e-02
5.623413251903000e-02
5.623413251903000e-02

471
5.623413251903000e-02
5.623413251903000e-02
5.623413251903000e-02
5.623413251903000e-02

472
5.623413251903000e-02
5.623413251903000e-02
5.623413251903000e-02
5.623413251903000e-02

473
5.623413251903000e-02
5.623413251903000e-02
5.623413251903000e-02
5.623413251903000e-02

474
5.623413251903000e-02
5.623413251903000e-02
5.623413251903000e-02
5.623413251903000e-02

475
5.623413251903000e-02
5.623413251903000e-02
5.623413251903000e-02
5.623413251903000e-02

476
5.623413251903000e-02
5.623413251903000e-02
5.623413251903000e-02
5.623413251903000e-02

477
5.623413251903000e-02
5.623413251903000e-02
5.623413251903000e-02
5.623413251903000e-02

478
5.623413251903000e-02
5.623413251903000e-02
5.623413251903000e-02
5.623413251903000e-02

479
5.623413251903000e-02
5.623413251903000e-02
5.623413251903000e-02
5.623413251903000e-02

480
5.623413251903000e-02
5.623413251903000e-02
5.623413251903000e-02
5.623413251903000e-02

481
5.623413251903000e-02
5.623413251903000e-02
5.623413251903000e-02
5.623413251903000e-02

482
5.623413251903000e-02
5.623413251903000e-02
5.623413251903000e-02
5.623413251903000e-02

483
5.623413251903000e-02
5.623413251903000e-02
5.623413251903000e-02
5.623413251903000e-02

484
5.623413251903000e-02
5.623413251903000e-02
5.623413251903000e-02
5.623413251903000e-02

485
5.623413251903000e-02
5.623413251903000e-02
5.623413251903000e-02
5.623413251903000e-02

486
5.623413251903000e-02
5.623413251903000e-02
5.623413251903000e-02
5.623413251903000e-02

487
5.623413251903000e-02
5.623413251903000e-02
5.623413251903000e-02
5.623413251903000e-02

488
5.623413251903000e-02
5.623413251903000e-02
5.623413251903000e-02
5.623413251903000e-02

489
5.623413251903000e-02
5.623413251903000e-02
5.623413251903000e-02
5.623413251903000e-02

490
5.623413251903000e-02
5.623413251903000e-02
5.623413251903000e-02
5.623413251903000e-02

491
5.623413251903000e-02
5.623413251903000e-02
5.623413251903000e-02
5.623413251903000e-02

492
5.623413251903000e-02
5.623413251903000e-02
5.623413251903000e-02
5.623413251903000e-02

493
5.623413251903000e-02
5.623413251903000e-02
5.623413251903000e-02
5.623413251903000e-02

494
5.623413251903000e-02
5.623413251903000e-02
5.623413251903000e-02
5.623413251903000e-02

495
5.623413251903000e-02
5.623413251903000e-02
5.623413251903000e-02
5.623413251903000e-02

496
5.623413251903000e-02
5.623413251903000e-02
5.623413251903000e-02
5.623413251903000e-02

497
5.623413251903000e-02
5.623413251903000e-02
5.623413251903000e-02
5.623413251903000e-02

498
5.623413251903000e-02
5.623413251903000e-02
5.623413251903000e-02
5.623413251903000e-02

499
5.623413251903000e-02
5.623413251903000e-02
5.623413251903000e-02
5.623413251903000e-02

500
5.623413251903000e-02
5.623413251903000e-02
5.623413251903000e-02
5.623413251903000e-02

501
5.623413251903000e-02
5.623413251903000e-02
5.623413251903000e-02
5.623413251903000e-02

502
5.623413251903000e-02
5.623413251903000e-02
5.623413251903000e-02
5.623413251903000e-02

503
5.623413251903000e-02
5.623413251903000e-02
5.623413251903000e-02
5.623413251903000e-02

504
5.623413251903000e-02
5.623413251903000e-02
5.623413251903000e-02
5.623413251903000e-02

505
5.623413251903000e-02
5.623413251903000e-02
5.623413251903000e-02
5.623413251903000e-02

506
5.623413251903000e-02
5.623413251903000e-02
5.623413251903000e-02
5.623413251903000e-02

507
5.623413251903000e-02
5.623413251903000e-02
5.623413251903000e-02
5.623413251903000e-02

508
5.623413251903000e-02
5.623413251903000e-02
5.623413251903000e-02
5.623413251903000e-02

509
5.623413251903000e-02
5.623413251903000e-02
5.623413251903000e-02
5.623413251903000e-02

510
5.623413251903000e-02
5.623413251903000e-02
5.623413251903000e-02
5.623413251903000e-02

511
5.623413251903000e-02
5.623413251903000e-02
5.623413251903000e-02
5.623413251903000e-02

512
5.623413251903000e-02
5.623413251903000e-02
5.623413251903000e-02
5.623413251903000e-02

513
5.623413251903000e-02
5.623413251903000e-02
5.623413251903000e-02
5.623413251903000e-02

514
5.623413251903000e-02
5.623413251903000e-02
5.623413251903000e-02
5.623413251903000e-02

515
5.623413251903000e-02
5.623413251903000e-02
5.623413251903000e-02
5.623413251903000e-02

516
5.623413251903000e-02
5.623413251903000e-02
5.623413251903000e-02
5.623413251903000e-02

517
5.623413251903000e-02
5.623413251903000e-02
5.623413251903000e-02
5.623413251903000e-02

518
5.623413251903000e-02
5.623413251903000e-02
5.623413251903000e-02
5.623413251903000e-02

519
5.623413251903000e-02
5.623413251903000e-02
5.623413251903000e-02
5.623413251903000e-02

520
5.623413251903000e-02
5.623413251903000e-02
5.623413251903000e-02
5.623413251903000e-02

521
5.623413251903000e-02
5.623413251903000e-02
5.623413251903000e-02
5.623413251903000e-02

522
5.623413251903000e-02
5.623413251903000e-02
5.623413251903000e-02
5.623413251903000e-02

523
5.623413251903000e-02
5.623413251903000e-02
5.623413251903000e-02
5.623413251903000e-02

524
5.623413251903000e-02
5.623413251903000e-02
5.623413251903000e-02
5.623413251903000e-02

525
5.623413251903000e-02
5.623413251903000e-02
5.623413251903000e-02
5.623413251903000e-02

526
5.623413251903000e-02
5.623413251903000e-02
5.623413251903000e-02
5.623413251903000e-02

527
5.623413251903000e-02
5.623413251903000e-02
5.623413251903000e-02
5.623413251903000e-02

528
5.623413251903000e-02
5.623413251903000e-02
5.623413251903000e-02
5.623413251903000e-02

529
5.623413251903000e-02
5.623413251903000e-02
5.623413251903000e-02
5.623413251903000e-02

530
5.623413251903000e-02
5.623413251903000e-02
5.623413251903000e-02
5.623413251903000e-02

531
5.623413251903000e-02
5.623413251903000e-02
5.623413251903000e-02
5.623413251903000e-02

532
5.623413251903000e-02
5.623413251903000e-02
5.623413251903000e-02
5.623413251903000e-02

533
5.623413251903000e-02
5.623413251903000e-02
5.623413251903000e-02
5.623413251903000e-02

534
5.623413251903000e-02
5.623413251903000e-02
5.623413251903000e-02
5.623413251903000e-02

535
5.623413251903000e-02
5.623413251903000e-02
5.623413251903000e-02
5.623413251903000e-02

536
5.623413251903000e-02
5.623413251903000e-02
5.623413251903000e-02
5.623413251903000e-02

537
5.623413251903000e-02
5.623413251903000e-02
5.623413251903000e-02
5.623413251903000e-02

538
5.623413251903000e-02
5.623413251903000e-02
5.623413251903000e-02
5.623413251903000e-02

539
5.623413251903000e-02
5.623413251903000e-02
5.623413251903000e-02
5.623413251903000e-02

540
5.623413251903000e-02
5.623413251903000e-02
5.623413251903000e-02
5.623413251903000e-02

541
5.623413251903000e-02
5.623413251903000e-02
5.623413251903000e-02
5.623413251903000e-02

542
5.623413251903000e-02
5.623413251903000e-02
5.623413251903000e-02
5.623413251903000e-02

543
5.623413251903000e-02
5.623413251903000e-02
5.623413251903000e-02
5.623413251903000e-02

544
5.623413251903000e-02
5.623413251903000e-02
5.623413251903000e-02
5.623413251903000e-02

545
5.623413251903000e-02
5.623413251903000e-02
5.623413251903000e-02
5.623413251903000e-02

546
5.623413251903000e-02
5.623413251903000e-02
5.623413251903000e-02
5.623413251903000e-02

547
5.623413251903000e-02
5.623413251903000e-02
5.623413251903000e-02
5.623413251903000e-02

548
5.623413251903000e-02
5.623413251903000e-02
5.623413251903000e-02
5.623413251903000e-02

549
5.623413251903000e-02
5.623413251903000e-02
5.623413251903000e-02
5.623413251903000e-02

550
5.623413251903000e-02
5.623413251903000e-02
5.623413251903000e-02
5.623413251903000e-02

551
5.623413251903000e-02
5.623413251903000e-02
5.623413251903000e-02
5.623413251903000e-02

552
5.623413251903000e-02
5.623413251903000e-02
5.623413251903000e-02
5.623413251903000e-02

553
5.623413251903000e-02
5.623413251903000e-02
5.623413251903000e-02
5.623413251903000e-02

554
5.623413251903000e-02
5.623413251903000e-02
5.623413251903000e-02
5.623413251903000e-02

555
5.623413251903000e-02
5.623413251903000e-02
5.623413251903000e-02
5.623413251903000e-02

556
5.623413251903000e-02
5.623413251903000e-02
5.623413251903000e-02
5.623413251903000e-02

557
5.623413251903000e-02
5.623413251903000e-02
5.623413251903000e-02
5.623413251903000e-02

558
5.623413251903000e-02
5.623413251903000e-02
5.623413251903000e-02
5.623413251903000e-02

559
5.623413251903000e-02
5.623413251903000e-02
5.623413251903000e-02
5.623413251903000e-02

560
5.623413251903000e-02
5.623413251903000e-02
5.623413251903000e-02
5.623413251903000e-02

561
5.623413251903000e-02
5.623413251903000e-02
5.623413251903000e-02
5.623413251903000e-02

562
5.623413251903000e-02
5.623413251903000e-02
5.623413251903000e-02
5.623413251903000e-02

563
5.623413251903000e-02
5.623413251903000e-02
5.623413251903000e-02
5.623413251903000e-02

564
5.623413251903000e-02
5.623413251903000e-02
5.623413251903000e-02
5.623413251903000e-02

565
5.623413251903000e-02
5.623413251903000e-02
5.623413251903000e-02
5.623413251903000e-02

566
5.623413251903000e-02
5.623413251903000e-02
5.623413251903000e-02
5.623413251903000e-02

567
5.623413251903000e-02
5.623413251903000e-02
5.623413251903000e-02
5.623413251903000e-02

568
5.623413251903000e-02
5.623413251903000e-02
5.623413251903000e-02
5.623413251903000e-02

569
5.623413251903000e-02
5.623413251903000e-02
5.623413251903000e-02
5.623413251903000e-02

570
5.623413251903000e-02
5.623413251903000e-02
5.623413251903000e-02
5.623413251903000e-02

571
5.623413251903000e-02
5.623413251903000e-02
5.623413251903000e-02
5.623413251903000e-02

572
5.623413251903000e-02
5.623413251903000e-02
5.623413251903000e-02
5.623413251903000e-02

573
5.623413251903000e-02
5.623413251903000e-02
5.623413251903000e-02
5.623413251903000e-02

574
5.623413251903000e-02
5.623413251903000e-02
5.623413251903000e-02
5.623413251903000e-02

575
5.623413251903000e-02
5.623413251903000e-02
5.623413251903000e-02
5.623413251903000e-02

576
5.623413251903000e-02
5.623413251903000e-02
5.623413251903000e-02
5.623413251903000e-02

577
5.623413251903000e-02
5.623413251903000e-02
5.623413251903000e-02
5.623413251903000e-02

578
5.623413251903000e-02
5.623413251903000e-02
5.623413251903000e-02
5.623413251903000e-02

579
5.623413251903000e-02
5.623413251903000e-02
5.623413251903000e-02
5.623413251903000e-02

580
5.623413251903000e-02
5.623413251903000e-02
5.623413251903000e-02
5.623413251903000e-02

581
5.623413251903000e-02
5.623413251903000e-02
5.623413251903000e-02
5.623413251903000e-02

582
5.623413251903000e-02
5.623413251903000e-02
5.623413251903000e-02
5.623413251903000e-02

583
5.623413251903000e-02
5.623413251903000e-02
5.623413251903000e-02
5.623413251903000e-02

584
5.623413251903000e-02
5.623413251903000e-02
5.623413251903000e-02
5.623413251903000e-02

585
5.623413251903000e-02
5.623413251903000e-02
5.623413251903000e-02
5.623413251903000e-02

586
5.623413251903000e-02
5.623413251903000e-02
5.623413251903000e-02
5.623413251903000e-02

587
5.623413251903000e-02
5.623413251903000e-02
5.623413251903000e-02
5.623413251903000e-02

588
5.623413251903000e-02
5.623413251903000e-02
5.623413251903000e-02
5.623413251903000e-02

589
5.623413251903000e-02
5.623413251903000e-02
5.623413251903000e-02
5.623413251903000e-02

590
5.623413251903000e-02
5.623413251903000e-02
5.623413251903000e-02
5.623413251903000e-02

591
5.623413251903000e-02
5.623413251903000e-02
5.623413251903000e-02
5.623413251903000e-02

592
5.623413251903000e-02
5.623413251903000e-02
5.623413251903000e-02
5.623413251903000e-02

593
5.623413251903000e-02
5.623413251903000e-02
5.623413251903000e-02
5.623413251903000e-02

594
5.623413251903000e-02
5.623413251903000e-02
5.623413251903000e-02
5.623413251903000e-02

595
5.623413251903000e-02
5.623413251903000e-02
5.623413251903000e-02
5.623413251903000e-02

596
5.623413251903000e-02
5.623413251903000e-02
5.623413251903000e-02
5.623413251903000e-02

597
5.623413251903000e-02
5.623413251903000e-02
5.623413251903000e-02
5.623413251903000e-02

598
5.623413251903000e-02
5.623413251903000e-02
5.623413251903000e-02
5.623413251903000e-02

599
5.623413251903000e-02
5.623413251903000e-02
5.623413251903000e-02
5.623413251903000e-02

600
5.623413251903000e-02
5.623413251903000e-02
5.623413251903000e-02
5.623413251903000e-02

601
5.623413251903000e-02
5.623413251903000e-02
5.623413251903000e-02
5.623413251903000e-02

602
5.623413251903000e-02
5.623413251903000e-02
5.623413251903000e-02
5.623413251903000e-02

603
5.623413251903000e-02
5.623413251903000e-02
5.623413251903000e-02
5.623413251903000e-02

604
5.623413251903000e-02
5.623413251903000e-02
5.623413251903000e-02
5.623413251903000e-02

605
5.623413251903000e-02
5.623413251903000e-02
5.623413251903000e-02
5.623413251903000e-02

606
5.623413251903000e-02
5.623413251903000e-02
5.623413251903000e-02
5.623413251903000e-02

607
5.623413251903000e-02
5.623413251903000e-02
5.623413251903000e-02
5.623413251903000e-02

608
5.623413251903000e-02
5.623413251903000e-02
5.623413251903000e-02
5.623413251903000e-02

609
5.623413251903000e-02
5.623413251903000e-02
5.623413251903000e-02
5.623413251903000e-02

610
5.623413251903000e-02
5.623413251903000e-02
5.623413251903000e-02
5.623413251903000e-02

611
5.623413251903000e-02
5.623413251903000e-02
5.623413251903000e-02
5.623413251903000e-02

612
5.623413251903000e-02
5.623413251903000e-02
5.623413251903000e-02
5.623413251903000e-02

613
5.623413251903000e-02
5.623413251903000e-02
5.623413251903000e-02
5.623413251903000e-02

614
5.623413251903000e-02
5.623413251903000e-02
5.623413251903000e-02
5.623413251903000e-02

615
5.623413251903000e-02
5.623413251903000e-02
5.623413251903000e-02
5.623413251903000e-02

616
5.623413251903000e-02
5.623413251903000e-02
5.623413251903000e-02
5.623413251903000e-02

617
5.623413251903000e-02
5.623413251903000e-02
5.623413251903000e-02
5.623413251903000e-02

618
5.623413251903000e-02
5.623413251903000e-02
5.623413251903000e-02
5.623413251903000e-02

619
5.623413251903000e-02
5.623413251903000e-02
5.623413251903000e-02
5.623413251903000e-02

620
5.623413251903000e-02
5.623413251903000e-02
5.623413251903000e-02
5.623413251903000e-02

621
5.623413251903000e-02
5.623413251903000e-02
5.623413251903000e-02
5.623413251903000e-02

622
5.623413251903000e-02
5.623413251903000e-02
5.623413251903000e-02
5.623413251903000e-02

623
5.623413251903000e-02
5.623413251903000e-02
5.623413251903000e-02
5.623413251903000e-02

624
5.623413251903000e-02
5.623413251903000e-02
5.623413251903000e-02
5.623413251903000e-02

625
5.623413251903000e-02
5.623413251903000e-02
5.623413251903000e-02
5.623413251903000e-02

626
5.623413251903000e-02
5.623413251903000e-02
5.623413251903000e-02
5.623413251903000e-02

627
5.623413251903000e-02
5.623413251903000e-02
5.623413251903000e-02
5.623413251903000e-02

628
5.623413251903000e-02
5.623413251903000e-02
5.623413251903000e-02
5.623413251903000e-02

629
5.623413251903000e-02
5.623413251903000e-02
5.623413251903000e-02
5.623413251903000e-02

630
5.623413251903000e-02
5.623413251903000e-02
5.623413251903000e-02
5.623413251903000e-02

631
5.623413251903000e-02
5.623413251903000e-02
5.623413251903000e-02
5.623413251903000e-02

632
5.623413251903000e-02
5.623413251903000e-02
5.623413251903000e-02
5.623413251903000e-02

633
5.623413251903000e-02
5.623413251903000e-02
5.623413251903000e-02
5.623413251903000e-02

634
5.623413251903000e-02
5.623413251903000e-02
5.623413251903000e-02
5.623413251903000e-02

635
5.623413251903000e-02
5.623413251903000e-02
5.623413251903000e-02
5.623413251903000e-02

636
5.623413251903000e-02
5.623413251903000e-02
5.623413251903000e-02
5.623413251903000e-02

637
5.623413251903000e-02
5.623413251903000e-02
5.623413251903000e-02
5.623413251903000e-02

638
5.623413251903000e-02
5.623413251903000e-02
5.623413251903000e-02
5.623413251903000e-02

639
5.623413251903000e-02
5.623413251903000e-02
5.623413251903000e-02
5.623413251903000e-02

640
5.623413251903000e-02
5.623413251903000e-02
5.623413251903000e-02
5.623413251903000e-02

641
5.623413251903000e-02
5.623413251903000e-02
5.623413251903000e-02
5.623413251903000e-02

642
5.623413251903000e-02
5.623413251903000e-02
5.623413251903000e-02
5.623413251903000e-02

643
5.623413251903000e-02
5.623413251903000e-02
5.623413251903000e-02
5.623413251903000e-02

644
5.623413251903000e-02
5.623413251903000e-02
5.623413251903000e-02
5.623413251903000e-02

645
5.623413251903000e-02
5.623413251903000e-02
5.623413251903000e-02
5.623413251903000e-02

646
5.623413251903000e-02
5.623413251903000e-02
5.623413251903000e-02
5.623413251903000e-02

647
5.623413251903000e-02
5.623413251903000e-02
5.623413251903000e-02
5.623413251903000e-02

648
5.623413251903000e-02
5.623413251903000e-02
5.623413251903000e-02
5.623413251903000e-02

649
5.623413251903000e-02
5.623413251903000e-02
5.623413251903000e-02
5.623413251903000e-02

650
5.623413251903000e-02
5.623413251903000e-02
5.623413251903000e-02
5.623413251903000e-02

651
5.623413251903000e-02
5.623413251903000e-02
5.623413251903000e-02
5.623413251903000e-02

652
5.623413251903000e-02
5.623413251903000e-02
5.623413251903000e-02
5.623413251903000e-02

653
5.623413251903000e-02
5.623413251903000e-02
5.623413251903000e-02
5.623413251903000e-02

654
5.623413251903000e-02
5.623413251903000e-02
5.623413251903000e-02
5.623413251903000e-02

655
5.623413251903000e-02
5.623413251903000e-02
5.623413251903000e-02
5.623413251903000e-02

656
5.623413251903000e-02
5.623413251903000e-02
5.623413251903000e-02
5.623413251903000e-02

657
5.623413251903000e-02
5.623413251903000e-02
5.623413251903000e-02
5.623413251903000e-02

658
5.623413251903000e-02
5.623413251903000e-02
5.623413251903000e-02
5.623413251903000e-02

659
5.623413251903000e-02
5.623413251903000e-02
5.623413251903000e-02
5.623413251903000e-02

660
5.623413251903000e-02
5.623413251903000e-02
5.623413251903000e-02
5.623413251903000e-02

661
5.623413251903000e-02
5.623413251903000e-02
5.623413251903000e-02
5.623413251903000e-02

662
5.623413251903000e-02
5.623413251903000e-02
5.623413251903000e-02
5.623413251903000e-02

663
5.623413251903000e-02
5.623413251903000e-02
5.623413251903000e-02
5.623413251903000e-02

664
5.623413251903000e-02
5.623413251903000e-02
5.623413251903000e-02
5.623413251903000e-02

665
5.623413251903000e-02
5.623413251903000e-02
5.623413251903000e-02
5.623413251903000e-02

666
5.623413251903000e-02
5.623413251903000e-02
5.623413251903000e-02
5.623413251903000e-02

667
5.623413251903000e-02
5.623413251903000e-02
5.623413251903000e-02
5.623413251903000e-02

668
5.623413251903000e-02
5.623413251903000e-02
5.623413251903000e-02
5.623413251903000e-02

669
5.623413251903000e-02
5.623413251903000e-02
5.623413251903000e-02
5.623413251903000e-02

670
5.623413251903000e-02
5.623413251903000e-02
5.623413251903000e-02
5.623413251903000e-02

671
5.623413251903000e-02
5.623413251903000e-02
5.623413251903000e-02
5.623413251903000e-02

672
5.623413251903000e-02
5.623413251903000e-02
5.623413251903000e-02
5.623413251903000e-02

673
5.623413251903000e-02
5.623413251903000e-02
5.623413251903000e-02
5.623413251903000e-02

674
5.623413251903000e-02
5.623413251903000e-02
5.623413251903000e-02
5.623413251903000e-02

675
5.623413251903000e-02
5.623413251903000e-02
5.623413251903000e-02
5.623413251903000e-02

676
5.623413251903000e-02
5.623413251903000e-02
5.623413251903000e-02
5.623413251903000e-02

677
5.623413251903000e-02
5.623413251903000e-02
5.623413251903000e-02
5.623413251903000e-02

678
5.623413251903000e-02
5.623413251903000e-02
5.623413251903000e-02
5.623413251903000e-02

679
5.623413251903000e-02
5.623413251903000e-02
5.623413251903000e-02
5.623413251903000e-02

680
5.623413251903000e-02
5.623413251903000e-02
5.623413251903000e-02
5.623413251903000e-02

681
5.623413251903000e-02
5.623413251903000e-02
5.623413251903000e-02
5.623413251903000e-02

682
5.623413251903000e-02
5.623413251903000e-02
5.623413251903000e-02
5.623413251903000e-02

683
5.623413251903000e-02
5.623413251903000e-02
5.623413251903000e-02
5.623413251903000e-02

684
5.623413251903000e-02
5.623413251903000e-02
5.623413251903000e-02
5.623413251903000e-02

685
5.623413251903000e-02
5.623413251903000e-02
5.623413251903000e-02
5.623413251903000e-02

686
5.623413251903000e-02
5.623413251903000e-02
5.623413251903000e-02
5.623413251903000e-02

687
5.623413251903000e-02
5.623413251903000e-02
5.623413251903000e-02
5.623413251903000e-02

688
5.623413251903000e-02
5.623413251903000e-02
5.623413251903000e-02
5.623413251903000e-02

689
5.623413251903000e-02
5.623413251903000e-02
5.623413251903000e-02
5.623413251903000e-02

690
5.623413251903000e-02
5.623413251903000e-02
5.623413251903000e-02
5.623413251903000e-02

691
5.623413251903000e-02
5.623413251903000e-02
5.623413251903000e-02
5.623413251903000e-02

692
5.623413251903000e-02
5.623413251903000e-02
5.623413251903000e-02
5.623413251903000e-02

693
5.623413251903000e-02
5.623413251903000e-02
5.623413251903000e-02
5.623413251903000e-02

694
5.623413251903000e-02
5.623413251903000e-02
5.623413251903000e-02
5.623413251903000e-02

695
5.623413251903000e-02
5.623413251903000e-02
5.623413251903000e-02
5.623413251903000e-02

696
5.623413251903000e-02
5.623413251903000e-02
5.623413251903000e-02
5.623413251903000e-02

697
5.623413251903000e-02
5.623413251903000e-02
5.623413251903000e-02
5.623413251903000e-02

698
5.623413251903000e-02
5.623413251903000e-02
5.623413251903000e-02
5.623413251903000e-02

699
5.623413251903000e-02
5.623413251903000e-02
5.623413251903000e-02
5.623413251903000e-02

700
5.623413251903000e-02
5.623413251903000e-02
5.623413251903000e-02
5.623413251903000e-02

701
5.623413251903000e-02
5.623413251903000e-02
5.623413251903000e-02
5.623413251903000e-02

702
5.623413251903000e-02
5.623413251903000e-02
5.623413251903000e-02
5.623413251903000e-02

703
5.623413251903000e-02
5.623413251903000e-02
5.623413251903000e-02
5.623413251903000e-02

704
5.623413251903000e-02
5.623413251903000e-02
5.623413251903000e-02
5.623413251903000e-02

705
5.623413251903000e-02
5.623413251903000e-02
5.623413251903000e-02
5.623413251903000e-02

706
5.623413251903000e-02
5.623413251903000e-02
5.623413251903000e-02
5.623413251903000e-02

707
5.623413251903000e-02
5.623413251903000e-02
5.623413251903000e-02
5.623413251903000e-02

708
5.623413251903000e-02
5.623413251903000e-02
5.623413251903000e-02
5.623413251903000e-02

709
5.623413251903000e-02
5.623413251903000e-02
5.623413251903000e-02
5.623413251903000e-02

710
5.623413251903000e-02
5.623413251903000e-02
5.623413251903000e-02
5.623413251903000e-02

711
5.623413251903000e-02
5.623413251903000e-02
5.623413251903000e-02
5.623413251903000e-02

712
5.623413251903000e-02
5.623413251903000e-02
5.623413251903000e-02
5.623413251903000e-02

713
5.623413251903000e-02
5.623413251903000e-02
5.623413251903000e-02
5.623413251903000e-02

714
5.623413251903000e-02
5.623413251903000e-02
5.623413251903000e-02
5.623413251903000e-02

715
5.623413251903000e-02
5.623413251903000e-02
5.623413251903000e-02
5.623413251903000e-02

716
5.623413251903000e-02
5.623413251903000e-02
5.623413251903000e-02
5.623413251903000e-02

717
5.623413251903000e-02
5.623413251903000e-02
5.623413251903000e-02
5.623413251903000e-02

718
5.623413251903000e-02
5.623413251903000e-02
5.623413251903000e-02
5.623413251903000e-02

719
5.623413251903000e-02
5.623413251903000e-02
5.623413251903000e-02
5.623413251903000e-02

720
5.623413251903000e-02
5.623413251903000e-02
5.623413251903000e-02
5.623413251903000e-02

721
5.623413251903000e-02
5.623413251903000e-02
5.623413251903000e-02
5.623413251903000e-02

722
5.623413251903000e-02
5.623413251903000e-02
5.623413251903000e-02
5.623413251903000e-02

723
5.623413251903000e-02
5.623413251903000e-02
5.623413251903000e-02
5.623413251903000e-02

724
5.623413251903000e-02
5.623413251903000e-02
5.623413251903000e-02
5.623413251903000e-02

725
5.623413251903000e-02
5.623413251903000e-02
5.623413251903000e-02
5.623413251903000e-02

726
5.623413251903000e-02
5.623413251903000e-02
5.623413251903000e-02
5.623413251903000e-02

727
5.623413251903000e-02
5.623413251903000e-02
5.623413251903000e-02
5.623413251903000e-02

728
5.623413251903000e-02
5.623413251903000e-02
5.623413251903000e-02
5.623413251903000e-02

729
5.623413251903000e-02
5.623413251903000e-02
5.623413251903000e-02
5.623413251903000e-02

730
5.623413251903000e-02
5.623413251903000e-02
5.623413251903000e-02
5.623413251903000e-02

731
5.623413251903000e-02
5.623413251903000e-02
5.623413251903000e-02
5.623413251903000e-02

732
5.623413251903000e-02
5.623413251903000e-02
5.623413251903000e-02
5.623413251903000e-02

733
5.623413251903000e-02
5.623413251903000e-02
5.623413251903000e-02
5.623413251903000e-02

734
5.623413251903000e-02
5.623413251903000e-02
5.623413251903000e-02
5.623413251903000e-02

735
5.623413251903000e-02
5.623413251903000e-02
5.623413251903000e-02
5.623413251903000e-02

736
5.623413251903000e-02
5.623413251903000e-02
5.623413251903000e-02
5.623413251903000e-02

737
5.623413251903000e-02
5.623413251903000e-02
5.623413251903000e-02
5.623413251903000e-02

738
5.623413251903000e-02
5.623413251903000e-02
5.623413251903000e-02
5.623413251903000e-02

739
5.623413251903000e-02
5.623413251903000e-02
5.623413251903000e-02
5.623413251903000e-02

740
5.623413251903000e-02
5.623413251903000e-02
5.623413251903000e-02
5.623413251903000e-02

741
5.623413251903000e-02
5.623413251903000e-02
5.623413251903000e-02
5.623413251903000e-02

742
5.623413251903000e-02
5.623413251903000e-02
5.623413251903000e-02
5.623413251903000e-02

743
5.623413251903000e-02
5.623413251903000e-02
5.623413251903000e-02
5.623413251903000e-02

744
5.623413251903000e-02
5.623413251903000e-02
5.623413251903000e-02
5.623413251903000e-02

745
5.623413251903000e-02
5.623413251903000e-02
5.623413251903000e-02
5.623413251903000e-02

746
5.623413251903000e-02
5.623413251903000e-02
5.623413251903000e-02
5.623413251903000e-02

747
5.623413251903000e-02
5.623413251903000e-02
5.623413251903000e-02
5.623413251903000e-02

748
5.623413251903000e-02
5.623413251903000e-02
5.623413251903000e-02
5.623413251903000e-02

749
5.623413251903000e-02
5.623413251903000e-02
5.623413251903000e-02
5.623413251903000e-02

750
5.623413251903000e-02
5.623413251903000e-02
5.623413251903000e-02
5.623413251903000e-02

751
5.623413251903000e-02
5.623413251903000e-02
5.623413251903000e-02
5.623413251903000e-02

752
5.623413251903000e-02
5.623413251903000e-02
5.623413251903000e-02
5.623413251903000e-02

753
5.623413251903000e-02
5.623413251903000e-02
5.623413251903000e-02
5.623413251903000e-02

754
5.623413251903000e-02
5.623413251903000e-02
5.623413251903000e-02
5.623413251903000e-02

755
5.623413251903000e-02
5.623413251903000e-02
5.623413251903000e-02
5.623413251903000e-02

756
5.623413251903000e-02
5.623413251903000e-02
5.623413251903000e-02
5.623413251903000e-02

757
5.623413251903000e-02
5.623413251903000e-02
5.623413251903000e-02
5.623413251903000e-02

758
5.623413251903000e-02
5.623413251903000e-02
5.623413251903000e-02
5.623413251903000e-02

759
5.623413251903000e-02
5.623413251903000e-02
5.623413251903000e-02
5.623413251903000e-02

760
5.623413251903000e-02
5.623413251903000e-02
5.623413251903000e-02
5.623413251903000e-02

761
5.623413251903000e-02
5.623413251903000e-02
5.623413251903000e-02
5.623413251903000e-02

762
5.623413251903000e-02
5.623413251903000e-02
5.623413251903000e-02
5.623413251903000e-02

763
5.623413251903000e-02
5.623413251903000e-02
5.623413251903000e-02
5.623413251903000e-02

764
5.623413251903000e-02
5.623413251903000e-02
5.623413251903000e-02
5.623413251903000e-02

765
5.623413251903000e-02
5.623413251903000e-02
5.623413251903000e-02
5.623413251903000e-02

766
5.623413251903000e-02
5.623413251903000e-02
5.623413251903000e-02
5.623413251903000e-02

767
5.623413251903000e-02
5.623413251903000e-02
5.623413251903000e-02
5.623413251903000e-02

768
5.623413251903000e-02
5.623413251903000e-02
5.623413251903000e-02
5.623413251903000e-02

769
5.623413251903000e-02
5.623413251903000e-02
5.623413251903000e-02
5.623413251903000e-02

770
5.623413251903000e-02
5.623413251903000e-02
5.623413251903000e-02
5.623413251903000e-02

771
5.623413251903000e-02
5.623413251903000e-02
5.623413251903000e-02
5.623413251903000e-02

772
5.623413251903000e-02
5.623413251903000e-02
5.623413251903000e-02
5.623413251903000e-02

773
5.623413251903000e-02
5.623413251903000e-02
5.623413251903000e-02
5.623413251903000e-02

774
5.623413251903000e-02
5.623413251903000e-02
5.623413251903000e-02
5.623413251903000e-02

775
5.623413251903000e-02
5.623413251903000e-02
5.623413251903000e-02
5.623413251903000e-02

776
5.623413251903000e-02
5.623413251903000e-02
5.623413251903000e-02
5.623413251903000e-02

777
5.623413251903000e-02
5.623413251903000e-02
5.623413251903000e-02
5.623413251903000e-02

778
5.623413251903000e-02
5.623413251903000e-02
5.623413251903000e-02
5.623413251903000e-02

779
5.623413251903000e-02
5.623413251903000e-02
5.623413251903000e-02
5.623413251903000e-02

780
5.623413251903000e-02
5.623413251903000e-02
5.623413251903000e-02
5.623413251903000e-02

781
5.623413251903000e-02
5.623413251903000e-02
5.623413251903000e-02
5.623413251903000e-02

782
5.623413251903000e-02
5.623413251903000e-02
5.623413251903000e-02
5.623413251903000e-02

783
5.623413251903000e-02
5.623413251903000e-02
5.623413251903000e-02
5.623413251903000e-02

784
5.623413251903000e-02
5.623413251903000e-02
5.623413251903000e-02
5.623413251903000e-02

785
5.623413251903000e-02
5.623413251903000e-02
5.623413251903000e-02
5.623413251903000e-02

786
5.623413251903000e-02
5.623413251903000e-02
5.623413251903000e-02
5.623413251903000e-02

787
5.623413251903000e-02
5.623413251903000e-02
5.623413251903000e-02
5.623413251903000e-02

788
5.623413251903000e-02
5.623413251903000e-02
5.623413251903000e-02
5.623413251903000e-02

789
5.623413251903000e-02
5.623413251903000e-02
5.623413251903000e-02
5.623413251903000e-02

790
5.623413251903000e-02
5.623413251903000e-02
5.623413251903000e-02
5.623413251903000e-02

791
5.623413251903000e-02
5.623413251903000e-02
5.623413251903000e-02
5.623413251903000e-02

792
5.623413251903000e-02
5.623413251903000e-02
5.623413251903000e-02
5.623413251903000e-02

793
5.623413251903000e-02
5.623413251903000e-02
5.623413251903000e-02
5.623413251903000e-02

794
5.623413251903000e-02
5.623413251903000e-02
5.623413251903000e-02
5.623413251903000e-02

795
5.623413251903000e-02
5.623413251903000e-02
5.623413251903000e-02
5.623413251903000e-02

796
5.623413251903000e-02
5.623413251903000e-02
5.623413251903000e-02
5.623413251903000e-02

797
5.623413251903000e-02
5.623413251903000e-02
5.623413251903000e-02
5.623413251903000e-02

798
5.623413251903000e-02
5.623413251903000e-02
5.623413251903000e-02
5.623413251903000e-02

799
5.623413251903000e-02
5.623413251903000e-02
5.623413251903000e-02
5.623413251903000e-02

800
5.623413251903000e-02
5.623413251903000e-02
5.623413251903000e-02
5.623413251903000e-02

801
5.623413251903000e-02
5.623413251903000e-02
5.623413251903000e-02
5.623413251903000e-02

802
5.623413251903000e-02
5.623413251903000e-02
5.623413251903000e-02
5.623413251903000e-02

803
5.623413251903000e-02
5.623413251903000e-02
5.623413251903000e-02
5.623413251903000e-02

804
5.623413251903000e-02
5.623413251903000e-02
5.623413251903000e-02
5.623413251903000e-02

805
5.623413251903000e-02
5.623413251903000e-02
5.623413251903000e-02
5.623413251903000e-02

806
5.623413251903000e-02
5.623413251903000e-02
5.623413251903000e-02
5.623413251903000e-02

807
5.623413251903000e-02
5.623413251903000e-02
5.623413251903000e-02
5.623413251903000e-02

808
5.623413251903000e-02
5.623413251903000e-02
5.623413251903000e-02
5.623413251903000e-02

809
5.623413251903000e-02
5.623413251903000e-02
5.623413251903000e-02
5.623413251903000e-02

810
5.623413251903000e-02
5.623413251903000e-02
5.623413251903000e-02
5.623413251903000e-02

811
5.623413251903000e-02
5.623413251903000e-02
5.623413251903000e-02
5.623413251903000e-02

812
5.623413251903000e-02
5.623413251903000e-02
5.623413251903000e-02
5.623413251903000e-02

813
5.623413251903000e-02
5.623413251903000e-02
5.623413251903000e-02
5.623413251903000e-02

814
5.623413251903000e-02
5.623413251903000e-02
5.623413251903000e-02
5.623413251903000e-02

815
5.623413251903000e-02
5.623413251903000e-02
5.623413251903000e-02
5.623413251903000e-02

816
5.623413251903000e-02
5.623413251903000e-02
5.623413251903000e-02
5.623413251903000e-02

817
5.623413251903000e-02
5.623413251903000e-02
5.623413251903000e-02
5.623413251903000e-02

818
5.623413251903000e-02
5.623413251903000e-02
5.623413251903000e-02
5.623413251903000e-02

819
5.623413251903000e-02
5.623413251903000e-02
5.623413251903000e-02
5.623413251903000e-02

820
5.623413251903000e-02
5.623413251903000e-02
5.623413251903000e-02
5.623413251903000e-02

821
5.623413251903000e-02
5.623413251903000e-02
5.623413251903000e-02
5.623413251903000e-02

822
5.623413251903000e-02
5.623413251903000e-02
5.623413251903000e-02
5.623413251903000e-02

823
5.623413251903000e-02
5.623413251903000e-02
5.623413251903000e-02
5.623413251903000e-02

824
5.623413251903000e-02
5.623413251903000e-02
5.623413251903000e-02
5.623413251903000e-02

825
5.623413251903000e-02
5.623413251903000e-02
5.623413251903000e-02
5.623413251903000e-02

826
5.623413251903000e-02
5.623413251903000e-02
5.623413251903000e-02
5.623413251903000e-02

827
5.623413251903000e-02
5.623413251903000e-02
5.623413251903000e-02
5.623413251903000e-02

828
5.623413251903000e-02
5.623413251903000e-02
5.623413251903000e-02
5.623413251903000e-02

829
5.623413251903000e-02
5.623413251903000e-02
5.623413251903000e-02
5.623413251903000e-02

830
5.623413251903000e-02
5.623413251903000e-02
5.623413251903000e-02
5.623413251903000e-02

831
5.623413251903000e-02
5.623413251903000e-02
5.623413251903000e-02
5.623413251903000e-02

832
5.623413251903000e-02
5.623413251903000e-02
5.623413251903000e-02
5.623413251903000e-02

833
5.623413251903000e-02
5.623413251903000e-02
5.623413251903000e-02
5.623413251903000e-02

834
5.623413251903000e-02
5.623413251903000e-02
5.623413251903000e-02
5.623413251903000e-02

835
5.623413251903000e-02
5.623413251903000e-02
5.623413251903000e-02
5.623413251903000e-02

836
5.623413251903000e-02
5.623413251903000e-02
5.623413251903000e-02
5.623413251903000e-02

837
5.623413251903000e-02
5.623413251903000e-02
5.623413251903000e-02
5.623413251903000e-02

838
5.623413251903000e-02
5.623413251903000e-02
5.623413251903000e-02
5.623413251903000e-02

839
5.623413251903000e-02
5.623413251903000e-02
5.623413251903000e-02
5.623413251903000e-02

840
5.623413251903000e-02
5.623413251903000e-02
5.623413251903000e-02
5.623413251903000e-02

841
5.623413251903000e-02
5.623413251903000e-02
5.623413251903000e-02
5.623413251903000e-02

842
5.623413251903000e-02
5.623413251903000e-02
5.623413251903000e-02
5.623413251903000e-02

843
5.623413251903000e-02
5.623413251903000e-02
5.623413251903000e-02
5.623413251903000e-02

844
5.623413251903000e-02
5.623413251903000e-02
5.623413251903000e-02
5.623413251903000e-02

845
5.623413251903000e-02
5.623413251903000e-02
5.623413251903000e-02
5.623413251903000e-02

846
5.623413251903000e-02
5.623413251903000e-02
5.623413251903000e-02
5.623413251903000e-02

847
5.623413251903000e-02
5.623413251903000e-02
5.623413251903000e-02
5.623413251903000e-02

848
5.623413251903000e-02
5.623413251903000e-02
5.623413251903000e-02
5.623413251903000e-02

849
5.623413251903000e-02
5.623413251903000e-02
5.623413251903000e-02
5.623413251903000e-02

850
5.623413251903000e-02
5.623413251903000e-02
5.623413251903000e-02
5.623413251903000e-02

851
5.623413251903000e-02
5.623413251903000e-02
5.623413251903000e-02
5.623413251903000e-02

852
5.623413251903000e-02
5.623413251903000e-02
5.623413251903000e-02
5.623413251903000e-02

853
5.623413251903000e-02
5.623413251903000e-02
5.623413251903000e-02
5.623413251903000e-02

854
5.623413251903000e-02
5.623413251903000e-02
5.623413251903000e-02
5.623413251903000e-02

855
5.623413251903000e-02
5.623413251903000e-02
5.623413251903000e-02
5.623413251903000e-02

856
5.623413251903000e-02
5.623413251903000e-02
5.623413251903000e-02
5.623413251903000e-02

857
5.623413251903000e-02
5.623413251903000e-02
5.623413251903000e-02
5.623413251903000e-02

858
5.623413251903000e-02
5.623413251903000e-02
5.623413251903000e-02
5.623413251903000e-02

859
5.623413251903000e-02
5.623413251903000e-02
5.623413251903000e-02
5.623413251903000e-02

860
5.623413251903000e-02
5.623413251903000e-02
5.623413251903000e-02
5.623413251903000e-02

861
5.623413251903000e-02
5.623413251903000e-02
5.623413251903000e-02
5.623413251903000e-02

862
5.623413251903000e-02
5.623413251903000e-02
5.623413251903000e-02
5.623413251903000e-02

863
5.623413251903000e-02
5.623413251903000e-02
5.623413251903000e-02
5.623413251903000e-02

864
5.623413251903000e-02
5.623413251903000e-02
5.623413251903000e-02
5.623413251903000e-02

865
5.623413251903000e-02
5.623413251903000e-02
5.623413251903000e-02
5.623413251903000e-02

866
5.623413251903000e-02
5.623413251903000e-02
5.623413251903000e-02
5.623413251903000e-02

867
5.623413251903000e-02
5.623413251903000e-02
5.623413251903000e-02
5.623413251903000e-02

868
5.623413251903000e-02
5.623413251903000e-02
5.623413251903000e-02
5.623413251903000e-02

869
5.623413251903000e-02
5.623413251903000e-02
5.623413251903000e-02
5.623413251903000e-02

870
5.623413251903000e-02
5.623413251903000e-02
5.623413251903000e-02
5.623413251903000e-02

871
5.623413251903000e-02
5.623413251903000e-02
5.623413251903000e-02
5.623413251903000e-02

872
5.623413251903000e-02
5.623413251903000e-02
5.623413251903000e-02
5.623413251903000e-02

873
5.623413251903000e-02
5.623413251903000e-02
5.623413251903000e-02
5.623413251903000e-02

874
5.623413251903000e-02
5.623413251903000e-02
5.623413251903000e-02
5.623413251903000e-02

875
5.623413251903000e-02
5.623413251903000e-02
5.623413251903000e-02
5.623413251903000e-02

876
5.623413251903000e-02
5.623413251903000e-02
5.623413251903000e-02
5.623413251903000e-02

877
5.623413251903000e-02
5.623413251903000e-02
5.623413251903000e-02
5.623413251903000e-02

878
5.623413251903000e-02
5.623413251903000e-02
5.623413251903000e-02
5.623413251903000e-02

879
5.623413251903000e-02
5.623413251903000e-02
5.623413251903000e-02
5.623413251903000e-02

880
5.623413251903000e-02
5.623413251903000e-02
5.623413251903000e-02
5.623413251903000e-02

881
5.623413251903000e-02
5.623413251903000e-02
5.623413251903000e-02
5.623413251903000e-02

882
5.623413251903000e-02
5.623413251903000e-02
5.623413251903000e-02
5.623413251903000e-02

883
5.623413251903000e-02
5.623413251903000e-02
5.623413251903000e-02
5.623413251903000e-02

884
5.623413251903000e-02
5.623413251903000e-02
5.623413251903000e-02
5.623413251903000e-02

885
5.623413251903000e-02
5.623413251903000e-02
5.623413251903000e-02
5.623413251903000e-02

886
5.623413251903000e-02
5.623413251903000e-02
5.623413251903000e-02
5.623413251903000e-02

887
5.623413251903000e-02
5.623413251903000e-02
5.623413251903000e-02
5.623413251903000e-02

888
5.623413251903000e-02
5.623413251903000e-02
5.623413251903000e-02
5.623413251903000e-02

889
5.623413251903000e-02
5.623413251903000e-02
5.623413251903000e-02
5.623413251903000e-02

890
5.623413251903000e-02
5.623413251903000e-02
5.623413251903000e-02
5.623413251903000e-02

891
5.623413251903000e-02
5.623413251903000e-02
5.623413251903000e-02
5.623413251903000e-02

892
5.623413251903000e-02
5.623413251903000e-02
5.623413251903000e-02
5.623413251903000e-02

893
5.623413251903000e-02
5.623413251903000e-02
5.623413251903000e-02
5.623413251903000e-02

894
5.623413251903000e-02
5.623413251903000e-02
5.623413251903000e-02
5.623413251903000e-02

895
5.623413251903000e-02
5.623413251903000e-02
5.623413251903000e-02
5.623413251903000e-02

896
5.623413251903000e-02
5.623413251903000e-02
5.623413251903000e-02
5.623413251903000e-02

897
5.623413251903000e-02
5.623413251903000e-02
5.623413251903000e-02
5.623413251903000e-02

898
5.623413251903000e-02
5.623413251903000e-02
5.623413251903000e-02
5.623413251903000e-02

899
5.623413251903000e-02
5.623413251903000e-02
5.623413251903000e-02
5.623413251903000e-02

900
5.623413251903000e-02
5.623413251903000e-02
5.623413251903000e-02
5.623413251903000e-02

901
5.623413251903000e-02
5.623413251903000e-02
5.623413251903000e-02
5.623413251903000e-02

902
5.623413251903000e-02
5.623413251903000e-02
5.623413251903000e-02
5.623413251903000e-02

903
5.623413251903000e-02
5.623413251903000e-02
5.623413251903000e-02
5.623413251903000e-02

904
5.623413251903000e-02
5.623413251903000e-02
5.623413251903000e-02
5.623413251903000e-02

905
5.623413251903000e-02
5.623413251903000e-02
5.623413251903000e-02
5.623413251903000e-02

906
5.623413251903000e-02
5.623413251903000e-02
5.623413251903000e-02
5.623413251903000e-02

907
5.623413251903000e-02
5.623413251903000e-02
5.623413251903000e-02
5.623413251903000e-02

908
5.623413251903000e-02
5.623413251903000e-02
5.623413251903000e-02
5.623413251903000e-02

909
5.623413251903000e-02
5.623413251903000e-02
5.623413251903000e-02
5.623413251903000e-02

910
5.623413251903000e-02
5.623413251903000e-02
5.623413251903000e-02
5.623413251903000e-02

911
5.623413251903000e-02
5.623413251903000e-02
5.623413251903000e-02
5.623413251903000e-02

912
5.623413251903000e-02
5.623413251903000e-02
5.623413251903000e-02
5.623413251903000e-02

913
5.623413251903000e-02
5.623413251903000e-02
5.623413251903000e-02
5.623413251903000e-02

914
5.623413251903000e-02
5.623413251903000e-02
5.623413251903000e-02
5.623413251903000e-02

915
5.623413251903000e-02
5.623413251903000e-02
5.623413251903000e-02
5.623413251903000e-02

916
5.623413251903000e-02
5.623413251903000e-02
5.623413251903000e-02
5.623413251903000e-02

917
5.623413251903000e-02
5.623413251903000e-02
5.623413251903000e-02
5.623413251903000e-02

918
5.623413251903000e-02
5.623413251903000e-02
5.623413251903000e-02
5.623413251903000e-02

919
5.623413251903000e-02
5.623413251903000e-02
5.623413251903000e-02
5.623413251903000e-02

920
5.623413251903000e-02
5.623413251903000e-02
5.623413251903000e-02
5.623413251903000e-02

921
5.623413251903000e-02
5.623413251903000e-02
5.623413251903000e-02
5.623413251903000e-02

922
5.623413251903000e-02
5.623413251903000e-02
5.623413251903000e-02
5.623413251903000e-02

923
5.623413251903000e-02
5.623413251903000e-02
5.623413251903000e-02
5.623413251903000e-02

924
5.623413251903000e-02
5.623413251903000e-02
5.623413251903000e-02
5.623413251903000e-02

925
5.623413251903000e-02
5.623413251903000e-02
5.623413251903000e-02
5.623413251903000e-02

926
5.623413251903000e-02
5.623413251903000e-02
5.623413251903000e-02
5.623413251903000e-02

927
5.623413251903000e-02
5.623413251903000e-02
5.623413251903000e-02
5.623413251903000e-02

928
5.623413251903000e-02
5.623413251903000e-02
5.623413251903000e-02
5.623413251903000e-02

929
5.623413251903000e-02
5.623413251903000e-02
5.623413251903000e-02
5.623413251903000e-02

930
5.623413251903000e-02
5.623413251903000e-02
5.623413251903000e-02
5.623413251903000e-02

931
5.623413251903000e-02
5.623413251903000e-02
5.623413251903000e-02
5.623413251903000e-02

932
5.623413251903000e-02
5.623413251903000e-02
5.623413251903000e-02
5.623413251903000e-02

933
5.623413251903000e-02
5.623413251903000e-02
5.623413251903000e-02
5.623413251903000e-02

934
5.623413251903000e-02
5.623413251903000e-02
5.623413251903000e-02
5.623413251903000e-02

935
5.623413251903000e-02
5.623413251903000e-02
5.623413251903000e-02
5.623413251903000e-02

936
5.623413251903000e-02
5.623413251903000e-02
5.623413251903000e-02
5.623413251903000e-02

937
5.623413251903000e-02
5.623413251903000e-02
5.623413251903000e-02
5.623413251903000e-02

938
5.623413251903000e-02
5.623413251903000e-02
5.623413251903000e-02
5.623413251903000e-02

939
5.623413251903000e-02
5.623413251903000e-02
5.623413251903000e-02
5.623413251903000e-02

940
5.623413251903000e-02
5.623413251903000e-02
5.623413251903000e-02
5.623413251903000e-02

941
5.623413251903000e-02
5.623413251903000e-02
5.623413251903000e-02
5.623413251903000e-02

942
5.623413251903000e-02
5.623413251903000e-02
5.623413251903000e-02
5.623413251903000e-02

943
5.623413251903000e-02
5.623413251903000e-02
5.623413251903000e-02
5.623413251903000e-02

944
5.623413251903000e-02
5.623413251903000e-02
5.623413251903000e-02
5.623413251903000e-02

945
5.623413251903000e-02
5.623413251903000e-02
5.623413251903000e-02
5.623413251903000e-02

946
5.623413251903000e-02
5.623413251903000e-02
5.623413251903000e-02
5.623413251903000e-02

947
5.623413251903000e-02
5.623413251903000e-02
5.623413251903000e-02
5.623413251903000e-02

948
5.623413251903000e-02
5.623413251903000e-02
5.623413251903000e-02
5.623413251903000e-02

949
5.623413251903000e-02
5.623413251903000e-02
5.623413251903000e-02
5.623413251903000e-02

950
5.623413251903000e-02
5.623413251903000e-02
5.623413251903000e-02
5.623413251903000e-02

951
5.623413251903000e-02
5.623413251903000e-02
5.623413251903000e-02
5.623413251903000e-02

952
5.623413251903000e-02
5.623413251903000e-02
5.623413251903000e-02
5.623413251903000e-02

953
5.623413251903000e-02
5.623413251903000e-02
5.623413251903000e-02
5.623413251903000e-02

954
5.623413251903000e-02
5.623413251903000e-02
5.623413251903000e-02
5.623413251903000e-02

955
5.623413251903000e-02
5.623413251903000e-02
5.623413251903000e-02
5.623413251903000e-02

956
5.623413251903000e-02
5.623413251903000e-02
5.623413251903000e-02
5.623413251903000e-02

957
5.623413251903000e-02
5.623413251903000e-02
5.623413251903000e-02
5.623413251903000e-02

958
5.623413251903000e-02
5.623413251903000e-02
5.623413251903000e-02
5.623413251903000e-02

959
5.623413251903000e-02
5.623413251903000e-02
5.623413251903000e-02
5.623413251903000e-02

960
5.623413251903000e-02
5.623413251903000e-02
5.623413251903000e-02
5.623413251903000e-02

961
5.623413251903000e-02
5.623413251903000e-02
5.623413251903000e-02
5.623413251903000e-02

962
5.623413251903000e-02
5.623413251903000e-02
5.623413251903000e-02
5.623413251903000e-02

963
5.623413251903000e-02
5.623413251903000e-02
5.623413251903000e-02
5.623413251903000e-02

964
5.623413251903000e-02
5.623413251903000e-02
5.623413251903000e-02
5.623413251903000e-02

965
5.623413251903000e-02
5.623413251903000e-02
5.623413251903000e-02
5.623413251903000e-02

966
5.623413251903000e-02
5.623413251903000e-02
5.623413251903000e-02
5.623413251903000e-02

967
5.623413251903000e-02
5.623413251903000e-02
5.623413251903000e-02
5.623413251903000e-02

968
5.623413251903000e-02
5.623413251903000e-02
5.623413251903000e-02
5.623413251903000e-02

969
5.623413251903000e-02
5.623413251903000e-02
5.623413251903000e-02
5.623413251903000e-02

970
5.623413251903000e-02
5.623413251903000e-02
5.623413251903000e-02
5.623413251903000e-02

971
5.623413251903000e-02
5.623413251903000e-02
5.623413251903000e-02
5.623413251903000e-02

972
5.623413251903000e-02
5.623413251903000e-02
5.623413251903000e-02
5.623413251903000e-02

973
5.623413251903000e-02
5.623413251903000e-02
5.623413251903000e-02
5.623413251903000e-02

974
5.623413251903000e-02
5.623413251903000e-02
5.623413251903000e-02
5.623413251903000e-02

975
5.623413251903000e-02
5.623413251903000e-02
5.623413251903000e-02
5.623413251903000e-02

976
5.623413251903000e-02
5.623413251903000e-02
5.623413251903000e-02
5.623413251903000e-02

977
5.623413251903000e-02
5.623413251903000e-02
5.623413251903000e-02
5.623413251903000e-02

978
5.623413251903000e-02
5.623413251903000e-02
5.623413251903000e-02
5.623413251903000e-02

979
5.623413251903000e-02
5.623413251903000e-02
5.623413251903000e-02
5.623413251903000e-02

980
5.623413251903000e-02
5.623413251903000e-02
5.623413251903000e-02
5.623413251903000e-02

981
5.623413251903000e-02
5.623413251903000e-02
5.623413251903000e-02
5.623413251903000e-02

982
5.623413251903000e-02
5.623413251903000e-02
5.623413251903000e-02
5.623413251903000e-02

983
5.623413251903000e-02
5.623413251903000e-02
5.623413251903000e-02
5.623413251903000e-02

984
5.623413251903000e-02
5.623413251903000e-02
5.623413251903000e-02
5.623413251903000e-02

985
5.623413251903000e-02
5.623413251903000e-02
5.623413251903000e-02
5.623413251903000e-02

986
5.623413251903000e-02
5.623413251903000e-02
5.623413251903000e-02
5.623413251903000e-02

987
5.623413251903000e-02
5.623413251903000e-02
5.623413251903000e-02
5.623413251903000e-02

988
5.623413251903000e-02
5.623413251903000e-02
5.623413251903000e-02
5.623413251903000e-02

989
5.623413251903000e-02
5.623413251903000e-02
5.623413251903000e-02
5.623413251903000e-02

990
5.623413251903000e-02
5.623413251903000e-02
5.623413251903000e-02
5.623413251903000e-02

991
5.623413251903000e-02
5.623413251903000e-02
5.623413251903000e-02
5.623413251903000e-02

992
5.623413251903000e-02
5.623413251903000e-02
5.623413251903000e-02
5.623413251903001e-02

993
5.623413251903000e-02
5.623413251903001e-02
5.623413251902999e-02
5.623413251902643e-02

994
5.623413251902846e-02
5.623413251901349e-02
5.623413251883864e-02
5.623413251844434e-02

995
5.623413251879651e-02
5.623413251774140e-02
5.623413249915094e-02
5.623413245748434e-02

996
5.623413249643448e-02
5.623413238275274e-02
5.623413047111980e-02
5.623412611256003e-02

997
5.623413047917088e-02
5.623411801520525e-02
5.623392336853432e-02
5.623347055379493e-02

998
5.623397143494017e-02
5.623258233493183e-02
5.621295117193140e-02
5.616587995906119e-02

999
5.627971584963408e-02
5.608526955457427e-02
5.404635149955276e-02
4.561809239800409e-02

