#Cell
# Element_0
# Element_1
# Element_2
# Element_3
# Element_4
    0
2.345503851533398e-03
1.153826724735793e-02
2.500000000000000e-02
3.846173275264208e-02
4.765449614846660e-02

    1
5.234550385153340e-02
6.153826724735793e-02
7.500000000000000e-02
8.846173275264207e-02
9.765449614846661e-02

    2
1.023455038515334e-01
1.115382672473579e-01
1.250000000000000e-01
1.384617327526421e-01
1.476544961484666e-01

    3
1.523455038515334e-01
1.615382672473580e-01
1.750000000000000e-01
1.884617327526421e-01
1.976544961484666e-01

    4
2.023455038515334e-01
2.115382672473579e-01
2.250000000000000e-01
2.384617327526421e-01
2.476544961484666e-01

    5
2.523455038515334e-01
2.615382672473579e-01
2.750000000000000e-01
2.884617327526421e-01
2.976544961484666e-01

    6
3.023455038515334e-01
3.115382672473579e-01
3.250000000000000e-01
3.384617327526421e-01
3.476544961484666e-01

    7
3.523455038515334e-01
3.615382672473579e-01
3.750000000000000e-01
3.884617327526421e-01
3.976544961484666e-01

    8
4.023455038515333e-01
4.115382672473579e-01
4.250000000000000e-01
4.384617327526421e-01
4.476544961484666e-01

    9
4.523455038515334e-01
4.615382672473579e-01
4.750000000000000e-01
4.884617327526420e-01
4.976544961484666e-01

   10
5.023455038515333e-01
5.115382672473578e-01
5.249999999999999e-01
5.384617327526420e-01
5.476544961484665e-01

   11
5.523455038515334e-01
5.615382672473579e-01
5.750000000000000e-01
5.884617327526420e-01
5.976544961484666e-01

   12
6.023455038515334e-01
6.115382672473579e-01
6.250000000000000e-01
6.384617327526421e-01
6.476544961484666e-01

   13
6.523455038515334e-01
6.615382672473580e-01
6.750000000000000e-01
6.884617327526421e-01
6.976544961484666e-01

   14
7.023455038515335e-01
7.115382672473580e-01
7.250000000000001e-01
7.384617327526422e-01
7.476544961484667e-01

   15
7.523455038515335e-01
7.615382672473581e-01
7.750000000000001e-01
7.884617327526422e-01
7.976544961484667e-01

   16
8.023455038515336e-01
8.115382672473581e-01
8.250000000000002e-01
8.384617327526422e-01
8.476544961484668e-01

   17
8.523455038515336e-01
8.615382672473582e-01
8.750000000000002e-01
8.884617327526423e-01
8.976544961484668e-01

   18
9.023455038515337e-01
9.115382672473582e-01
9.250000000000003e-01
9.384617327526423e-01
9.476544961484669e-01

   19
9.523455038515337e-01
9.615382672473582e-01
9.750000000000003e-01
9.884617327526424e-01
9.976544961484669e-01

