#Cell
# Element_0
# Element_1
# Element_2
    0
1.408770817240729e-03
6.250000000000000e-03
1.109122918275927e-02

    1
1.390877081724073e-02
1.875000000000000e-02
2.359122918275927e-02

    2
2.640877081724073e-02
3.125000000000000e-02
3.609122918275927e-02

    3
3.890877081724074e-02
4.375000000000000e-02
4.859122918275928e-02

    4
5.140877081724073e-02
5.625000000000000e-02
6.109122918275928e-02

    5
6.390877081724072e-02
6.875000000000001e-02
7.359122918275927e-02

    6
7.640877081724072e-02
8.125000000000000e-02
8.609122918275927e-02

    7
8.890877081724072e-02
9.375000000000000e-02
9.859122918275927e-02

    8
1.014087708172407e-01
1.062500000000000e-01
1.110912291827593e-01

    9
1.139087708172407e-01
1.187500000000000e-01
1.235912291827593e-01

   10
1.264087708172407e-01
1.312500000000000e-01
1.360912291827593e-01

   11
1.389087708172407e-01
1.437500000000000e-01
1.485912291827592e-01

   12
1.514087708172407e-01
1.562500000000000e-01
1.610912291827593e-01

   13
1.639087708172407e-01
1.687500000000000e-01
1.735912291827593e-01

   14
1.764087708172407e-01
1.812500000000000e-01
1.860912291827593e-01

   15
1.889087708172408e-01
1.937500000000000e-01
1.985912291827593e-01

   16
2.014087708172408e-01
2.062500000000000e-01
2.110912291827593e-01

   17
2.139087708172408e-01
2.187500000000001e-01
2.235912291827593e-01

   18
2.264087708172408e-01
2.312500000000001e-01
2.360912291827593e-01

   19
2.389087708172408e-01
2.437500000000001e-01
2.485912291827593e-01

   20
2.514087708172408e-01
2.562500000000000e-01
2.610912291827593e-01

   21
2.639087708172408e-01
2.687500000000000e-01
2.735912291827594e-01

   22
2.764087708172408e-01
2.812500000000001e-01
2.860912291827594e-01

   23
2.889087708172408e-01
2.937500000000001e-01
2.985912291827594e-01

   24
3.014087708172408e-01
3.062500000000001e-01
3.110912291827594e-01

   25
3.139087708172408e-01
3.187500000000001e-01
3.235912291827594e-01

   26
3.264087708172408e-01
3.312500000000001e-01
3.360912291827594e-01

   27
3.389087708172409e-01
3.437500000000001e-01
3.485912291827594e-01

   28
3.514087708172409e-01
3.562500000000001e-01
3.610912291827594e-01

   29
3.639087708172409e-01
3.687500000000001e-01
3.735912291827594e-01

   30
3.764087708172409e-01
3.812500000000001e-01
3.860912291827595e-01

   31
3.889087708172409e-01
3.937500000000002e-01
3.985912291827595e-01

   32
4.014087708172409e-01
4.062500000000002e-01
4.110912291827595e-01

   33
4.139087708172409e-01
4.187500000000002e-01
4.235912291827595e-01

   34
4.264087708172409e-01
4.312500000000002e-01
4.360912291827595e-01

   35
4.389087708172409e-01
4.437500000000002e-01
4.485912291827595e-01

   36
4.514087708172410e-01
4.562500000000002e-01
4.610912291827595e-01

   37
4.639087708172410e-01
4.687500000000002e-01
4.735912291827595e-01

   38
4.764087708172410e-01
4.812500000000002e-01
4.860912291827595e-01

   39
4.889087708172410e-01
4.937500000000002e-01
4.985912291827596e-01

   40
5.014087708172410e-01
5.062500000000002e-01
5.110912291827595e-01

   41
5.139087708172410e-01
5.187500000000002e-01
5.235912291827595e-01

   42
5.264087708172409e-01
5.312500000000001e-01
5.360912291827594e-01

   43
5.389087708172409e-01
5.437500000000001e-01
5.485912291827594e-01

   44
5.514087708172408e-01
5.562500000000000e-01
5.610912291827593e-01

   45
5.639087708172408e-01
5.687500000000000e-01
5.735912291827593e-01

   46
5.764087708172407e-01
5.812499999999999e-01
5.860912291827592e-01

   47
5.889087708172407e-01
5.937499999999999e-01
5.985912291827592e-01

   48
6.014087708172406e-01
6.062499999999998e-01
6.110912291827592e-01

   49
6.139087708172406e-01
6.187499999999998e-01
6.235912291827591e-01

   50
6.264087708172406e-01
6.312499999999998e-01
6.360912291827591e-01

   51
6.389087708172405e-01
6.437499999999997e-01
6.485912291827590e-01

   52
6.514087708172405e-01
6.562499999999997e-01
6.610912291827590e-01

   53
6.639087708172404e-01
6.687499999999996e-01
6.735912291827589e-01

   54
6.764087708172404e-01
6.812499999999996e-01
6.860912291827589e-01

   55
6.889087708172403e-01
6.937499999999995e-01
6.985912291827588e-01

   56
7.014087708172403e-01
7.062499999999995e-01
7.110912291827588e-01

   57
7.139087708172402e-01
7.187499999999994e-01
7.235912291827588e-01

   58
7.264087708172402e-01
7.312499999999994e-01
7.360912291827587e-01

   59
7.389087708172402e-01
7.437499999999994e-01
7.485912291827587e-01

   60
7.514087708172401e-01
7.562499999999993e-01
7.610912291827586e-01

   61
7.639087708172401e-01
7.687499999999993e-01
7.735912291827586e-01

   62
7.764087708172400e-01
7.812499999999992e-01
7.860912291827585e-01

   63
7.889087708172400e-01
7.937499999999992e-01
7.985912291827585e-01

   64
8.014087708172399e-01
8.062499999999991e-01
8.110912291827584e-01

   65
8.139087708172399e-01
8.187499999999991e-01
8.235912291827584e-01

   66
8.264087708172398e-01
8.312499999999990e-01
8.360912291827584e-01

   67
8.389087708172398e-01
8.437499999999990e-01
8.485912291827583e-01

   68
8.514087708172398e-01
8.562499999999990e-01
8.610912291827583e-01

   69
8.639087708172397e-01
8.687499999999989e-01
8.735912291827582e-01

   70
8.764087708172397e-01
8.812499999999989e-01
8.860912291827582e-01

   71
8.889087708172396e-01
8.937499999999988e-01
8.985912291827581e-01

   72
9.014087708172396e-01
9.062499999999988e-01
9.110912291827581e-01

   73
9.139087708172395e-01
9.187499999999987e-01
9.235912291827580e-01

   74
9.264087708172395e-01
9.312499999999987e-01
9.360912291827580e-01

   75
9.389087708172394e-01
9.437499999999986e-01
9.485912291827580e-01

   76
9.514087708172394e-01
9.562499999999986e-01
9.610912291827579e-01

   77
9.639087708172394e-01
9.687499999999986e-01
9.735912291827579e-01

   78
9.764087708172393e-01
9.812499999999985e-01
9.860912291827578e-01

   79
9.889087708172393e-01
9.937499999999985e-01
9.985912291827578e-01

