#Cell
# Element_0
# Element_1
    0
1.650975510978025e-04
6.161524489021976e-04

    1
9.463475510978025e-04
1.397402448902198e-03

    2
1.727597551097803e-03
2.178652448902198e-03

    3
2.508847551097803e-03
2.959902448902198e-03

    4
3.290097551097802e-03
3.741152448902198e-03

    5
4.071347551097802e-03
4.522402448902198e-03

    6
4.852597551097802e-03
5.303652448902197e-03

    7
5.633847551097802e-03
6.084902448902197e-03

    8
6.415097551097802e-03
6.866152448902197e-03

    9
7.196347551097802e-03
7.647402448902197e-03

   10
7.977597551097802e-03
8.428652448902197e-03

   11
8.758847551097801e-03
9.209902448902196e-03

   12
9.540097551097802e-03
9.991152448902196e-03

   13
1.032134755109780e-02
1.077240244890220e-02

   14
1.110259755109780e-02
1.155365244890220e-02

   15
1.188384755109780e-02
1.233490244890220e-02

   16
1.266509755109780e-02
1.311615244890220e-02

   17
1.344634755109781e-02
1.389740244890220e-02

   18
1.422759755109781e-02
1.467865244890220e-02

   19
1.500884755109781e-02
1.545990244890220e-02

   20
1.579009755109781e-02
1.624115244890220e-02

   21
1.657134755109781e-02
1.702240244890220e-02

   22
1.735259755109781e-02
1.780365244890220e-02

   23
1.813384755109781e-02
1.858490244890220e-02

   24
1.891509755109781e-02
1.936615244890220e-02

   25
1.969634755109781e-02
2.014740244890221e-02

   26
2.047759755109781e-02
2.092865244890221e-02

   27
2.125884755109781e-02
2.170990244890221e-02

   28
2.204009755109781e-02
2.249115244890221e-02

   29
2.282134755109781e-02
2.327240244890221e-02

   30
2.360259755109781e-02
2.405365244890221e-02

   31
2.438384755109781e-02
2.483490244890221e-02

   32
2.516509755109781e-02
2.561615244890221e-02

   33
2.594634755109781e-02
2.639740244890221e-02

   34
2.672759755109782e-02
2.717865244890221e-02

   35
2.750884755109782e-02
2.795990244890221e-02

   36
2.829009755109782e-02
2.874115244890221e-02

   37
2.907134755109782e-02
2.952240244890221e-02

   38
2.985259755109782e-02
3.030365244890221e-02

   39
3.063384755109782e-02
3.108490244890222e-02

   40
3.141509755109782e-02
3.186615244890221e-02

   41
3.219634755109781e-02
3.264740244890221e-02

   42
3.297759755109781e-02
3.342865244890220e-02

   43
3.375884755109781e-02
3.420990244890220e-02

   44
3.454009755109781e-02
3.499115244890220e-02

   45
3.532134755109780e-02
3.577240244890219e-02

   46
3.610259755109780e-02
3.655365244890219e-02

   47
3.688384755109780e-02
3.733490244890219e-02

   48
3.766509755109779e-02
3.811615244890219e-02

   49
3.844634755109779e-02
3.889740244890218e-02

   50
3.922759755109779e-02
3.967865244890218e-02

   51
4.000884755109779e-02
4.045990244890218e-02

   52
4.079009755109778e-02
4.124115244890218e-02

   53
4.157134755109778e-02
4.202240244890217e-02

   54
4.235259755109778e-02
4.280365244890217e-02

   55
4.313384755109777e-02
4.358490244890217e-02

   56
4.391509755109777e-02
4.436615244890216e-02

   57
4.469634755109777e-02
4.514740244890216e-02

   58
4.547759755109777e-02
4.592865244890216e-02

   59
4.625884755109776e-02
4.670990244890216e-02

   60
4.704009755109776e-02
4.749115244890215e-02

   61
4.782134755109776e-02
4.827240244890215e-02

   62
4.860259755109776e-02
4.905365244890215e-02

   63
4.938384755109775e-02
4.983490244890214e-02

   64
5.016509755109775e-02
5.061615244890214e-02

   65
5.094634755109775e-02
5.139740244890214e-02

   66
5.172759755109774e-02
5.217865244890214e-02

   67
5.250884755109774e-02
5.295990244890213e-02

   68
5.329009755109774e-02
5.374115244890213e-02

   69
5.407134755109774e-02
5.452240244890213e-02

   70
5.485259755109773e-02
5.530365244890213e-02

   71
5.563384755109773e-02
5.608490244890212e-02

   72
5.641509755109773e-02
5.686615244890212e-02

   73
5.719634755109772e-02
5.764740244890212e-02

   74
5.797759755109772e-02
5.842865244890211e-02

   75
5.875884755109772e-02
5.920990244890211e-02

   76
5.954009755109772e-02
5.999115244890211e-02

   77
6.032134755109771e-02
6.077240244890211e-02

   78
6.110259755109771e-02
6.155365244890210e-02

   79
6.188384755109771e-02
6.233490244890210e-02

   80
6.266509755109771e-02
6.311615244890210e-02

   81
6.344634755109771e-02
6.389740244890210e-02

   82
6.422759755109771e-02
6.467865244890210e-02

   83
6.500884755109770e-02
6.545990244890210e-02

   84
6.579009755109770e-02
6.624115244890209e-02

   85
6.657134755109770e-02
6.702240244890209e-02

   86
6.735259755109770e-02
6.780365244890209e-02

   87
6.813384755109769e-02
6.858490244890209e-02

   88
6.891509755109769e-02
6.936615244890208e-02

   89
6.969634755109769e-02
7.014740244890208e-02

   90
7.047759755109768e-02
7.092865244890208e-02

   91
7.125884755109768e-02
7.170990244890207e-02

   92
7.204009755109768e-02
7.249115244890207e-02

   93
7.282134755109768e-02
7.327240244890207e-02

   94
7.360259755109767e-02
7.405365244890207e-02

   95
7.438384755109767e-02
7.483490244890206e-02

   96
7.516509755109767e-02
7.561615244890206e-02

   97
7.594634755109766e-02
7.639740244890206e-02

   98
7.672759755109766e-02
7.717865244890205e-02

   99
7.750884755109766e-02
7.795990244890205e-02

  100
7.829009755109766e-02
7.874115244890205e-02

  101
7.907134755109765e-02
7.952240244890205e-02

  102
7.985259755109765e-02
8.030365244890204e-02

  103
8.063384755109765e-02
8.108490244890204e-02

  104
8.141509755109765e-02
8.186615244890204e-02

  105
8.219634755109764e-02
8.264740244890204e-02

  106
8.297759755109764e-02
8.342865244890203e-02

  107
8.375884755109764e-02
8.420990244890203e-02

  108
8.454009755109763e-02
8.499115244890203e-02

  109
8.532134755109763e-02
8.577240244890202e-02

  110
8.610259755109763e-02
8.655365244890202e-02

  111
8.688384755109763e-02
8.733490244890202e-02

  112
8.766509755109762e-02
8.811615244890202e-02

  113
8.844634755109762e-02
8.889740244890201e-02

  114
8.922759755109762e-02
8.967865244890201e-02

  115
9.000884755109761e-02
9.045990244890201e-02

  116
9.079009755109761e-02
9.124115244890200e-02

  117
9.157134755109761e-02
9.202240244890200e-02

  118
9.235259755109761e-02
9.280365244890200e-02

  119
9.313384755109760e-02
9.358490244890200e-02

  120
9.391509755109760e-02
9.436615244890199e-02

  121
9.469634755109760e-02
9.514740244890199e-02

  122
9.547759755109760e-02
9.592865244890199e-02

  123
9.625884755109759e-02
9.670990244890199e-02

  124
9.704009755109759e-02
9.749115244890198e-02

  125
9.782134755109759e-02
9.827240244890198e-02

  126
9.860259755109758e-02
9.905365244890198e-02

  127
9.938384755109758e-02
9.983490244890197e-02

  128
1.001650975510976e-01
1.006161524489020e-01

  129
1.009463475510976e-01
1.013974024489020e-01

  130
1.017275975510976e-01
1.021786524489020e-01

  131
1.025088475510976e-01
1.029599024489020e-01

  132
1.032900975510976e-01
1.037411524489020e-01

  133
1.040713475510976e-01
1.045224024489020e-01

  134
1.048525975510976e-01
1.053036524489020e-01

  135
1.056338475510976e-01
1.060849024489020e-01

  136
1.064150975510976e-01
1.068661524489019e-01

  137
1.071963475510976e-01
1.076474024489019e-01

  138
1.079775975510976e-01
1.084286524489019e-01

  139
1.087588475510975e-01
1.092099024489019e-01

  140
1.095400975510975e-01
1.099911524489019e-01

  141
1.103213475510975e-01
1.107724024489019e-01

  142
1.111025975510975e-01
1.115536524489019e-01

  143
1.118838475510975e-01
1.123349024489019e-01

  144
1.126650975510975e-01
1.131161524489019e-01

  145
1.134463475510975e-01
1.138974024489019e-01

  146
1.142275975510975e-01
1.146786524489019e-01

  147
1.150088475510975e-01
1.154599024489019e-01

  148
1.157900975510975e-01
1.162411524489019e-01

  149
1.165713475510975e-01
1.170224024489019e-01

  150
1.173525975510975e-01
1.178036524489019e-01

  151
1.181338475510975e-01
1.185849024489019e-01

  152
1.189150975510975e-01
1.193661524489019e-01

  153
1.196963475510975e-01
1.201474024489019e-01

  154
1.204775975510975e-01
1.209286524489019e-01

  155
1.212588475510975e-01
1.217099024489019e-01

  156
1.220400975510975e-01
1.224911524489019e-01

  157
1.228213475510975e-01
1.232724024489019e-01

  158
1.236025975510975e-01
1.240536524489019e-01

  159
1.243838475510975e-01
1.248349024489019e-01

  160
1.251650975510975e-01
1.256161524489019e-01

  161
1.259463475510975e-01
1.263974024489019e-01

  162
1.267275975510975e-01
1.271786524489019e-01

  163
1.275088475510975e-01
1.279599024489019e-01

  164
1.282900975510975e-01
1.287411524489019e-01

  165
1.290713475510975e-01
1.295224024489019e-01

  166
1.298525975510975e-01
1.303036524489019e-01

  167
1.306338475510976e-01
1.310849024489019e-01

  168
1.314150975510976e-01
1.318661524489020e-01

  169
1.321963475510976e-01
1.326474024489020e-01

  170
1.329775975510976e-01
1.334286524489020e-01

  171
1.337588475510976e-01
1.342099024489020e-01

  172
1.345400975510976e-01
1.349911524489020e-01

  173
1.353213475510976e-01
1.357724024489020e-01

  174
1.361025975510976e-01
1.365536524489020e-01

  175
1.368838475510976e-01
1.373349024489020e-01

  176
1.376650975510977e-01
1.381161524489020e-01

  177
1.384463475510977e-01
1.388974024489021e-01

  178
1.392275975510977e-01
1.396786524489021e-01

  179
1.400088475510977e-01
1.404599024489021e-01

  180
1.407900975510977e-01
1.412411524489021e-01

  181
1.415713475510977e-01
1.420224024489021e-01

  182
1.423525975510977e-01
1.428036524489021e-01

  183
1.431338475510977e-01
1.435849024489021e-01

  184
1.439150975510977e-01
1.443661524489021e-01

  185
1.446963475510978e-01
1.451474024489021e-01

  186
1.454775975510978e-01
1.459286524489022e-01

  187
1.462588475510978e-01
1.467099024489022e-01

  188
1.470400975510978e-01
1.474911524489022e-01

  189
1.478213475510978e-01
1.482724024489022e-01

  190
1.486025975510978e-01
1.490536524489022e-01

  191
1.493838475510978e-01
1.498349024489022e-01

  192
1.501650975510978e-01
1.506161524489022e-01

  193
1.509463475510978e-01
1.513974024489022e-01

  194
1.517275975510979e-01
1.521786524489022e-01

  195
1.525088475510979e-01
1.529599024489023e-01

  196
1.532900975510979e-01
1.537411524489023e-01

  197
1.540713475510979e-01
1.545224024489023e-01

  198
1.548525975510979e-01
1.553036524489023e-01

  199
1.556338475510979e-01
1.560849024489023e-01

  200
1.564150975510979e-01
1.568661524489023e-01

  201
1.571963475510979e-01
1.576474024489023e-01

  202
1.579775975510979e-01
1.584286524489023e-01

  203
1.587588475510980e-01
1.592099024489023e-01

  204
1.595400975510980e-01
1.599911524489024e-01

  205
1.603213475510980e-01
1.607724024489024e-01

  206
1.611025975510980e-01
1.615536524489024e-01

  207
1.618838475510980e-01
1.623349024489024e-01

  208
1.626650975510980e-01
1.631161524489024e-01

  209
1.634463475510980e-01
1.638974024489024e-01

  210
1.642275975510980e-01
1.646786524489024e-01

  211
1.650088475510980e-01
1.654599024489024e-01

  212
1.657900975510981e-01
1.662411524489024e-01

  213
1.665713475510981e-01
1.670224024489025e-01

  214
1.673525975510981e-01
1.678036524489025e-01

  215
1.681338475510981e-01
1.685849024489025e-01

  216
1.689150975510981e-01
1.693661524489025e-01

  217
1.696963475510981e-01
1.701474024489025e-01

  218
1.704775975510981e-01
1.709286524489025e-01

  219
1.712588475510981e-01
1.717099024489025e-01

  220
1.720400975510981e-01
1.724911524489025e-01

  221
1.728213475510982e-01
1.732724024489025e-01

  222
1.736025975510982e-01
1.740536524489026e-01

  223
1.743838475510982e-01
1.748349024489026e-01

  224
1.751650975510982e-01
1.756161524489026e-01

  225
1.759463475510982e-01
1.763974024489026e-01

  226
1.767275975510982e-01
1.771786524489026e-01

  227
1.775088475510982e-01
1.779599024489026e-01

  228
1.782900975510982e-01
1.787411524489026e-01

  229
1.790713475510982e-01
1.795224024489026e-01

  230
1.798525975510983e-01
1.803036524489026e-01

  231
1.806338475510983e-01
1.810849024489027e-01

  232
1.814150975510983e-01
1.818661524489027e-01

  233
1.821963475510983e-01
1.826474024489027e-01

  234
1.829775975510983e-01
1.834286524489027e-01

  235
1.837588475510983e-01
1.842099024489027e-01

  236
1.845400975510983e-01
1.849911524489027e-01

  237
1.853213475510983e-01
1.857724024489027e-01

  238
1.861025975510983e-01
1.865536524489027e-01

  239
1.868838475510984e-01
1.873349024489027e-01

  240
1.876650975510984e-01
1.881161524489028e-01

  241
1.884463475510984e-01
1.888974024489028e-01

  242
1.892275975510984e-01
1.896786524489028e-01

  243
1.900088475510984e-01
1.904599024489028e-01

  244
1.907900975510984e-01
1.912411524489028e-01

  245
1.915713475510984e-01
1.920224024489028e-01

  246
1.923525975510984e-01
1.928036524489028e-01

  247
1.931338475510984e-01
1.935849024489028e-01

  248
1.939150975510985e-01
1.943661524489028e-01

  249
1.946963475510985e-01
1.951474024489029e-01

  250
1.954775975510985e-01
1.959286524489029e-01

  251
1.962588475510985e-01
1.967099024489029e-01

  252
1.970400975510985e-01
1.974911524489029e-01

  253
1.978213475510985e-01
1.982724024489029e-01

  254
1.986025975510985e-01
1.990536524489029e-01

  255
1.993838475510985e-01
1.998349024489029e-01

  256
2.001650975510985e-01
2.006161524489029e-01

  257
2.009463475510986e-01
2.013974024489029e-01

  258
2.017275975510986e-01
2.021786524489030e-01

  259
2.025088475510986e-01
2.029599024489030e-01

  260
2.032900975510986e-01
2.037411524489030e-01

  261
2.040713475510986e-01
2.045224024489030e-01

  262
2.048525975510986e-01
2.053036524489030e-01

  263
2.056338475510986e-01
2.060849024489030e-01

  264
2.064150975510986e-01
2.068661524489030e-01

  265
2.071963475510986e-01
2.076474024489030e-01

  266
2.079775975510987e-01
2.084286524489030e-01

  267
2.087588475510987e-01
2.092099024489031e-01

  268
2.095400975510987e-01
2.099911524489031e-01

  269
2.103213475510987e-01
2.107724024489031e-01

  270
2.111025975510987e-01
2.115536524489031e-01

  271
2.118838475510987e-01
2.123349024489031e-01

  272
2.126650975510987e-01
2.131161524489031e-01

  273
2.134463475510987e-01
2.138974024489031e-01

  274
2.142275975510987e-01
2.146786524489031e-01

  275
2.150088475510988e-01
2.154599024489031e-01

  276
2.157900975510988e-01
2.162411524489032e-01

  277
2.165713475510988e-01
2.170224024489032e-01

  278
2.173525975510988e-01
2.178036524489032e-01

  279
2.181338475510988e-01
2.185849024489032e-01

  280
2.189150975510988e-01
2.193661524489032e-01

  281
2.196963475510988e-01
2.201474024489032e-01

  282
2.204775975510988e-01
2.209286524489032e-01

  283
2.212588475510988e-01
2.217099024489032e-01

  284
2.220400975510989e-01
2.224911524489032e-01

  285
2.228213475510989e-01
2.232724024489033e-01

  286
2.236025975510989e-01
2.240536524489033e-01

  287
2.243838475510989e-01
2.248349024489033e-01

  288
2.251650975510989e-01
2.256161524489033e-01

  289
2.259463475510989e-01
2.263974024489033e-01

  290
2.267275975510989e-01
2.271786524489033e-01

  291
2.275088475510989e-01
2.279599024489033e-01

  292
2.282900975510989e-01
2.287411524489033e-01

  293
2.290713475510990e-01
2.295224024489033e-01

  294
2.298525975510990e-01
2.303036524489034e-01

  295
2.306338475510990e-01
2.310849024489034e-01

  296
2.314150975510990e-01
2.318661524489034e-01

  297
2.321963475510990e-01
2.326474024489034e-01

  298
2.329775975510990e-01
2.334286524489034e-01

  299
2.337588475510990e-01
2.342099024489034e-01

  300
2.345400975510990e-01
2.349911524489034e-01

  301
2.353213475510990e-01
2.357724024489034e-01

  302
2.361025975510991e-01
2.365536524489034e-01

  303
2.368838475510991e-01
2.373349024489035e-01

  304
2.376650975510991e-01
2.381161524489035e-01

  305
2.384463475510991e-01
2.388974024489035e-01

  306
2.392275975510991e-01
2.396786524489035e-01

  307
2.400088475510991e-01
2.404599024489035e-01

  308
2.407900975510991e-01
2.412411524489035e-01

  309
2.415713475510991e-01
2.420224024489035e-01

  310
2.423525975510991e-01
2.428036524489035e-01

  311
2.431338475510992e-01
2.435849024489035e-01

  312
2.439150975510992e-01
2.443661524489036e-01

  313
2.446963475510992e-01
2.451474024489036e-01

  314
2.454775975510992e-01
2.459286524489036e-01

  315
2.462588475510992e-01
2.467099024489036e-01

  316
2.470400975510992e-01
2.474911524489036e-01

  317
2.478213475510992e-01
2.482724024489036e-01

  318
2.486025975510992e-01
2.490536524489036e-01

  319
2.493838475510992e-01
2.498349024489036e-01

  320
2.501650975510992e-01
2.506161524489036e-01

  321
2.509463475510992e-01
2.513974024489036e-01

  322
2.517275975510992e-01
2.521786524489036e-01

  323
2.525088475510993e-01
2.529599024489037e-01

  324
2.532900975510993e-01
2.537411524489037e-01

  325
2.540713475510993e-01
2.545224024489037e-01

  326
2.548525975510993e-01
2.553036524489037e-01

  327
2.556338475510993e-01
2.560849024489037e-01

  328
2.564150975510993e-01
2.568661524489037e-01

  329
2.571963475510993e-01
2.576474024489037e-01

  330
2.579775975510993e-01
2.584286524489037e-01

  331
2.587588475510993e-01
2.592099024489037e-01

  332
2.595400975510994e-01
2.599911524489038e-01

  333
2.603213475510994e-01
2.607724024489038e-01

  334
2.611025975510994e-01
2.615536524489038e-01

  335
2.618838475510994e-01
2.623349024489038e-01

  336
2.626650975510994e-01
2.631161524489038e-01

  337
2.634463475510994e-01
2.638974024489038e-01

  338
2.642275975510994e-01
2.646786524489038e-01

  339
2.650088475510994e-01
2.654599024489038e-01

  340
2.657900975510994e-01
2.662411524489038e-01

  341
2.665713475510995e-01
2.670224024489039e-01

  342
2.673525975510995e-01
2.678036524489039e-01

  343
2.681338475510995e-01
2.685849024489039e-01

  344
2.689150975510995e-01
2.693661524489039e-01

  345
2.696963475510995e-01
2.701474024489039e-01

  346
2.704775975510995e-01
2.709286524489039e-01

  347
2.712588475510995e-01
2.717099024489039e-01

  348
2.720400975510995e-01
2.724911524489039e-01

  349
2.728213475510995e-01
2.732724024489039e-01

  350
2.736025975510996e-01
2.740536524489040e-01

  351
2.743838475510996e-01
2.748349024489040e-01

  352
2.751650975510996e-01
2.756161524489040e-01

  353
2.759463475510996e-01
2.763974024489040e-01

  354
2.767275975510996e-01
2.771786524489040e-01

  355
2.775088475510996e-01
2.779599024489040e-01

  356
2.782900975510996e-01
2.787411524489040e-01

  357
2.790713475510996e-01
2.795224024489040e-01

  358
2.798525975510996e-01
2.803036524489040e-01

  359
2.806338475510997e-01
2.810849024489041e-01

  360
2.814150975510997e-01
2.818661524489041e-01

  361
2.821963475510997e-01
2.826474024489041e-01

  362
2.829775975510997e-01
2.834286524489041e-01

  363
2.837588475510997e-01
2.842099024489041e-01

  364
2.845400975510997e-01
2.849911524489041e-01

  365
2.853213475510997e-01
2.857724024489041e-01

  366
2.861025975510997e-01
2.865536524489041e-01

  367
2.868838475510997e-01
2.873349024489041e-01

  368
2.876650975510998e-01
2.881161524489042e-01

  369
2.884463475510998e-01
2.888974024489042e-01

  370
2.892275975510998e-01
2.896786524489042e-01

  371
2.900088475510998e-01
2.904599024489042e-01

  372
2.907900975510998e-01
2.912411524489042e-01

  373
2.915713475510998e-01
2.920224024489042e-01

  374
2.923525975510998e-01
2.928036524489042e-01

  375
2.931338475510998e-01
2.935849024489042e-01

  376
2.939150975510998e-01
2.943661524489042e-01

  377
2.946963475510999e-01
2.951474024489043e-01

  378
2.954775975510999e-01
2.959286524489043e-01

  379
2.962588475510999e-01
2.967099024489043e-01

  380
2.970400975510999e-01
2.974911524489043e-01

  381
2.978213475510999e-01
2.982724024489043e-01

  382
2.986025975510999e-01
2.990536524489043e-01

  383
2.993838475510999e-01
2.998349024489043e-01

  384
3.001650975510999e-01
3.006161524489043e-01

  385
3.009463475510999e-01
3.013974024489043e-01

  386
3.017275975511000e-01
3.021786524489044e-01

  387
3.025088475511000e-01
3.029599024489044e-01

  388
3.032900975511000e-01
3.037411524489044e-01

  389
3.040713475511000e-01
3.045224024489044e-01

  390
3.048525975511000e-01
3.053036524489044e-01

  391
3.056338475511000e-01
3.060849024489044e-01

  392
3.064150975511000e-01
3.068661524489044e-01

  393
3.071963475511000e-01
3.076474024489044e-01

  394
3.079775975511000e-01
3.084286524489044e-01

  395
3.087588475511001e-01
3.092099024489045e-01

  396
3.095400975511001e-01
3.099911524489045e-01

  397
3.103213475511001e-01
3.107724024489045e-01

  398
3.111025975511001e-01
3.115536524489045e-01

  399
3.118838475511001e-01
3.123349024489045e-01

  400
3.126650975511001e-01
3.131161524489045e-01

  401
3.134463475511001e-01
3.138974024489045e-01

  402
3.142275975511001e-01
3.146786524489045e-01

  403
3.150088475511001e-01
3.154599024489045e-01

  404
3.157900975511002e-01
3.162411524489046e-01

  405
3.165713475511002e-01
3.170224024489046e-01

  406
3.173525975511002e-01
3.178036524489046e-01

  407
3.181338475511002e-01
3.185849024489046e-01

  408
3.189150975511002e-01
3.193661524489046e-01

  409
3.196963475511002e-01
3.201474024489046e-01

  410
3.204775975511002e-01
3.209286524489046e-01

  411
3.212588475511002e-01
3.217099024489046e-01

  412
3.220400975511002e-01
3.224911524489046e-01

  413
3.228213475511003e-01
3.232724024489046e-01

  414
3.236025975511003e-01
3.240536524489047e-01

  415
3.243838475511003e-01
3.248349024489047e-01

  416
3.251650975511003e-01
3.256161524489047e-01

  417
3.259463475511003e-01
3.263974024489047e-01

  418
3.267275975511003e-01
3.271786524489047e-01

  419
3.275088475511003e-01
3.279599024489047e-01

  420
3.282900975511003e-01
3.287411524489047e-01

  421
3.290713475511003e-01
3.295224024489047e-01

  422
3.298525975511004e-01
3.303036524489047e-01

  423
3.306338475511004e-01
3.310849024489048e-01

  424
3.314150975511004e-01
3.318661524489048e-01

  425
3.321963475511004e-01
3.326474024489048e-01

  426
3.329775975511004e-01
3.334286524489048e-01

  427
3.337588475511004e-01
3.342099024489048e-01

  428
3.345400975511004e-01
3.349911524489048e-01

  429
3.353213475511004e-01
3.357724024489048e-01

  430
3.361025975511004e-01
3.365536524489048e-01

  431
3.368838475511005e-01
3.373349024489048e-01

  432
3.376650975511005e-01
3.381161524489049e-01

  433
3.384463475511005e-01
3.388974024489049e-01

  434
3.392275975511005e-01
3.396786524489049e-01

  435
3.400088475511005e-01
3.404599024489049e-01

  436
3.407900975511005e-01
3.412411524489049e-01

  437
3.415713475511005e-01
3.420224024489049e-01

  438
3.423525975511005e-01
3.428036524489049e-01

  439
3.431338475511005e-01
3.435849024489049e-01

  440
3.439150975511006e-01
3.443661524489049e-01

  441
3.446963475511006e-01
3.451474024489050e-01

  442
3.454775975511006e-01
3.459286524489050e-01

  443
3.462588475511006e-01
3.467099024489050e-01

  444
3.470400975511006e-01
3.474911524489050e-01

  445
3.478213475511006e-01
3.482724024489050e-01

  446
3.486025975511006e-01
3.490536524489050e-01

  447
3.493838475511006e-01
3.498349024489050e-01

  448
3.501650975511006e-01
3.506161524489050e-01

  449
3.509463475511007e-01
3.513974024489050e-01

  450
3.517275975511007e-01
3.521786524489051e-01

  451
3.525088475511007e-01
3.529599024489051e-01

  452
3.532900975511007e-01
3.537411524489051e-01

  453
3.540713475511007e-01
3.545224024489051e-01

  454
3.548525975511007e-01
3.553036524489051e-01

  455
3.556338475511007e-01
3.560849024489051e-01

  456
3.564150975511007e-01
3.568661524489051e-01

  457
3.571963475511007e-01
3.576474024489051e-01

  458
3.579775975511008e-01
3.584286524489051e-01

  459
3.587588475511008e-01
3.592099024489052e-01

  460
3.595400975511008e-01
3.599911524489052e-01

  461
3.603213475511008e-01
3.607724024489052e-01

  462
3.611025975511008e-01
3.615536524489052e-01

  463
3.618838475511008e-01
3.623349024489052e-01

  464
3.626650975511008e-01
3.631161524489052e-01

  465
3.634463475511008e-01
3.638974024489052e-01

  466
3.642275975511008e-01
3.646786524489052e-01

  467
3.650088475511009e-01
3.654599024489052e-01

  468
3.657900975511009e-01
3.662411524489053e-01

  469
3.665713475511009e-01
3.670224024489053e-01

  470
3.673525975511009e-01
3.678036524489053e-01

  471
3.681338475511009e-01
3.685849024489053e-01

  472
3.689150975511009e-01
3.693661524489053e-01

  473
3.696963475511009e-01
3.701474024489053e-01

  474
3.704775975511009e-01
3.709286524489053e-01

  475
3.712588475511009e-01
3.717099024489053e-01

  476
3.720400975511010e-01
3.724911524489053e-01

  477
3.728213475511010e-01
3.732724024489054e-01

  478
3.736025975511010e-01
3.740536524489054e-01

  479
3.743838475511010e-01
3.748349024489054e-01

  480
3.751650975511010e-01
3.756161524489054e-01

  481
3.759463475511010e-01
3.763974024489054e-01

  482
3.767275975511010e-01
3.771786524489054e-01

  483
3.775088475511010e-01
3.779599024489054e-01

  484
3.782900975511010e-01
3.787411524489054e-01

  485
3.790713475511011e-01
3.795224024489054e-01

  486
3.798525975511011e-01
3.803036524489055e-01

  487
3.806338475511011e-01
3.810849024489055e-01

  488
3.814150975511011e-01
3.818661524489055e-01

  489
3.821963475511011e-01
3.826474024489055e-01

  490
3.829775975511011e-01
3.834286524489055e-01

  491
3.837588475511011e-01
3.842099024489055e-01

  492
3.845400975511011e-01
3.849911524489055e-01

  493
3.853213475511011e-01
3.857724024489055e-01

  494
3.861025975511012e-01
3.865536524489055e-01

  495
3.868838475511012e-01
3.873349024489056e-01

  496
3.876650975511012e-01
3.881161524489056e-01

  497
3.884463475511012e-01
3.888974024489056e-01

  498
3.892275975511012e-01
3.896786524489056e-01

  499
3.900088475511012e-01
3.904599024489056e-01

  500
3.907900975511012e-01
3.912411524489056e-01

  501
3.915713475511012e-01
3.920224024489056e-01

  502
3.923525975511012e-01
3.928036524489056e-01

  503
3.931338475511013e-01
3.935849024489056e-01

  504
3.939150975511013e-01
3.943661524489057e-01

  505
3.946963475511013e-01
3.951474024489057e-01

  506
3.954775975511013e-01
3.959286524489057e-01

  507
3.962588475511013e-01
3.967099024489057e-01

  508
3.970400975511013e-01
3.974911524489057e-01

  509
3.978213475511013e-01
3.982724024489057e-01

  510
3.986025975511013e-01
3.990536524489057e-01

  511
3.993838475511013e-01
3.998349024489057e-01

  512
4.001650975511014e-01
4.006161524489057e-01

  513
4.009463475511014e-01
4.013974024489058e-01

  514
4.017275975511014e-01
4.021786524489058e-01

  515
4.025088475511014e-01
4.029599024489058e-01

  516
4.032900975511014e-01
4.037411524489058e-01

  517
4.040713475511014e-01
4.045224024489058e-01

  518
4.048525975511014e-01
4.053036524489058e-01

  519
4.056338475511014e-01
4.060849024489058e-01

  520
4.064150975511014e-01
4.068661524489058e-01

  521
4.071963475511015e-01
4.076474024489058e-01

  522
4.079775975511015e-01
4.084286524489059e-01

  523
4.087588475511015e-01
4.092099024489059e-01

  524
4.095400975511015e-01
4.099911524489059e-01

  525
4.103213475511015e-01
4.107724024489059e-01

  526
4.111025975511015e-01
4.115536524489059e-01

  527
4.118838475511015e-01
4.123349024489059e-01

  528
4.126650975511015e-01
4.131161524489059e-01

  529
4.134463475511015e-01
4.138974024489059e-01

  530
4.142275975511016e-01
4.146786524489059e-01

  531
4.150088475511016e-01
4.154599024489060e-01

  532
4.157900975511016e-01
4.162411524489060e-01

  533
4.165713475511016e-01
4.170224024489060e-01

  534
4.173525975511016e-01
4.178036524489060e-01

  535
4.181338475511016e-01
4.185849024489060e-01

  536
4.189150975511016e-01
4.193661524489060e-01

  537
4.196963475511016e-01
4.201474024489060e-01

  538
4.204775975511016e-01
4.209286524489060e-01

  539
4.212588475511017e-01
4.217099024489060e-01

  540
4.220400975511017e-01
4.224911524489061e-01

  541
4.228213475511017e-01
4.232724024489061e-01

  542
4.236025975511017e-01
4.240536524489061e-01

  543
4.243838475511017e-01
4.248349024489061e-01

  544
4.251650975511017e-01
4.256161524489061e-01

  545
4.259463475511017e-01
4.263974024489061e-01

  546
4.267275975511017e-01
4.271786524489061e-01

  547
4.275088475511017e-01
4.279599024489061e-01

  548
4.282900975511018e-01
4.287411524489061e-01

  549
4.290713475511018e-01
4.295224024489062e-01

  550
4.298525975511018e-01
4.303036524489062e-01

  551
4.306338475511018e-01
4.310849024489062e-01

  552
4.314150975511018e-01
4.318661524489062e-01

  553
4.321963475511018e-01
4.326474024489062e-01

  554
4.329775975511018e-01
4.334286524489062e-01

  555
4.337588475511018e-01
4.342099024489062e-01

  556
4.345400975511018e-01
4.349911524489062e-01

  557
4.353213475511019e-01
4.357724024489062e-01

  558
4.361025975511019e-01
4.365536524489063e-01

  559
4.368838475511019e-01
4.373349024489063e-01

  560
4.376650975511019e-01
4.381161524489063e-01

  561
4.384463475511019e-01
4.388974024489063e-01

  562
4.392275975511019e-01
4.396786524489063e-01

  563
4.400088475511019e-01
4.404599024489063e-01

  564
4.407900975511019e-01
4.412411524489063e-01

  565
4.415713475511019e-01
4.420224024489063e-01

  566
4.423525975511020e-01
4.428036524489063e-01

  567
4.431338475511020e-01
4.435849024489064e-01

  568
4.439150975511020e-01
4.443661524489064e-01

  569
4.446963475511020e-01
4.451474024489064e-01

  570
4.454775975511020e-01
4.459286524489064e-01

  571
4.462588475511020e-01
4.467099024489064e-01

  572
4.470400975511020e-01
4.474911524489064e-01

  573
4.478213475511020e-01
4.482724024489064e-01

  574
4.486025975511020e-01
4.490536524489064e-01

  575
4.493838475511021e-01
4.498349024489064e-01

  576
4.501650975511021e-01
4.506161524489065e-01

  577
4.509463475511021e-01
4.513974024489065e-01

  578
4.517275975511021e-01
4.521786524489065e-01

  579
4.525088475511021e-01
4.529599024489065e-01

  580
4.532900975511021e-01
4.537411524489065e-01

  581
4.540713475511021e-01
4.545224024489065e-01

  582
4.548525975511021e-01
4.553036524489065e-01

  583
4.556338475511021e-01
4.560849024489065e-01

  584
4.564150975511022e-01
4.568661524489065e-01

  585
4.571963475511022e-01
4.576474024489066e-01

  586
4.579775975511022e-01
4.584286524489066e-01

  587
4.587588475511022e-01
4.592099024489066e-01

  588
4.595400975511022e-01
4.599911524489066e-01

  589
4.603213475511022e-01
4.607724024489066e-01

  590
4.611025975511022e-01
4.615536524489066e-01

  591
4.618838475511022e-01
4.623349024489066e-01

  592
4.626650975511022e-01
4.631161524489066e-01

  593
4.634463475511023e-01
4.638974024489066e-01

  594
4.642275975511023e-01
4.646786524489067e-01

  595
4.650088475511023e-01
4.654599024489067e-01

  596
4.657900975511023e-01
4.662411524489067e-01

  597
4.665713475511023e-01
4.670224024489067e-01

  598
4.673525975511023e-01
4.678036524489067e-01

  599
4.681338475511023e-01
4.685849024489067e-01

  600
4.689150975511023e-01
4.693661524489067e-01

  601
4.696963475511023e-01
4.701474024489067e-01

  602
4.704775975511024e-01
4.709286524489067e-01

  603
4.712588475511024e-01
4.717099024489068e-01

  604
4.720400975511024e-01
4.724911524489068e-01

  605
4.728213475511024e-01
4.732724024489068e-01

  606
4.736025975511024e-01
4.740536524489068e-01

  607
4.743838475511024e-01
4.748349024489068e-01

  608
4.751650975511024e-01
4.756161524489068e-01

  609
4.759463475511024e-01
4.763974024489068e-01

  610
4.767275975511024e-01
4.771786524489068e-01

  611
4.775088475511025e-01
4.779599024489068e-01

  612
4.782900975511025e-01
4.787411524489069e-01

  613
4.790713475511025e-01
4.795224024489069e-01

  614
4.798525975511025e-01
4.803036524489069e-01

  615
4.806338475511025e-01
4.810849024489069e-01

  616
4.814150975511025e-01
4.818661524489069e-01

  617
4.821963475511025e-01
4.826474024489069e-01

  618
4.829775975511025e-01
4.834286524489069e-01

  619
4.837588475511025e-01
4.842099024489069e-01

  620
4.845400975511026e-01
4.849911524489069e-01

  621
4.853213475511026e-01
4.857724024489070e-01

  622
4.861025975511026e-01
4.865536524489070e-01

  623
4.868838475511026e-01
4.873349024489070e-01

  624
4.876650975511026e-01
4.881161524489070e-01

  625
4.884463475511026e-01
4.888974024489070e-01

  626
4.892275975511026e-01
4.896786524489070e-01

  627
4.900088475511026e-01
4.904599024489070e-01

  628
4.907900975511026e-01
4.912411524489070e-01

  629
4.915713475511027e-01
4.920224024489070e-01

  630
4.923525975511027e-01
4.928036524489071e-01

  631
4.931338475511027e-01
4.935849024489071e-01

  632
4.939150975511027e-01
4.943661524489071e-01

  633
4.946963475511027e-01
4.951474024489071e-01

  634
4.954775975511027e-01
4.959286524489071e-01

  635
4.962588475511027e-01
4.967099024489071e-01

  636
4.970400975511027e-01
4.974911524489071e-01

  637
4.978213475511027e-01
4.982724024489071e-01

  638
4.986025975511028e-01
4.990536524489071e-01

  639
4.993838475511028e-01
4.998349024489072e-01

  640
5.001650975511028e-01
5.006161524489072e-01

  641
5.009463475511028e-01
5.013974024489072e-01

  642
5.017275975511027e-01
5.021786524489071e-01

  643
5.025088475511027e-01
5.029599024489071e-01

  644
5.032900975511027e-01
5.037411524489070e-01

  645
5.040713475511026e-01
5.045224024489070e-01

  646
5.048525975511026e-01
5.053036524489070e-01

  647
5.056338475511025e-01
5.060849024489069e-01

  648
5.064150975511025e-01
5.068661524489069e-01

  649
5.071963475511024e-01
5.076474024489068e-01

  650
5.079775975511024e-01
5.084286524489068e-01

  651
5.087588475511023e-01
5.092099024489067e-01

  652
5.095400975511023e-01
5.099911524489067e-01

  653
5.103213475511023e-01
5.107724024489066e-01

  654
5.111025975511022e-01
5.115536524489066e-01

  655
5.118838475511022e-01
5.123349024489066e-01

  656
5.126650975511021e-01
5.131161524489065e-01

  657
5.134463475511021e-01
5.138974024489065e-01

  658
5.142275975511020e-01
5.146786524489064e-01

  659
5.150088475511020e-01
5.154599024489064e-01

  660
5.157900975511019e-01
5.162411524489063e-01

  661
5.165713475511019e-01
5.170224024489063e-01

  662
5.173525975511019e-01
5.178036524489062e-01

  663
5.181338475511018e-01
5.185849024489062e-01

  664
5.189150975511018e-01
5.193661524489062e-01

  665
5.196963475511017e-01
5.201474024489061e-01

  666
5.204775975511017e-01
5.209286524489061e-01

  667
5.212588475511016e-01
5.217099024489060e-01

  668
5.220400975511016e-01
5.224911524489060e-01

  669
5.228213475511015e-01
5.232724024489059e-01

  670
5.236025975511015e-01
5.240536524489059e-01

  671
5.243838475511015e-01
5.248349024489058e-01

  672
5.251650975511014e-01
5.256161524489058e-01

  673
5.259463475511014e-01
5.263974024489058e-01

  674
5.267275975511013e-01
5.271786524489057e-01

  675
5.275088475511013e-01
5.279599024489057e-01

  676
5.282900975511012e-01
5.287411524489056e-01

  677
5.290713475511012e-01
5.295224024489056e-01

  678
5.298525975511011e-01
5.303036524489055e-01

  679
5.306338475511011e-01
5.310849024489055e-01

  680
5.314150975511011e-01
5.318661524489054e-01

  681
5.321963475511010e-01
5.326474024489054e-01

  682
5.329775975511010e-01
5.334286524489054e-01

  683
5.337588475511009e-01
5.342099024489053e-01

  684
5.345400975511009e-01
5.349911524489053e-01

  685
5.353213475511008e-01
5.357724024489052e-01

  686
5.361025975511008e-01
5.365536524489052e-01

  687
5.368838475511007e-01
5.373349024489051e-01

  688
5.376650975511007e-01
5.381161524489051e-01

  689
5.384463475511007e-01
5.388974024489050e-01

  690
5.392275975511006e-01
5.396786524489050e-01

  691
5.400088475511006e-01
5.404599024489050e-01

  692
5.407900975511005e-01
5.412411524489049e-01

  693
5.415713475511005e-01
5.420224024489049e-01

  694
5.423525975511004e-01
5.428036524489048e-01

  695
5.431338475511004e-01
5.435849024489048e-01

  696
5.439150975511003e-01
5.443661524489047e-01

  697
5.446963475511003e-01
5.451474024489047e-01

  698
5.454775975511003e-01
5.459286524489046e-01

  699
5.462588475511002e-01
5.467099024489046e-01

  700
5.470400975511002e-01
5.474911524489046e-01

  701
5.478213475511001e-01
5.482724024489045e-01

  702
5.486025975511001e-01
5.490536524489045e-01

  703
5.493838475511000e-01
5.498349024489044e-01

  704
5.501650975511000e-01
5.506161524489044e-01

  705
5.509463475510999e-01
5.513974024489043e-01

  706
5.517275975510999e-01
5.521786524489043e-01

  707
5.525088475510999e-01
5.529599024489043e-01

  708
5.532900975510998e-01
5.537411524489042e-01

  709
5.540713475510998e-01
5.545224024489042e-01

  710
5.548525975510997e-01
5.553036524489041e-01

  711
5.556338475510997e-01
5.560849024489041e-01

  712
5.564150975510996e-01
5.568661524489040e-01

  713
5.571963475510996e-01
5.576474024489040e-01

  714
5.579775975510995e-01
5.584286524489039e-01

  715
5.587588475510995e-01
5.592099024489039e-01

  716
5.595400975510995e-01
5.599911524489039e-01

  717
5.603213475510994e-01
5.607724024489038e-01

  718
5.611025975510994e-01
5.615536524489038e-01

  719
5.618838475510993e-01
5.623349024489037e-01

  720
5.626650975510993e-01
5.631161524489037e-01

  721
5.634463475510992e-01
5.638974024489036e-01

  722
5.642275975510992e-01
5.646786524489036e-01

  723
5.650088475510991e-01
5.654599024489035e-01

  724
5.657900975510991e-01
5.662411524489035e-01

  725
5.665713475510991e-01
5.670224024489035e-01

  726
5.673525975510990e-01
5.678036524489034e-01

  727
5.681338475510990e-01
5.685849024489034e-01

  728
5.689150975510989e-01
5.693661524489033e-01

  729
5.696963475510989e-01
5.701474024489033e-01

  730
5.704775975510988e-01
5.709286524489032e-01

  731
5.712588475510988e-01
5.717099024489032e-01

  732
5.720400975510987e-01
5.724911524489031e-01

  733
5.728213475510987e-01
5.732724024489031e-01

  734
5.736025975510987e-01
5.740536524489031e-01

  735
5.743838475510986e-01
5.748349024489030e-01

  736
5.751650975510986e-01
5.756161524489030e-01

  737
5.759463475510985e-01
5.763974024489029e-01

  738
5.767275975510985e-01
5.771786524489029e-01

  739
5.775088475510984e-01
5.779599024489028e-01

  740
5.782900975510984e-01
5.787411524489028e-01

  741
5.790713475510983e-01
5.795224024489027e-01

  742
5.798525975510983e-01
5.803036524489027e-01

  743
5.806338475510983e-01
5.810849024489027e-01

  744
5.814150975510982e-01
5.818661524489026e-01

  745
5.821963475510982e-01
5.826474024489026e-01

  746
5.829775975510981e-01
5.834286524489025e-01

  747
5.837588475510981e-01
5.842099024489025e-01

  748
5.845400975510980e-01
5.849911524489024e-01

  749
5.853213475510980e-01
5.857724024489024e-01

  750
5.861025975510979e-01
5.865536524489023e-01

  751
5.868838475510979e-01
5.873349024489023e-01

  752
5.876650975510979e-01
5.881161524489023e-01

  753
5.884463475510978e-01
5.888974024489022e-01

  754
5.892275975510978e-01
5.896786524489022e-01

  755
5.900088475510977e-01
5.904599024489021e-01

  756
5.907900975510977e-01
5.912411524489021e-01

  757
5.915713475510976e-01
5.920224024489020e-01

  758
5.923525975510976e-01
5.928036524489020e-01

  759
5.931338475510975e-01
5.935849024489019e-01

  760
5.939150975510975e-01
5.943661524489019e-01

  761
5.946963475510975e-01
5.951474024489019e-01

  762
5.954775975510974e-01
5.959286524489018e-01

  763
5.962588475510974e-01
5.967099024489018e-01

  764
5.970400975510973e-01
5.974911524489017e-01

  765
5.978213475510973e-01
5.982724024489017e-01

  766
5.986025975510972e-01
5.990536524489016e-01

  767
5.993838475510972e-01
5.998349024489016e-01

  768
6.001650975510971e-01
6.006161524489015e-01

  769
6.009463475510971e-01
6.013974024489015e-01

  770
6.017275975510971e-01
6.021786524489015e-01

  771
6.025088475510970e-01
6.029599024489014e-01

  772
6.032900975510970e-01
6.037411524489014e-01

  773
6.040713475510969e-01
6.045224024489013e-01

  774
6.048525975510969e-01
6.053036524489013e-01

  775
6.056338475510968e-01
6.060849024489012e-01

  776
6.064150975510968e-01
6.068661524489012e-01

  777
6.071963475510967e-01
6.076474024489011e-01

  778
6.079775975510967e-01
6.084286524489011e-01

  779
6.087588475510967e-01
6.092099024489011e-01

  780
6.095400975510966e-01
6.099911524489010e-01

  781
6.103213475510966e-01
6.107724024489010e-01

  782
6.111025975510965e-01
6.115536524489009e-01

  783
6.118838475510965e-01
6.123349024489009e-01

  784
6.126650975510964e-01
6.131161524489008e-01

  785
6.134463475510964e-01
6.138974024489008e-01

  786
6.142275975510963e-01
6.146786524489007e-01

  787
6.150088475510963e-01
6.154599024489007e-01

  788
6.157900975510963e-01
6.162411524489007e-01

  789
6.165713475510962e-01
6.170224024489006e-01

  790
6.173525975510962e-01
6.178036524489006e-01

  791
6.181338475510961e-01
6.185849024489005e-01

  792
6.189150975510961e-01
6.193661524489005e-01

  793
6.196963475510960e-01
6.201474024489004e-01

  794
6.204775975510960e-01
6.209286524489004e-01

  795
6.212588475510959e-01
6.217099024489003e-01

  796
6.220400975510959e-01
6.224911524489003e-01

  797
6.228213475510959e-01
6.232724024489003e-01

  798
6.236025975510958e-01
6.240536524489002e-01

  799
6.243838475510958e-01
6.248349024489002e-01

  800
6.251650975510957e-01
6.256161524489001e-01

  801
6.259463475510957e-01
6.263974024489001e-01

  802
6.267275975510956e-01
6.271786524489000e-01

  803
6.275088475510956e-01
6.279599024489000e-01

  804
6.282900975510955e-01
6.287411524488999e-01

  805
6.290713475510955e-01
6.295224024488999e-01

  806
6.298525975510955e-01
6.303036524488999e-01

  807
6.306338475510954e-01
6.310849024488998e-01

  808
6.314150975510954e-01
6.318661524488998e-01

  809
6.321963475510953e-01
6.326474024488997e-01

  810
6.329775975510953e-01
6.334286524488997e-01

  811
6.337588475510952e-01
6.342099024488996e-01

  812
6.345400975510952e-01
6.349911524488996e-01

  813
6.353213475510952e-01
6.357724024488995e-01

  814
6.361025975510951e-01
6.365536524488995e-01

  815
6.368838475510951e-01
6.373349024488995e-01

  816
6.376650975510950e-01
6.381161524488994e-01

  817
6.384463475510950e-01
6.388974024488994e-01

  818
6.392275975510949e-01
6.396786524488993e-01

  819
6.400088475510949e-01
6.404599024488993e-01

  820
6.407900975510948e-01
6.412411524488992e-01

  821
6.415713475510948e-01
6.420224024488992e-01

  822
6.423525975510948e-01
6.428036524488991e-01

  823
6.431338475510947e-01
6.435849024488991e-01

  824
6.439150975510947e-01
6.443661524488991e-01

  825
6.446963475510946e-01
6.451474024488990e-01

  826
6.454775975510946e-01
6.459286524488990e-01

  827
6.462588475510945e-01
6.467099024488989e-01

  828
6.470400975510945e-01
6.474911524488989e-01

  829
6.478213475510944e-01
6.482724024488988e-01

  830
6.486025975510944e-01
6.490536524488988e-01

  831
6.493838475510944e-01
6.498349024488987e-01

  832
6.501650975510943e-01
6.506161524488987e-01

  833
6.509463475510943e-01
6.513974024488987e-01

  834
6.517275975510942e-01
6.521786524488986e-01

  835
6.525088475510942e-01
6.529599024488986e-01

  836
6.532900975510941e-01
6.537411524488985e-01

  837
6.540713475510941e-01
6.545224024488985e-01

  838
6.548525975510940e-01
6.553036524488984e-01

  839
6.556338475510940e-01
6.560849024488984e-01

  840
6.564150975510940e-01
6.568661524488983e-01

  841
6.571963475510939e-01
6.576474024488983e-01

  842
6.579775975510939e-01
6.584286524488983e-01

  843
6.587588475510938e-01
6.592099024488982e-01

  844
6.595400975510938e-01
6.599911524488982e-01

  845
6.603213475510937e-01
6.607724024488981e-01

  846
6.611025975510937e-01
6.615536524488981e-01

  847
6.618838475510936e-01
6.623349024488980e-01

  848
6.626650975510936e-01
6.631161524488980e-01

  849
6.634463475510936e-01
6.638974024488979e-01

  850
6.642275975510935e-01
6.646786524488979e-01

  851
6.650088475510935e-01
6.654599024488979e-01

  852
6.657900975510934e-01
6.662411524488978e-01

  853
6.665713475510934e-01
6.670224024488978e-01

  854
6.673525975510933e-01
6.678036524488977e-01

  855
6.681338475510933e-01
6.685849024488977e-01

  856
6.689150975510932e-01
6.693661524488976e-01

  857
6.696963475510932e-01
6.701474024488976e-01

  858
6.704775975510932e-01
6.709286524488975e-01

  859
6.712588475510931e-01
6.717099024488975e-01

  860
6.720400975510931e-01
6.724911524488975e-01

  861
6.728213475510930e-01
6.732724024488974e-01

  862
6.736025975510930e-01
6.740536524488974e-01

  863
6.743838475510929e-01
6.748349024488973e-01

  864
6.751650975510929e-01
6.756161524488973e-01

  865
6.759463475510928e-01
6.763974024488972e-01

  866
6.767275975510928e-01
6.771786524488972e-01

  867
6.775088475510928e-01
6.779599024488971e-01

  868
6.782900975510927e-01
6.787411524488971e-01

  869
6.790713475510927e-01
6.795224024488971e-01

  870
6.798525975510926e-01
6.803036524488970e-01

  871
6.806338475510926e-01
6.810849024488970e-01

  872
6.814150975510925e-01
6.818661524488969e-01

  873
6.821963475510925e-01
6.826474024488969e-01

  874
6.829775975510924e-01
6.834286524488968e-01

  875
6.837588475510924e-01
6.842099024488968e-01

  876
6.845400975510924e-01
6.849911524488967e-01

  877
6.853213475510923e-01
6.857724024488967e-01

  878
6.861025975510923e-01
6.865536524488967e-01

  879
6.868838475510922e-01
6.873349024488966e-01

  880
6.876650975510922e-01
6.881161524488966e-01

  881
6.884463475510921e-01
6.888974024488965e-01

  882
6.892275975510921e-01
6.896786524488965e-01

  883
6.900088475510920e-01
6.904599024488964e-01

  884
6.907900975510920e-01
6.912411524488964e-01

  885
6.915713475510920e-01
6.920224024488963e-01

  886
6.923525975510919e-01
6.928036524488963e-01

  887
6.931338475510919e-01
6.935849024488963e-01

  888
6.939150975510918e-01
6.943661524488962e-01

  889
6.946963475510918e-01
6.951474024488962e-01

  890
6.954775975510917e-01
6.959286524488961e-01

  891
6.962588475510917e-01
6.967099024488961e-01

  892
6.970400975510916e-01
6.974911524488960e-01

  893
6.978213475510916e-01
6.982724024488960e-01

  894
6.986025975510916e-01
6.990536524488959e-01

  895
6.993838475510915e-01
6.998349024488959e-01

  896
7.001650975510915e-01
7.006161524488959e-01

  897
7.009463475510914e-01
7.013974024488958e-01

  898
7.017275975510914e-01
7.021786524488958e-01

  899
7.025088475510913e-01
7.029599024488957e-01

  900
7.032900975510913e-01
7.037411524488957e-01

  901
7.040713475510912e-01
7.045224024488956e-01

  902
7.048525975510912e-01
7.053036524488956e-01

  903
7.056338475510912e-01
7.060849024488955e-01

  904
7.064150975510911e-01
7.068661524488955e-01

  905
7.071963475510911e-01
7.076474024488955e-01

  906
7.079775975510910e-01
7.084286524488954e-01

  907
7.087588475510910e-01
7.092099024488954e-01

  908
7.095400975510909e-01
7.099911524488953e-01

  909
7.103213475510909e-01
7.107724024488953e-01

  910
7.111025975510908e-01
7.115536524488952e-01

  911
7.118838475510908e-01
7.123349024488952e-01

  912
7.126650975510908e-01
7.131161524488951e-01

  913
7.134463475510907e-01
7.138974024488951e-01

  914
7.142275975510907e-01
7.146786524488951e-01

  915
7.150088475510906e-01
7.154599024488950e-01

  916
7.157900975510906e-01
7.162411524488950e-01

  917
7.165713475510905e-01
7.170224024488949e-01

  918
7.173525975510905e-01
7.178036524488949e-01

  919
7.181338475510904e-01
7.185849024488948e-01

  920
7.189150975510904e-01
7.193661524488948e-01

  921
7.196963475510904e-01
7.201474024488947e-01

  922
7.204775975510903e-01
7.209286524488947e-01

  923
7.212588475510903e-01
7.217099024488947e-01

  924
7.220400975510902e-01
7.224911524488946e-01

  925
7.228213475510902e-01
7.232724024488946e-01

  926
7.236025975510901e-01
7.240536524488945e-01

  927
7.243838475510901e-01
7.248349024488945e-01

  928
7.251650975510900e-01
7.256161524488944e-01

  929
7.259463475510900e-01
7.263974024488944e-01

  930
7.267275975510900e-01
7.271786524488943e-01

  931
7.275088475510899e-01
7.279599024488943e-01

  932
7.282900975510899e-01
7.287411524488943e-01

  933
7.290713475510898e-01
7.295224024488942e-01

  934
7.298525975510898e-01
7.303036524488942e-01

  935
7.306338475510897e-01
7.310849024488941e-01

  936
7.314150975510897e-01
7.318661524488941e-01

  937
7.321963475510896e-01
7.326474024488940e-01

  938
7.329775975510896e-01
7.334286524488940e-01

  939
7.337588475510896e-01
7.342099024488939e-01

  940
7.345400975510895e-01
7.349911524488939e-01

  941
7.353213475510895e-01
7.357724024488939e-01

  942
7.361025975510894e-01
7.365536524488938e-01

  943
7.368838475510894e-01
7.373349024488938e-01

  944
7.376650975510893e-01
7.381161524488937e-01

  945
7.384463475510893e-01
7.388974024488937e-01

  946
7.392275975510892e-01
7.396786524488936e-01

  947
7.400088475510892e-01
7.404599024488936e-01

  948
7.407900975510892e-01
7.412411524488935e-01

  949
7.415713475510891e-01
7.420224024488935e-01

  950
7.423525975510891e-01
7.428036524488935e-01

  951
7.431338475510890e-01
7.435849024488934e-01

  952
7.439150975510890e-01
7.443661524488934e-01

  953
7.446963475510889e-01
7.451474024488933e-01

  954
7.454775975510889e-01
7.459286524488933e-01

  955
7.462588475510888e-01
7.467099024488932e-01

  956
7.470400975510888e-01
7.474911524488932e-01

  957
7.478213475510888e-01
7.482724024488931e-01

  958
7.486025975510887e-01
7.490536524488931e-01

  959
7.493838475510887e-01
7.498349024488931e-01

  960
7.501650975510886e-01
7.506161524488930e-01

  961
7.509463475510886e-01
7.513974024488930e-01

  962
7.517275975510885e-01
7.521786524488929e-01

  963
7.525088475510885e-01
7.529599024488929e-01

  964
7.532900975510884e-01
7.537411524488928e-01

  965
7.540713475510884e-01
7.545224024488928e-01

  966
7.548525975510884e-01
7.553036524488927e-01

  967
7.556338475510883e-01
7.560849024488927e-01

  968
7.564150975510883e-01
7.568661524488927e-01

  969
7.571963475510882e-01
7.576474024488926e-01

  970
7.579775975510882e-01
7.584286524488926e-01

  971
7.587588475510881e-01
7.592099024488925e-01

  972
7.595400975510881e-01
7.599911524488925e-01

  973
7.603213475510880e-01
7.607724024488924e-01

  974
7.611025975510880e-01
7.615536524488924e-01

  975
7.618838475510880e-01
7.623349024488923e-01

  976
7.626650975510879e-01
7.631161524488923e-01

  977
7.634463475510879e-01
7.638974024488923e-01

  978
7.642275975510878e-01
7.646786524488922e-01

  979
7.650088475510878e-01
7.654599024488922e-01

  980
7.657900975510877e-01
7.662411524488921e-01

  981
7.665713475510877e-01
7.670224024488921e-01

  982
7.673525975510876e-01
7.678036524488920e-01

  983
7.681338475510876e-01
7.685849024488920e-01

  984
7.689150975510876e-01
7.693661524488919e-01

  985
7.696963475510875e-01
7.701474024488919e-01

  986
7.704775975510875e-01
7.709286524488919e-01

  987
7.712588475510874e-01
7.717099024488918e-01

  988
7.720400975510874e-01
7.724911524488918e-01

  989
7.728213475510873e-01
7.732724024488917e-01

  990
7.736025975510873e-01
7.740536524488917e-01

  991
7.743838475510872e-01
7.748349024488916e-01

  992
7.751650975510872e-01
7.756161524488916e-01

  993
7.759463475510872e-01
7.763974024488915e-01

  994
7.767275975510871e-01
7.771786524488915e-01

  995
7.775088475510871e-01
7.779599024488915e-01

  996
7.782900975510870e-01
7.787411524488914e-01

  997
7.790713475510870e-01
7.795224024488914e-01

  998
7.798525975510869e-01
7.803036524488913e-01

  999
7.806338475510869e-01
7.810849024488913e-01

 1000
7.814150975510868e-01
7.818661524488912e-01

 1001
7.821963475510868e-01
7.826474024488912e-01

 1002
7.829775975510868e-01
7.834286524488911e-01

 1003
7.837588475510867e-01
7.842099024488911e-01

 1004
7.845400975510867e-01
7.849911524488911e-01

 1005
7.853213475510866e-01
7.857724024488910e-01

 1006
7.861025975510866e-01
7.865536524488910e-01

 1007
7.868838475510865e-01
7.873349024488909e-01

 1008
7.876650975510865e-01
7.881161524488909e-01

 1009
7.884463475510864e-01
7.888974024488908e-01

 1010
7.892275975510864e-01
7.896786524488908e-01

 1011
7.900088475510864e-01
7.904599024488907e-01

 1012
7.907900975510863e-01
7.912411524488907e-01

 1013
7.915713475510863e-01
7.920224024488907e-01

 1014
7.923525975510862e-01
7.928036524488906e-01

 1015
7.931338475510862e-01
7.935849024488906e-01

 1016
7.939150975510861e-01
7.943661524488905e-01

 1017
7.946963475510861e-01
7.951474024488905e-01

 1018
7.954775975510860e-01
7.959286524488904e-01

 1019
7.962588475510860e-01
7.967099024488904e-01

 1020
7.970400975510860e-01
7.974911524488904e-01

 1021
7.978213475510859e-01
7.982724024488903e-01

 1022
7.986025975510859e-01
7.990536524488903e-01

 1023
7.993838475510858e-01
7.998349024488902e-01

 1024
8.001650975510858e-01
8.006161524488902e-01

 1025
8.009463475510857e-01
8.013974024488901e-01

 1026
8.017275975510857e-01
8.021786524488901e-01

 1027
8.025088475510856e-01
8.029599024488900e-01

 1028
8.032900975510856e-01
8.037411524488900e-01

 1029
8.040713475510856e-01
8.045224024488900e-01

 1030
8.048525975510855e-01
8.053036524488899e-01

 1031
8.056338475510855e-01
8.060849024488899e-01

 1032
8.064150975510854e-01
8.068661524488898e-01

 1033
8.071963475510854e-01
8.076474024488898e-01

 1034
8.079775975510853e-01
8.084286524488897e-01

 1035
8.087588475510853e-01
8.092099024488897e-01

 1036
8.095400975510852e-01
8.099911524488896e-01

 1037
8.103213475510852e-01
8.107724024488896e-01

 1038
8.111025975510852e-01
8.115536524488896e-01

 1039
8.118838475510851e-01
8.123349024488895e-01

 1040
8.126650975510851e-01
8.131161524488895e-01

 1041
8.134463475510850e-01
8.138974024488894e-01

 1042
8.142275975510850e-01
8.146786524488894e-01

 1043
8.150088475510849e-01
8.154599024488893e-01

 1044
8.157900975510849e-01
8.162411524488893e-01

 1045
8.165713475510848e-01
8.170224024488892e-01

 1046
8.173525975510848e-01
8.178036524488892e-01

 1047
8.181338475510848e-01
8.185849024488892e-01

 1048
8.189150975510847e-01
8.193661524488891e-01

 1049
8.196963475510847e-01
8.201474024488891e-01

 1050
8.204775975510846e-01
8.209286524488890e-01

 1051
8.212588475510846e-01
8.217099024488890e-01

 1052
8.220400975510845e-01
8.224911524488889e-01

 1053
8.228213475510845e-01
8.232724024488889e-01

 1054
8.236025975510844e-01
8.240536524488888e-01

 1055
8.243838475510844e-01
8.248349024488888e-01

 1056
8.251650975510844e-01
8.256161524488888e-01

 1057
8.259463475510843e-01
8.263974024488887e-01

 1058
8.267275975510843e-01
8.271786524488887e-01

 1059
8.275088475510842e-01
8.279599024488886e-01

 1060
8.282900975510842e-01
8.287411524488886e-01

 1061
8.290713475510841e-01
8.295224024488885e-01

 1062
8.298525975510841e-01
8.303036524488885e-01

 1063
8.306338475510840e-01
8.310849024488884e-01

 1064
8.314150975510840e-01
8.318661524488884e-01

 1065
8.321963475510840e-01
8.326474024488884e-01

 1066
8.329775975510839e-01
8.334286524488883e-01

 1067
8.337588475510839e-01
8.342099024488883e-01

 1068
8.345400975510838e-01
8.349911524488882e-01

 1069
8.353213475510838e-01
8.357724024488882e-01

 1070
8.361025975510837e-01
8.365536524488881e-01

 1071
8.368838475510837e-01
8.373349024488881e-01

 1072
8.376650975510836e-01
8.381161524488880e-01

 1073
8.384463475510836e-01
8.388974024488880e-01

 1074
8.392275975510836e-01
8.396786524488880e-01

 1075
8.400088475510835e-01
8.404599024488879e-01

 1076
8.407900975510835e-01
8.412411524488879e-01

 1077
8.415713475510834e-01
8.420224024488878e-01

 1078
8.423525975510834e-01
8.428036524488878e-01

 1079
8.431338475510833e-01
8.435849024488877e-01

 1080
8.439150975510833e-01
8.443661524488877e-01

 1081
8.446963475510832e-01
8.451474024488876e-01

 1082
8.454775975510832e-01
8.459286524488876e-01

 1083
8.462588475510832e-01
8.467099024488876e-01

 1084
8.470400975510831e-01
8.474911524488875e-01

 1085
8.478213475510831e-01
8.482724024488875e-01

 1086
8.486025975510830e-01
8.490536524488874e-01

 1087
8.493838475510830e-01
8.498349024488874e-01

 1088
8.501650975510829e-01
8.506161524488873e-01

 1089
8.509463475510829e-01
8.513974024488873e-01

 1090
8.517275975510828e-01
8.521786524488872e-01

 1091
8.525088475510828e-01
8.529599024488872e-01

 1092
8.532900975510828e-01
8.537411524488872e-01

 1093
8.540713475510827e-01
8.545224024488871e-01

 1094
8.548525975510827e-01
8.553036524488871e-01

 1095
8.556338475510826e-01
8.560849024488870e-01

 1096
8.564150975510826e-01
8.568661524488870e-01

 1097
8.571963475510825e-01
8.576474024488869e-01

 1098
8.579775975510825e-01
8.584286524488869e-01

 1099
8.587588475510824e-01
8.592099024488868e-01

 1100
8.595400975510824e-01
8.599911524488868e-01

 1101
8.603213475510824e-01
8.607724024488868e-01

 1102
8.611025975510823e-01
8.615536524488867e-01

 1103
8.618838475510823e-01
8.623349024488867e-01

 1104
8.626650975510822e-01
8.631161524488866e-01

 1105
8.634463475510822e-01
8.638974024488866e-01

 1106
8.642275975510821e-01
8.646786524488865e-01

 1107
8.650088475510821e-01
8.654599024488865e-01

 1108
8.657900975510820e-01
8.662411524488864e-01

 1109
8.665713475510820e-01
8.670224024488864e-01

 1110
8.673525975510820e-01
8.678036524488864e-01

 1111
8.681338475510819e-01
8.685849024488863e-01

 1112
8.689150975510819e-01
8.693661524488863e-01

 1113
8.696963475510818e-01
8.701474024488862e-01

 1114
8.704775975510818e-01
8.709286524488862e-01

 1115
8.712588475510817e-01
8.717099024488861e-01

 1116
8.720400975510817e-01
8.724911524488861e-01

 1117
8.728213475510816e-01
8.732724024488860e-01

 1118
8.736025975510816e-01
8.740536524488860e-01

 1119
8.743838475510816e-01
8.748349024488860e-01

 1120
8.751650975510815e-01
8.756161524488859e-01

 1121
8.759463475510815e-01
8.763974024488859e-01

 1122
8.767275975510814e-01
8.771786524488858e-01

 1123
8.775088475510814e-01
8.779599024488858e-01

 1124
8.782900975510813e-01
8.787411524488857e-01

 1125
8.790713475510813e-01
8.795224024488857e-01

 1126
8.798525975510813e-01
8.803036524488856e-01

 1127
8.806338475510812e-01
8.810849024488856e-01

 1128
8.814150975510812e-01
8.818661524488856e-01

 1129
8.821963475510811e-01
8.826474024488855e-01

 1130
8.829775975510811e-01
8.834286524488855e-01

 1131
8.837588475510810e-01
8.842099024488854e-01

 1132
8.845400975510810e-01
8.849911524488854e-01

 1133
8.853213475510809e-01
8.857724024488853e-01

 1134
8.861025975510809e-01
8.865536524488853e-01

 1135
8.868838475510809e-01
8.873349024488852e-01

 1136
8.876650975510808e-01
8.881161524488852e-01

 1137
8.884463475510808e-01
8.888974024488852e-01

 1138
8.892275975510807e-01
8.896786524488851e-01

 1139
8.900088475510807e-01
8.904599024488851e-01

 1140
8.907900975510806e-01
8.912411524488850e-01

 1141
8.915713475510806e-01
8.920224024488850e-01

 1142
8.923525975510805e-01
8.928036524488849e-01

 1143
8.931338475510805e-01
8.935849024488849e-01

 1144
8.939150975510805e-01
8.943661524488848e-01

 1145
8.946963475510804e-01
8.951474024488848e-01

 1146
8.954775975510804e-01
8.959286524488848e-01

 1147
8.962588475510803e-01
8.967099024488847e-01

 1148
8.970400975510803e-01
8.974911524488847e-01

 1149
8.978213475510802e-01
8.982724024488846e-01

 1150
8.986025975510802e-01
8.990536524488846e-01

 1151
8.993838475510801e-01
8.998349024488845e-01

 1152
9.001650975510801e-01
9.006161524488845e-01

 1153
9.009463475510801e-01
9.013974024488844e-01

 1154
9.017275975510800e-01
9.021786524488844e-01

 1155
9.025088475510800e-01
9.029599024488844e-01

 1156
9.032900975510799e-01
9.037411524488843e-01

 1157
9.040713475510799e-01
9.045224024488843e-01

 1158
9.048525975510798e-01
9.053036524488842e-01

 1159
9.056338475510798e-01
9.060849024488842e-01

 1160
9.064150975510797e-01
9.068661524488841e-01

 1161
9.071963475510797e-01
9.076474024488841e-01

 1162
9.079775975510797e-01
9.084286524488840e-01

 1163
9.087588475510796e-01
9.092099024488840e-01

 1164
9.095400975510796e-01
9.099911524488840e-01

 1165
9.103213475510795e-01
9.107724024488839e-01

 1166
9.111025975510795e-01
9.115536524488839e-01

 1167
9.118838475510794e-01
9.123349024488838e-01

 1168
9.126650975510794e-01
9.131161524488838e-01

 1169
9.134463475510793e-01
9.138974024488837e-01

 1170
9.142275975510793e-01
9.146786524488837e-01

 1171
9.150088475510793e-01
9.154599024488836e-01

 1172
9.157900975510792e-01
9.162411524488836e-01

 1173
9.165713475510792e-01
9.170224024488836e-01

 1174
9.173525975510791e-01
9.178036524488835e-01

 1175
9.181338475510791e-01
9.185849024488835e-01

 1176
9.189150975510790e-01
9.193661524488834e-01

 1177
9.196963475510790e-01
9.201474024488834e-01

 1178
9.204775975510789e-01
9.209286524488833e-01

 1179
9.212588475510789e-01
9.217099024488833e-01

 1180
9.220400975510789e-01
9.224911524488832e-01

 1181
9.228213475510788e-01
9.232724024488832e-01

 1182
9.236025975510788e-01
9.240536524488832e-01

 1183
9.243838475510787e-01
9.248349024488831e-01

 1184
9.251650975510787e-01
9.256161524488831e-01

 1185
9.259463475510786e-01
9.263974024488830e-01

 1186
9.267275975510786e-01
9.271786524488830e-01

 1187
9.275088475510785e-01
9.279599024488829e-01

 1188
9.282900975510785e-01
9.287411524488829e-01

 1189
9.290713475510785e-01
9.295224024488828e-01

 1190
9.298525975510784e-01
9.303036524488828e-01

 1191
9.306338475510784e-01
9.310849024488828e-01

 1192
9.314150975510783e-01
9.318661524488827e-01

 1193
9.321963475510783e-01
9.326474024488827e-01

 1194
9.329775975510782e-01
9.334286524488826e-01

 1195
9.337588475510782e-01
9.342099024488826e-01

 1196
9.345400975510781e-01
9.349911524488825e-01

 1197
9.353213475510781e-01
9.357724024488825e-01

 1198
9.361025975510781e-01
9.365536524488824e-01

 1199
9.368838475510780e-01
9.373349024488824e-01

 1200
9.376650975510780e-01
9.381161524488824e-01

 1201
9.384463475510779e-01
9.388974024488823e-01

 1202
9.392275975510779e-01
9.396786524488823e-01

 1203
9.400088475510778e-01
9.404599024488822e-01

 1204
9.407900975510778e-01
9.412411524488822e-01

 1205
9.415713475510777e-01
9.420224024488821e-01

 1206
9.423525975510777e-01
9.428036524488821e-01

 1207
9.431338475510777e-01
9.435849024488820e-01

 1208
9.439150975510776e-01
9.443661524488820e-01

 1209
9.446963475510776e-01
9.451474024488820e-01

 1210
9.454775975510775e-01
9.459286524488819e-01

 1211
9.462588475510775e-01
9.467099024488819e-01

 1212
9.470400975510774e-01
9.474911524488818e-01

 1213
9.478213475510774e-01
9.482724024488818e-01

 1214
9.486025975510773e-01
9.490536524488817e-01

 1215
9.493838475510773e-01
9.498349024488817e-01

 1216
9.501650975510773e-01
9.506161524488816e-01

 1217
9.509463475510772e-01
9.513974024488816e-01

 1218
9.517275975510772e-01
9.521786524488816e-01

 1219
9.525088475510771e-01
9.529599024488815e-01

 1220
9.532900975510771e-01
9.537411524488815e-01

 1221
9.540713475510770e-01
9.545224024488814e-01

 1222
9.548525975510770e-01
9.553036524488814e-01

 1223
9.556338475510769e-01
9.560849024488813e-01

 1224
9.564150975510769e-01
9.568661524488813e-01

 1225
9.571963475510769e-01
9.576474024488812e-01

 1226
9.579775975510768e-01
9.584286524488812e-01

 1227
9.587588475510768e-01
9.592099024488812e-01

 1228
9.595400975510767e-01
9.599911524488811e-01

 1229
9.603213475510767e-01
9.607724024488811e-01

 1230
9.611025975510766e-01
9.615536524488810e-01

 1231
9.618838475510766e-01
9.623349024488810e-01

 1232
9.626650975510765e-01
9.631161524488809e-01

 1233
9.634463475510765e-01
9.638974024488809e-01

 1234
9.642275975510765e-01
9.646786524488808e-01

 1235
9.650088475510764e-01
9.654599024488808e-01

 1236
9.657900975510764e-01
9.662411524488808e-01

 1237
9.665713475510763e-01
9.670224024488807e-01

 1238
9.673525975510763e-01
9.678036524488807e-01

 1239
9.681338475510762e-01
9.685849024488806e-01

 1240
9.689150975510762e-01
9.693661524488806e-01

 1241
9.696963475510761e-01
9.701474024488805e-01

 1242
9.704775975510761e-01
9.709286524488805e-01

 1243
9.712588475510761e-01
9.717099024488804e-01

 1244
9.720400975510760e-01
9.724911524488804e-01

 1245
9.728213475510760e-01
9.732724024488804e-01

 1246
9.736025975510759e-01
9.740536524488803e-01

 1247
9.743838475510759e-01
9.748349024488803e-01

 1248
9.751650975510758e-01
9.756161524488802e-01

 1249
9.759463475510758e-01
9.763974024488802e-01

 1250
9.767275975510757e-01
9.771786524488801e-01

 1251
9.775088475510757e-01
9.779599024488801e-01

 1252
9.782900975510757e-01
9.787411524488800e-01

 1253
9.790713475510756e-01
9.795224024488800e-01

 1254
9.798525975510756e-01
9.803036524488800e-01

 1255
9.806338475510755e-01
9.810849024488799e-01

 1256
9.814150975510755e-01
9.818661524488799e-01

 1257
9.821963475510754e-01
9.826474024488798e-01

 1258
9.829775975510754e-01
9.834286524488798e-01

 1259
9.837588475510753e-01
9.842099024488797e-01

 1260
9.845400975510753e-01
9.849911524488797e-01

 1261
9.853213475510753e-01
9.857724024488796e-01

 1262
9.861025975510752e-01
9.865536524488796e-01

 1263
9.868838475510752e-01
9.873349024488796e-01

 1264
9.876650975510751e-01
9.881161524488795e-01

 1265
9.884463475510751e-01
9.888974024488795e-01

 1266
9.892275975510750e-01
9.896786524488794e-01

 1267
9.900088475510750e-01
9.904599024488794e-01

 1268
9.907900975510749e-01
9.912411524488793e-01

 1269
9.915713475510749e-01
9.920224024488793e-01

 1270
9.923525975510749e-01
9.928036524488792e-01

 1271
9.931338475510748e-01
9.935849024488792e-01

 1272
9.939150975510748e-01
9.943661524488792e-01

 1273
9.946963475510747e-01
9.951474024488791e-01

 1274
9.954775975510747e-01
9.959286524488791e-01

 1275
9.962588475510746e-01
9.967099024488790e-01

 1276
9.970400975510746e-01
9.974911524488790e-01

 1277
9.978213475510745e-01
9.982724024488789e-01

 1278
9.986025975510745e-01
9.990536524488789e-01

 1279
9.993838475510745e-01
9.998349024488788e-01

