#Cell
# Element_0
# Element_1
# Element_2
# Element_3
    0
0.000000000000000e+00
1.381966011250105e-02
3.618033988749895e-02
5.000000000000000e-02

    1
5.000000000000000e-02
6.381966011250106e-02
8.618033988749896e-02
1.000000000000000e-01

    2
1.000000000000000e-01
1.138196601125011e-01
1.361803398874989e-01
1.500000000000000e-01

    3
1.500000000000000e-01
1.638196601125011e-01
1.861803398874990e-01
2.000000000000000e-01

    4
2.000000000000000e-01
2.138196601125011e-01
2.361803398874990e-01
2.500000000000000e-01

    5
2.500000000000000e-01
2.638196601125011e-01
2.861803398874990e-01
3.000000000000000e-01

    6
3.000000000000000e-01
3.138196601125011e-01
3.361803398874990e-01
3.500000000000000e-01

    7
3.500000000000000e-01
3.638196601125011e-01
3.861803398874989e-01
4.000000000000000e-01

    8
4.000000000000000e-01
4.138196601125010e-01
4.361803398874989e-01
4.500000000000000e-01

    9
4.500000000000000e-01
4.638196601125010e-01
4.861803398874989e-01
4.999999999999999e-01

   10
4.999999999999999e-01
5.138196601125010e-01
5.361803398874989e-01
5.499999999999999e-01

   11
5.499999999999999e-01
5.638196601125010e-01
5.861803398874988e-01
6.000000000000000e-01

   12
6.000000000000000e-01
6.138196601125010e-01
6.361803398874989e-01
6.500000000000000e-01

   13
6.500000000000000e-01
6.638196601125010e-01
6.861803398874989e-01
7.000000000000001e-01

   14
7.000000000000001e-01
7.138196601125011e-01
7.361803398874990e-01
7.500000000000001e-01

   15
7.500000000000001e-01
7.638196601125011e-01
7.861803398874990e-01
8.000000000000002e-01

   16
8.000000000000002e-01
8.138196601125012e-01
8.361803398874991e-01
8.500000000000002e-01

   17
8.500000000000002e-01
8.638196601125012e-01
8.861803398874991e-01
9.000000000000002e-01

   18
9.000000000000002e-01
9.138196601125013e-01
9.361803398874992e-01
9.500000000000003e-01

   19
9.500000000000003e-01
9.638196601125013e-01
9.861803398874992e-01
1.000000000000000e+00

