#Cell
# Element_0
# Element_1
# Element_2
# Element_3
    0
0.000000000000000e+00
8.637287570313159e-04
2.261271242968684e-03
3.125000000000000e-03

    1
3.125000000000000e-03
3.988728757031317e-03
5.386271242968685e-03
6.250000000000000e-03

    2
6.250000000000000e-03
7.113728757031316e-03
8.511271242968684e-03
9.375000000000001e-03

    3
9.375000000000001e-03
1.023872875703132e-02
1.163627124296869e-02
1.250000000000000e-02

    4
1.250000000000000e-02
1.336372875703132e-02
1.476127124296868e-02
1.562500000000000e-02

    5
1.562500000000000e-02
1.648872875703132e-02
1.788627124296869e-02
1.875000000000000e-02

    6
1.875000000000000e-02
1.961372875703132e-02
2.101127124296868e-02
2.187500000000000e-02

    7
2.187500000000000e-02
2.273872875703132e-02
2.413627124296868e-02
2.500000000000000e-02

    8
2.500000000000000e-02
2.586372875703132e-02
2.726127124296868e-02
2.812500000000000e-02

    9
2.812500000000000e-02
2.898872875703131e-02
3.038627124296868e-02
3.125000000000000e-02

   10
3.125000000000000e-02
3.211372875703131e-02
3.351127124296868e-02
3.437500000000000e-02

   11
3.437500000000000e-02
3.523872875703131e-02
3.663627124296868e-02
3.750000000000000e-02

   12
3.750000000000000e-02
3.836372875703131e-02
3.976127124296868e-02
4.062500000000000e-02

   13
4.062500000000000e-02
4.148872875703132e-02
4.288627124296868e-02
4.375000000000000e-02

   14
4.375000000000000e-02
4.461372875703132e-02
4.601127124296869e-02
4.687500000000001e-02

   15
4.687500000000001e-02
4.773872875703132e-02
4.913627124296869e-02
5.000000000000001e-02

   16
5.000000000000001e-02
5.086372875703132e-02
5.226127124296869e-02
5.312500000000001e-02

   17
5.312500000000001e-02
5.398872875703133e-02
5.538627124296869e-02
5.625000000000002e-02

   18
5.625000000000002e-02
5.711372875703133e-02
5.851127124296870e-02
5.937500000000002e-02

   19
5.937500000000002e-02
6.023872875703133e-02
6.163627124296870e-02
6.250000000000001e-02

   20
6.250000000000001e-02
6.336372875703133e-02
6.476127124296870e-02
6.562500000000002e-02

   21
6.562500000000002e-02
6.648872875703134e-02
6.788627124296870e-02
6.875000000000002e-02

   22
6.875000000000002e-02
6.961372875703134e-02
7.101127124296870e-02
7.187500000000002e-02

   23
7.187500000000002e-02
7.273872875703134e-02
7.413627124296870e-02
7.500000000000002e-02

   24
7.500000000000002e-02
7.586372875703135e-02
7.726127124296871e-02
7.812500000000003e-02

   25
7.812500000000003e-02
7.898872875703135e-02
8.038627124296871e-02
8.125000000000003e-02

   26
8.125000000000003e-02
8.211372875703135e-02
8.351127124296871e-02
8.437500000000003e-02

   27
8.437500000000003e-02
8.523872875703135e-02
8.663627124296872e-02
8.750000000000004e-02

   28
8.750000000000004e-02
8.836372875703136e-02
8.976127124296872e-02
9.062500000000004e-02

   29
9.062500000000004e-02
9.148872875703136e-02
9.288627124296872e-02
9.375000000000004e-02

   30
9.375000000000004e-02
9.461372875703136e-02
9.601127124296872e-02
9.687500000000004e-02

   31
9.687500000000004e-02
9.773872875703137e-02
9.913627124296873e-02
1.000000000000000e-01

   32
1.000000000000000e-01
1.008637287570314e-01
1.022612712429687e-01
1.031250000000000e-01

   33
1.031250000000000e-01
1.039887287570314e-01
1.053862712429687e-01
1.062500000000001e-01

   34
1.062500000000001e-01
1.071137287570314e-01
1.085112712429687e-01
1.093750000000001e-01

   35
1.093750000000001e-01
1.102387287570314e-01
1.116362712429687e-01
1.125000000000001e-01

   36
1.125000000000001e-01
1.133637287570314e-01
1.147612712429687e-01
1.156250000000001e-01

   37
1.156250000000001e-01
1.164887287570314e-01
1.178862712429687e-01
1.187500000000001e-01

   38
1.187500000000001e-01
1.196137287570314e-01
1.210112712429687e-01
1.218750000000001e-01

   39
1.218750000000001e-01
1.227387287570314e-01
1.241362712429687e-01
1.250000000000001e-01

   40
1.250000000000001e-01
1.258637287570314e-01
1.272612712429687e-01
1.281250000000000e-01

   41
1.281250000000000e-01
1.289887287570314e-01
1.303862712429687e-01
1.312500000000000e-01

   42
1.312500000000000e-01
1.321137287570313e-01
1.335112712429687e-01
1.343750000000000e-01

   43
1.343750000000000e-01
1.352387287570313e-01
1.366362712429687e-01
1.375000000000000e-01

   44
1.375000000000000e-01
1.383637287570313e-01
1.397612712429687e-01
1.406250000000000e-01

   45
1.406250000000000e-01
1.414887287570313e-01
1.428862712429687e-01
1.437500000000000e-01

   46
1.437500000000000e-01
1.446137287570313e-01
1.460112712429687e-01
1.468750000000000e-01

   47
1.468750000000000e-01
1.477387287570313e-01
1.491362712429687e-01
1.500000000000000e-01

   48
1.500000000000000e-01
1.508637287570313e-01
1.522612712429686e-01
1.531250000000000e-01

   49
1.531250000000000e-01
1.539887287570313e-01
1.553862712429686e-01
1.562499999999999e-01

   50
1.562499999999999e-01
1.571137287570313e-01
1.585112712429686e-01
1.593749999999999e-01

   51
1.593749999999999e-01
1.602387287570312e-01
1.616362712429686e-01
1.624999999999999e-01

   52
1.624999999999999e-01
1.633637287570312e-01
1.647612712429686e-01
1.656249999999999e-01

   53
1.656249999999999e-01
1.664887287570312e-01
1.678862712429686e-01
1.687499999999999e-01

   54
1.687499999999999e-01
1.696137287570312e-01
1.710112712429686e-01
1.718749999999999e-01

   55
1.718749999999999e-01
1.727387287570312e-01
1.741362712429686e-01
1.749999999999999e-01

   56
1.749999999999999e-01
1.758637287570312e-01
1.772612712429686e-01
1.781249999999999e-01

   57
1.781249999999999e-01
1.789887287570312e-01
1.803862712429685e-01
1.812499999999999e-01

   58
1.812499999999999e-01
1.821137287570312e-01
1.835112712429685e-01
1.843749999999998e-01

   59
1.843749999999998e-01
1.852387287570312e-01
1.866362712429685e-01
1.874999999999998e-01

   60
1.874999999999998e-01
1.883637287570311e-01
1.897612712429685e-01
1.906249999999998e-01

   61
1.906249999999998e-01
1.914887287570311e-01
1.928862712429685e-01
1.937499999999998e-01

   62
1.937499999999998e-01
1.946137287570311e-01
1.960112712429685e-01
1.968749999999998e-01

   63
1.968749999999998e-01
1.977387287570311e-01
1.991362712429685e-01
1.999999999999998e-01

   64
1.999999999999998e-01
2.008637287570311e-01
2.022612712429685e-01
2.031249999999998e-01

   65
2.031249999999998e-01
2.039887287570311e-01
2.053862712429685e-01
2.062499999999998e-01

   66
2.062499999999998e-01
2.071137287570311e-01
2.085112712429684e-01
2.093749999999998e-01

   67
2.093749999999998e-01
2.102387287570311e-01
2.116362712429684e-01
2.124999999999997e-01

   68
2.124999999999997e-01
2.133637287570311e-01
2.147612712429684e-01
2.156249999999997e-01

   69
2.156249999999997e-01
2.164887287570310e-01
2.178862712429684e-01
2.187499999999997e-01

   70
2.187499999999997e-01
2.196137287570310e-01
2.210112712429684e-01
2.218749999999997e-01

   71
2.218749999999997e-01
2.227387287570310e-01
2.241362712429684e-01
2.249999999999997e-01

   72
2.249999999999997e-01
2.258637287570310e-01
2.272612712429684e-01
2.281249999999997e-01

   73
2.281249999999997e-01
2.289887287570310e-01
2.303862712429684e-01
2.312499999999997e-01

   74
2.312499999999997e-01
2.321137287570310e-01
2.335112712429684e-01
2.343749999999997e-01

   75
2.343749999999997e-01
2.352387287570310e-01
2.366362712429683e-01
2.374999999999997e-01

   76
2.374999999999997e-01
2.383637287570310e-01
2.397612712429683e-01
2.406249999999996e-01

   77
2.406249999999996e-01
2.414887287570310e-01
2.428862712429683e-01
2.437499999999996e-01

   78
2.437499999999996e-01
2.446137287570309e-01
2.460112712429683e-01
2.468749999999996e-01

   79
2.468749999999996e-01
2.477387287570309e-01
2.491362712429683e-01
2.499999999999996e-01

   80
2.499999999999996e-01
2.508637287570309e-01
2.522612712429683e-01
2.531249999999996e-01

   81
2.531249999999996e-01
2.539887287570309e-01
2.553862712429683e-01
2.562499999999996e-01

   82
2.562499999999996e-01
2.571137287570309e-01
2.585112712429683e-01
2.593749999999996e-01

   83
2.593749999999996e-01
2.602387287570309e-01
2.616362712429683e-01
2.624999999999996e-01

   84
2.624999999999996e-01
2.633637287570309e-01
2.647612712429683e-01
2.656249999999996e-01

   85
2.656249999999996e-01
2.664887287570309e-01
2.678862712429683e-01
2.687499999999995e-01

   86
2.687499999999995e-01
2.696137287570309e-01
2.710112712429683e-01
2.718749999999995e-01

   87
2.718749999999995e-01
2.727387287570309e-01
2.741362712429682e-01
2.749999999999995e-01

   88
2.749999999999995e-01
2.758637287570309e-01
2.772612712429682e-01
2.781249999999995e-01

   89
2.781249999999995e-01
2.789887287570308e-01
2.803862712429682e-01
2.812499999999995e-01

   90
2.812499999999995e-01
2.821137287570308e-01
2.835112712429682e-01
2.843749999999995e-01

   91
2.843749999999995e-01
2.852387287570308e-01
2.866362712429682e-01
2.874999999999995e-01

   92
2.874999999999995e-01
2.883637287570308e-01
2.897612712429682e-01
2.906249999999995e-01

   93
2.906249999999995e-01
2.914887287570308e-01
2.928862712429682e-01
2.937499999999995e-01

   94
2.937499999999995e-01
2.946137287570308e-01
2.960112712429682e-01
2.968749999999994e-01

   95
2.968749999999994e-01
2.977387287570308e-01
2.991362712429682e-01
2.999999999999994e-01

   96
2.999999999999994e-01
3.008637287570308e-01
3.022612712429681e-01
3.031249999999994e-01

   97
3.031249999999994e-01
3.039887287570308e-01
3.053862712429681e-01
3.062499999999994e-01

   98
3.062499999999994e-01
3.071137287570307e-01
3.085112712429681e-01
3.093749999999994e-01

   99
3.093749999999994e-01
3.102387287570307e-01
3.116362712429681e-01
3.124999999999994e-01

  100
3.124999999999994e-01
3.133637287570307e-01
3.147612712429681e-01
3.156249999999994e-01

  101
3.156249999999994e-01
3.164887287570307e-01
3.178862712429681e-01
3.187499999999994e-01

  102
3.187499999999994e-01
3.196137287570307e-01
3.210112712429681e-01
3.218749999999994e-01

  103
3.218749999999994e-01
3.227387287570307e-01
3.241362712429681e-01
3.249999999999993e-01

  104
3.249999999999993e-01
3.258637287570307e-01
3.272612712429681e-01
3.281249999999993e-01

  105
3.281249999999993e-01
3.289887287570307e-01
3.303862712429680e-01
3.312499999999993e-01

  106
3.312499999999993e-01
3.321137287570307e-01
3.335112712429680e-01
3.343749999999993e-01

  107
3.343749999999993e-01
3.352387287570306e-01
3.366362712429680e-01
3.374999999999993e-01

  108
3.374999999999993e-01
3.383637287570306e-01
3.397612712429680e-01
3.406249999999993e-01

  109
3.406249999999993e-01
3.414887287570306e-01
3.428862712429680e-01
3.437499999999993e-01

  110
3.437499999999993e-01
3.446137287570306e-01
3.460112712429680e-01
3.468749999999993e-01

  111
3.468749999999993e-01
3.477387287570306e-01
3.491362712429680e-01
3.499999999999993e-01

  112
3.499999999999993e-01
3.508637287570306e-01
3.522612712429680e-01
3.531249999999992e-01

  113
3.531249999999992e-01
3.539887287570306e-01
3.553862712429680e-01
3.562499999999992e-01

  114
3.562499999999992e-01
3.571137287570306e-01
3.585112712429679e-01
3.593749999999992e-01

  115
3.593749999999992e-01
3.602387287570306e-01
3.616362712429679e-01
3.624999999999992e-01

  116
3.624999999999992e-01
3.633637287570305e-01
3.647612712429679e-01
3.656249999999992e-01

  117
3.656249999999992e-01
3.664887287570305e-01
3.678862712429679e-01
3.687499999999992e-01

  118
3.687499999999992e-01
3.696137287570305e-01
3.710112712429679e-01
3.718749999999992e-01

  119
3.718749999999992e-01
3.727387287570305e-01
3.741362712429679e-01
3.749999999999992e-01

  120
3.749999999999992e-01
3.758637287570305e-01
3.772612712429679e-01
3.781249999999992e-01

  121
3.781249999999992e-01
3.789887287570305e-01
3.803862712429679e-01
3.812499999999991e-01

  122
3.812499999999991e-01
3.821137287570305e-01
3.835112712429679e-01
3.843749999999991e-01

  123
3.843749999999991e-01
3.852387287570305e-01
3.866362712429678e-01
3.874999999999991e-01

  124
3.874999999999991e-01
3.883637287570305e-01
3.897612712429678e-01
3.906249999999991e-01

  125
3.906249999999991e-01
3.914887287570304e-01
3.928862712429678e-01
3.937499999999991e-01

  126
3.937499999999991e-01
3.946137287570304e-01
3.960112712429678e-01
3.968749999999991e-01

  127
3.968749999999991e-01
3.977387287570304e-01
3.991362712429678e-01
3.999999999999991e-01

  128
3.999999999999991e-01
4.008637287570304e-01
4.022612712429678e-01
4.031249999999991e-01

  129
4.031249999999991e-01
4.039887287570304e-01
4.053862712429678e-01
4.062499999999991e-01

  130
4.062499999999991e-01
4.071137287570304e-01
4.085112712429678e-01
4.093749999999990e-01

  131
4.093749999999990e-01
4.102387287570304e-01
4.116362712429678e-01
4.124999999999990e-01

  132
4.124999999999990e-01
4.133637287570304e-01
4.147612712429677e-01
4.156249999999990e-01

  133
4.156249999999990e-01
4.164887287570304e-01
4.178862712429677e-01
4.187499999999990e-01

  134
4.187499999999990e-01
4.196137287570303e-01
4.210112712429677e-01
4.218749999999990e-01

  135
4.218749999999990e-01
4.227387287570303e-01
4.241362712429677e-01
4.249999999999990e-01

  136
4.249999999999990e-01
4.258637287570303e-01
4.272612712429677e-01
4.281249999999990e-01

  137
4.281249999999990e-01
4.289887287570303e-01
4.303862712429677e-01
4.312499999999990e-01

  138
4.312499999999990e-01
4.321137287570303e-01
4.335112712429677e-01
4.343749999999990e-01

  139
4.343749999999990e-01
4.352387287570303e-01
4.366362712429677e-01
4.374999999999989e-01

  140
4.374999999999989e-01
4.383637287570303e-01
4.397612712429677e-01
4.406249999999989e-01

  141
4.406249999999989e-01
4.414887287570303e-01
4.428862712429676e-01
4.437499999999989e-01

  142
4.437499999999989e-01
4.446137287570303e-01
4.460112712429676e-01
4.468749999999989e-01

  143
4.468749999999989e-01
4.477387287570302e-01
4.491362712429676e-01
4.499999999999989e-01

  144
4.499999999999989e-01
4.508637287570302e-01
4.522612712429676e-01
4.531249999999989e-01

  145
4.531249999999989e-01
4.539887287570302e-01
4.553862712429676e-01
4.562499999999989e-01

  146
4.562499999999989e-01
4.571137287570302e-01
4.585112712429676e-01
4.593749999999989e-01

  147
4.593749999999989e-01
4.602387287570302e-01
4.616362712429676e-01
4.624999999999989e-01

  148
4.624999999999989e-01
4.633637287570302e-01
4.647612712429676e-01
4.656249999999988e-01

  149
4.656249999999988e-01
4.664887287570302e-01
4.678862712429676e-01
4.687499999999988e-01

  150
4.687499999999988e-01
4.696137287570302e-01
4.710112712429675e-01
4.718749999999988e-01

  151
4.718749999999988e-01
4.727387287570302e-01
4.741362712429675e-01
4.749999999999988e-01

  152
4.749999999999988e-01
4.758637287570301e-01
4.772612712429675e-01
4.781249999999988e-01

  153
4.781249999999988e-01
4.789887287570301e-01
4.803862712429675e-01
4.812499999999988e-01

  154
4.812499999999988e-01
4.821137287570301e-01
4.835112712429675e-01
4.843749999999988e-01

  155
4.843749999999988e-01
4.852387287570301e-01
4.866362712429675e-01
4.874999999999988e-01

  156
4.874999999999988e-01
4.883637287570301e-01
4.897612712429675e-01
4.906249999999988e-01

  157
4.906249999999988e-01
4.914887287570301e-01
4.928862712429675e-01
4.937499999999987e-01

  158
4.937499999999987e-01
4.946137287570301e-01
4.960112712429675e-01
4.968749999999987e-01

  159
4.968749999999987e-01
4.977387287570301e-01
4.991362712429674e-01
4.999999999999987e-01

  160
4.999999999999987e-01
5.008637287570300e-01
5.022612712429674e-01
5.031249999999987e-01

  161
5.031249999999987e-01
5.039887287570300e-01
5.053862712429674e-01
5.062499999999988e-01

  162
5.062499999999988e-01
5.071137287570301e-01
5.085112712429675e-01
5.093749999999988e-01

  163
5.093749999999988e-01
5.102387287570301e-01
5.116362712429675e-01
5.124999999999988e-01

  164
5.124999999999988e-01
5.133637287570302e-01
5.147612712429676e-01
5.156249999999989e-01

  165
5.156249999999989e-01
5.164887287570302e-01
5.178862712429676e-01
5.187499999999989e-01

  166
5.187499999999989e-01
5.196137287570303e-01
5.210112712429676e-01
5.218749999999990e-01

  167
5.218749999999990e-01
5.227387287570303e-01
5.241362712429677e-01
5.249999999999990e-01

  168
5.249999999999990e-01
5.258637287570304e-01
5.272612712429677e-01
5.281249999999991e-01

  169
5.281249999999991e-01
5.289887287570304e-01
5.303862712429678e-01
5.312499999999991e-01

  170
5.312499999999991e-01
5.321137287570304e-01
5.335112712429678e-01
5.343749999999992e-01

  171
5.343749999999992e-01
5.352387287570305e-01
5.366362712429679e-01
5.374999999999992e-01

  172
5.374999999999992e-01
5.383637287570305e-01
5.397612712429679e-01
5.406249999999992e-01

  173
5.406249999999992e-01
5.414887287570306e-01
5.428862712429680e-01
5.437499999999993e-01

  174
5.437499999999993e-01
5.446137287570306e-01
5.460112712429680e-01
5.468749999999993e-01

  175
5.468749999999993e-01
5.477387287570307e-01
5.491362712429680e-01
5.499999999999994e-01

  176
5.499999999999994e-01
5.508637287570307e-01
5.522612712429681e-01
5.531249999999994e-01

  177
5.531249999999994e-01
5.539887287570308e-01
5.553862712429681e-01
5.562499999999995e-01

  178
5.562499999999995e-01
5.571137287570308e-01
5.585112712429682e-01
5.593749999999995e-01

  179
5.593749999999995e-01
5.602387287570308e-01
5.616362712429682e-01
5.624999999999996e-01

  180
5.624999999999996e-01
5.633637287570309e-01
5.647612712429683e-01
5.656249999999996e-01

  181
5.656249999999996e-01
5.664887287570309e-01
5.678862712429683e-01
5.687499999999996e-01

  182
5.687499999999996e-01
5.696137287570310e-01
5.710112712429684e-01
5.718749999999997e-01

  183
5.718749999999997e-01
5.727387287570310e-01
5.741362712429684e-01
5.749999999999997e-01

  184
5.749999999999997e-01
5.758637287570311e-01
5.772612712429684e-01
5.781249999999998e-01

  185
5.781249999999998e-01
5.789887287570311e-01
5.803862712429685e-01
5.812499999999998e-01

  186
5.812499999999998e-01
5.821137287570312e-01
5.835112712429685e-01
5.843749999999999e-01

  187
5.843749999999999e-01
5.852387287570312e-01
5.866362712429686e-01
5.874999999999999e-01

  188
5.874999999999999e-01
5.883637287570312e-01
5.897612712429686e-01
5.906250000000000e-01

  189
5.906250000000000e-01
5.914887287570313e-01
5.928862712429687e-01
5.937500000000000e-01

  190
5.937500000000000e-01
5.946137287570313e-01
5.960112712429687e-01
5.968750000000000e-01

  191
5.968750000000000e-01
5.977387287570314e-01
5.991362712429688e-01
6.000000000000001e-01

  192
6.000000000000001e-01
6.008637287570314e-01
6.022612712429688e-01
6.031250000000001e-01

  193
6.031250000000001e-01
6.039887287570315e-01
6.053862712429688e-01
6.062500000000002e-01

  194
6.062500000000002e-01
6.071137287570315e-01
6.085112712429689e-01
6.093750000000002e-01

  195
6.093750000000002e-01
6.102387287570316e-01
6.116362712429689e-01
6.125000000000003e-01

  196
6.125000000000003e-01
6.133637287570316e-01
6.147612712429690e-01
6.156250000000003e-01

  197
6.156250000000003e-01
6.164887287570316e-01
6.178862712429690e-01
6.187500000000004e-01

  198
6.187500000000004e-01
6.196137287570317e-01
6.210112712429691e-01
6.218750000000004e-01

  199
6.218750000000004e-01
6.227387287570317e-01
6.241362712429691e-01
6.250000000000004e-01

  200
6.250000000000004e-01
6.258637287570318e-01
6.272612712429692e-01
6.281250000000005e-01

  201
6.281250000000005e-01
6.289887287570318e-01
6.303862712429692e-01
6.312500000000005e-01

  202
6.312500000000005e-01
6.321137287570319e-01
6.335112712429692e-01
6.343750000000006e-01

  203
6.343750000000006e-01
6.352387287570319e-01
6.366362712429693e-01
6.375000000000006e-01

  204
6.375000000000006e-01
6.383637287570320e-01
6.397612712429693e-01
6.406250000000007e-01

  205
6.406250000000007e-01
6.414887287570320e-01
6.428862712429694e-01
6.437500000000007e-01

  206
6.437500000000007e-01
6.446137287570320e-01
6.460112712429694e-01
6.468750000000008e-01

  207
6.468750000000008e-01
6.477387287570321e-01
6.491362712429695e-01
6.500000000000008e-01

  208
6.500000000000008e-01
6.508637287570321e-01
6.522612712429695e-01
6.531250000000008e-01

  209
6.531250000000008e-01
6.539887287570322e-01
6.553862712429696e-01
6.562500000000009e-01

  210
6.562500000000009e-01
6.571137287570322e-01
6.585112712429696e-01
6.593750000000009e-01

  211
6.593750000000009e-01
6.602387287570323e-01
6.616362712429696e-01
6.625000000000010e-01

  212
6.625000000000010e-01
6.633637287570323e-01
6.647612712429697e-01
6.656250000000010e-01

  213
6.656250000000010e-01
6.664887287570324e-01
6.678862712429697e-01
6.687500000000011e-01

  214
6.687500000000011e-01
6.696137287570324e-01
6.710112712429698e-01
6.718750000000011e-01

  215
6.718750000000011e-01
6.727387287570324e-01
6.741362712429698e-01
6.750000000000012e-01

  216
6.750000000000012e-01
6.758637287570325e-01
6.772612712429699e-01
6.781250000000012e-01

  217
6.781250000000012e-01
6.789887287570325e-01
6.803862712429699e-01
6.812500000000012e-01

  218
6.812500000000012e-01
6.821137287570326e-01
6.835112712429700e-01
6.843750000000013e-01

  219
6.843750000000013e-01
6.852387287570326e-01
6.866362712429700e-01
6.875000000000013e-01

  220
6.875000000000013e-01
6.883637287570327e-01
6.897612712429700e-01
6.906250000000014e-01

  221
6.906250000000014e-01
6.914887287570327e-01
6.928862712429701e-01
6.937500000000014e-01

  222
6.937500000000014e-01
6.946137287570328e-01
6.960112712429701e-01
6.968750000000015e-01

  223
6.968750000000015e-01
6.977387287570328e-01
6.991362712429702e-01
7.000000000000015e-01

  224
7.000000000000015e-01
7.008637287570328e-01
7.022612712429702e-01
7.031250000000016e-01

  225
7.031250000000016e-01
7.039887287570329e-01
7.053862712429703e-01
7.062500000000016e-01

  226
7.062500000000016e-01
7.071137287570329e-01
7.085112712429703e-01
7.093750000000016e-01

  227
7.093750000000016e-01
7.102387287570330e-01
7.116362712429704e-01
7.125000000000017e-01

  228
7.125000000000017e-01
7.133637287570330e-01
7.147612712429704e-01
7.156250000000017e-01

  229
7.156250000000017e-01
7.164887287570331e-01
7.178862712429704e-01
7.187500000000018e-01

  230
7.187500000000018e-01
7.196137287570331e-01
7.210112712429705e-01
7.218750000000018e-01

  231
7.218750000000018e-01
7.227387287570332e-01
7.241362712429705e-01
7.250000000000019e-01

  232
7.250000000000019e-01
7.258637287570332e-01
7.272612712429706e-01
7.281250000000019e-01

  233
7.281250000000019e-01
7.289887287570332e-01
7.303862712429706e-01
7.312500000000020e-01

  234
7.312500000000020e-01
7.321137287570333e-01
7.335112712429707e-01
7.343750000000020e-01

  235
7.343750000000020e-01
7.352387287570333e-01
7.366362712429707e-01
7.375000000000020e-01

  236
7.375000000000020e-01
7.383637287570334e-01
7.397612712429708e-01
7.406250000000021e-01

  237
7.406250000000021e-01
7.414887287570334e-01
7.428862712429708e-01
7.437500000000021e-01

  238
7.437500000000021e-01
7.446137287570335e-01
7.460112712429708e-01
7.468750000000022e-01

  239
7.468750000000022e-01
7.477387287570335e-01
7.491362712429709e-01
7.500000000000022e-01

  240
7.500000000000022e-01
7.508637287570336e-01
7.522612712429709e-01
7.531250000000023e-01

  241
7.531250000000023e-01
7.539887287570336e-01
7.553862712429710e-01
7.562500000000023e-01

  242
7.562500000000023e-01
7.571137287570336e-01
7.585112712429710e-01
7.593750000000024e-01

  243
7.593750000000024e-01
7.602387287570337e-01
7.616362712429711e-01
7.625000000000024e-01

  244
7.625000000000024e-01
7.633637287570337e-01
7.647612712429711e-01
7.656250000000024e-01

  245
7.656250000000024e-01
7.664887287570338e-01
7.678862712429712e-01
7.687500000000025e-01

  246
7.687500000000025e-01
7.696137287570338e-01
7.710112712429712e-01
7.718750000000025e-01

  247
7.718750000000025e-01
7.727387287570339e-01
7.741362712429712e-01
7.750000000000026e-01

  248
7.750000000000026e-01
7.758637287570339e-01
7.772612712429713e-01
7.781250000000026e-01

  249
7.781250000000026e-01
7.789887287570340e-01
7.803862712429713e-01
7.812500000000027e-01

  250
7.812500000000027e-01
7.821137287570340e-01
7.835112712429714e-01
7.843750000000027e-01

  251
7.843750000000027e-01
7.852387287570340e-01
7.866362712429714e-01
7.875000000000028e-01

  252
7.875000000000028e-01
7.883637287570341e-01
7.897612712429715e-01
7.906250000000028e-01

  253
7.906250000000028e-01
7.914887287570341e-01
7.928862712429715e-01
7.937500000000028e-01

  254
7.937500000000028e-01
7.946137287570342e-01
7.960112712429716e-01
7.968750000000029e-01

  255
7.968750000000029e-01
7.977387287570342e-01
7.991362712429716e-01
8.000000000000029e-01

  256
8.000000000000029e-01
8.008637287570343e-01
8.022612712429716e-01
8.031250000000030e-01

  257
8.031250000000030e-01
8.039887287570343e-01
8.053862712429717e-01
8.062500000000030e-01

  258
8.062500000000030e-01
8.071137287570344e-01
8.085112712429717e-01
8.093750000000031e-01

  259
8.093750000000031e-01
8.102387287570344e-01
8.116362712429718e-01
8.125000000000031e-01

  260
8.125000000000031e-01
8.133637287570344e-01
8.147612712429718e-01
8.156250000000032e-01

  261
8.156250000000032e-01
8.164887287570345e-01
8.178862712429719e-01
8.187500000000032e-01

  262
8.187500000000032e-01
8.196137287570345e-01
8.210112712429719e-01
8.218750000000032e-01

  263
8.218750000000032e-01
8.227387287570346e-01
8.241362712429720e-01
8.250000000000033e-01

  264
8.250000000000033e-01
8.258637287570346e-01
8.272612712429720e-01
8.281250000000033e-01

  265
8.281250000000033e-01
8.289887287570347e-01
8.303862712429720e-01
8.312500000000034e-01

  266
8.312500000000034e-01
8.321137287570347e-01
8.335112712429721e-01
8.343750000000034e-01

  267
8.343750000000034e-01
8.352387287570348e-01
8.366362712429721e-01
8.375000000000035e-01

  268
8.375000000000035e-01
8.383637287570348e-01
8.397612712429722e-01
8.406250000000035e-01

  269
8.406250000000035e-01
8.414887287570348e-01
8.428862712429722e-01
8.437500000000036e-01

  270
8.437500000000036e-01
8.446137287570349e-01
8.460112712429723e-01
8.468750000000036e-01

  271
8.468750000000036e-01
8.477387287570349e-01
8.491362712429723e-01
8.500000000000036e-01

  272
8.500000000000036e-01
8.508637287570350e-01
8.522612712429724e-01
8.531250000000037e-01

  273
8.531250000000037e-01
8.539887287570350e-01
8.553862712429724e-01
8.562500000000037e-01

  274
8.562500000000037e-01
8.571137287570351e-01
8.585112712429724e-01
8.593750000000038e-01

  275
8.593750000000038e-01
8.602387287570351e-01
8.616362712429725e-01
8.625000000000038e-01

  276
8.625000000000038e-01
8.633637287570352e-01
8.647612712429725e-01
8.656250000000039e-01

  277
8.656250000000039e-01
8.664887287570352e-01
8.678862712429726e-01
8.687500000000039e-01

  278
8.687500000000039e-01
8.696137287570352e-01
8.710112712429726e-01
8.718750000000040e-01

  279
8.718750000000040e-01
8.727387287570353e-01
8.741362712429727e-01
8.750000000000040e-01

  280
8.750000000000040e-01
8.758637287570353e-01
8.772612712429727e-01
8.781250000000040e-01

  281
8.781250000000040e-01
8.789887287570354e-01
8.803862712429728e-01
8.812500000000041e-01

  282
8.812500000000041e-01
8.821137287570354e-01
8.835112712429728e-01
8.843750000000041e-01

  283
8.843750000000041e-01
8.852387287570355e-01
8.866362712429728e-01
8.875000000000042e-01

  284
8.875000000000042e-01
8.883637287570355e-01
8.897612712429729e-01
8.906250000000042e-01

  285
8.906250000000042e-01
8.914887287570356e-01
8.928862712429729e-01
8.937500000000043e-01

  286
8.937500000000043e-01
8.946137287570356e-01
8.960112712429730e-01
8.968750000000043e-01

  287
8.968750000000043e-01
8.977387287570356e-01
8.991362712429730e-01
9.000000000000044e-01

  288
9.000000000000044e-01
9.008637287570357e-01
9.022612712429731e-01
9.031250000000044e-01

  289
9.031250000000044e-01
9.039887287570357e-01
9.053862712429731e-01
9.062500000000044e-01

  290
9.062500000000044e-01
9.071137287570358e-01
9.085112712429732e-01
9.093750000000045e-01

  291
9.093750000000045e-01
9.102387287570358e-01
9.116362712429732e-01
9.125000000000045e-01

  292
9.125000000000045e-01
9.133637287570359e-01
9.147612712429732e-01
9.156250000000046e-01

  293
9.156250000000046e-01
9.164887287570359e-01
9.178862712429733e-01
9.187500000000046e-01

  294
9.187500000000046e-01
9.196137287570360e-01
9.210112712429733e-01
9.218750000000047e-01

  295
9.218750000000047e-01
9.227387287570360e-01
9.241362712429734e-01
9.250000000000047e-01

  296
9.250000000000047e-01
9.258637287570360e-01
9.272612712429734e-01
9.281250000000048e-01

  297
9.281250000000048e-01
9.289887287570361e-01
9.303862712429735e-01
9.312500000000048e-01

  298
9.312500000000048e-01
9.321137287570361e-01
9.335112712429735e-01
9.343750000000048e-01

  299
9.343750000000048e-01
9.352387287570362e-01
9.366362712429736e-01
9.375000000000049e-01

  300
9.375000000000049e-01
9.383637287570362e-01
9.397612712429736e-01
9.406250000000049e-01

  301
9.406250000000049e-01
9.414887287570363e-01
9.428862712429736e-01
9.437500000000050e-01

  302
9.437500000000050e-01
9.446137287570363e-01
9.460112712429737e-01
9.468750000000050e-01

  303
9.468750000000050e-01
9.477387287570364e-01
9.491362712429737e-01
9.500000000000051e-01

  304
9.500000000000051e-01
9.508637287570364e-01
9.522612712429738e-01
9.531250000000051e-01

  305
9.531250000000051e-01
9.539887287570364e-01
9.553862712429738e-01
9.562500000000052e-01

  306
9.562500000000052e-01
9.571137287570365e-01
9.585112712429739e-01
9.593750000000052e-01

  307
9.593750000000052e-01
9.602387287570365e-01
9.616362712429739e-01
9.625000000000052e-01

  308
9.625000000000052e-01
9.633637287570366e-01
9.647612712429740e-01
9.656250000000053e-01

  309
9.656250000000053e-01
9.664887287570366e-01
9.678862712429740e-01
9.687500000000053e-01

  310
9.687500000000053e-01
9.696137287570367e-01
9.710112712429740e-01
9.718750000000054e-01

  311
9.718750000000054e-01
9.727387287570367e-01
9.741362712429741e-01
9.750000000000054e-01

  312
9.750000000000054e-01
9.758637287570368e-01
9.772612712429741e-01
9.781250000000055e-01

  313
9.781250000000055e-01
9.789887287570368e-01
9.803862712429742e-01
9.812500000000055e-01

  314
9.812500000000055e-01
9.821137287570368e-01
9.835112712429742e-01
9.843750000000056e-01

  315
9.843750000000056e-01
9.852387287570369e-01
9.866362712429743e-01
9.875000000000056e-01

  316
9.875000000000056e-01
9.883637287570369e-01
9.897612712429743e-01
9.906250000000056e-01

  317
9.906250000000056e-01
9.914887287570370e-01
9.928862712429743e-01
9.937500000000057e-01

  318
9.937500000000057e-01
9.946137287570370e-01
9.960112712429744e-01
9.968750000000057e-01

  319
9.968750000000057e-01
9.977387287570371e-01
9.991362712429744e-01
1.000000000000006e+00

