#Cell
# Element_0
# Element_1
# Element_2
    0
0.000000000000000e+00
1.562500000000000e-03
3.125000000000000e-03

    1
3.125000000000000e-03
4.687500000000001e-03
6.250000000000000e-03

    2
6.250000000000000e-03
7.812500000000000e-03
9.375000000000001e-03

    3
9.375000000000001e-03
1.093750000000000e-02
1.250000000000000e-02

    4
1.250000000000000e-02
1.406250000000000e-02
1.562500000000000e-02

    5
1.562500000000000e-02
1.718750000000000e-02
1.875000000000000e-02

    6
1.875000000000000e-02
2.031250000000000e-02
2.187500000000000e-02

    7
2.187500000000000e-02
2.343750000000000e-02
2.500000000000000e-02

    8
2.500000000000000e-02
2.656250000000000e-02
2.812500000000000e-02

    9
2.812500000000000e-02
2.968750000000000e-02
3.125000000000000e-02

   10
3.125000000000000e-02
3.281249999999999e-02
3.437500000000000e-02

   11
3.437500000000000e-02
3.593750000000000e-02
3.750000000000000e-02

   12
3.750000000000000e-02
3.906250000000000e-02
4.062500000000000e-02

   13
4.062500000000000e-02
4.218750000000000e-02
4.375000000000000e-02

   14
4.375000000000000e-02
4.531250000000001e-02
4.687500000000001e-02

   15
4.687500000000001e-02
4.843750000000001e-02
5.000000000000001e-02

   16
5.000000000000001e-02
5.156250000000001e-02
5.312500000000001e-02

   17
5.312500000000001e-02
5.468750000000001e-02
5.625000000000002e-02

   18
5.625000000000002e-02
5.781250000000002e-02
5.937500000000002e-02

   19
5.937500000000002e-02
6.093750000000002e-02
6.250000000000001e-02

   20
6.250000000000001e-02
6.406250000000001e-02
6.562500000000002e-02

   21
6.562500000000002e-02
6.718750000000001e-02
6.875000000000002e-02

   22
6.875000000000002e-02
7.031250000000001e-02
7.187500000000002e-02

   23
7.187500000000002e-02
7.343750000000002e-02
7.500000000000002e-02

   24
7.500000000000002e-02
7.656250000000002e-02
7.812500000000003e-02

   25
7.812500000000003e-02
7.968750000000002e-02
8.125000000000003e-02

   26
8.125000000000003e-02
8.281250000000002e-02
8.437500000000003e-02

   27
8.437500000000003e-02
8.593750000000003e-02
8.750000000000004e-02

   28
8.750000000000004e-02
8.906250000000003e-02
9.062500000000004e-02

   29
9.062500000000004e-02
9.218750000000003e-02
9.375000000000004e-02

   30
9.375000000000004e-02
9.531250000000004e-02
9.687500000000004e-02

   31
9.687500000000004e-02
9.843750000000004e-02
1.000000000000000e-01

   32
1.000000000000000e-01
1.015625000000000e-01
1.031250000000000e-01

   33
1.031250000000000e-01
1.046875000000000e-01
1.062500000000001e-01

   34
1.062500000000001e-01
1.078125000000000e-01
1.093750000000001e-01

   35
1.093750000000001e-01
1.109375000000000e-01
1.125000000000001e-01

   36
1.125000000000001e-01
1.140625000000001e-01
1.156250000000001e-01

   37
1.156250000000001e-01
1.171875000000001e-01
1.187500000000001e-01

   38
1.187500000000001e-01
1.203125000000001e-01
1.218750000000001e-01

   39
1.218750000000001e-01
1.234375000000001e-01
1.250000000000001e-01

   40
1.250000000000001e-01
1.265625000000000e-01
1.281250000000000e-01

   41
1.281250000000000e-01
1.296875000000000e-01
1.312500000000000e-01

   42
1.312500000000000e-01
1.328125000000000e-01
1.343750000000000e-01

   43
1.343750000000000e-01
1.359375000000000e-01
1.375000000000000e-01

   44
1.375000000000000e-01
1.390625000000000e-01
1.406250000000000e-01

   45
1.406250000000000e-01
1.421875000000000e-01
1.437500000000000e-01

   46
1.437500000000000e-01
1.453125000000000e-01
1.468750000000000e-01

   47
1.468750000000000e-01
1.484375000000000e-01
1.500000000000000e-01

   48
1.500000000000000e-01
1.515625000000000e-01
1.531250000000000e-01

   49
1.531250000000000e-01
1.546875000000000e-01
1.562499999999999e-01

   50
1.562499999999999e-01
1.578124999999999e-01
1.593749999999999e-01

   51
1.593749999999999e-01
1.609374999999999e-01
1.624999999999999e-01

   52
1.624999999999999e-01
1.640624999999999e-01
1.656249999999999e-01

   53
1.656249999999999e-01
1.671874999999999e-01
1.687499999999999e-01

   54
1.687499999999999e-01
1.703124999999999e-01
1.718749999999999e-01

   55
1.718749999999999e-01
1.734374999999999e-01
1.749999999999999e-01

   56
1.749999999999999e-01
1.765624999999999e-01
1.781249999999999e-01

   57
1.781249999999999e-01
1.796874999999999e-01
1.812499999999999e-01

   58
1.812499999999999e-01
1.828124999999999e-01
1.843749999999998e-01

   59
1.843749999999998e-01
1.859374999999998e-01
1.874999999999998e-01

   60
1.874999999999998e-01
1.890624999999998e-01
1.906249999999998e-01

   61
1.906249999999998e-01
1.921874999999998e-01
1.937499999999998e-01

   62
1.937499999999998e-01
1.953124999999998e-01
1.968749999999998e-01

   63
1.968749999999998e-01
1.984374999999998e-01
1.999999999999998e-01

   64
1.999999999999998e-01
2.015624999999998e-01
2.031249999999998e-01

   65
2.031249999999998e-01
2.046874999999998e-01
2.062499999999998e-01

   66
2.062499999999998e-01
2.078124999999998e-01
2.093749999999998e-01

   67
2.093749999999998e-01
2.109374999999998e-01
2.124999999999997e-01

   68
2.124999999999997e-01
2.140624999999997e-01
2.156249999999997e-01

   69
2.156249999999997e-01
2.171874999999997e-01
2.187499999999997e-01

   70
2.187499999999997e-01
2.203124999999997e-01
2.218749999999997e-01

   71
2.218749999999997e-01
2.234374999999997e-01
2.249999999999997e-01

   72
2.249999999999997e-01
2.265624999999997e-01
2.281249999999997e-01

   73
2.281249999999997e-01
2.296874999999997e-01
2.312499999999997e-01

   74
2.312499999999997e-01
2.328124999999997e-01
2.343749999999997e-01

   75
2.343749999999997e-01
2.359374999999997e-01
2.374999999999997e-01

   76
2.374999999999997e-01
2.390624999999997e-01
2.406249999999996e-01

   77
2.406249999999996e-01
2.421874999999996e-01
2.437499999999996e-01

   78
2.437499999999996e-01
2.453124999999996e-01
2.468749999999996e-01

   79
2.468749999999996e-01
2.484374999999996e-01
2.499999999999996e-01

   80
2.499999999999996e-01
2.515624999999996e-01
2.531249999999996e-01

   81
2.531249999999996e-01
2.546874999999996e-01
2.562499999999996e-01

   82
2.562499999999996e-01
2.578124999999996e-01
2.593749999999996e-01

   83
2.593749999999996e-01
2.609374999999996e-01
2.624999999999996e-01

   84
2.624999999999996e-01
2.640624999999996e-01
2.656249999999996e-01

   85
2.656249999999996e-01
2.671874999999996e-01
2.687499999999995e-01

   86
2.687499999999995e-01
2.703124999999996e-01
2.718749999999995e-01

   87
2.718749999999995e-01
2.734374999999996e-01
2.749999999999995e-01

   88
2.749999999999995e-01
2.765624999999995e-01
2.781249999999995e-01

   89
2.781249999999995e-01
2.796874999999995e-01
2.812499999999995e-01

   90
2.812499999999995e-01
2.828124999999995e-01
2.843749999999995e-01

   91
2.843749999999995e-01
2.859374999999995e-01
2.874999999999995e-01

   92
2.874999999999995e-01
2.890624999999995e-01
2.906249999999995e-01

   93
2.906249999999995e-01
2.921874999999995e-01
2.937499999999995e-01

   94
2.937499999999995e-01
2.953124999999995e-01
2.968749999999994e-01

   95
2.968749999999994e-01
2.984374999999995e-01
2.999999999999994e-01

   96
2.999999999999994e-01
3.015624999999995e-01
3.031249999999994e-01

   97
3.031249999999994e-01
3.046874999999994e-01
3.062499999999994e-01

   98
3.062499999999994e-01
3.078124999999994e-01
3.093749999999994e-01

   99
3.093749999999994e-01
3.109374999999994e-01
3.124999999999994e-01

  100
3.124999999999994e-01
3.140624999999994e-01
3.156249999999994e-01

  101
3.156249999999994e-01
3.171874999999994e-01
3.187499999999994e-01

  102
3.187499999999994e-01
3.203124999999994e-01
3.218749999999994e-01

  103
3.218749999999994e-01
3.234374999999994e-01
3.249999999999993e-01

  104
3.249999999999993e-01
3.265624999999994e-01
3.281249999999993e-01

  105
3.281249999999993e-01
3.296874999999994e-01
3.312499999999993e-01

  106
3.312499999999993e-01
3.328124999999993e-01
3.343749999999993e-01

  107
3.343749999999993e-01
3.359374999999993e-01
3.374999999999993e-01

  108
3.374999999999993e-01
3.390624999999993e-01
3.406249999999993e-01

  109
3.406249999999993e-01
3.421874999999993e-01
3.437499999999993e-01

  110
3.437499999999993e-01
3.453124999999993e-01
3.468749999999993e-01

  111
3.468749999999993e-01
3.484374999999993e-01
3.499999999999993e-01

  112
3.499999999999993e-01
3.515624999999993e-01
3.531249999999992e-01

  113
3.531249999999992e-01
3.546874999999993e-01
3.562499999999992e-01

  114
3.562499999999992e-01
3.578124999999993e-01
3.593749999999992e-01

  115
3.593749999999992e-01
3.609374999999992e-01
3.624999999999992e-01

  116
3.624999999999992e-01
3.640624999999992e-01
3.656249999999992e-01

  117
3.656249999999992e-01
3.671874999999992e-01
3.687499999999992e-01

  118
3.687499999999992e-01
3.703124999999992e-01
3.718749999999992e-01

  119
3.718749999999992e-01
3.734374999999992e-01
3.749999999999992e-01

  120
3.749999999999992e-01
3.765624999999992e-01
3.781249999999992e-01

  121
3.781249999999992e-01
3.796874999999992e-01
3.812499999999991e-01

  122
3.812499999999991e-01
3.828124999999992e-01
3.843749999999991e-01

  123
3.843749999999991e-01
3.859374999999992e-01
3.874999999999991e-01

  124
3.874999999999991e-01
3.890624999999991e-01
3.906249999999991e-01

  125
3.906249999999991e-01
3.921874999999991e-01
3.937499999999991e-01

  126
3.937499999999991e-01
3.953124999999991e-01
3.968749999999991e-01

  127
3.968749999999991e-01
3.984374999999991e-01
3.999999999999991e-01

  128
3.999999999999991e-01
4.015624999999991e-01
4.031249999999991e-01

  129
4.031249999999991e-01
4.046874999999991e-01
4.062499999999991e-01

  130
4.062499999999991e-01
4.078124999999991e-01
4.093749999999990e-01

  131
4.093749999999990e-01
4.109374999999991e-01
4.124999999999990e-01

  132
4.124999999999990e-01
4.140624999999991e-01
4.156249999999990e-01

  133
4.156249999999990e-01
4.171874999999990e-01
4.187499999999990e-01

  134
4.187499999999990e-01
4.203124999999990e-01
4.218749999999990e-01

  135
4.218749999999990e-01
4.234374999999990e-01
4.249999999999990e-01

  136
4.249999999999990e-01
4.265624999999990e-01
4.281249999999990e-01

  137
4.281249999999990e-01
4.296874999999990e-01
4.312499999999990e-01

  138
4.312499999999990e-01
4.328124999999990e-01
4.343749999999990e-01

  139
4.343749999999990e-01
4.359374999999990e-01
4.374999999999989e-01

  140
4.374999999999989e-01
4.390624999999990e-01
4.406249999999989e-01

  141
4.406249999999989e-01
4.421874999999990e-01
4.437499999999989e-01

  142
4.437499999999989e-01
4.453124999999989e-01
4.468749999999989e-01

  143
4.468749999999989e-01
4.484374999999989e-01
4.499999999999989e-01

  144
4.499999999999989e-01
4.515624999999989e-01
4.531249999999989e-01

  145
4.531249999999989e-01
4.546874999999989e-01
4.562499999999989e-01

  146
4.562499999999989e-01
4.578124999999989e-01
4.593749999999989e-01

  147
4.593749999999989e-01
4.609374999999989e-01
4.624999999999989e-01

  148
4.624999999999989e-01
4.640624999999989e-01
4.656249999999988e-01

  149
4.656249999999988e-01
4.671874999999989e-01
4.687499999999988e-01

  150
4.687499999999988e-01
4.703124999999989e-01
4.718749999999988e-01

  151
4.718749999999988e-01
4.734374999999988e-01
4.749999999999988e-01

  152
4.749999999999988e-01
4.765624999999988e-01
4.781249999999988e-01

  153
4.781249999999988e-01
4.796874999999988e-01
4.812499999999988e-01

  154
4.812499999999988e-01
4.828124999999988e-01
4.843749999999988e-01

  155
4.843749999999988e-01
4.859374999999988e-01
4.874999999999988e-01

  156
4.874999999999988e-01
4.890624999999988e-01
4.906249999999988e-01

  157
4.906249999999988e-01
4.921874999999988e-01
4.937499999999987e-01

  158
4.937499999999987e-01
4.953124999999988e-01
4.968749999999987e-01

  159
4.968749999999987e-01
4.984374999999988e-01
4.999999999999987e-01

  160
4.999999999999987e-01
5.015624999999987e-01
5.031249999999987e-01

  161
5.031249999999987e-01
5.046874999999987e-01
5.062499999999988e-01

  162
5.062499999999988e-01
5.078124999999988e-01
5.093749999999988e-01

  163
5.093749999999988e-01
5.109374999999988e-01
5.124999999999988e-01

  164
5.124999999999988e-01
5.140624999999989e-01
5.156249999999989e-01

  165
5.156249999999989e-01
5.171874999999989e-01
5.187499999999989e-01

  166
5.187499999999989e-01
5.203124999999990e-01
5.218749999999990e-01

  167
5.218749999999990e-01
5.234374999999990e-01
5.249999999999990e-01

  168
5.249999999999990e-01
5.265624999999990e-01
5.281249999999991e-01

  169
5.281249999999991e-01
5.296874999999991e-01
5.312499999999991e-01

  170
5.312499999999991e-01
5.328124999999991e-01
5.343749999999992e-01

  171
5.343749999999992e-01
5.359374999999992e-01
5.374999999999992e-01

  172
5.374999999999992e-01
5.390624999999992e-01
5.406249999999992e-01

  173
5.406249999999992e-01
5.421874999999993e-01
5.437499999999993e-01

  174
5.437499999999993e-01
5.453124999999993e-01
5.468749999999993e-01

  175
5.468749999999993e-01
5.484374999999994e-01
5.499999999999994e-01

  176
5.499999999999994e-01
5.515624999999994e-01
5.531249999999994e-01

  177
5.531249999999994e-01
5.546874999999994e-01
5.562499999999995e-01

  178
5.562499999999995e-01
5.578124999999995e-01
5.593749999999995e-01

  179
5.593749999999995e-01
5.609374999999995e-01
5.624999999999996e-01

  180
5.624999999999996e-01
5.640624999999996e-01
5.656249999999996e-01

  181
5.656249999999996e-01
5.671874999999996e-01
5.687499999999996e-01

  182
5.687499999999996e-01
5.703124999999997e-01
5.718749999999997e-01

  183
5.718749999999997e-01
5.734374999999997e-01
5.749999999999997e-01

  184
5.749999999999997e-01
5.765624999999998e-01
5.781249999999998e-01

  185
5.781249999999998e-01
5.796874999999998e-01
5.812499999999998e-01

  186
5.812499999999998e-01
5.828124999999998e-01
5.843749999999999e-01

  187
5.843749999999999e-01
5.859374999999999e-01
5.874999999999999e-01

  188
5.874999999999999e-01
5.890624999999999e-01
5.906250000000000e-01

  189
5.906250000000000e-01
5.921875000000000e-01
5.937500000000000e-01

  190
5.937500000000000e-01
5.953125000000000e-01
5.968750000000000e-01

  191
5.968750000000000e-01
5.984375000000001e-01
6.000000000000001e-01

  192
6.000000000000001e-01
6.015625000000001e-01
6.031250000000001e-01

  193
6.031250000000001e-01
6.046875000000002e-01
6.062500000000002e-01

  194
6.062500000000002e-01
6.078125000000002e-01
6.093750000000002e-01

  195
6.093750000000002e-01
6.109375000000002e-01
6.125000000000003e-01

  196
6.125000000000003e-01
6.140625000000003e-01
6.156250000000003e-01

  197
6.156250000000003e-01
6.171875000000003e-01
6.187500000000004e-01

  198
6.187500000000004e-01
6.203125000000004e-01
6.218750000000004e-01

  199
6.218750000000004e-01
6.234375000000004e-01
6.250000000000004e-01

  200
6.250000000000004e-01
6.265625000000005e-01
6.281250000000005e-01

  201
6.281250000000005e-01
6.296875000000005e-01
6.312500000000005e-01

  202
6.312500000000005e-01
6.328125000000006e-01
6.343750000000006e-01

  203
6.343750000000006e-01
6.359375000000006e-01
6.375000000000006e-01

  204
6.375000000000006e-01
6.390625000000006e-01
6.406250000000007e-01

  205
6.406250000000007e-01
6.421875000000007e-01
6.437500000000007e-01

  206
6.437500000000007e-01
6.453125000000007e-01
6.468750000000008e-01

  207
6.468750000000008e-01
6.484375000000008e-01
6.500000000000008e-01

  208
6.500000000000008e-01
6.515625000000008e-01
6.531250000000008e-01

  209
6.531250000000008e-01
6.546875000000009e-01
6.562500000000009e-01

  210
6.562500000000009e-01
6.578125000000009e-01
6.593750000000009e-01

  211
6.593750000000009e-01
6.609375000000010e-01
6.625000000000010e-01

  212
6.625000000000010e-01
6.640625000000010e-01
6.656250000000010e-01

  213
6.656250000000010e-01
6.671875000000010e-01
6.687500000000011e-01

  214
6.687500000000011e-01
6.703125000000011e-01
6.718750000000011e-01

  215
6.718750000000011e-01
6.734375000000011e-01
6.750000000000012e-01

  216
6.750000000000012e-01
6.765625000000012e-01
6.781250000000012e-01

  217
6.781250000000012e-01
6.796875000000012e-01
6.812500000000012e-01

  218
6.812500000000012e-01
6.828125000000013e-01
6.843750000000013e-01

  219
6.843750000000013e-01
6.859375000000013e-01
6.875000000000013e-01

  220
6.875000000000013e-01
6.890625000000014e-01
6.906250000000014e-01

  221
6.906250000000014e-01
6.921875000000014e-01
6.937500000000014e-01

  222
6.937500000000014e-01
6.953125000000014e-01
6.968750000000015e-01

  223
6.968750000000015e-01
6.984375000000015e-01
7.000000000000015e-01

  224
7.000000000000015e-01
7.015625000000015e-01
7.031250000000016e-01

  225
7.031250000000016e-01
7.046875000000016e-01
7.062500000000016e-01

  226
7.062500000000016e-01
7.078125000000016e-01
7.093750000000016e-01

  227
7.093750000000016e-01
7.109375000000017e-01
7.125000000000017e-01

  228
7.125000000000017e-01
7.140625000000017e-01
7.156250000000017e-01

  229
7.156250000000017e-01
7.171875000000018e-01
7.187500000000018e-01

  230
7.187500000000018e-01
7.203125000000018e-01
7.218750000000018e-01

  231
7.218750000000018e-01
7.234375000000018e-01
7.250000000000019e-01

  232
7.250000000000019e-01
7.265625000000019e-01
7.281250000000019e-01

  233
7.281250000000019e-01
7.296875000000019e-01
7.312500000000020e-01

  234
7.312500000000020e-01
7.328125000000020e-01
7.343750000000020e-01

  235
7.343750000000020e-01
7.359375000000020e-01
7.375000000000020e-01

  236
7.375000000000020e-01
7.390625000000021e-01
7.406250000000021e-01

  237
7.406250000000021e-01
7.421875000000021e-01
7.437500000000021e-01

  238
7.437500000000021e-01
7.453125000000022e-01
7.468750000000022e-01

  239
7.468750000000022e-01
7.484375000000022e-01
7.500000000000022e-01

  240
7.500000000000022e-01
7.515625000000022e-01
7.531250000000023e-01

  241
7.531250000000023e-01
7.546875000000023e-01
7.562500000000023e-01

  242
7.562500000000023e-01
7.578125000000023e-01
7.593750000000024e-01

  243
7.593750000000024e-01
7.609375000000024e-01
7.625000000000024e-01

  244
7.625000000000024e-01
7.640625000000024e-01
7.656250000000024e-01

  245
7.656250000000024e-01
7.671875000000025e-01
7.687500000000025e-01

  246
7.687500000000025e-01
7.703125000000025e-01
7.718750000000025e-01

  247
7.718750000000025e-01
7.734375000000026e-01
7.750000000000026e-01

  248
7.750000000000026e-01
7.765625000000026e-01
7.781250000000026e-01

  249
7.781250000000026e-01
7.796875000000026e-01
7.812500000000027e-01

  250
7.812500000000027e-01
7.828125000000027e-01
7.843750000000027e-01

  251
7.843750000000027e-01
7.859375000000027e-01
7.875000000000028e-01

  252
7.875000000000028e-01
7.890625000000028e-01
7.906250000000028e-01

  253
7.906250000000028e-01
7.921875000000028e-01
7.937500000000028e-01

  254
7.937500000000028e-01
7.953125000000029e-01
7.968750000000029e-01

  255
7.968750000000029e-01
7.984375000000029e-01
8.000000000000029e-01

  256
8.000000000000029e-01
8.015625000000030e-01
8.031250000000030e-01

  257
8.031250000000030e-01
8.046875000000030e-01
8.062500000000030e-01

  258
8.062500000000030e-01
8.078125000000030e-01
8.093750000000031e-01

  259
8.093750000000031e-01
8.109375000000031e-01
8.125000000000031e-01

  260
8.125000000000031e-01
8.140625000000031e-01
8.156250000000032e-01

  261
8.156250000000032e-01
8.171875000000032e-01
8.187500000000032e-01

  262
8.187500000000032e-01
8.203125000000032e-01
8.218750000000032e-01

  263
8.218750000000032e-01
8.234375000000033e-01
8.250000000000033e-01

  264
8.250000000000033e-01
8.265625000000033e-01
8.281250000000033e-01

  265
8.281250000000033e-01
8.296875000000034e-01
8.312500000000034e-01

  266
8.312500000000034e-01
8.328125000000034e-01
8.343750000000034e-01

  267
8.343750000000034e-01
8.359375000000034e-01
8.375000000000035e-01

  268
8.375000000000035e-01
8.390625000000035e-01
8.406250000000035e-01

  269
8.406250000000035e-01
8.421875000000035e-01
8.437500000000036e-01

  270
8.437500000000036e-01
8.453125000000036e-01
8.468750000000036e-01

  271
8.468750000000036e-01
8.484375000000036e-01
8.500000000000036e-01

  272
8.500000000000036e-01
8.515625000000037e-01
8.531250000000037e-01

  273
8.531250000000037e-01
8.546875000000037e-01
8.562500000000037e-01

  274
8.562500000000037e-01
8.578125000000038e-01
8.593750000000038e-01

  275
8.593750000000038e-01
8.609375000000038e-01
8.625000000000038e-01

  276
8.625000000000038e-01
8.640625000000038e-01
8.656250000000039e-01

  277
8.656250000000039e-01
8.671875000000039e-01
8.687500000000039e-01

  278
8.687500000000039e-01
8.703125000000039e-01
8.718750000000040e-01

  279
8.718750000000040e-01
8.734375000000040e-01
8.750000000000040e-01

  280
8.750000000000040e-01
8.765625000000040e-01
8.781250000000040e-01

  281
8.781250000000040e-01
8.796875000000041e-01
8.812500000000041e-01

  282
8.812500000000041e-01
8.828125000000041e-01
8.843750000000041e-01

  283
8.843750000000041e-01
8.859375000000042e-01
8.875000000000042e-01

  284
8.875000000000042e-01
8.890625000000042e-01
8.906250000000042e-01

  285
8.906250000000042e-01
8.921875000000042e-01
8.937500000000043e-01

  286
8.937500000000043e-01
8.953125000000043e-01
8.968750000000043e-01

  287
8.968750000000043e-01
8.984375000000043e-01
9.000000000000044e-01

  288
9.000000000000044e-01
9.015625000000044e-01
9.031250000000044e-01

  289
9.031250000000044e-01
9.046875000000044e-01
9.062500000000044e-01

  290
9.062500000000044e-01
9.078125000000045e-01
9.093750000000045e-01

  291
9.093750000000045e-01
9.109375000000045e-01
9.125000000000045e-01

  292
9.125000000000045e-01
9.140625000000046e-01
9.156250000000046e-01

  293
9.156250000000046e-01
9.171875000000046e-01
9.187500000000046e-01

  294
9.187500000000046e-01
9.203125000000046e-01
9.218750000000047e-01

  295
9.218750000000047e-01
9.234375000000047e-01
9.250000000000047e-01

  296
9.250000000000047e-01
9.265625000000047e-01
9.281250000000048e-01

  297
9.281250000000048e-01
9.296875000000048e-01
9.312500000000048e-01

  298
9.312500000000048e-01
9.328125000000048e-01
9.343750000000048e-01

  299
9.343750000000048e-01
9.359375000000049e-01
9.375000000000049e-01

  300
9.375000000000049e-01
9.390625000000049e-01
9.406250000000049e-01

  301
9.406250000000049e-01
9.421875000000050e-01
9.437500000000050e-01

  302
9.437500000000050e-01
9.453125000000050e-01
9.468750000000050e-01

  303
9.468750000000050e-01
9.484375000000050e-01
9.500000000000051e-01

  304
9.500000000000051e-01
9.515625000000051e-01
9.531250000000051e-01

  305
9.531250000000051e-01
9.546875000000051e-01
9.562500000000052e-01

  306
9.562500000000052e-01
9.578125000000052e-01
9.593750000000052e-01

  307
9.593750000000052e-01
9.609375000000052e-01
9.625000000000052e-01

  308
9.625000000000052e-01
9.640625000000053e-01
9.656250000000053e-01

  309
9.656250000000053e-01
9.671875000000053e-01
9.687500000000053e-01

  310
9.687500000000053e-01
9.703125000000054e-01
9.718750000000054e-01

  311
9.718750000000054e-01
9.734375000000054e-01
9.750000000000054e-01

  312
9.750000000000054e-01
9.765625000000054e-01
9.781250000000055e-01

  313
9.781250000000055e-01
9.796875000000055e-01
9.812500000000055e-01

  314
9.812500000000055e-01
9.828125000000055e-01
9.843750000000056e-01

  315
9.843750000000056e-01
9.859375000000056e-01
9.875000000000056e-01

  316
9.875000000000056e-01
9.890625000000056e-01
9.906250000000056e-01

  317
9.906250000000056e-01
9.921875000000057e-01
9.937500000000057e-01

  318
9.937500000000057e-01
9.953125000000057e-01
9.968750000000057e-01

  319
9.968750000000057e-01
9.984375000000058e-01
1.000000000000006e+00

