#Cell
# Element_0
# Element_1
# Element_2
    0
0.000000000000000e+00
2.500000000000000e-02
5.000000000000000e-02

    1
5.000000000000000e-02
7.500000000000001e-02
1.000000000000000e-01

    2
1.000000000000000e-01
1.250000000000000e-01
1.500000000000000e-01

    3
1.500000000000000e-01
1.750000000000000e-01
2.000000000000000e-01

    4
2.000000000000000e-01
2.250000000000000e-01
2.500000000000000e-01

    5
2.500000000000000e-01
2.750000000000000e-01
3.000000000000000e-01

    6
3.000000000000000e-01
3.250000000000000e-01
3.500000000000000e-01

    7
3.500000000000000e-01
3.750000000000000e-01
4.000000000000000e-01

    8
4.000000000000000e-01
4.250000000000000e-01
4.500000000000000e-01

    9
4.500000000000000e-01
4.750000000000000e-01
4.999999999999999e-01

   10
4.999999999999999e-01
5.249999999999999e-01
5.499999999999999e-01

   11
5.499999999999999e-01
5.750000000000000e-01
6.000000000000000e-01

   12
6.000000000000000e-01
6.250000000000000e-01
6.500000000000000e-01

   13
6.500000000000000e-01
6.750000000000000e-01
7.000000000000001e-01

   14
7.000000000000001e-01
7.250000000000001e-01
7.500000000000001e-01

   15
7.500000000000001e-01
7.750000000000001e-01
8.000000000000002e-01

   16
8.000000000000002e-01
8.250000000000002e-01
8.500000000000002e-01

   17
8.500000000000002e-01
8.750000000000002e-01
9.000000000000002e-01

   18
9.000000000000002e-01
9.250000000000003e-01
9.500000000000003e-01

   19
9.500000000000003e-01
9.750000000000003e-01
1.000000000000000e+00

