#Cell
# Element_0
# Element_1
# Element_2
    0
0.000000000000000e+00
6.250000000000000e-03
1.250000000000000e-02

    1
1.250000000000000e-02
1.875000000000000e-02
2.500000000000000e-02

    2
2.500000000000000e-02
3.125000000000000e-02
3.750000000000001e-02

    3
3.750000000000001e-02
4.375000000000000e-02
5.000000000000000e-02

    4
5.000000000000000e-02
5.625000000000000e-02
6.250000000000000e-02

    5
6.250000000000000e-02
6.875000000000001e-02
7.500000000000000e-02

    6
7.500000000000000e-02
8.125000000000000e-02
8.749999999999999e-02

    7
8.749999999999999e-02
9.375000000000000e-02
9.999999999999999e-02

    8
9.999999999999999e-02
1.062500000000000e-01
1.125000000000000e-01

    9
1.125000000000000e-01
1.187500000000000e-01
1.250000000000000e-01

   10
1.250000000000000e-01
1.312500000000000e-01
1.375000000000000e-01

   11
1.375000000000000e-01
1.437500000000000e-01
1.500000000000000e-01

   12
1.500000000000000e-01
1.562500000000000e-01
1.625000000000000e-01

   13
1.625000000000000e-01
1.687500000000000e-01
1.750000000000000e-01

   14
1.750000000000000e-01
1.812500000000000e-01
1.875000000000000e-01

   15
1.875000000000000e-01
1.937500000000000e-01
2.000000000000000e-01

   16
2.000000000000000e-01
2.062500000000000e-01
2.125000000000000e-01

   17
2.125000000000000e-01
2.187500000000001e-01
2.250000000000001e-01

   18
2.250000000000001e-01
2.312500000000001e-01
2.375000000000001e-01

   19
2.375000000000001e-01
2.437500000000001e-01
2.500000000000001e-01

   20
2.500000000000001e-01
2.562500000000000e-01
2.625000000000001e-01

   21
2.625000000000001e-01
2.687500000000000e-01
2.750000000000001e-01

   22
2.750000000000001e-01
2.812500000000001e-01
2.875000000000001e-01

   23
2.875000000000001e-01
2.937500000000001e-01
3.000000000000001e-01

   24
3.000000000000001e-01
3.062500000000001e-01
3.125000000000001e-01

   25
3.125000000000001e-01
3.187500000000001e-01
3.250000000000001e-01

   26
3.250000000000001e-01
3.312500000000001e-01
3.375000000000001e-01

   27
3.375000000000001e-01
3.437500000000001e-01
3.500000000000001e-01

   28
3.500000000000001e-01
3.562500000000001e-01
3.625000000000002e-01

   29
3.625000000000002e-01
3.687500000000001e-01
3.750000000000002e-01

   30
3.750000000000002e-01
3.812500000000001e-01
3.875000000000002e-01

   31
3.875000000000002e-01
3.937500000000002e-01
4.000000000000002e-01

   32
4.000000000000002e-01
4.062500000000002e-01
4.125000000000002e-01

   33
4.125000000000002e-01
4.187500000000002e-01
4.250000000000002e-01

   34
4.250000000000002e-01
4.312500000000002e-01
4.375000000000002e-01

   35
4.375000000000002e-01
4.437500000000002e-01
4.500000000000002e-01

   36
4.500000000000002e-01
4.562500000000002e-01
4.625000000000002e-01

   37
4.625000000000002e-01
4.687500000000002e-01
4.750000000000003e-01

   38
4.750000000000003e-01
4.812500000000002e-01
4.875000000000003e-01

   39
4.875000000000003e-01
4.937500000000002e-01
5.000000000000002e-01

   40
5.000000000000002e-01
5.062500000000002e-01
5.125000000000002e-01

   41
5.125000000000002e-01
5.187500000000002e-01
5.250000000000001e-01

   42
5.250000000000001e-01
5.312500000000001e-01
5.375000000000001e-01

   43
5.375000000000001e-01
5.437500000000001e-01
5.500000000000000e-01

   44
5.500000000000000e-01
5.562500000000000e-01
5.625000000000000e-01

   45
5.625000000000000e-01
5.687500000000000e-01
5.750000000000000e-01

   46
5.750000000000000e-01
5.812499999999999e-01
5.874999999999999e-01

   47
5.874999999999999e-01
5.937499999999999e-01
5.999999999999999e-01

   48
5.999999999999999e-01
6.062499999999998e-01
6.124999999999998e-01

   49
6.124999999999998e-01
6.187499999999998e-01
6.249999999999998e-01

   50
6.249999999999998e-01
6.312499999999998e-01
6.374999999999997e-01

   51
6.374999999999997e-01
6.437499999999997e-01
6.499999999999997e-01

   52
6.499999999999997e-01
6.562499999999997e-01
6.624999999999996e-01

   53
6.624999999999996e-01
6.687499999999996e-01
6.749999999999996e-01

   54
6.749999999999996e-01
6.812499999999996e-01
6.874999999999996e-01

   55
6.874999999999996e-01
6.937499999999995e-01
6.999999999999995e-01

   56
6.999999999999995e-01
7.062499999999995e-01
7.124999999999995e-01

   57
7.124999999999995e-01
7.187499999999994e-01
7.249999999999994e-01

   58
7.249999999999994e-01
7.312499999999994e-01
7.374999999999994e-01

   59
7.374999999999994e-01
7.437499999999994e-01
7.499999999999993e-01

   60
7.499999999999993e-01
7.562499999999993e-01
7.624999999999993e-01

   61
7.624999999999993e-01
7.687499999999993e-01
7.749999999999992e-01

   62
7.749999999999992e-01
7.812499999999992e-01
7.874999999999992e-01

   63
7.874999999999992e-01
7.937499999999992e-01
7.999999999999992e-01

   64
7.999999999999992e-01
8.062499999999991e-01
8.124999999999991e-01

   65
8.124999999999991e-01
8.187499999999991e-01
8.249999999999991e-01

   66
8.249999999999991e-01
8.312499999999990e-01
8.374999999999990e-01

   67
8.374999999999990e-01
8.437499999999990e-01
8.499999999999990e-01

   68
8.499999999999990e-01
8.562499999999990e-01
8.624999999999989e-01

   69
8.624999999999989e-01
8.687499999999989e-01
8.749999999999989e-01

   70
8.749999999999989e-01
8.812499999999989e-01
8.874999999999988e-01

   71
8.874999999999988e-01
8.937499999999988e-01
8.999999999999988e-01

   72
8.999999999999988e-01
9.062499999999988e-01
9.124999999999988e-01

   73
9.124999999999988e-01
9.187499999999987e-01
9.249999999999987e-01

   74
9.249999999999987e-01
9.312499999999987e-01
9.374999999999987e-01

   75
9.374999999999987e-01
9.437499999999986e-01
9.499999999999986e-01

   76
9.499999999999986e-01
9.562499999999986e-01
9.624999999999986e-01

   77
9.624999999999986e-01
9.687499999999986e-01
9.749999999999985e-01

   78
9.749999999999985e-01
9.812499999999985e-01
9.874999999999985e-01

   79
9.874999999999985e-01
9.937499999999985e-01
9.999999999999984e-01

